time_yr,target,projectile,Mt_Mearth,Mp_Mearth,Rt_km,Rp_km,vimp/vesc,vimp_km/s,b,m_frag_Mearth,Regime
102881.771,E1,P204,0.23462666666666668,0.0024355585714285716,4813.411,1050.009,1.1828,6.7193,0.6313710941526938,0.0,Merge
149718.403,E3,P585,0.40336,0.0024355585714285716,5766.223,1050.009,1.1345,7.8206,0.9493301717524794,0.0,Hit+Run
219874.556,E18,P125,0.0728,0.0024355585714285716,3258.649,1050.009,1.3258,4.9496,0.6467898272340856,0.0,Merge
323452.148,E0,M4,0.4524555555544456,0.05,5991.273,2875.083,1.1236,7.5569,0.9965682494567086,0.0,Hit+Run
351363.733,M1,P816,0.05,0.0024355585714285716,2875.083,1050.009,6.2561,20.429,0.5657004461980224,0.006957375957375958,Fragment
428910.182,E1,P21,0.23706222523809525,0.0024355585714285716,4830.009,1050.009,1.7517,9.9879,0.9100595023270127,0.0,Hit+Run
515162.884,E13,P789,0.02222,0.0024355585714285716,2194.026,1050.009,1.7008,4.1891,0.9270402027807911,0.0,Hit+Run
605083.461,E0,M2,0.4524555555544456,0.05,5991.273,2875.083,1.3157,8.8489,0.9200079140461817,0.0,Hit+Run
606842.582,E0,M2,0.4524555555544456,0.05,5991.273,2875.083,1.0512,7.0699,0.6484315786402615,0.0,Merge
615016.656,E6,E9,0.08018000000000002,0.07894000000000001,3365.238,3347.800,1.3198,5.7407,0.7624253958602717,0.0,Hit+Run
720555.327,M0,P597,0.05,0.0024355585714285716,2875.083,1050.009,5.5914,18.258,0.8852849401462254,0.0,Hit+Run
751559.886,E5,P561,0.0735,0.0024355585714285716,3269.060,1050.009,1.4444,5.4109,0.8407532439399391,0.0,Hit+Run
754580.799,M1,P442,0.04547818261405261,0.0024355585714285716,2785.660,1050.009,4.0284,12.720,0.8616245334510765,0.0,Hit+Run
779311.781,E12,P565,0.09854,0.0024355585714285716,3604.663,1050.009,1.0781,4.4862,0.7611755828832378,0.0,Merge
787600.182,E3,E12,0.40336,0.10097555857142858,5766.223,3634.120,1.1348,7.4261,0.8723854523268652,0.0,Hit+Run
789947.295,M1,P222,0.04547818261405261,0.0024355585714285716,2785.660,1050.009,5.8986,18.625,0.6986537434085769,0.0,Merge
886533.828,M0,P827,0.05,0.0024355585714285716,2875.083,1050.009,6.5664,21.442,0.27167978181386315,0.008815517815517817,Fragment
911101.468,E20,P858,0.02242,0.0024355585714285716,2200.589,1050.009,5.2175,12.889,0.6010902071266007,0.005733439893439893,Fragment
991700.476,M1,P771,0.04791374118548118,0.0024355585714285716,2834.526,1050.009,4.2377,13.630,0.7469157447958277,0.0,Hit+Run
1002511.135,M0,FRAG0002,0.043620040755910756,0.008815517815517817,2747.193,1612.166,1.0145,3.1434,0.8341099354546626,0.0,Graze+Merge
1031257.548,M1,P7,0.04791374118548118,0.0024355585714285716,2834.526,1050.009,2.0291,6.5266,0.6195110075533974,0.0,Merge
1053481.244,M1,P64,0.05034929975690975,0.0024355585714285716,2881.763,1050.009,1.7574,5.7529,0.8867137417327594,0.0,Hit+Run
1109633.718,E6,P515,0.08018000000000002,0.0024355585714285716,3365.238,1050.009,1.8545,7.1670,0.563712438926026,0.0,Merge
1158354.436,M0,P597,0.05243555857142857,0.0024355585714285716,2921.028,1050.009,3.0039,9.9761,0.6740147562429806,0.0,Merge
1252683.752,M0,P145,0.05487111714285714,0.0024355585714285716,2965.571,1050.009,5.4033,18.236,0.5937669661786056,0.0,Merge
1354195.272,M1,P94,0.05034929975690975,0.0024355585714285716,2881.763,1050.009,7.1999,23.569,0.7561766964338634,0.0,Graze+Frag
1462632.243,M0,P266,0.05730667571428571,0.0024355585714285716,3008.815,1050.009,4.3153,14.791,0.935597316667166,0.0,Hit+Run
1538690.541,E4,P472,0.0574,0.0024355585714285716,3010.448,1050.009,2.769,9.4966,0.9578966199133925,0.0,Hit+Run
1694951.073,E4,P346,0.0574,0.0024355585714285716,3010.448,1050.009,1.9088,6.5465,0.6304917071008893,0.0,Merge
1706481.674,E0,P720,0.5024555555544457,0.0024355585714285716,6204.304,1050.009,1.5532,11.576,0.9529275475029088,0.0,Hit+Run
1723144.135,E0,P576,0.5024555555544457,0.0024355585714285716,6204.304,1050.009,1.987,14.810,0.3715237180355982,0.0,Merge
1909400.527,M1,FRAG0001,0.05278388278388279,0.006957375957375958,2927.482,1489.849,4.4726,14.695,0.9696350191006174,0.0,Hit+Run
1979370.767,E1,P744,0.23706222523809525,0.0024355585714285716,4830.009,1050.009,3.7143,21.178,0.976102271518358,0.0,Hit+Run
1986493.411,M1,P11,0.05278388278388279,0.0024355585714285716,2927.482,1050.009,6.2359,20.758,0.5557627318513576,0.00688985680985681,Fragment
2095506.025,M0,P413,0.05730667571428571,0.0024355585714285716,3008.815,1050.009,3.3369,11.437,0.7837786569306667,0.0,Hit+Run
2150789.754,M1,P121,0.048329664465534466,0.0024355585714285716,2842.704,1050.009,7.1345,23.018,0.3454143189092708,0.010688011988011987,Fragment
2167332.112,M1,FRAG0005,0.040077244348984346,0.010687978687978689,2670.708,1719.065,1.0324,3.1366,0.5888637592906797,0.0,Merge
2520528.557,M1,P126,0.050765223036963035,0.0024355585714285716,2889.676,1050.009,4.3627,14.323,0.6430409038240473,0.0,Merge
2543777.323,E11,P31,0.020565714285714288,0.0024355585714285716,2138.167,1050.009,3.9683,9.5228,0.9185963724831416,0.0,Hit+Run
2627230.875,M0,P413,0.05730667571428571,0.0024355585714285716,3008.815,1050.009,2.1872,7.4969,0.5831081921324719,0.0,Merge
2689906.45,M0,P457,0.05974223428571428,0.0024355585714285716,3050.851,1050.009,6.4654,22.492,0.4431732775891195,0.007413586413586413,Fragment
2715192.402,M0,FRAG0006,0.05476420644355643,0.007413586413586413,2963.644,1521.726,1.0118,3.3656,0.7828395785834724,0.0,Graze+Merge
2731769.749,E0,E1,0.5048911141258742,0.23706222523809525,6214.312,4830.009,1.1518,8.4343,0.8528394628749806,0.0,Hit+Run
2736528.156,E0,E1,0.5048911141258742,0.23706222523809525,6214.312,4830.009,1.0444,7.6479,0.8751212090845532,0.0,Hit+Run
2781104.042,E12,P131,0.10097555857142858,0.0024355585714285716,3634.120,1050.009,2.0439,8.5799,0.6392894695968959,0.0,Merge
2996487.413,M1,P86,0.053200781608391604,0.0024355585714285716,2935.169,1050.009,6.5062,21.719,0.5179217820877702,0.007998334998334999,Fragment
2996580.861,P9,P445,0.0024355585714285716,0.0024355585714285716,1050.009,1050.009,1.2042,1.6385,0.99685,0.0,Hit+Run
2996601.625,P9,P213,0.0024355585714285716,0.0024355585714285716,1050.009,1050.009,1.3627,1.8542,0.31095,0.0,Merge
2996791.996,P9,P559,0.004871117142857143,0.0024355585714285716,1322.929,1050.009,2.3039,3.6119,0.7997433123419379,0.0,Hit+Run
2996814.111,P9,P239,0.004871117142857143,0.0024355585714285716,1322.929,1050.009,1.8205,2.8540,0.5080000740369283,0.0,Merge
2996942.931,P9,P245,0.007306675714285714,0.0024355585714285716,1514.376,1050.009,1.7741,3.0893,0.7976443187045024,0.0,Hit+Run
2997170.721,P9,P245,0.007306675714285714,0.0024355585714285716,1514.376,1050.009,1.0775,1.8763,0.2666885128651464,0.0,Merge
2997263.655,P9,P445,0.009742234285714286,0.0024355585714285716,1666.786,1050.009,1.2406,2.3466,0.41700396395913886,0.0,Merge
2997494.197,P9,P279,0.012177792857142858,0.0024355585714285716,1795.491,1050.009,1.0462,2.1182,0.6577471394171163,0.0,Graze+Merge
2997649.747,P9,P395,0.01461335142857143,0.0024355585714285716,1907.994,1050.009,1.0169,2.1811,0.4146882572596324,0.0,Merge
2998371.464,P9,P345,0.01704891,0.0024355585714285716,2008.596,1050.009,1.1382,2.5666,0.4621220306467207,0.0,Merge
2998517.983,P9,P220,0.019484468571428572,0.0024355585714285716,2100.019,1050.009,1.4058,3.3131,0.7151333333333333,0.0,Hit+Run
2999134.31,P9,P662,0.019484468571428572,0.0024355585714285716,2100.019,1050.009,1.0357,2.4409,0.4665999999999999,0.0,Merge
2999266.129,P9,P801,0.021920027142857144,0.0024355585714285716,2184.108,1050.009,1.0425,2.5559,0.7507682644154563,0.0,Graze+Merge
2999981.962,P9,P240,0.024355585714285716,0.0024355585714285716,2262.177,1050.009,1.2432,3.1589,0.0878319979214088,0.0,Merge
3000134.448,P9,P379,0.02679114428571429,0.0024355585714285716,2335.201,1050.009,1.0069,2.6432,0.43272683813868507,0.0,Merge
3001436.222,P9,P10,0.02922670285714286,0.0024355585714285716,2403.922,1050.009,1.2499,3.3810,0.7392867630017631,0.0,Hit+Run
3001855.438,P9,P110,0.02922670285714286,0.0024355585714285716,2403.922,1050.009,1.3329,3.6055,0.6758815435426586,0.0,Merge
3001989.432,P9,P10,0.03166226142857143,0.0024355585714285716,2468.924,1050.009,1.1382,3.1654,0.9825366319720183,0.0,Hit+Run
3001994.599,P9,P244,0.03166226142857143,0.0024355585714285716,2468.924,1050.009,1.5718,4.3713,0.8688755820009622,0.0,Hit+Run
3002043.178,P9,P657,0.03166226142857143,0.0024355585714285716,2468.924,1050.009,1.3855,3.8532,0.6409220317812331,0.0,Merge
3002520.124,P9,P418,0.03409782,0.0024355585714285716,2530.673,1050.009,1.6231,4.6319,0.544627022832616,0.0,Merge
3002634.984,P9,P596,0.03653337857142857,0.0024355585714285716,2589.547,1050.009,1.0869,3.1774,0.6563593311033372,0.0,Merge
3002867.453,P9,P10,0.03896893714285714,0.0024355585714285716,2645.859,1050.009,1.0754,3.2158,0.9511398860706386,0.0,Hit+Run
3002908.709,P9,P10,0.03896893714285714,0.0024355585714285716,2645.859,1050.009,1.0743,3.2125,0.5185237238303203,0.0,Merge
3003455.477,P9,P78,0.041404495714285706,0.0024355585714285716,2699.871,1050.009,1.2532,3.8282,0.610694225541127,0.0,Merge
3005222.335,P9,P559,0.043840054285714275,0.0024355585714285716,2751.804,1050.009,1.4219,4.4320,0.4930617360826906,0.0,Merge
3006930.975,E0,P771,0.5048911141258742,0.0024355585714285716,6214.312,1050.009,1.5607,11.652,0.5840202210570001,0.0,Merge
3007683.256,P9,P855,0.046275612857142844,0.0024355585714285716,2801.848,1050.009,1.1183,3.5529,0.3731570795338818,0.0,Merge
3009622.752,P9,P587,0.04871117142857141,0.0024355585714285716,2850.165,1050.009,1.7448,5.6450,0.9539586342882221,0.0,Hit+Run
3011140.484,P9,P587,0.04871117142857141,0.0024355585714285716,2850.165,1050.009,1.094,3.5394,0.9847244214059901,0.0,Hit+Run
3013935.285,P9,P220,0.04871117142857141,0.0024355585714285716,2850.165,1050.009,1.2555,4.0620,0.6566047440692261,0.0,Merge
3020894.761,P9,P587,0.05114672999999998,0.0024355585714285716,2896.897,1050.009,1.2625,4.1559,0.713488771258514,0.0,Merge
3021944.805,P9,P244,0.05358228857142855,0.0024355585714285716,2942.168,1050.009,1.2056,4.0347,0.7819392360975109,0.0,Hit+Run
3024010.541,P9,P244,0.05358228857142855,0.0024355585714285716,2942.168,1050.009,1.1343,3.7961,0.989473721380319,0.0,Hit+Run
3024338.335,P9,P244,0.05358228857142855,0.0024355585714285716,2942.168,1050.009,1.0881,3.6415,0.9753973411640489,0.0,Hit+Run
3026246.487,P9,P244,0.05358228857142855,0.0024355585714285716,2942.168,1050.009,1.1436,3.8272,0.41411089233100046,0.0,Merge
3054525.053,P9,P420,0.05601784714285712,0.0024355585714285716,2986.088,1050.009,1.5745,5.3533,0.49606628428752436,0.0,Merge
3084537.458,P9,P436,0.058453405714285686,0.0024355585714285716,3028.752,1050.009,1.603,5.5334,0.9686038129544939,0.0,Hit+Run
3084549.706,P9,P436,0.058453405714285686,0.0024355585714285716,3028.752,1050.009,1.0444,3.6051,0.9515247822139594,0.0,Hit+Run
3084902.281,P9,P436,0.058453405714285686,0.0024355585714285716,3028.752,1050.009,1.0507,3.6269,0.8225409717952261,0.0,Hit+Run
3087384.072,P9,P436,0.058453405714285686,0.0024355585714285716,3028.752,1050.009,1.0423,3.5979,0.36148139845618493,0.0,Merge
3165222.826,E9,M4,0.07894000000000001,0.05,3347.800,2875.083,1.3402,5.4503,0.9741780024132499,0.0,Hit+Run
3240441.965,E1,P143,0.23706222523809525,0.0024355585714285716,4830.009,1050.009,4.0199,22.921,0.4337137081222698,0.0,Merge
3286761.044,E3,E9,0.40336,0.07894000000000001,5766.223,3347.800,1.047,6.8046,0.7207444058356237,0.0,Graze+Merge
3366254.552,M0,P667,0.062177792857142845,0.0024355585714285716,3091.758,1050.009,4.1404,14.610,0.4403501691082043,0.0,Merge
3377515.202,M1,P834,0.04763800518148517,0.0024355585714285716,2829.078,1050.009,4.6909,15.057,0.3888709294029765,0.0,Merge
3400393.005,M0,P64,0.06461335142857141,0.0024355585714285716,3131.611,1050.009,4.5375,16.232,0.4683613682267816,0.0,Merge
3424150.968,E1,P720,0.23949778380952383,0.0024355585714285716,4846.494,1050.009,1.9969,11.427,0.5897324133842342,0.0,Merge
3427642.831,E8,P258,0.11363999999999999,0.0024355585714285716,3780.108,1050.009,1.121,4.9096,0.7033333855734492,0.0,Merge
3446612.179,E0,P308,0.5073266726973027,0.0024355585714285716,6224.289,1050.009,2.6647,19.929,0.8998921915110147,0.0,Hit+Run
3476607.462,M0,P770,0.06704890999999999,0.0024355585714285716,3170.475,1050.009,5.285,19.158,0.6073541922202532,0.0,Merge
3542609.745,M1,FRAG0004,0.05007356375291374,0.0068897768897768896,2876.493,1485.008,2.3174,7.4823,0.2661818721261657,0.00635897435897436,Fragment
3582396.836,E13,P196,0.02222,0.0024355585714285716,2194.026,1050.009,2.2831,5.6233,0.9013398104953384,0.0,Hit+Run
3703676.241,E3,M4,0.4823,0.05,6120.209,2875.083,1.0289,7.0713,0.5449156044214271,0.005632281052281052,Fragment
3739989.884,E1,P534,0.2419333423809524,0.0024355585714285716,4862.867,1050.009,2.6785,15.384,0.5266776468786333,0.0,Merge
3792574.525,E0,P21,0.5073266726973027,0.0024355585714285716,6224.289,1050.009,1.7602,13.164,0.8361459061943173,0.0,Merge
3957584.867,M0,P85,0.06948446857142856,0.0024355585714285716,3208.409,1050.009,2.536,9.3112,0.9329690391481885,0.0,Hit+Run
4021188.889,M0,P85,0.06948446857142856,0.0024355585714285716,3208.409,1050.009,1.2377,4.5443,0.7159066308637719,0.0,Merge
4233274.382,M0,P638,0.07192002714285714,0.0024355585714285716,3245.466,1050.009,6.6902,24.868,0.9040209618132953,0.0,Hit+Run
4316184.133,M1,P442,0.05060436628371627,0.0024355585714285716,2886.621,1050.009,3.096,10.153,0.9034644187463184,0.0,Hit+Run
4321023.967,E3,P731,0.5266679653679653,0.0024355585714285716,6302.402,1050.009,1.6018,12.140,0.27635753784847183,0.0,Merge
4403943.261,M0,P238,0.07192002714285714,0.0024355585714285716,3245.466,1050.009,4.1545,15.442,0.7889500111370189,0.0,Hit+Run
4483551.288,E1,P442,0.24436890095238098,0.0024355585714285716,4879.131,1050.009,1.9988,11.521,0.5907648769007036,0.0,Merge
4548787.854,E1,P105,0.24680445952380956,0.0024355585714285716,4895.287,1050.009,2.4223,14.012,0.8942818826302816,0.0,Hit+Run
4548953.158,E1,P105,0.24680445952380956,0.0024355585714285716,4895.287,1050.009,1.0484,6.0646,0.2826691559773278,0.0,Merge
4579384.399,E12,P654,0.10341111714285715,0.0024355585714285716,3663.106,1050.009,4.8939,20.720,0.9067772010671877,0.0,Hit+Run
4597202.479,M1,P494,0.05060436628371627,0.0024355585714285716,2886.621,1050.009,6.0151,19.726,0.8998713859958463,0.0,Hit+Run
4672291.927,E3,P173,0.5291035239393939,0.0024355585714285716,6312.102,1050.009,1.294,9.8233,0.8074772423729825,0.0,Merge
4692138.62,E10,E6,0.14002,0.08261555857142859,4052.507,3398.973,1.0707,5.2287,0.6361444338323037,0.0,Graze+Merge
4720742.537,M0,P800,0.07192002714285714,0.0024355585714285716,3245.466,1050.009,4.7206,17.547,0.252506314615966,0.007389570429570429,Merge
5019990.141,M1,P531,0.05060436628371627,0.0024355585714285716,2886.621,1050.009,6.1865,20.288,0.23743347032713086,0.007750915750915751,Fragment
5021172.57,M1,FRAG0010,0.04528900910422909,0.007750915750915751,2781.792,1544.465,1.0395,3.2518,0.5394144044541078,0.0,Merge
5089169.362,M0,P340,0.07435558571428572,0.0024355585714285716,3281.696,1050.009,7.7495,29.151,0.8446471351613551,0.0,Hit+Run
5090415.582,M0,P340,0.07435558571428572,0.0024355585714285716,3281.696,1050.009,1.0336,3.8880,0.3144035887451452,0.0,Merge
5121137.034,M1,FRAG0008,0.05303992485514484,0.00635897435897436,2932.208,1445.848,1.2341,4.0612,0.8852099523122865,0.0,Hit+Run
5159449.13,E0,P681,0.5097622312687312,0.0024355585714285716,6234.233,1050.009,2.6608,19.934,0.6922130156950018,0.0,Merge
5221974.937,M1,P315,0.05303992485514484,0.0024355585714285716,2932.208,1050.009,5.8656,19.559,0.1171493679045486,0.006713286713286713,Fragment
5236807.995,M0,P464,0.07679114428571429,0.0024355585714285716,3317.143,1050.009,6.4082,24.385,0.6031717676273726,0.0,Merge
5237201.926,M0,P138,0.07922670285714287,0.0024355585714285716,3351.848,1050.009,6.5088,25.046,0.7255972752579717,0.0,Merge
5283367.883,M1,FRAG0011,0.048762196713286694,0.006713286713286713,2851.160,1472.218,1.0708,3.4269,0.25079834654642824,0.0,Merge
5321319.141,M0,P238,0.08166226142857144,0.0024355585714285716,3385.849,1050.009,2.5331,9.8540,0.46881305210823654,0.0,Merge
5322124.497,E10,P224,0.22263555857142858,0.0024355585714285716,4729.973,1050.009,1.8822,10.493,0.9478795930081736,0.0,Hit+Run
5364894.702,E8,P344,0.11607555857142857,0.0024355585714285716,3806.923,1050.009,2.2051,9.7315,0.7477568007389529,0.0,Merge
5443732.05,M0,P329,0.08409782000000002,0.0024355585714285716,3419.181,1050.009,2.1678,8.5222,0.15492382767848822,0.0,Merge
5618227.441,E0,FRAG0009,0.5121977898401597,0.005632034632034632,6244.146,1388.509,1.113,8.1904,0.5756850180157466,0.0,Merge
5702218.184,M0,P708,0.08653337857142859,0.0024355585714285716,3451.875,1050.009,6.5208,25.898,0.5383437220067621,0.005540792540792541,Fragment
5728847.932,M0,FRAG0012,0.08342814460206463,0.005540792540792541,3410.081,1380.970,1.0439,4.0190,0.6491966852662658,0.0,Merge
5852780.97,M0,P704,0.08896893714285717,0.0024355585714285716,3483.961,1050.009,7.1449,28.661,0.7369846782541236,0.0,Merge
5958762.082,P9,P699,0.060888964285714255,0.0024355585714285716,3070.247,1050.009,1.6048,5.6208,0.30164042555211285,0.0,Merge
6008638.675,E10,P367,0.22263555857142858,0.0024355585714285716,4729.973,1050.009,1.913,10.665,0.28903658141283506,0.0,Merge
6440856.816,M0,P266,0.09140449571428574,0.0024355585714285716,3515.467,1050.009,6.2464,25.301,0.9331762296837905,0.0,Hit+Run
6446317.406,M0,P266,0.09140449571428574,0.0024355585714285716,3515.467,1050.009,1.0791,4.3708,0.33010367989556977,0.0,Merge
6513192.932,E0,P308,0.5178298244721944,0.0024355585714285716,6266.949,1050.009,1.327,9.9971,0.6816855031267398,0.0,Merge
6535992.005,M0,P550,0.09384005428571432,0.0024355585714285716,3546.418,1050.009,4.5117,18.447,0.6214912545560994,0.0,Merge
6544270.394,P9,P703,0.06332452285714282,0.0024355585714285716,3110.650,1050.009,8.2805,29.411,0.7596707234888445,0.0,Graze+Frag
6696675.485,E10,P549,0.22507111714285716,0.0024355585714285716,4747.158,1050.009,1.2822,7.1763,0.3092073524497783,0.0,Merge
6879867.163,E3,P295,0.5315390825108224,0.0024355585714285716,6321.773,1050.009,1.2729,9.6788,0.9964889657114196,0.0,Hit+Run
7022490.794,E0,P655,0.5202653830436229,0.0024355585714285716,6276.759,1050.009,2.824,21.310,0.9442421338515196,0.0,Hit+Run
7022988.309,E0,P297,0.5202653830436229,0.0024355585714285716,6276.759,1050.009,1.5616,11.784,0.5063029405790673,0.0,Merge
7079675.751,P9,P516,0.06576090576090576,0.0024355585714285716,3150.042,1050.009,7.5737,27.265,0.7253257576841772,0.0,Merge
7083668.067,P9,P702,0.06819646433233434,0.0024355585714285716,3188.461,1050.009,1.9537,7.1254,0.24155288015016246,0.0,Merge
7144059.194,M1,P494,0.05547548342657341,0.0024355585714285716,2976.420,1050.009,4.1279,13.986,0.7606580247727356,0.0,Hit+Run
7162276.878,M1,P494,0.05547548342657341,0.0024355585714285716,2976.420,1050.009,1.0185,3.4509,0.8657012758127802,0.0,Graze+Merge
7297175.635,E1,P655,0.24924001809523813,0.0024355585714285716,4911.337,1050.009,2.2638,13.141,0.3734574000339056,0.0,Merge
7394074.476,E10,P136,0.22750667571428573,0.0024355585714285716,4764.221,1050.009,1.2169,6.8371,0.7161616480146933,0.0,Merge
7456014.269,E16,P677,0.04256,0.0024355585714285716,2724.756,1050.009,3.1755,9.7951,0.7898312980500038,0.0,Hit+Run
7471416.998,M0,P311,0.0962756128571429,0.0024355585714285716,3576.838,1050.009,4.0314,16.636,0.32198012139013193,0.0,Merge
7701938.851,E15,P472,0.11428,0.0024355585714285716,3787.191,1050.009,1.8654,8.1864,0.6579746207133792,0.0,Merge
7792368.872,M0,P365,0.09871117142857147,0.0024355585714285716,3606.749,1050.009,2.9755,12.389,0.6444774111630461,0.0,Merge
7853601.105,E3,P127,0.5315390825108224,0.0024355585714285716,6321.773,1050.009,1.4828,11.274,0.962615201386462,0.0,Hit+Run
7880326.102,E17,P303,0.040959999999999996,0.0024355585714285716,2690.174,1050.009,1.5945,4.8524,0.9077812794309416,0.0,Hit+Run
8048155.683,E1,FRAG0008,0.2516755766666667,0.00635897435897436,4927.283,1445.848,2.1256,12.083,0.8223823382747963,0.0,Hit+Run
8048170.998,E1,FRAG0008,0.2516755766666667,0.00635897435897436,4927.283,1445.848,1.0483,5.9594,0.5305243588644969,0.0,Merge
8063858.343,M3,P148,0.05,0.0024355585714285716,2875.083,1050.009,1.1933,3.8966,0.2866225360576022,0.0,Merge
8084299.627,M0,P298,0.10114673000000005,0.0024355585714285716,3636.172,1050.009,4.2011,17.646,0.7503290562025808,0.0,Merge
8111007.041,M0,P638,0.10358228857142862,0.0024355585714285716,3665.126,1050.009,6.6092,27.999,0.6264348041010925,0.0,Merge
8511281.096,E4,P797,0.05983555857142857,0.0024355585714285716,3052.438,1050.009,1.4986,5.2163,0.807818228726444,0.0,Hit+Run
8721262.857,E10,P852,0.2299422342857143,0.0024355585714285716,4781.161,1050.009,1.3446,7.5835,0.9404615208578717,0.0,Hit+Run
8773941.457,M1,P415,0.057911041998001976,0.0024355585714285716,3019.355,1050.009,3.1251,10.751,0.6866209921560829,0.0,Merge
8781429.667,E3,P654,0.5315390825108224,0.0024355585714285716,6321.773,1050.009,1.4159,10.766,0.813141856529749,0.0,Merge
8831333.266,P0,P144,0.0024355585714285716,0.0024355585714285716,1050.009,1050.009,5.9285,8.0668,0.74415,0.0,Graze+Frag
9211454.223,E3,P682,0.5339746410822509,0.0024355585714285716,6331.414,1050.009,1.3617,10.370,0.15216479516491402,0.0,Merge
9274640.135,M0,FRAG0001,0.1060178471428572,0.006957375957375958,3693.631,1489.849,6.4043,26.712,0.8036448125017299,0.0,Hit+Run
9276846.658,M0,FRAG0001,0.1060178471428572,0.006957375957375958,3693.631,1489.849,1.0506,4.3820,0.9325500674951356,0.0,Hit+Run
9414580.808,M0,FRAG0001,0.1060178471428572,0.006957375957375958,3693.631,1489.849,1.1616,4.8450,0.7590374661082131,0.0,Hit+Run
9421467.693,M0,FRAG0001,0.1060178471428572,0.006957375957375958,3693.631,1489.849,1.0218,4.2619,0.857943211785851,0.0,Graze+Merge
9765353.127,M0,P107,0.11297522310023315,0.0024355585714285716,3772.723,1050.009,3.7657,16.458,0.9015766341082821,0.0,Hit+Run
9778498.072,M0,P107,0.11297522310023315,0.0024355585714285716,3772.723,1050.009,1.1383,4.9749,0.6230852833555286,0.0,Merge
10494370.232,E10,P295,0.2299422342857143,0.0024355585714285716,4781.161,1050.009,1.4676,8.2772,0.9440692198044929,0.0,Hit+Run
10690510.237,M0,P627,0.11541078167166173,0.0024355585714285716,3799.641,1050.009,3.7766,16.632,0.1874885747172937,0.0,Merge
10979870.187,M1,P255,0.060346600569430545,0.0024355585714285716,3061.104,1050.009,6.806,23.762,0.254054921080306,0.00814851814851815,Fragment
11441930.804,M1,P586,0.05463364099234097,0.0024355585714285716,2961.287,1050.009,3.3696,11.355,0.9565334734399445,0.0,Hit+Run
11443342.001,E0,P31,0.5227009416150514,0.0024355585714285716,6286.539,1050.009,1.8445,13.942,0.6454017088813641,0.0,Merge
11471395.708,M3,P854,0.05243555857142857,0.0024355585714285716,2921.028,1050.009,4.0313,13.388,0.869974082951624,0.0,Hit+Run
11553947.084,P9,P584,0.07063202290376291,0.0024355585714285716,3225.975,1050.009,1.0945,4.0421,0.8268665238561954,0.0,Hit+Run
11556583.69,P9,P584,0.07063202290376291,0.0024355585714285716,3225.975,1050.009,1.0405,3.8427,0.9934469330418231,0.0,Hit+Run
11667206.194,P9,P584,0.07063202290376291,0.0024355585714285716,3225.975,1050.009,1.0164,3.7537,0.14243832089785555,0.0,Merge
11780674.864,E3,P448,0.5364101996536794,0.0024355585714285716,6341.025,1050.009,1.1103,8.4698,0.8076597077737631,0.0,Merge
11992028.615,E1,P615,0.25803455102564105,0.0024355585714285716,4968.437,1050.009,2.7368,16.085,0.7813686427542835,0.0,Merge
12010422.166,E12,E17,0.10341111714285715,0.040959999999999996,3663.106,2690.174,1.743,7.4232,0.4100560550544582,0.02364835164835165,Fragment
12245687.69,E0,P819,0.52513650018648,0.0024355585714285716,6296.288,1050.009,2.8565,21.627,0.7230238496302508,0.0,Merge
12847454.499,E3,P350,0.5388457582251079,0.0024355585714285716,6350.608,1050.009,1.8945,14.475,0.6633257023017675,0.0,Merge
13011401.306,E3,P514,0.5412813167965365,0.0024355585714285716,6360.162,1050.009,1.8428,14.102,0.6745391930837357,0.0,Merge
13400869.014,E0,P730,0.5275720587579085,0.0024355585714285716,6306.007,1050.009,1.2262,9.2990,0.6251128007446409,0.0,Merge
13563401.439,E12,P47,0.12072276549450552,0.0024355585714285716,3857.064,1050.009,1.9175,8.5824,0.9353652374321825,0.0,Hit+Run
13603361.861,E15,P825,0.11671555857142858,0.0024355585714285716,3813.907,1050.009,1.6882,7.4651,0.6234558583226653,0.0,Merge
13709554.583,M0,P280,0.1178463402430903,0.0024355585714285716,3826.184,1050.009,6.4492,28.616,0.5908535801137426,0.0,Merge
13819912.91,E0,P808,0.530007617329337,0.0024355585714285716,6315.696,1050.009,2.0998,15.950,0.8760527143970592,0.0,Hit+Run
14052158.23,E0,P808,0.530007617329337,0.0024355585714285716,6315.696,1050.009,1.2218,9.2808,0.6914445618966316,0.0,Merge
14093780.167,E1,FRAG0007,0.2604701095970696,0.007998334998334999,4984.020,1560.727,2.5284,14.467,0.8784246150543698,0.0,Hit+Run
14163325.561,E3,P734,0.543716875367965,0.0024355585714285716,6369.687,1050.009,1.373,10.524,0.9526591000036055,0.0,Hit+Run
14205990.898,M0,P504,0.12028189881451888,0.0024355585714285716,3852.363,1050.009,4.1896,18.727,0.7698639567812167,0.0,Merge
14225104.206,E0,FRAG0007,0.5324431759007655,0.007998334998334999,6325.355,1560.727,1.1293,8.3523,0.7189943045311668,0.0,Merge
15266341.528,E11,P826,0.020565714285714288,0.0024355585714285716,2138.167,1050.009,5.3633,12.870,0.8485799737920122,0.0,Hit+Run
15998140.999,M0,FRAG0013,0.12271745738594746,0.00814851814851815,3878.191,1570.435,5.3435,23.396,0.5875695430214556,0.01814285714285714,Fragment
15998289.619,M0,FRAG0019,0.11272311839160847,0.006047619047619047,3769.914,1421.855,1.046,4.4697,0.9370744708634363,0.0,Hit+Run
15999759.787,M0,FRAG0020,0.11272311839160847,0.006047619047619047,3769.914,1421.855,1.0535,4.5018,0.7267863912337956,0.0,Graze+Merge
16029176.852,M0,FRAG0018,0.11877073743922752,0.006047619047619047,3836.162,1421.855,1.2527,5.4529,0.6151117950087697,0.0,Merge
16219151.444,E3,P826,0.543716875367965,0.0024355585714285716,6369.687,1050.009,1.5881,12.173,0.33970190670580047,0.0,Merge
16356971.183,E5,P161,0.0735,0.0024355585714285716,3269.060,1050.009,3.5769,13.399,0.6714369847849478,0.0,Merge
16429019.816,M0,FRAG0019,0.12481835648684657,0.006047619047619047,3900.198,1421.855,1.2154,5.3845,0.4170576054336194,0.0,Merge
16636342.519,M0,P586,0.1308659755344656,0.0024355585714285716,3962.197,1050.009,4.094,18.862,0.8178611140171159,0.0,Hit+Run
16673585.185,M0,P586,0.1308659755344656,0.0024355585714285716,3962.197,1050.009,1.2017,5.5367,0.6856088770414117,0.0,Merge
17733872.577,E4,P749,0.05983555857142857,0.0024355585714285716,3052.438,1050.009,4.7997,16.706,0.901643298858529,0.0,Hit+Run
17776181.3,E1,P5,0.2604701095970696,0.0024355585714285716,4984.020,1050.009,3.6474,21.509,0.8430006164519972,0.0,Hit+Run
17921556.711,E0,P734,0.5404415108991005,0.0024355585714285716,6356.871,1050.009,1.6753,12.813,0.3847483631983024,0.0,Merge
18054445.381,E10,P178,0.2299422342857143,0.0024355585714285716,4781.161,1050.009,1.8771,10.586,0.8553526229807599,0.0,Hit+Run
18415641.51,P9,P817,0.07306758147519149,0.0024355585714285716,3262.637,1050.009,1.027,3.8391,0.8329370485954056,0.0,Graze+Merge
18997179.997,M3,P184,0.05243555857142857,0.0024355585714285716,2921.028,1050.009,5.4854,18.217,0.5680907958599299,0.0,Merge
19091836.799,E12,P729,0.12072276549450552,0.0024355585714285716,3857.064,1050.009,2.2676,10.149,0.8804223549981409,0.0,Hit+Run
19184419.595,M0,P5,0.13330153410589418,0.0024355585714285716,3986.626,1050.009,5.3407,24.770,0.4167382197470559,0.0,Merge
19241295.164,E12,P592,0.12072276549450552,0.0024355585714285716,3857.064,1050.009,4.5395,20.318,0.6577425467926473,0.0,Merge
19438289.113,E16,P155,0.04256,0.0024355585714285716,2724.756,1050.009,3.8604,11.907,0.9002719748930406,0.0,Hit+Run
19577190.476,E2,P153,0.021560000000000003,0.0024355585714285716,2172.084,1050.009,1.3145,3.2048,0.5385560393171963,0.0,Merge
19681601.345,E10,P849,0.2299422342857143,0.0024355585714285716,4781.161,1050.009,1.9817,11.176,0.9643215298002988,0.0,Hit+Run
19999725.216,E10,P849,0.2299422342857143,0.0024355585714285716,4781.161,1050.009,1.1274,6.3585,0.6581590782847546,0.0,Merge
20724804.558,P6,P116,0.0024355585714285716,0.0024355585714285716,1050.009,1050.009,12.931,17.595,0.34965,0.0,Merge
20752556.894,M0,P797,0.13573709267732276,0.0024355585714285716,4010.760,1050.009,4.0502,18.907,0.9874003519659762,0.0,Hit+Run
20752818.861,M0,P797,0.13573709267732276,0.0024355585714285716,4010.760,1050.009,1.0443,4.8751,0.573071028579017,0.0,Merge
20789909.022,M1,P652,0.05463364099234097,0.0024355585714285716,2961.287,1050.009,5.0517,17.023,0.28171117810039575,0.0,Merge
20809590.867,E1,P585,0.2604701095970696,0.0024355585714285716,4984.020,1050.009,4.3816,25.839,0.9098228287496325,0.0,Hit+Run
20843927.929,E1,P319,0.2604701095970696,0.0024355585714285716,4984.020,1050.009,2.8103,16.573,0.12365000223678621,0.0,Merge
21367198.811,E1,P625,0.2629056681684982,0.0024355585714285716,4999.506,1050.009,1.3333,7.8890,0.9568415641004565,0.0,Hit+Run
21584726.59,E10,P502,0.23237779285714288,0.0024355585714285716,4797.983,1050.009,1.9205,10.872,0.9130782909312669,0.0,Hit+Run
21642709.434,E1,P522,0.2629056681684982,0.0024355585714285716,4999.506,1050.009,4.7544,28.131,0.9593208564586371,0.0,Hit+Run
21648742.216,E1,P522,0.2629056681684982,0.0024355585714285716,4999.506,1050.009,1.0514,6.2211,0.9164290986621146,0.0,Hit+Run
21677656.742,E3,P351,0.5461524339393935,0.0024355585714285716,6379.184,1050.009,1.5665,12.026,0.49570693787043957,0.0,Merge
22018120.887,E10,P74,0.23237779285714288,0.0024355585714285716,4797.983,1050.009,3.3638,19.043,0.3826576645613648,0.0,Merge
22261612.731,E3,E20,0.548587992510822,0.019122291838161838,6388.652,2086.926,1.5202,11.115,0.991134552827969,0.0,Hit+Run
22382654.854,E0,P625,0.542877069470529,0.0024355585714285716,6366.406,1050.009,1.4284,10.942,0.6480219031106063,0.0,Merge
22394917.533,E0,P601,0.5453126280419576,0.0024355585714285716,6375.912,1050.009,4.0879,31.366,0.7231146898925036,0.0,Merge
22425088.331,E3,P832,0.548587992510822,0.0024355585714285716,6388.652,1050.009,1.2287,9.4480,0.3262749377839147,0.0,Merge
22516570.564,E4,P475,0.05983555857142857,0.0024355585714285716,3052.438,1050.009,7.9248,27.584,0.39204147067879097,0.011123543123543123,Fragment
22561861.095,E0,P295,0.5477481866133861,0.0024355585714285716,6385.391,1050.009,2.3738,18.243,0.5728937044716923,0.0,Merge
22627557.379,E14,E16,0.044980000000000006,0.04256,2775.451,2724.756,1.2171,4.3380,0.8235210088187763,0.0,Hit+Run
23055248.933,E0,P371,0.5501837451848146,0.0024355585714285716,6394.841,1050.009,2.5478,19.611,0.9603190737313315,0.0,Hit+Run
23525751.883,E3,P393,0.5510235510822505,0.0024355585714285716,6398.093,1050.009,1.4719,11.335,0.6955510736607683,0.0,Merge
23870225.813,E0,P764,0.5501837451848146,0.0024355585714285716,6394.841,1050.009,3.7578,28.925,0.5411458107788362,0.0,Merge
24475901.428,E1,FRAG0015,0.2629056681684982,0.005912087912087913,4999.506,1411.153,3.1142,18.016,0.8249506846673478,0.0,Hit+Run
24635378.547,E3,P398,0.5534591096536791,0.0024355585714285716,6407.506,1050.009,3.0384,23.436,0.8283558050796164,0.0,Merge
25009004.195,E1,P371,0.2629056681684982,0.0024355585714285716,4999.506,1050.009,4.054,23.987,0.9537837701920339,0.0,Hit+Run
25086001.73,E0,E4,0.5526193037562431,0.05114757401931401,6404.263,2896.913,1.0837,7.8006,0.28078797621054175,0.008074259074259075,Fragment
25086436.132,E14,P484,0.044980000000000006,0.0024355585714285716,2775.451,1050.009,1.8974,5.9680,0.4738375932931497,0.0,Merge
25218113.64,E16,P424,0.04256,0.0024355585714285716,2724.756,1050.009,3.1828,9.8176,0.8649020849237018,0.0,Hit+Run
25251249.625,E19,P104,0.041620000000000004,0.0024355585714285716,2704.547,1050.009,1.6782,5.1359,0.7100363890266167,0.0,Merge
25602022.715,E10,P502,0.23481335142857146,0.0024355585714285716,4814.687,1050.009,1.9393,11.020,0.7798308068053713,0.0,Merge
25729898.365,M3,P216,0.05487111714285714,0.0024355585714285716,2965.571,1050.009,2.4557,8.2882,0.9029836685902749,0.0,Hit+Run
25815391.968,E3,P275,0.5558946682251076,0.0024355585714285716,6416.891,1050.009,1.9461,15.034,0.6651586471583704,0.0,Merge
26187380.475,E3,P2,0.5583302267965361,0.0024355585714285716,6426.249,1050.009,2.4066,18.621,0.2321655651609007,0.0,Merge
26206809.317,E1,P371,0.2629056681684982,0.0024355585714285716,4999.506,1050.009,1.396,8.2600,0.8607276636816598,0.0,Hit+Run
26262259.364,E1,P371,0.2629056681684982,0.0024355585714285716,4999.506,1050.009,1.0332,6.1134,0.9537011271134279,0.0,Hit+Run
26590642.709,E1,P261,0.2629056681684982,0.0024355585714285716,4999.506,1050.009,2.1229,12.561,0.975188327550992,0.0,Hit+Run
26827663.021,E3,P854,0.5607657853679646,0.0024355585714285716,6435.579,1050.009,2.6035,20.175,0.4834257145272206,0.0,Merge
28515315.237,E1,FRAG0015,0.2629056681684982,0.005912087912087913,4999.506,1411.153,2.3621,13.665,0.7480551112997921,0.0,Merge
28826637.956,E0,P261,0.5956926187012981,0.0024355585714285716,6566.509,1050.009,1.4225,11.262,0.9617176866966748,0.0,Hit+Run
28829620.151,E0,P261,0.5956926187012981,0.0024355585714285716,6566.509,1050.009,1.0656,8.4366,0.47521182331439465,0.0,Merge
29075501.078,E14,P0,0.047415558571428575,0.004871128871128871,2824.668,1322.930,3.6914,11.709,0.7176767997286521,0.0,Hit+Run
29521649.768,M0,P741,0.13817265124875133,0.0024355585714285716,4034.606,1050.009,2.8795,13.528,0.8152345203095341,0.0,Hit+Run
29551318.95,M0,P741,0.13817265124875133,0.0024355585714285716,4034.606,1050.009,1.1398,5.3550,0.544574120389754,0.0,Merge
30036145.713,E1,P371,0.2688177560805861,0.0024355585714285716,5036.704,1050.009,3.4003,20.280,0.08382489167954905,0.0,Merge
30319034.971,M0,P522,0.1406082098201799,0.0024355585714285716,4058.174,1050.009,5.1193,24.202,0.942450806536011,0.0,Hit+Run
30429298.21,M0,P522,0.1406082098201799,0.0024355585714285716,4058.174,1050.009,1.1884,5.6185,0.7346238395042143,0.0,Merge
31354634.065,E1,P751,0.2712533146520147,0.0024355585714285716,5051.870,1050.009,4.5876,27.449,0.5652211740678531,0.0,Merge
31383168.348,E19,P230,0.04405555857142857,0.0024355585714285716,2756.305,1050.009,4.0261,12.571,0.9736063776782867,0.0,Hit+Run
31869275.227,P16,P32,0.0024355585714285716,0.0024355585714285716,1050.009,1050.009,6.4986,8.8425,0.77445,0.0,Hit+Run
31927901.781,M1,P66,0.05706919956376954,0.0024355585714285716,3004.653,1050.009,5.2731,18.047,0.382004321216478,0.0,Merge
32034630.773,E8,P525,0.11851111714285714,0.0024355585714285716,3833.365,1050.009,1.6336,7.2634,0.532767799758782,0.0,Merge
32752861.717,E1,FRAG0023,0.27368887322344326,0.008074259074259075,5066.945,1565.650,2.8699,16.711,0.6294915689731716,0.0,Merge
32819966.245,E1,P99,0.28176313229770233,0.0024355585714285716,5116.291,1050.009,3.0001,18.196,0.9745038266915109,0.0,Hit+Run
33362293.315,E3,P653,0.5632013439393931,0.0024355585714285716,6444.883,1050.009,1.7506,13.587,0.7261023444948389,0.0,Merge
33539030.765,E1,P444,0.28176313229770233,0.0024355585714285716,5116.291,1050.009,3.7617,22.816,0.5612212757549067,0.0,Merge
33864770.742,E3,P140,0.5656369025108217,0.0024355585714285716,6454.160,1050.009,2.4154,18.775,0.6253616159184404,0.0,Merge
34300354.303,M1,P364,0.05950475813519811,0.0024355585714285716,3046.803,1050.009,1.1485,3.9898,0.2425952067805172,0.0,Merge
34546546.292,P9,P333,0.07550314004662007,0.0024355585714285716,3298.492,1050.009,12.668,47.916,0.34369234414025196,0.023471195471195472,Fragment
34546650.314,P9,FRAG0026,0.05446750314685317,0.005867798867798868,2958.282,1407.620,1.1415,3.7912,0.7823428575410147,0.0,Hit+Run
34547114.182,P9,FRAG0027,0.05446750314685317,0.005867798867798868,2958.282,1407.620,1.1574,3.8440,0.6542787660155931,0.0,Merge
34547249.345,P9,FRAG0025,0.06033530201465204,0.005867798867798868,3060.913,1407.620,1.1351,3.9034,0.5254579379216469,0.0,Merge
34552408.982,P9,FRAG0024,0.0662031008824509,0.005867798867798868,3157.087,1407.620,1.5031,5.3360,0.7910168577796454,0.0,Hit+Run
34567287.43,P9,FRAG0026,0.0662031008824509,0.005867798867798868,3157.087,1407.620,1.1793,4.1865,0.849321239270267,0.0,Hit+Run
34568116.129,P9,FRAG0026,0.0662031008824509,0.005867798867798868,3157.087,1407.620,1.0884,3.8638,0.547286560777331,0.0,Merge
34568886.926,P9,FRAG0024,0.07207089975024977,0.005867798867798868,3247.734,1407.620,1.3969,5.1064,0.390535574297565,0.0,Merge
35142760.675,E14,E16,0.047415558571428575,0.04256,2824.668,2724.756,1.4709,5.2915,0.5176550251603911,0.0,Hit+Run
35445603.837,E15,P566,0.11915111714285716,0.0024355585714285716,3840.253,1050.009,2.2302,9.9352,0.926401445891725,0.0,Hit+Run
36532644.144,P16,P229,0.0024355585714285716,0.0024355585714285716,1050.009,1050.009,11.663,15.870,0.6443,0.0,Graze+Frag
37102016.631,E0,P99,0.5981281772727266,0.0024355585714285716,6575.446,1050.009,1.2668,10.044,0.7044145336469939,0.0,Merge
38404020.355,E19,P723,0.04405555857142857,0.0024355585714285716,2756.305,1050.009,6.2088,19.386,0.5792396738600681,0.006986679986679988,Fragment
39094946.302,E3,P254,0.5680724610822502,0.0024355585714285716,6463.410,1050.009,3.445,26.819,0.3082271307818764,0.0,Merge
40258393.98,E3,P178,0.5705080196536787,0.0024355585714285716,6472.634,1050.009,2.0273,15.806,0.05059270286827762,0.0,Merge
40572400.438,M0,E20,0.14304376839160848,0.019122291838161838,4081.472,2086.926,5.6054,25.677,0.951289429681443,0.0,Hit+Run
40575539.406,M0,E20,0.14304376839160848,0.019122291838161838,4081.472,2086.926,1.0364,4.7476,0.8333128662035262,0.0,Graze+Merge
41060591.722,E1,P593,0.2841986908691309,0.0024355585714285716,5130.990,1050.009,3.9588,24.085,0.41107690438156136,0.0,Merge
41320917.922,E18,P675,0.07523555857142858,0.0024355585714285716,3294.591,1050.009,1.0391,3.9252,0.9778516769264964,0.0,Hit+Run
41417320.994,E10,P384,0.23724891000000004,0.0024355585714285716,4831.276,1050.009,1.3957,7.9603,0.4762859655764732,0.0,Merge
42284003.208,E0,P232,0.6005637358441551,0.0024355585714285716,6584.359,1050.009,1.1114,8.8246,0.8653089223257439,0.0,Hit+Run
42376823.881,M0,P287,0.16216606022977031,0.0024355585714285716,4255.793,1050.009,10.375,51.631,0.5641180628713252,0.008107226107226107,Fragment
42386102.084,M0,FRAG0029,0.15649439269397278,0.008107226107226107,4205.588,1567.778,1.0717,5.1124,0.2836570509479282,0.0,Merge
42792236.644,M1,P16,0.061940316706626676,0.004871128871128871,3087.817,1322.930,1.6437,5.7154,0.7151880747600016,0.0,Hit+Run
43139261.291,E10,P429,0.2396844685714286,0.0024355585714285716,4847.753,1050.009,3.8851,22.239,0.9799463389785708,0.0,Hit+Run
43519233.136,E3,M1,0.5729435782251072,0.061940316706626676,6481.832,3087.817,1.2639,9.1974,0.7974232290348697,0.017316683316683318,Hit+Run+Frag
43519244.941,E3,FRAG0030,0.5729418369896759,0.005772227772227773,6481.825,1399.936,1.0513,8.0483,0.8644888086556081,0.0,Hit+Run
44602944.36,E19,P215,0.03950443715617715,0.0024355585714285716,2657.923,1050.009,3.6659,11.015,0.9522963408196184,0.0,Hit+Run
45341394.172,E0,P585,0.6005637358441551,0.0024355585714285716,6584.359,1050.009,2.6537,21.070,0.9104157265095736,0.0,Hit+Run
46267942.651,E3,P16,0.5729418369896759,0.004871128871128871,6481.825,1322.930,2.1777,16.740,0.8610591641391239,0.0,Hit+Run
46775332.798,E0,P372,0.6005637358441551,0.0024355585714285716,6584.359,1050.009,5.2569,41.740,0.15783069150364906,0.0,Merge
46840044.058,E3,P677,0.5729418369896759,0.0024355585714285716,6481.825,1050.009,2.1948,17.138,0.9846015303555795,0.0,Hit+Run
47605684.882,P52,P595,0.0024355585714285716,0.0024355585714285716,1050.009,1050.009,23.437,31.890,0.84105,0.0,Graze+Frag
47714654.041,M1,P380,0.04462537462537462,0.0024355585714285716,2768.138,1050.009,7.8146,24.511,0.3061653906088538,0.013642071262071263,Fragment
48671219.806,E10,P336,0.2396844685714286,0.0024355585714285716,4847.753,1050.009,3.6849,21.093,0.35599292015737205,0.0,Merge
49539238.814,E10,P16,0.24212002714285719,0.004871128871128871,4864.117,1322.930,2.8259,15.951,0.9181766227315635,0.0,Hit+Run
49625792.417,E10,FRAG0033,0.24212002714285719,0.006820845820845821,4864.117,1480.039,2.1587,12.081,0.49912708993221366,0.0,Merge
49855640.23,E15,P492,0.11915111714285716,0.0024355585714285716,3840.253,1050.009,2.8094,12.515,0.6572055353621977,0.0,Merge
50496265.689,E0,P793,0.6029992944155836,0.0024355585714285716,6593.248,1050.009,2.4161,19.211,0.9752812768661134,0.0,Hit+Run
50617284.47,P32,P48,0.0024355585714285716,0.0024355585714285716,1050.009,1050.009,12.549,17.076,0.6134,0.0,Graze+Frag
51446587.487,E3,P793,0.5729418369896759,0.0024355585714285716,6481.825,1050.009,1.071,8.3632,0.756803239047895,0.0,Merge
51734982.597,E12,FRAG0031,0.12315832406593409,0.005772227772227773,3882.830,1399.936,2.5215,11.129,0.5701390262812644,0.0,Merge
52536529.962,P54,P563,0.0024355585714285716,0.0024355585714285716,1050.009,1050.009,3.3832,4.6034,0.8855,0.0,Hit+Run
52575157.106,M0,P232,0.1646016188011989,0.0024355585714285716,4276.993,1050.009,5.5897,27.964,0.5337607351061453,0.0,Merge
53333303.105,M1,FRAG0032,0.03341924155511155,0.005772227772227773,2513.772,1399.936,5.1686,14.612,0.14586617717288486,0.029873459873459872,Fragment
53368434.869,E12,FRAG0034,0.12893055183816188,0.006820845820845821,3942.567,1480.039,1.6907,7.5577,0.7804275796087246,0.0,Hit+Run
53550226.558,E13,P780,0.02222,0.0024355585714285716,2194.026,1050.009,6.6251,16.317,0.25396045534703954,0.01603948051948052,Fragment
54909573.095,E3,P645,0.5753773955611045,0.0024355585714285716,6490.997,1050.009,2.9608,23.155,0.3443900771452022,0.0,Merge
55191614.514,P9,P722,0.07793869861804864,0.0024355585714285716,3333.585,1050.009,1.8632,7.1278,0.5819864131250678,0.0,Merge
55204924.188,E3,E12,0.577812954132533,0.12893055183816188,6500.143,3942.567,1.0723,7.8813,0.9898941227139734,0.0,Hit+Run
55291019.626,E3,FRAG0034,0.577812954132533,0.006820845820845821,6500.143,1480.039,1.6309,12.471,0.6636836547912153,0.0,Merge
55421755.648,E7,P246,0.024059999999999998,0.0024355585714285716,2252.988,1050.009,4.1281,10.445,0.6842868072444742,0.0,Hit+Run
55816401.029,E1,E12,0.2866342494405595,0.12893055183816188,5145.606,3942.567,1.2161,7.3469,0.5566751042281779,0.022811854811854812,Fragment
55837556.726,P29,P685,0.0024355585714285716,0.0024355585714285716,1050.009,1050.009,14.990,20.397,0.9304000000000001,0.0,Hit+Run
55909765.184,E10,E19,0.248940872963703,0.03950443715617715,4909.371,2657.923,1.0599,5.8463,0.43642203320073486,0.007162377622377623,Fragment
56240890.844,E1,FRAG0042,0.39275294646686654,0.005702963702963703,5715.229,1394.314,0.9922,6.6362,0.8776776143422726,0.0,Perfect
56456231.396,E3,P231,0.5846337999533788,0.0024355585714285716,6525.620,1050.009,3.5349,27.801,0.7236590937893934,0.0,Merge
56530486.289,E3,P322,0.5870693585248073,0.0024355585714285716,6534.669,1050.009,1.7507,13.789,0.7225918326837965,0.0,Merge
57250279.71,E0,P724,0.6029992944155836,0.0024355585714285716,6593.248,1050.009,3.1086,24.718,0.8554629774174108,0.0,Merge
57397398.13,E0,P127,0.6054348529870122,0.0024355585714285716,6602.113,1050.009,1.7601,14.015,0.9466442974850471,0.0,Hit+Run
57403724.773,E0,FRAG0044,0.6054348529870122,0.005702963702963703,6602.113,1394.314,1.7254,13.476,0.6843670625588084,0.0,Merge
57592375.966,E1,M1,0.39845591016983023,0.00931800945387945,5742.759,1642.233,2.2602,15.005,0.9259187775500259,0.0,Hit+Run
58042392.979,E3,FRAG0043,0.5895049170962359,0.005702963702963703,6543.694,1394.314,2.0127,15.570,0.6349140584269762,0.0,Merge
58163318.18,E3,P733,0.5952078807991996,0.0024355585714285716,6564.728,1050.009,3.0708,24.305,0.28647855756570406,0.0,Merge
58184441.176,E10,FRAG0038,0.281283138957709,0.0059746919746919746,5113.384,1416.116,1.371,8.1243,0.760957925289585,0.0,Merge
58357260.886,E3,P141,0.5976434393706281,0.0024355585714285716,6573.670,1050.009,1.2948,10.263,0.6564461087663352,0.0,Merge
58509187.968,E3,FRAG0039,0.6000789979420567,0.0059746919746919746,6582.587,1416.116,1.0427,8.1089,0.7756367360375956,0.0,Merge
58671160.323,E0,P585,0.6111378166899759,0.0024355585714285716,6622.778,1050.009,2.2703,18.138,0.2816463230833428,0.0,Merge
59022224.239,E3,FRAG0021,0.6060536899167487,0.005561771561771562,6604.362,1382.711,2.7532,21.524,0.93536817476848,0.0,Hit+Run
59455454.321,E1,FRAG0021,0.39845591016983023,0.005561771561771562,5742.759,1382.711,1.7132,11.525,0.7226936178403635,0.0,Merge
59652427.033,E0,P32,0.6135733752614044,0.004871128871128871,6631.564,1322.930,3.4035,26.811,0.7886685453969704,0.0,Merge
59665465.528,E1,P127,0.4040176817316018,0.0024355585714285716,5769.355,1050.009,2.0854,14.384,0.17758070715670665,0.0,Merge
61624104.047,P17,P155,0.0024355585714285716,0.0024355585714285716,1050.009,1050.009,17.193,23.394,0.38465,0.0,Merge
62293663.224,E15,P338,0.12158667571428573,0.0024355585714285716,3866.243,1050.009,2.1822,9.7922,0.8612093189762074,0.0,Hit+Run
62714991.117,E10,FRAG0046,0.287257830932401,0.007162171162171162,5149.335,1504.326,1.8804,11.175,0.8823347707274733,0.0,Hit+Run
63793315.775,E10,P233,0.287257830932401,0.0024355585714285716,5149.335,1050.009,1.3646,8.3341,0.796570019982398,0.0,Merge
64060657.46,M0,M1,0.16703717737262747,0.00931800945387945,4297.985,1642.233,4.9436,24.065,0.7973409565384478,0.0,Hit+Run
64083379.436,M0,M1,0.16703717737262747,0.00931800945387945,4297.985,1642.233,1.0859,5.2861,0.46017136874632736,0.0,Merge
64968120.977,E0,P46,0.6184445041325333,0.0024355585714285716,6649.067,1050.009,3.325,26.676,0.9930751973098034,0.0,Hit+Run
65246652.045,E3,P429,0.6060536899167487,0.0024355585714285716,6604.362,1050.009,2.4992,19.908,0.39008192031435224,0.0,Merge
65305867.067,P57,P561,0.0024355585714285716,0.0024355585714285716,1050.009,1050.009,14.141,19.242,0.96945,0.0,Hit+Run
65733123.55,E0,P554,0.6184445041325333,0.0024355585714285716,6649.067,1050.009,2.3975,19.235,0.8822729120546964,0.0,Hit+Run
65745254.198,E2,P706,0.023995558571428575,0.0024355585714285716,2250.975,1050.009,9.0449,22.866,0.45231103069081025,0.024175304695304697,Fragment
65885791.723,E3,P46,0.6084892484881772,0.0024355585714285716,6613.197,1050.009,1.5733,12.550,0.2809001089893151,0.0,Merge
65941821.386,E3,P577,0.6109248070596057,0.0024355585714285716,6622.009,1050.009,2.6948,21.527,0.9271825588672019,0.0,Hit+Run
66036004.633,E10,FRAG0046,0.28969338950382956,0.007162171162171162,5163.847,1504.326,1.2639,7.5342,0.9920090010408714,0.0,Hit+Run
66688411.398,E15,P57,0.12158667571428573,0.0024355585714285716,3866.243,1050.009,4.2465,19.055,0.8215737152172805,0.0,Hit+Run
70283906.17,M3,P411,0.05487111714285714,0.0024355585714285716,2965.571,1050.009,4.8371,16.325,0.6157008951531138,0.0,Merge
70744526.12,E0,FRAG0036,0.6184445041325333,0.0059746919746919746,6649.067,1416.116,2.6461,20.801,0.901663875726816,0.0,Hit+Run
70887922.31,E0,FRAG0036,0.6184445041325333,0.0059746919746919746,6649.067,1416.116,1.0317,8.1103,0.8415639428928717,0.0,Graze+Merge
71392402.48,E0,P689,0.6244191961072253,0.0024355585714285716,6670.411,1050.009,3.9767,32.014,0.5951202905348114,0.0,Merge
72697166.372,E3,P623,0.6109248070596057,0.0024355585714285716,6622.009,1050.009,2.1965,17.546,0.8844572408035951,0.0,Hit+Run
72714232.844,E3,P623,0.6109248070596057,0.0024355585714285716,6622.009,1050.009,1.0432,8.3335,0.8641735039451152,0.0,Hit+Run
72891163.483,E3,P623,0.6109248070596057,0.0024355585714285716,6622.009,1050.009,1.1005,8.7912,0.9246794594250916,0.0,Hit+Run
73129295.884,E10,P25,0.28969338950382956,0.0024355585714285716,5163.847,1050.009,3.3503,20.523,0.7971155725302526,0.0,Merge
73846635.673,E10,P544,0.29212894807525813,0.0024355585714285716,5178.278,1050.009,3.0365,18.656,0.7023775053200145,0.0,Merge
73935922.824,E3,P473,0.6109248070596057,0.0024355585714285716,6622.009,1050.009,3.7935,30.304,0.7317681748348668,0.0,Merge
74701617.8,E3,P744,0.6133603656310342,0.0024355585714285716,6630.797,1050.009,3.1842,25.472,0.6318451233467894,0.0,Merge
75587105.195,E0,E14,0.6268547546786538,0.047415558571428575,6679.072,2824.668,1.2931,9.7310,0.8642128956941866,0.01373093573093573,Hit+Run+Frag
75794749.689,E1,E14,0.40645324030303037,0.03368298368298368,5780.925,2520.368,1.1906,7.7454,0.9663086636035683,0.0,Hit+Run
75858689.336,E1,FRAG0050,0.40645324030303037,0.006865467865467865,5780.925,1483.259,1.2862,8.6679,0.2884022528277119,0.0,Merge
76533851.031,E1,FRAG0051,0.41331870816849825,0.006865467865467865,5813.292,1483.259,1.4166,9.6042,0.6453413596724296,0.0,Merge
77063007.681,E0,E14,0.6268563938361629,0.03368298368298368,6679.078,2520.368,1.0227,7.7423,0.7621867483848959,0.0,Graze+Merge
78171410.694,E1,P294,0.42018417603396613,0.0024355585714285716,5845.303,1050.009,5.2448,36.684,0.8323774773706418,0.0,Merge
79922775.474,E1,P43,0.4226197346053947,0.0024355585714285716,5856.575,1050.009,4.3432,30.440,0.3643726077203307,0.0,Merge
80912809.704,P50,P290,0.0024355585714285716,0.0024355585714285716,1050.009,1050.009,26.572,36.157,0.907,0.0,Graze+Frag
81303705.682,P52,P224,0.004871128871128871,0.0024355585714285716,1322.930,1050.009,13.061,20.477,0.8738362585776072,0.0,Hit+Run
81473408.791,E15,P246,0.12158667571428573,0.0024355585714285716,3866.243,1050.009,2.0321,9.1187,0.17372033472910625,0.0,Merge
81612760.235,E15,P602,0.12402223428571431,0.0024355585714285716,3891.888,1050.009,2.7095,12.245,0.9388133657415977,0.0,Hit+Run
82666805.399,E3,P532,0.6157959242024628,0.0024355585714285716,6639.562,1050.009,4.1351,33.125,0.08349563043518525,0.0,Merge
83901005.738,E10,P623,0.2945645066466867,0.0024355585714285716,5192.629,1050.009,1.3849,8.5343,0.6203566853692799,0.0,Merge
83928204.408,E10,P561,0.2970000652181153,0.0024355585714285716,5206.901,1050.009,1.3953,8.6237,0.9448617108526611,0.0,Hit+Run
84962023.449,E0,FRAG0014,0.6605393775191466,0.005912087912087913,6796.626,1411.153,1.0558,8.4998,0.8196249477918242,0.0,Merge
85224973.381,E5,E2,0.07593555857142857,0.0055280202397602445,3304.777,1379.908,1.2058,4.4923,0.9870553605173572,0.0,Hit+Run
85265241.46,E1,FRAG0035,0.4250552931768233,0.0059746919746919746,5867.804,1416.116,2.9235,20.092,0.9853088234493772,0.0,Hit+Run
85699938.73,E0,P577,0.6664514654312345,0.0024355585714285716,6816.844,1050.009,1.3508,11.128,0.5713881330761884,0.0,Merge
85754434.734,E0,FRAG0035,0.668887024002663,0.0059746919746919746,6825.138,1416.116,1.3495,10.910,0.7234869969807262,0.0,Merge
86299508.38,E3,P767,0.6182314827738913,0.0024355585714285716,6648.304,1050.009,2.2862,18.340,0.5798245454274881,0.0,Merge
87237503.913,E10,P54,0.2970000652181153,0.0024355585714285716,5206.901,1050.009,1.8497,11.432,0.28427405357342705,0.0,Merge
87776844.426,M3,P812,0.05730667571428571,0.0024355585714285716,3008.815,1050.009,1.5078,5.1682,0.22172344300384228,0.0,Merge
88670765.895,P17,P456,0.004871117142857143,0.0024355585714285716,1322.929,1050.009,19.665,30.830,0.9920831121035053,0.0,Hit+Run
90478767.244,E0,P50,0.674861715977355,0.004871128871128871,6845.399,1322.930,1.8451,15.037,0.7068041864596122,0.0,Merge
92781579.222,E10,P17,0.29943562378954386,0.004871117142857143,5221.095,1322.929,1.7185,10.469,0.9280493832859743,0.0,Hit+Run
93493860.485,E0,FRAG0041,0.6797328448484838,0.00801964701964702,6861.829,1562.112,2.9428,23.756,0.5609893897961462,0.0,Merge
97116191.882,E10,P174,0.29943562378954386,0.0024355585714285716,5221.095,1050.009,2.5725,15.945,0.9449599609257792,0.0,Hit+Run
97932050.216,E1,FRAG0045,0.4250552931768233,0.005702963702963703,5867.804,1394.314,2.2892,15.751,0.5821652375356707,0.0,Merge
98507760.82,P17,P582,0.004871117142857143,0.0024355585714285716,1322.929,1050.009,12.712,19.929,0.1860957251026412,0.0,Fragment
99255094.452,E0,P446,0.6877524918681308,0.0024355585714285716,6888.710,1050.009,4.4802,37.321,0.750678086378795,0.0,Merge
100029270.48,E22,P301,0.023440000000000003,0.0024355585714285716,2233.467,1050.009,3.276,8.2163,0.9845419056715657,0.0,Hit+Run
100522317.53,E10,E15,0.29943562378954386,0.12402223428571431,5221.095,3891.888,1.0089,6.1444,0.7778661482813876,0.0,Graze+Merge
101318603.679,E0,P830,0.6901880504395593,0.0024355585714285716,6896.832,1050.009,3.7803,31.530,0.8786324018921403,0.0,Hit+Run
101375675.579,E3,P224,0.6206670413453198,0.0024355585714285716,6657.023,1050.009,1.2107,9.7259,0.8343917015593963,0.0,Merge
102069417.489,P97,P570,0.0024355585714285716,0.0024355585714285716,1050.009,1050.009,37.560,51.108,0.82385,0.0,Graze+Frag
102203094.487,E0,P109,0.6901880504395593,0.0024355585714285716,6896.832,1050.009,2.7515,22.949,0.9231541741334154,0.0,Hit+Run
102309661.729,M0,P176,0.17635518682650692,0.0024355585714285716,4376.463,1050.009,6.1042,31.303,0.8890075182873584,0.0,Hit+Run
102310660.49,M0,P176,0.17635518682650692,0.0024355585714285716,4376.463,1050.009,1.0623,5.4477,0.2731623391489869,0.0,Merge
103172988.893,E1,P252,0.43075825687978697,0.0024355585714285716,5893.931,1050.009,3.9708,28.020,0.9205950494612597,0.0,Hit+Run
104152800.846,E1,P252,0.43075825687978697,0.0024355585714285716,5893.931,1050.009,2.6777,18.895,0.37558852054822744,0.0,Merge
104396029.743,E1,P109,0.43319381545121555,0.0024355585714285716,5905.018,1050.009,3.3344,23.576,0.9907315602408219,0.0,Hit+Run
105107100.766,E5,E18,0.07593555857142857,0.07523555857142858,3304.777,3294.591,2.7173,11.619,0.9422521384692711,0.0,Hit+Run
106596116.973,M3,P589,0.05974223428571428,0.0024355585714285716,3050.851,1050.009,4.3235,15.040,0.3548659617425046,0.0,Merge
108947255.597,E3,P16,0.6231025999167483,0.004871128871128871,6665.719,1322.930,2.6697,21.147,0.1647937498019219,0.0,Merge
109786009.301,E10,P773,0.42345785807525815,0.0024355585714285716,5860.444,1050.009,2.2209,15.576,0.7719843586119022,0.0,Merge
111721083.103,E8,P830,0.12094667571428572,0.0024355585714285716,3859.447,1050.009,3.0781,13.786,0.6406133258411433,0.0,Merge
111783164.567,E3,P612,0.6279737287878772,0.0024355585714285716,6683.044,1050.009,4.2545,34.319,0.8968854010033469,0.0,Hit+Run
113359794.889,E3,P109,0.6279737287878772,0.0024355585714285716,6683.044,1050.009,2.3064,18.604,0.7566228257645309,0.0,Merge
113430320.371,E3,P456,0.6304092873593057,0.0024355585714285716,6691.673,1050.009,1.6681,13.474,0.7966027496524752,0.0,Merge
114158758.13,E10,P249,0.42589341664668673,0.0024355585714285716,5871.659,1050.009,1.3251,9.3129,0.3500090156523289,0.0,Merge
116610042.686,E3,P123,0.6328448459307342,0.0024355585714285716,6700.279,1050.009,1.7666,14.289,0.8359043096689653,0.0,Merge
119775179.99,E3,P97,0.6352804045021627,0.004871128871128871,6708.864,1322.930,1.7761,14.166,0.20915619016619552,0.0,Merge
120868084.621,E8,P103,0.12338223428571429,0.0024355585714285716,3885.182,1050.009,3.6393,16.417,0.8258938264630822,0.0,Hit+Run
122586192.557,P52,P303,0.004871128871128871,0.0024355585714285716,1322.930,1050.009,10.982,17.218,0.6178848573316078,0.007214338994338994,Graze+Frag
123555588.366,E3,M3,0.6401515333732916,0.062177792857142845,6725.967,3091.758,1.2111,9.1517,0.6776851244987785,0.0,Merge
128404862.698,E0,P76,0.6901880504395593,0.0024355585714285716,6896.832,1050.009,3.1644,26.393,0.6485598517720234,0.0,Merge
129287986.098,E1,P348,0.43319381545121555,0.0024355585714285716,5905.018,1050.009,5.3187,37.607,0.8381611074382889,0.0,Merge
132327932.196,E0,P643,0.6926236090109879,0.0024355585714285716,6904.935,1050.009,3.3855,28.273,0.3602222382477394,0.0,Merge
133213190.162,E1,P485,0.4356293740226441,0.0024355585714285716,5916.064,1050.009,4.1684,29.532,0.5806445773961659,0.0,Merge
134992086.965,E0,E1,0.6950591675824164,0.4380649325940727,6913.019,5927.069,1.2571,10.550,0.9677621824016194,0.0,Hit+Run
135244356.707,E0,E1,0.6950591675824164,0.4380649325940727,6913.019,5927.069,1.0167,8.5330,0.7428214092125252,0.01617159507159507,Graze+Merge
136311949.091,M0,P749,0.1787907453979355,0.0024355585714285716,4396.518,1050.009,9.8739,50.885,0.7829983768579744,0.01617159507159507,Merge
136990607.88,E21,P318,0.02186,0.0024355585714285716,2182.113,1050.009,1.2384,3.0334,0.9641575247564127,0.0,Hit+Run
136990607.88,E21,P318,0.02186,0.0024355585714285716,2182.113,1050.009,1.2384,3.0334,0.9641575247564127,0.0,Hit+Run
139118449.122,E3,P406,0.7023293262304344,0.0024355585714285716,6937.038,1050.009,4.3465,36.477,0.9722391276560632,0.0,Hit+Run
140126227.08,E0,P533,1.1331241001764891,0.0024355585714285716,8136.163,1050.009,3.8602,38.344,0.580928471924253,0.0,Merge
141370232.993,E3,P632,0.7023293262304344,0.0024355585714285716,6937.038,1050.009,3.2526,27.297,0.8899019208472417,0.0,Hit+Run
143149419.092,E10,P57,0.4283289752181153,0.0024355585714285716,5882.830,1050.009,3.4763,24.481,0.45991166189617927,0.0,Merge
146540346.167,M0,P406,0.18122630396936407,0.0024355585714285716,4416.391,1050.009,4.4967,23.286,0.966347985833114,0.0,Hit+Run
146834439.607,M0,P406,0.18122630396936407,0.0024355585714285716,4416.391,1050.009,1.409,7.2967,0.4487163877031281,0.0,Merge
147463295.681,E8,FRAG0037,0.12338223428571429,0.0059746919746919746,3885.182,1416.116,3.0951,13.659,0.7185093233323713,0.0,Merge
148726529.531,E0,P612,1.1355596587479178,0.0024355585714285716,8141.988,1050.009,3.3579,33.380,0.7358970066955653,0.0,Merge
151286441.727,M0,P672,0.18366186254079264,0.0024355585714285716,4436.088,1050.009,8.9259,46.445,0.40996290982861366,0.0,Merge
154751851.892,M0,P9,0.18609742111222122,0.08037425718947722,4455.611,3367.954,9.8522,51.370,0.8318855995292731,0.09934498834498835,Graze+Frag
154751944.523,M0,FRAG0068,0.1671266899567101,0.005843822843822844,4298.752,1405.700,1.0482,5.1568,0.7979641321850047,0.0,Graze+Merge
154752662.941,M0,FRAG0066,0.17297051280053294,0.005843822843822844,4348.283,1405.700,1.1621,5.7878,0.4752594774001859,0.0,Merge
154752849.392,M0,FRAG0052,0.17881433564435578,0.005843822843822844,4396.711,1405.700,1.3324,6.7154,0.6431684909008812,0.0,Merge
154753847.396,M0,FRAG0053,0.18465815848817863,0.005843822843822844,4444.095,1405.700,1.0074,5.1361,0.39101805095331965,0.0,Merge
154757225.736,M0,FRAG0059,0.19050198133200147,0.005843822843822844,4490.489,1405.700,1.0533,5.4304,0.909416642473858,0.0,Hit+Run
154758240.134,M0,FRAG0063,0.19050198133200147,0.005843822843822844,4490.489,1405.700,1.3789,7.1091,0.41141183340120435,0.0,Merge
154768964.033,M0,FRAG0057,0.1963458041758243,0.005843822843822844,4535.944,1405.700,1.5739,8.2027,0.3853721813066297,0.0,Merge
154770633.509,M0,FRAG0059,0.20218962701964716,0.005843822843822844,4580.506,1405.700,1.2726,6.7025,0.7962428997022474,0.0,Hit+Run
154770639.392,M0,FRAG0059,0.20218962701964716,0.005843822843822844,4580.506,1405.700,1.0473,5.5159,0.1003911862780462,0.0,Merge
154776609.024,M0,FRAG0056,0.20803344986347,0.005843822843822844,4624.217,1405.700,1.139,6.0604,0.8110511992746662,0.0,Hit+Run
154776906.547,M0,FRAG0056,0.20803344986347,0.005843822843822844,4624.217,1405.700,1.0474,5.5730,0.34708942207991106,0.0,Merge
154780022.094,M0,FRAG0061,0.21387727270729284,0.005843822843822844,4667.117,1405.700,1.6742,8.9971,0.5205993784073953,0.0,Merge
154782812.362,M0,FRAG0065,0.21972109555111569,0.005843822843822844,4709.243,1405.700,3.748,20.337,0.955719438177655,0.0,Hit+Run
154782919.151,M0,FRAG0065,0.21972109555111569,0.005843822843822844,4709.243,1405.700,1.0226,5.5488,0.9742023281988182,0.0,Hit+Run
154788290.668,M0,FRAG0064,0.21972109555111569,0.005843822843822844,4709.243,1405.700,1.4967,8.1214,0.7542559369469746,0.0,Merge
154788428.17,M0,FRAG0060,0.22556491839493853,0.005843822843822844,4750.628,1405.700,2.0866,11.429,0.329887109316315,0.0,Merge
154791143.569,M0,FRAG0062,0.23140874123876137,0.005843822843822844,4791.304,1405.700,1.3638,7.5391,0.39570559607339717,0.0,Merge
154803030.141,M0,FRAG0055,0.23725256408258422,0.005843822843822844,4831.301,1405.700,4.5848,25.572,0.7447188794474224,0.0,Merge
154819202.15,M0,FRAG0065,0.24309638692640706,0.005843822843822844,4870.647,1405.700,2.6602,14.968,0.5751949666521043,0.0,Merge
154923992.994,M0,FRAG0067,0.2489402097702299,0.005843822843822844,4909.367,1405.700,1.8605,10.558,0.2950253101706027,0.0,Merge
154945459.38,M0,FRAG0058,0.25478403261405275,0.005843822843822844,4947.486,1405.700,3.7099,21.229,0.8833257482233055,0.0,Hit+Run
154948191.883,M0,FRAG0058,0.25478403261405275,0.005843822843822844,4947.486,1405.700,1.2338,7.0601,0.9933618305859546,0.0,Hit+Run
154959918.569,M0,FRAG0058,0.25478403261405275,0.005843822843822844,4947.486,1405.700,1.342,7.6793,0.7649571387461455,0.0,Merge
156785175.98,E0,P729,1.1379952173193464,0.0024355585714285716,8147.805,1050.009,1.6318,16.233,0.9032924630112439,0.0,Hit+Run
160343017.162,E0,P47,1.1379952173193464,0.0024355585714285716,8147.805,1050.009,3.0498,30.340,0.9585689656021056,0.0,Hit+Run
165706177.597,E10,P583,0.4307645337895439,0.0024355585714285716,5893.959,1050.009,1.3741,9.6965,0.5893985541808253,0.0,Merge
167245897.278,E10,P337,0.43320009236097246,0.0024355585714285716,5905.047,1050.009,2.6869,18.998,0.968063200521355,0.0,Hit+Run
169506488.3,E10,FRAG0028,0.43320009236097246,0.006986679986679988,5905.047,1491.938,1.8929,13.045,0.8536270789411595,0.0,Hit+Run
171326938.309,E0,P301,1.1379952173193464,0.0024355585714285716,8147.805,1050.009,2.8879,28.729,0.8778688151849983,0.0,Merge
173137068.921,E3,P47,0.7023293262304344,0.0024355585714285716,6937.038,1050.009,1.0799,9.0629,0.5210347084874686,0.0,Merge
174132767.116,M0,FRAG0054,0.2606278554578756,0.005843822843822844,4985.026,1405.700,1.3073,7.5419,0.8728653937833528,0.0,Hit+Run
174133422.966,M0,FRAG0054,0.2606278554578756,0.005843822843822844,4985.026,1405.700,1.1637,6.7134,0.6160760393298409,0.0,Merge
174336451.409,E0,P174,1.140430775890775,0.0024355585714285716,8153.614,1050.009,3.5483,35.326,0.40911482427693874,0.0,Merge
180568878.968,E3,P566,0.704764884801863,0.0024355585714285716,6945.048,1050.009,1.4947,12.559,0.9047173465540672,0.0,Hit+Run
181160710.662,E10,P554,0.43320009236097246,0.0024355585714285716,5905.047,1050.009,4.0441,28.595,0.9789307754789706,0.0,Hit+Run
190231418.18,E0,P590,1.1428663344622036,0.0024355585714285716,8159.414,1050.009,3.4673,34.545,0.745733817839547,0.0,Merge
196579053.145,M0,P337,0.26647167830169843,0.0024355585714285716,5022.009,1050.009,10.264,61.026,0.35134104736987126,0.0,Merge
