time_yr,target,projectile,Mt_Mearth,Mp_Mearth,Rt_km,Rp_km,vimp/vesc,vimp_km/s,b,m_frag_Mearth,Regime
6760.639,E19,P332,0.3600000000000004,0.0025,5551.725,1059.189,1.6292,10.778,0.9586107669930195,0.0,Hit+Run
85944.147,E44,P175,0.032499999999999994,0.0024999999999999905,2490.510,1059.189,2.9879,8.3822,0.8867666732001102,0.0,Hit+Run
126541.603,E9,P306,0.22287356069011724,0.0025000000000000022,4731.658,1059.189,1.4929,8.3208,0.9246217966387209,0.0,Hit+Run
206950.855,E30,P550,0.11749999999999994,0.0025,3822.432,1059.189,1.3705,6.0707,0.6080189190266357,0.0,Merge
240583.997,E7,P289,0.3031428432839338,0.0025,5242.554,1059.189,1.8197,11.322,0.672608251359245,0.0,Merge
247509.188,E7,P186,0.3056428432839338,0.0025000000000000022,5256.926,1059.189,1.9996,12.478,0.8672603647908466,0.0,Hit+Run
273308.799,NEPTUNE,K797,16.43442390942391,0.035,19841.69,2552.798,1.0,24.228,0.9456360596806913,0.0,Graze+Merge
286155.573,E30,E46,0.11999999999999994,0.03250000000000001,3849.351,2490.510,1.2919,5.6608,0.2780822594590086,0.012295704295704297,Fragment
293336.902,NEPTUNE,K915,16.46942390942391,0.035,19855.76,2552.798,1.0,24.246,0.6256606224745059,0.0,Perfect
309203.334,E19,P303,0.3600000000000004,0.0025,5551.725,1059.189,1.5217,10.067,0.8200467927890351,0.0,Merge
399482.264,E9,P297,0.22287356069011724,0.0025,4731.658,1059.189,2.0858,11.625,0.40160093058318425,0.0,Merge
407745.802,E7,P288,0.3056428432839338,0.0025000000000000022,5256.926,1059.189,1.4177,8.8469,0.8009257668313163,0.0,Merge
481356.906,E1,P321,0.030000000000000002,0.0025000000000000022,2424.939,1059.189,3.9245,10.708,0.6149819090457144,0.0,Merge
491757.099,E19,P36,0.3625000000000004,0.002500000000000014,5564.547,1059.189,1.2107,8.0295,0.9141878933201579,0.0,Hit+Run
578482.003,E30,P522,0.14020429570429566,0.0025,4054.285,1059.189,1.0303,4.8627,0.135738143512306,0.0,Merge
613278.89,NEPTUNE,K855,16.50442390942391,0.035,19869.82,2552.798,0.9999,24.262,0.5946071542480073,0.0,Perfect
766521.283,E34,P432,0.024162701356577134,0.0025,2256.190,1059.189,4.0412,10.238,0.8933216323238923,0.0,Hit+Run
774847.803,P3,P99,0.0075,0.0025,1527.616,1059.189,13.159,23.115,0.5224520091492362,0.009942311022311022,Fragment
800490.212,E19,P432,0.3625000000000004,0.0025,5564.547,1059.189,1.052,6.9769,0.42071797185695203,0.0,Merge
864768.086,URANUS,K401,15.909423909423909,0.035,19628.11,2552.798,1.0023,24.008,0.9455264912672507,0.0,Graze+Merge
895061.905,E60,P517,0.025,0.0025,2281.955,1059.189,2.7438,7.0328,0.5608680924810335,0.0,Merge
951613.772,E75,P616,0.027500000000000004,0.0025,2355.617,1059.189,2.6786,7.0932,0.3887160422304305,0.0,Merge
1092651.571,E84,E95,0.027500000000000004,0.025,2355.617,2281.955,1.787,5.3717,0.5255674290858529,0.0,Hit+Run
1180208.089,E7,P75,0.3081428432839338,0.002500000000000014,5271.220,1059.189,1.33,8.3238,0.41334347968043056,0.0,Merge
1200818.045,E48,P724,0.027500000000000004,0.0025,2355.617,1059.189,1.5906,4.2120,0.8281341769256997,0.0,Hit+Run
1222550.088,P13,P177,0.0025,0.0024999999999999905,1059.189,1059.189,11.883,16.311,0.4320000000000002,0.0,Merge
1222877.662,E27,FRAG1004,0.05750000000000001,0.007566652464213126,3012.195,1532.128,1.7027,5.7562,0.8098012816309248,0.0,Hit+Run
1228374.432,E3,P224,0.1410691834085138,0.0025,4062.604,1059.189,2.5775,12.192,0.930026354964804,0.0,Hit+Run
1262446.916,E19,FRAG1002,0.3650000000000004,0.00962643930988279,5577.310,1660.156,1.0979,7.0570,0.26740386907673336,0.0,Merge
1273812.415,E3,P102,0.1410691834085138,0.0025000000000000022,4062.604,1059.189,1.3305,6.2934,0.96064385372953,0.0,Hit+Run
1288572.599,E13,P86,0.0425,0.0025,2723.475,1059.189,2.1893,6.7463,0.5775027567867697,0.0,Merge
1292040.659,E3,P224,0.1410691834085138,0.0025,4062.604,1059.189,1.0713,5.0674,0.8366667797158849,0.0,Hit+Run
1292231.853,E19,P162,0.37462643930988315,0.0025,5625.917,1059.189,1.0067,6.7553,0.8833011248827695,0.0,Graze+Merge
1341500.823,E19,P121,0.37712643930988315,0.0025,5638.403,1059.189,1.1965,8.0480,0.23353061900439204,0.0,Merge
1389245.427,E7,E44,0.3106428432839338,0.032499999999999994,5285.437,2490.510,1.2869,7.6377,0.3255160919315866,0.007839826839826841,Fragment
1428593.827,E43,P283,0.07,0.0025,3216.324,1059.189,2.1311,7.8403,0.3918554022890877,0.0,Merge
1507653.46,E9,P506,0.22537356069011724,0.0025,4749.284,1059.189,2.4654,13.796,0.2348283548720034,0.0,Merge
1508692.062,E43,P364,0.07250000000000001,0.0025,3254.167,1059.189,1.2665,4.7182,0.6880488589081221,0.0,Merge
1544461.729,E13,P65,0.045000000000000005,0.0025,2775.862,1059.189,1.1947,3.7564,0.8188501791402641,0.0,Hit+Run
1637548.216,P3,P17,0.01,0.0025000000000000022,1681.359,1059.189,10.015,19.109,0.6638197572514172,0.011857695637695637,Graze+Frag
1665595.728,E43,P199,0.07500000000000001,0.0025,3291.149,1059.189,2.5139,9.4797,0.8959549895134413,0.0,Hit+Run
1694710.934,E65,E45,0.052500000000000005,0.03250000000000001,2922.224,2490.510,1.2966,4.5905,0.6283118021725986,0.0,Hit+Run
1710450.819,E7,P2,0.335303016444107,0.0025,5421.752,1059.189,1.5378,9.9190,0.9316027083475873,0.0,Hit+Run
1833031.273,E48,P596,0.027500000000000004,0.0025,2355.617,1059.189,5.8269,15.430,0.7951605712138726,0.0,Hit+Run
1868492.696,P21,FRAG0004,0.0025000000000000022,0.0069723609723609725,1059.189,1490.918,17.273,29.743,0.8405458178460663,0.008953939393939393,Graze+Frag
1871260.596,E19,P398,0.37962643930988316,0.0025,5650.835,1059.189,1.3124,8.8484,0.37433485151291873,0.0,Merge
1900460.127,E30,P596,0.14270429570429566,0.0025,4078.240,1059.189,1.0731,5.0969,0.9764094983095724,0.0,Hit+Run
2049562.695,E19,P53,0.38212643930988316,0.0024999999999999905,5663.212,1059.189,1.5547,10.506,0.8641737038687624,0.0,Hit+Run
2135993.343,E54,E79,0.027500000000000004,0.025,2355.617,2281.955,1.124,3.3787,0.7516015509986822,0.0,Hit+Run
2158592.045,E34,P400,0.024162701356577134,0.0025,2256.190,1059.189,2.7335,6.9256,0.908497279768718,0.0,Hit+Run
2207399.789,E7,P325,0.335303016444107,0.0025,5421.752,1059.189,1.4808,9.5513,0.5164974067293465,0.0,Merge
2217245.165,E3,P13,0.1410691834085138,0.0049999999999999906,4062.604,1334.495,1.9433,9.0322,0.9682473963607481,0.0,Hit+Run
2289582.282,E13,P212,0.045000000000000005,0.0025,2775.862,1059.189,4.4995,14.147,0.1204425614858481,0.0,Merge
2324813.89,E7,P171,0.337803016444107,0.0025,5435.193,1059.189,1.3288,8.5937,0.8215913836328154,0.0,Merge
2377468.986,E1,P133,0.0325,0.0025,2490.510,1059.189,2.8319,7.9446,0.5491512581008987,0.0,Merge
2389856.197,P3,P188,0.00552763902763903,0.0025,1379.877,1059.189,5.3451,8.6635,0.9974556924972793,0.0,Hit+Run
2441221.477,E7,P13,0.340303016444107,0.0049999999999999906,5448.568,1334.495,1.2455,7.9394,0.0734983496299687,0.0,Merge
2480569.09,E3,P224,0.1410691834085138,0.0025,4062.604,1059.189,1.392,6.5843,0.7929614900284132,0.0,Merge
2564805.243,E13,P186,0.04750000000000001,0.0025000000000000022,2826.344,1059.189,1.9461,6.2370,0.8474229973820122,0.0,Hit+Run
2566204.503,E9,P225,0.22787356069011724,0.0025000000000000022,4766.780,1059.189,1.927,10.826,0.4985262785671893,0.0,Merge
2580510.722,P27,P444,0.0025,0.0025,1059.189,1059.189,12.233,16.791,0.8974,0.0,Hit+Run
2657617.855,E74,P339,0.04899373044365165,0.0025,2855.665,1059.189,1.8702,6.0598,0.7287869161132496,0.0,Merge
2685206.192,E3,P197,0.1435691834085138,0.0025,4086.463,1059.189,2.8509,13.570,0.3939819366004615,0.0,Merge
2751757.888,E41,P243,0.027500000000000004,0.0025,2355.617,1059.189,11.347,30.048,0.7152789071672286,0.013344655344655345,Graze+Frag
2785291.962,E7,P249,0.345303016444107,0.0025000000000000022,5475.124,1059.189,1.0132,6.6041,0.4737505954538883,0.0,Merge
2791086.411,P3,P29,0.00552763902763903,0.0025,1379.877,1059.189,5.7713,9.3543,0.677586457321758,0.0,Graze+Frag
2799096.866,E60,P427,0.0275,0.0025,2355.617,1059.189,5.26,13.929,0.6392602596893344,0.0,Merge
2855462.131,E7,P311,0.347803016444107,0.0025,5488.305,1059.189,1.3799,9.0175,0.3659711131208813,0.0,Merge
2909845.675,E3,P67,0.1460691834085138,0.002500000000000014,4110.046,1059.189,1.7638,8.4480,0.8193478707438953,0.0,Hit+Run
2949660.188,E48,E56,0.027500000000000004,0.027500000000000004,2355.617,2355.617,1.0522,3.2119,0.4797,0.0,Merge
3100196.76,E9,P209,0.23037356069011725,0.0025,4784.149,1059.189,2.2112,12.471,0.6424617498550038,0.0,Merge
3225100.283,E3,P21,0.1460691834085138,0.009472194472194473,4110.046,1651.241,1.9352,8.9835,0.32316573831714085,0.0,Merge
3236206.467,E66,P596,0.025,0.0025,2281.955,1059.189,2.3916,6.1300,0.8190367955470719,0.0,Hit+Run
3269865.36,E7,P252,0.350303016444107,0.0025,5501.424,1059.189,1.1106,7.2762,0.41491614036503477,0.0,Merge
3517156.479,E34,P299,0.024162701356577134,0.0025,2256.190,1059.189,2.7232,6.8995,0.2015026550857808,0.0,Merge
3545760.452,E9,P194,0.23287356069011725,0.0025000000000000022,4801.392,1059.189,2.0513,11.614,0.9103715314029408,0.0,Hit+Run
3558317.213,E19,P59,0.38212643930988316,0.0025000000000000022,5663.212,1059.189,1.3779,9.3117,0.5210483874467045,0.0,Merge
3584197.587,E19,P335,0.38462643930988316,0.0025,5675.536,1059.189,1.7279,11.704,0.5717060598551325,0.0,Merge
3904986.36,E7,P92,0.352803016444107,0.0025,5514.480,1059.189,2.3166,15.216,0.5822623682152744,0.0,Merge
3941337.783,P9,FRAG1005,0.00749999999999999,0.005787973307552475,1527.616,1401.208,8.5309,16.234,0.7406957400292792,0.007760239760239761,Graze+Frag
4061061.548,E9,P320,0.23287356069011725,0.0025,4801.392,1059.189,1.8705,10.590,0.3177943817775385,0.0,Merge
4067928.48,E1,P474,0.035,0.0025,2552.798,1059.189,2.4403,7.0249,0.20736253373876143,0.0,Merge
4070364.177,E19,P48,0.38712643930988316,0.0025,5687.806,1059.189,1.109,7.5293,0.9453549011553932,0.0,Hit+Run
4188873.75,E38,P500,0.09743334753578689,0.0025,3591.118,1059.189,2.5904,10.728,0.5054260523452554,0.0,Merge
4245978.428,E19,P12,0.38712643930988316,0.0025,5687.806,1059.189,1.4845,10.078,0.6085711638523973,0.0,Merge
4292740.721,E7,P159,0.355303016444107,0.0025,5527.475,1059.189,1.3922,9.1674,0.6888086093140066,0.0,Merge
4321784.331,E9,E13,0.23537356069011725,0.04750000000000001,4818.513,2826.344,1.073,5.8313,0.9176460879892845,0.0,Hit+Run
4399425.869,E43,P6,0.07500000000000001,0.0025,3291.149,1059.189,2.4599,9.2760,0.713556316903722,0.0,Merge
4537862.389,E7,P175,0.357803016444107,0.0024999999999999905,5540.409,1059.189,1.7501,11.553,0.7672253820015883,0.0,Merge
4566226.843,P3,P285,0.008027639027639028,0.0025,1562.631,1059.189,19.532,34.968,0.9986144555299689,0.0,Hit+Run
4683344.912,E7,P244,0.360303016444107,0.0025,5553.283,1059.189,1.0156,6.7209,0.8730762406759142,0.0,Graze+Merge
4711292.34,E27,P482,0.05750000000000001,0.0025,3012.195,1059.189,2.4745,8.4869,0.6296083638011682,0.0,Merge
4758501.446,P3,P181,0.008027639027639028,0.0025,1562.631,1059.189,8.9295,15.986,0.4118427864943052,0.0,Fragment
4816855.965,E19,P563,0.38962643930988317,0.0025,5700.023,1059.189,1.2408,8.4435,0.9002194043195205,0.0,Hit+Run
4830139.054,E19,P333,0.38962643930988317,0.0025,5700.023,1059.189,1.2856,8.7483,0.29827410145931094,0.0,Merge
4880181.382,E9,FRAG1008,0.23537356069011725,0.005837298643422874,4818.513,1405.177,1.2677,7.0509,0.539554760668938,0.0,Merge
5006715.668,E19,P185,0.39212643930988317,0.0025,5712.188,1059.189,1.828,12.467,0.9956755778350198,0.0,Hit+Run
5084134.688,E7,P644,0.362803016444107,0.0025,5566.097,1059.189,3.9154,25.975,0.9890841176577366,0.0,Hit+Run
5084587.773,E7,P644,0.362803016444107,0.0025,5566.097,1059.189,1.046,6.9392,0.805011807984068,0.0,Merge
5115136.131,E40,P215,0.030000000000000002,0.0025,2424.939,1059.189,1.454,3.9674,0.9616574283934624,0.0,Hit+Run
5125248.567,E7,P186,0.365303016444107,0.0025000000000000022,5578.853,1059.189,1.5719,10.453,0.8362342350614883,0.0,Merge
5312803.341,E7,P102,0.367803016444107,0.0025000000000000022,5591.550,1059.189,1.3686,9.1238,0.7747428836251318,0.0,Merge
5357553.36,E40,P157,0.030000000000000002,0.0025,2424.939,1059.189,2.3637,6.4497,0.43019501808641464,0.0,Merge
5379651.553,E30,P388,0.14270429570429566,0.0025000000000000022,4078.240,1059.189,1.8565,8.8179,0.6760246575288064,0.0,Merge
5424353.298,E19,P230,0.39212643930988317,0.0025,5712.188,1059.189,1.1295,7.7036,0.809750899910053,0.0,Merge
5441583.231,E19,P466,0.39462643930988317,0.0025,5724.302,1059.189,1.0073,6.8857,0.8430982517521001,0.0,Merge
5460826.385,E19,P302,0.3971264393098832,0.0025,5736.365,1059.189,1.0875,7.4507,0.5369542016840247,0.0,Merge
5563524.218,E30,P485,0.14520429570429566,0.0025000000000000022,4101.918,1059.189,2.5897,12.377,0.29931215448030857,0.0,Merge
5646163.866,E9,FRAG0006,0.2412108593335401,0.006672327672327672,4858.021,1469.218,4.9923,27.917,0.7435324596424371,0.0,Merge
5829612.01,E54,P280,0.027500000000000004,0.0025000000000000022,2355.617,1059.189,2.5103,6.6475,0.6207039836715907,0.0,Merge
5904344.941,E9,P400,0.24788318700586778,0.0025,4902.409,1059.189,1.9309,11.179,0.7293255676767494,0.0,Merge
5911625.034,E3,P3,0.15554137788070826,0.01052780552780553,4197.034,1710.434,1.584,7.5033,0.7495377824818109,0.0,Hit+Run
6115702.784,E27,P510,0.06000000000000001,0.0025,3055.232,1059.189,1.8354,6.3910,0.42645597192561024,0.0,Merge
6138503.046,E7,P253,0.370303016444107,0.0025,5604.191,1059.189,1.3171,8.8017,0.6687134208710391,0.0,Merge
6283496.06,E48,P719,0.05500000000000001,0.0025,2967.891,1059.189,4.548,15.353,0.45479236813927815,0.0,Merge
6315369.164,E9,P36,0.25038318700586776,0.002500000000000014,4918.834,1059.189,1.4503,8.4274,0.314810706308518,0.0,Merge
6398874.95,E38,P16,0.09993334753578689,0.0025,3621.573,1059.189,5.175,21.628,0.3679011423185738,0.0,Merge
6524418.968,E48,P481,0.05750000000000001,0.0025,3012.195,1059.189,5.2162,17.890,0.5342423025861617,0.0,Merge
6631580.289,E30,E40,0.14770429570429566,0.0325,4125.325,2490.510,1.2161,5.6704,0.3180121372821425,0.010045954045954047,Fragment
6659947.871,E30,FRAG1004,0.17015834165834162,0.007566652464213126,4324.589,1532.128,1.3434,6.6116,0.7511724515665106,0.0,Hit+Run
6717525.122,E9,P452,0.25288318700586776,0.0025,4935.151,1059.189,2.8389,16.555,0.2014619266623553,0.0,Merge
6734232.514,E58,E60,0.08945828978269714,0.03,3490.337,2424.939,1.9206,7.7110,0.3263592801743379,0.02447818847818848,Fragment
6752345.146,E34,P147,0.026662701356577133,0.0025,2331.463,1059.189,8.5712,22.458,0.8524360353159507,0.0,Hit+Run
7155604.352,P27,P344,0.0025,0.0025,1059.189,1059.189,15.190,20.849,0.158,0.0,Merge
7193227.748,E7,P147,0.372803016444107,0.0025,5616.774,1059.189,1.6815,11.263,0.8474845836715086,0.0,Hit+Run
7238752.987,E7,P371,0.372803016444107,0.0025,5616.774,1059.189,3.831,25.662,0.5947452121487038,0.0,Merge
7278166.35,E7,P312,0.375303016444107,0.0025,5629.301,1059.189,1.3789,9.2588,0.8319610816023477,0.0,Merge
7441185.882,E3,P645,0.15554137788070826,0.0025,4197.034,1059.189,3.4488,16.895,0.8696337504960848,0.0,Hit+Run
7477513.469,E19,P115,0.3996264393098832,0.0025,5748.377,1059.189,1.9349,13.286,0.33556849968395275,0.0,Merge
7597804.497,E66,P495,0.025,0.0025,2281.955,1059.189,2.9662,7.6028,0.8563961290330833,0.0,Hit+Run
7619168.77,P53,P185,0.0024999999999999905,0.0025,1059.189,1059.189,14.713,20.195,0.37814999999999976,0.0,Merge
7748263.039,E7,P600,0.377803016444107,0.0025,5641.773,1059.189,2.3608,15.889,0.4068228374024453,0.0,Merge
7828355.712,E7,P154,0.380303016444107,0.0025,5654.190,1059.189,2.232,15.058,0.5845055615400799,0.0,Merge
7910939.17,E43,P359,0.07750000000000001,0.0025,3327.318,1059.189,4.3292,16.517,0.5962840748335763,0.0,Merge
8036743.411,E30,P440,0.17015834165834162,0.0025,4324.589,1059.189,1.5473,7.8285,0.48452810118971934,0.0,Merge
8146077.254,E48,E41,0.06000000000000001,0.016655344655344656,3055.232,1993.020,1.6681,5.8073,0.6773464695194243,0.0,Hit+Run
8178971.99,E7,P399,0.382803016444107,0.0025,5666.553,1059.189,1.5567,10.526,0.7373709107297026,0.0,Merge
8240817.44,P61,P111,0.0025,0.002500000000000014,1059.189,1059.189,18.094,24.836,0.9412999999999991,0.0,Hit+Run
8281231.532,E34,P194,0.026662701356577133,0.0025000000000000022,2331.463,1059.189,4.6171,12.097,0.35529055372086127,0.007226500166500166,Fragment
8306321.004,E75,P340,0.030000000000000002,0.0025,2424.939,1059.189,3.0537,8.3325,0.5211616721292789,0.0,Merge
8657876.907,E7,P262,0.385303016444107,0.0025,5678.862,1059.189,2.4222,16.417,0.7672894196595647,0.0,Merge
8673890.986,E7,P373,0.38780301644410703,0.0025000000000000022,5691.117,1059.189,2.3848,16.201,0.9714927505629868,0.0,Hit+Run
8674563.329,E74,E85,0.05149373044365165,0.025,2903.434,2281.955,1.133,3.8878,0.7209606143562264,0.0,Hit+Run
8675047.244,E34,P237,0.021936261130136907,0.0025,2184.647,1059.189,5.4009,13.243,0.43567179379803483,0.010454878454878455,Fragment
8684866.355,P3,P61,0.01052780552780553,0.0025,1710.434,1059.189,8.4934,16.457,0.45428384301682706,0.012715611055611056,Fragment
8742781.252,E7,P331,0.38780301644410703,0.0025,5691.117,1059.189,2.577,17.506,0.35721728578802175,0.0,Merge
8910247.799,E3,P285,0.15554137788070826,0.0025,4197.034,1059.189,2.7148,13.299,0.8499110862437175,0.0,Hit+Run
9004961.491,E9,P426,0.25538318700586776,0.0025,4951.361,1059.189,1.8266,10.689,0.42869419314465035,0.0,Merge
9140889.308,E19,P278,0.4021264393098832,0.0025,5760.339,1059.189,2.8208,19.412,0.765367114733045,0.0,Merge
9179116.057,E3,P645,0.15554137788070826,0.0025,4197.034,1059.189,1.7084,8.3694,0.38000064444136145,0.0,Merge
9274381.186,E19,P65,0.4046264393098832,0.0025,5772.251,1059.189,1.5527,10.709,0.5529376836942055,0.0,Merge
9528260.042,E7,P422,0.39030301644410703,0.0025000000000000022,5703.321,1059.189,1.322,9.0016,0.5310721509958516,0.0,Merge
9580596.766,E7,E34,0.39280301644410703,0.01398138267525845,5715.472,1880.083,1.0412,6.8075,0.6423133521634169,0.0,Merge
9777220.96,E13,P457,0.04750000000000001,0.0025,2826.344,1059.189,3.3707,10.802,0.6298571445777548,0.0,Merge
9803198.506,E19,P456,0.4071264393098832,0.0025,5784.115,1059.189,1.1719,8.1004,0.44872860564949657,0.0,Merge
9812899.468,E19,FRAG0009,0.4096264393098832,0.00611954711954712,5795.930,1427.469,1.5053,10.202,0.9901400884167224,0.0,Hit+Run
10025397.086,E3,P285,0.15804137788070827,0.0025,4219.400,1059.189,2.2573,11.121,0.5109395903799733,0.0,Merge
10191834.759,P66,FRAG0013,0.0024999999999999905,0.007226440226440227,1059.189,1508.812,7.759,13.490,0.6306050885247382,0.0,Graze+Frag
10386519.026,E7,P188,0.4067843991193655,0.0025,5782.495,1059.189,1.2972,8.9638,0.9732314583143054,0.0,Hit+Run
10455678.499,E3,P204,0.16054137788070827,0.0025,4241.532,1059.189,2.2088,10.944,0.45610265348053003,0.0,Merge
10722040.713,E7,P358,0.4067843991193655,0.0025,5782.495,1059.189,1.1723,8.1007,0.9063772608738698,0.0,Hit+Run
10734774.024,E7,P358,0.4067843991193655,0.0025,5782.495,1059.189,1.0411,7.1941,0.3199873470410734,0.0,Merge
10773832.115,E19,P267,0.4096264393098832,0.0025,5795.930,1059.189,1.3716,9.5015,0.9070408462291861,0.0,Hit+Run
10795646.526,E9,P238,0.25788318700586776,0.0025,4967.465,1059.189,1.5604,9.1635,0.9724491207433401,0.0,Hit+Run
10918383.946,E9,P411,0.25788318700586776,0.0025,4967.465,1059.189,1.6673,9.7912,0.7884767154628575,0.0,Merge
11140931.502,E58,E68,0.09498010130450865,0.027500000000000004,3560.721,2355.617,1.5228,6.1902,0.5494247178815259,0.008030303030303032,Fragment
11217721.603,E3,P628,0.16304137788070827,0.0025,4263.436,1059.189,3.7298,18.583,0.6315903820034074,0.0,Merge
11251451.503,E9,P348,0.26038318700586777,0.0025,4983.466,1059.189,2.2201,13.082,0.8083026829764762,0.0,Merge
11302689.208,P33,P539,0.0024999999999999905,0.0025,1059.189,1059.189,12.614,17.315,0.3606499999999998,0.0,Merge
11348334.627,E7,P53,0.4092843991193655,0.0049999999999999906,5794.317,1334.495,1.7888,12.183,0.8962773460709959,0.0,Hit+Run
11490396.188,P53,P67,0.0049999999999999906,0.002500000000000014,1334.495,1059.189,15.232,24.089,0.18676473310181171,0.007492387612387612,Fragment
11743041.608,E7,P66,0.4092843991193655,0.009726273726273726,5794.317,1665.876,1.3438,8.9976,0.7916882688212191,0.0,Hit+Run
11812550.004,E3,FRAG0015,0.16554137788070827,0.0075001665001665,4285.117,1527.627,2.0997,10.235,0.40892119127150045,0.0,Merge
11849645.459,E3,P64,0.17304154438087477,0.0025000000000000022,4348.878,1059.189,3.8888,19.794,0.39507710755165837,0.0,Merge
11880885.873,E9,P238,0.26288318700586777,0.0025,4999.364,1059.189,1.4211,8.4029,0.7518989785116639,0.0,Merge
12006813.725,E3,P382,0.17554154438087477,0.002500000000000014,4369.722,1059.189,1.1339,5.8014,0.7963663823833491,0.0,Merge
12066115.612,E58,P700,0.11444979827420562,0.0025,3789.066,1059.189,2.0784,9.1199,0.9318984796702899,0.0,Hit+Run
12582577.897,E7,E43,0.4092843991193655,0.08000000000000002,5794.317,3362.718,1.0132,6.6169,0.8291846170539658,0.0,Graze+Merge
12655058.903,E19,P375,0.4096264393098832,0.0025,5795.930,1059.189,1.4804,10.255,0.5737489916583947,0.0,Merge
12675562.105,E38,P147,0.1024333475357869,0.0025,3651.525,1059.189,3.118,13.147,0.4115287527534722,0.0,Merge
12961526.152,E7,FRAG0003,0.4892843991193655,0.007839826839826841,6149.610,1550.348,1.418,10.179,0.8536823032488824,0.0,Hit+Run
13075905.022,E3,P90,0.17804154438087477,0.0025,4390.368,1059.189,3.5662,18.338,0.9761909229979184,0.0,Hit+Run
13101605.743,E3,P90,0.17804154438087477,0.0025,4390.368,1059.189,1.0364,5.3295,0.9609643748055765,0.0,Hit+Run
13275323.471,E19,P381,0.4121264393098832,0.0025000000000000022,5807.697,1059.189,1.349,9.3652,0.7358905569870503,0.0,Merge
13398683.471,E7,P666,0.4892843991193655,0.0025,6149.610,1059.189,5.245,38.704,0.9547558134534273,0.0,Hit+Run
13422142.766,E3,P142,0.17804154438087477,0.0025,4390.368,1059.189,3.2481,16.703,0.7729285891922116,0.0,Merge
13427449.676,E7,FRAG0009,0.4892843991193655,0.00611954711954712,6149.610,1427.469,1.1269,8.1408,0.7297157501744416,0.0,Merge
13489734.683,E66,P629,0.025,0.0025,2281.955,1059.189,5.8039,14.876,0.6728777943403729,0.0,Merge
13518754.481,P9,P385,0.005527733547312703,0.0025000000000000022,1379.884,1059.189,6.6612,10.796,0.3593021826866722,0.0,Fragment
13536764.986,E7,P48,0.4954039462389126,0.0025,6175.142,1059.189,1.5416,11.426,0.987260387758843,0.0,Hit+Run
13902856.147,E19,P72,0.4146264393098832,0.0025,5819.417,1059.189,1.338,9.3088,0.8775732311761953,0.0,Hit+Run
13947589.825,E38,P160,0.1049333475357869,0.0025,3680.993,1059.189,1.3139,5.5884,0.984666467951389,0.0,Hit+Run
14011594.829,P3,P608,0.00552763902763903,0.0025,1379.877,1059.189,9.693,15.710,0.0730369972783159,0.007993759573759574,Fragment
14126024.008,E19,P397,0.4146264393098832,0.0025,5819.417,1059.189,1.734,12.063,0.4455124491828636,0.0,Merge
14127251.556,E9,P201,0.26538318700586777,0.0025,5015.162,1059.189,2.8344,16.816,0.4252815749704423,0.0,Merge
14127838.491,P9,P48,0.008027972027972029,0.0025,1562.652,1059.189,3.8921,6.9680,0.3620183876407116,0.0,Fragment
14307045.833,E1,P461,0.037500000000000006,0.0025,2612.187,1059.189,2.2118,6.5225,0.6784870006939213,0.0,Merge
14526172.097,P9,P53,0.01052780552780553,0.007499833499833501,1710.434,1527.604,4.4897,9.4646,0.7695805178510083,0.0,Hit+Run
14835124.622,E75,P415,0.0325,0.0025,2490.510,1059.189,1.7267,4.8440,0.9800809920035077,0.0,Hit+Run
14837405.919,E75,P415,0.0325,0.0025,2490.510,1059.189,1.0894,3.0562,0.7624411296515226,0.0,Hit+Run
14856752.397,E3,P3,0.18054154438087477,0.008027639027639028,4410.822,1562.631,2.1884,10.985,0.6380549595082291,0.0,Merge
14867178.328,E30,E75,0.17265834165834162,0.0325,4345.666,2490.510,1.5361,7.5182,0.6495446533537907,0.007870795870795871,Hit+Run+Frag
15113762.583,P72,P236,0.0025,0.0025,1059.189,1059.189,5.4569,7.4900,0.99165,0.0,Hit+Run
15306647.908,E9,P9,0.2678831870058678,0.01052780552780553,5030.861,1710.434,1.5688,9.0073,0.6579161306237429,0.0,Merge
15433673.544,E19,P255,0.4171264393098832,0.0025,5831.090,1059.189,1.6041,11.184,0.6619583887970697,0.0,Merge
15629547.449,E3,P122,0.1885691834085138,0.002500000000000014,4475.251,1059.189,4.5706,23.993,0.5757363343466558,0.0,Merge
15772557.131,E30,P191,0.17265817515817514,0.0025,4345.664,1059.189,1.9861,10.101,0.6484501126124262,0.0,Merge
15856535.043,E9,P330,0.2784109925336733,0.0025000000000000022,5095.920,1059.189,1.4042,8.4752,0.5340892478987785,0.0,Merge
15981583.861,E54,P322,0.030000000000000006,0.0025,2424.939,1059.189,3.5155,9.5926,0.9380631699997892,0.0,Hit+Run
16015627.591,E58,P623,0.11444979827420562,0.0025,3789.066,1059.189,1.2224,5.3638,0.34395213091487303,0.0,Merge
16262171.529,E7,P192,0.4954039462389126,0.0025000000000000022,6175.142,1059.189,1.5725,11.655,0.6815050091532596,0.0,Merge
16911793.139,E30,P306,0.17515817515817514,0.0025000000000000022,4366.538,1059.189,1.7538,8.9660,0.34428652463066595,0.0,Merge
17093422.44,E75,P116,0.02462937062937063,0.0025,2270.622,1059.189,2.8654,7.3072,0.8763869182864087,0.0,Hit+Run
17966633.174,E19,P69,0.4196264393098832,0.0025,5842.716,1059.189,1.9096,13.342,0.13671566192992543,0.0,Merge
18363537.776,E3,P271,0.1910691834085138,0.002500000000000014,4494.941,1059.189,1.2994,6.8534,0.21640599951245115,0.0,Merge
18448376.531,E13,P94,0.05000000000000001,0.0024999999999999905,2875.083,1059.189,2.0969,6.8435,0.3086078836064934,0.0,Merge
18592643.034,E19,E66,0.4221264393098832,0.0275,5854.296,2355.617,1.3512,8.9337,0.7176401655405791,0.02008991008991009,Hit+Run+Frag
19044698.529,E7,P512,0.4979039462389126,0.0025,6185.512,1059.189,2.1819,16.201,0.5755452383434672,0.0,Merge
19267771.447,E19,P453,0.42212627280971676,0.0025000000000000022,5854.295,1059.189,3.6739,25.724,0.9936276566012404,0.0,Hit+Run
19504861.841,E30,P635,0.17765817515817514,0.0025,4387.215,1059.189,2.5054,12.873,0.8949382025909252,0.0,Hit+Run
19518508.854,E38,P656,0.1049333475357869,0.0025,3680.993,1059.189,1.4114,6.0031,0.3770930889883237,0.0,Merge
19588933.648,E19,P383,0.42212627280971676,0.0025,5854.295,1059.189,1.7997,12.601,0.8194422049539973,0.0,Merge
19733042.064,E7,P90,0.5004039462389126,0.0025,6195.848,1059.189,1.6965,12.619,0.9640022941152098,0.0,Hit+Run
19804566.451,E3,FRAG0003,0.1935691834085138,0.007839826839826841,4514.461,1550.348,2.5992,13.382,0.9987209591103694,0.0,Hit+Run
19806495.023,E3,FRAG0003,0.1935691834085138,0.007839826839826841,4514.461,1550.348,1.0648,5.4822,0.8330986788673516,0.0,Hit+Run
19878858.594,E3,FRAG0003,0.1935691834085138,0.007839826839826841,4514.461,1550.348,1.0215,5.2592,0.23380655381722223,0.0,Merge
20184589.821,E19,P2,0.42462627280971676,0.0025,5865.830,1059.189,1.8709,13.127,0.7514170102702695,0.0,Merge
20477396.353,P34,P524,0.0025,0.0025,1059.189,1059.189,16.571,22.745,0.48805,0.0,Merge
20753527.498,P27,P34,0.005,0.005,1334.495,1334.495,7.129,12.328,0.84455,0.0,Hit+Run
20825207.588,E7,P233,0.5004039462389126,0.002500000000000014,6195.848,1059.189,2.2,16.364,0.6224851808828634,0.0,Merge
21359230.34,E3,P268,0.20140901024834065,0.0024999999999999905,4574.603,1059.189,1.8005,9.6776,0.773586187572103,0.0,Merge
21562172.886,E30,E38,0.17765817515817514,0.1074333475357869,4387.215,3709.996,1.2869,6.8222,0.46314600571729025,0.027513819513819513,Fragment
21799809.043,E9,P614,0.2809109925336733,0.0025,5111.128,1059.189,2.0438,12.375,0.4653620342741704,0.0,Merge
21826313.803,E7,P66,0.5029039462389127,0.009726273726273726,6206.149,1665.876,1.9176,13.825,0.4559202940214008,0.0,Merge
21893486.443,E3,P111,0.20390901024834066,0.002500000000000014,4593.453,1059.189,4.0035,21.614,0.9481655057110447,0.0,Hit+Run
21910234.441,P90,FRAG0023,0.0025,0.006878454878454878,1059.189,1484.194,2.5676,4.4049,0.37297174078889195,0.0,Merge
22101189.345,E9,P332,0.2834109925336733,0.0025,5126.245,1059.189,2.2557,13.701,0.4989967891501457,0.0,Merge
22149609.406,E7,E75,0.5126302199651864,0.02462937062937063,6245.903,2270.622,1.0542,7.4806,0.8506547515637708,0.010307692307692308,Hit+Run+Frag
22310701.925,E9,P354,0.2859109925336733,0.0025,5141.274,1059.189,2.3439,14.282,0.788048595149769,0.0,Merge
22341168.257,E13,P392,0.0525,0.0025,2922.224,1059.189,4.5248,15.025,0.3765247810468241,0.0,Merge
22488946.59,E7,P111,0.5126302199651864,0.002500000000000014,6245.903,1059.189,1.3607,10.208,0.8706532688524101,0.0,Hit+Run
22760257.673,P53,P304,0.007499833499833501,0.0025,1527.604,1059.189,11.617,20.407,0.5957363963519876,0.009868238428238427,Graze+Frag
22864136.019,P125,FRAG0007,0.0025,0.007760239760239761,1059.189,1545.084,14.130,25.058,0.6220255035504508,0.010181665001665003,Graze+Frag
23031794.161,E75,P294,0.014321678321678322,0.0025,1895.215,1059.189,5.714,12.181,0.8472130586115585,0.0,Hit+Run
23382774.013,E19,P149,0.42712627280971677,0.0025000000000000022,5877.319,1059.189,1.0365,7.2878,0.8418794279458269,0.0,Merge
23782690.742,E19,P596,0.42962627280971677,0.0025,5888.763,1059.189,2.3593,16.623,0.833484290550887,0.0,Merge
23831851.746,E19,P206,0.43212627280971677,0.0025,5900.163,1059.189,1.5487,10.934,0.8690832707371324,0.0,Hit+Run
23888616.17,E58,P662,0.11694979827420562,0.0025000000000000022,3816.456,1059.189,1.7706,7.8298,0.5144292696029049,0.0,Merge
23898334.148,E9,P294,0.2884109925336733,0.0025,5156.216,1059.189,1.0661,6.5162,0.4803305056445374,0.0,Merge
23959178.858,P34,P277,0.005,0.0025,1334.495,1059.189,12.287,19.432,0.6261357365571492,0.0,Graze+Frag
24529633.935,E30,E27,0.2575777031801425,0.06250000000000001,4965.503,3097.090,1.1608,6.5343,0.6459852391622274,0.006564821844821845,Hit+Run
24536980.766,E19,P681,0.43212627280971677,0.0025,5900.163,1059.189,1.1288,7.9698,0.5765063155801875,0.0,Merge
24871218.971,E7,P97,0.5126302199651864,0.0025,6245.903,1059.189,2.1317,15.992,0.19810504015820826,0.0,Merge
24932219.329,E7,P352,0.5151302199651864,0.0025000000000000022,6256.040,1059.189,1.3375,10.051,0.8032964687819352,0.0,Merge
25306625.263,E19,FRAG0018,0.4346262728097168,0.006696636696636697,5911.520,1471.000,1.5769,10.892,0.4939799089293254,0.0,Merge
25320144.924,E75,P137,0.014321678321678322,0.0025,1895.215,1059.189,10.273,21.902,0.7343111896665792,0.010440559440559442,Graze+Frag
25341534.451,E75,P700,0.006381118881118881,0.0025,1447.525,1059.189,8.2173,13.818,0.28774781326554877,0.00879971361971362,Fragment
25428888.955,E19,E9,0.44132290950635344,0.2909109925336733,5941.726,5171.071,1.0849,7.8679,0.3898309667017355,0.06142221112221112,Fragment
26015287.867,E1,P565,0.04000000000000001,0.0025,2668.991,1059.189,4.3706,13.183,0.45165900505943546,0.0,Merge
26356480.114,E19,P444,0.6708126566187814,0.0025,6831.681,1059.189,2.1612,17.836,0.7408395730428983,0.0,Merge
26407789.547,E19,FRAG0017,0.6733126566187814,0.007870795870795871,6840.157,1552.387,1.4664,11.803,0.6930181626986964,0.0,Merge
26450371.942,E7,P365,0.5176302199651863,0.0025,6266.144,1059.189,4.6387,34.921,0.987311090343789,0.0,Hit+Run
26577593.818,E7,P206,0.5176302199651863,0.0025,6266.144,1059.189,1.6172,12.174,0.9678078042063446,0.0,Hit+Run
26954639.781,E19,P287,0.6811834524895772,0.0025,6866.707,1059.189,1.7486,14.509,0.6856399977797792,0.0,Merge
26990724.689,E3,P296,0.20390901024834066,0.0025,4593.453,1059.189,1.6728,9.0310,0.535923166795024,0.0,Merge
27065121.271,E7,P453,0.5176302199651863,0.0025000000000000022,6266.144,1059.189,1.3269,9.9893,0.7551535527252617,0.0,Merge
27332574.668,E48,FRAG0021,0.06000000000000001,0.006878454878454878,3055.232,1484.194,4.6113,15.813,0.48822586292342746,0.018944055944055946,Fragment
27349604.214,P34,FRAG0008,0.007499833499833501,0.010045954045954047,1527.604,1683.930,2.9258,6.1098,0.552956866152666,0.007043529803529803,Hit+Run
27381267.327,P27,P188,0.005,0.0025,1334.495,1059.189,17.514,27.698,0.25572830768298843,0.007494598734598734,Fragment
27427091.975,E19,FRAG0026,0.6836834524895772,0.010440559440559442,6875.097,1705.696,1.5595,12.531,0.4604607133551924,0.0,Merge
27535299.052,E3,P33,0.20640901024834066,0.0049999999999999906,4612.149,1334.495,2.8631,15.251,0.7839648409492237,0.0,Hit+Run
27607020.141,E75,P611,0.008881451881451882,0.0025,1616.175,1059.189,11.526,21.239,0.5367386023867587,0.011252953712953711,Fragment
27735901.1,E48,P373,0.04793439893439895,0.0025000000000000022,2834.933,1059.189,4.0817,13.123,0.5479678709509264,0.0,Merge
27865055.157,E7,P487,0.5201302199651863,0.0025,6276.216,1059.189,2.7702,20.890,0.447738523362297,0.0,Merge
27941092.288,E7,E3,0.5226302199651862,0.20640901024834066,6286.255,4612.149,1.4182,10.363,0.7612096577711074,0.0,Hit+Run
27963861.431,E58,P547,0.11944979827420563,0.0025,3843.459,1059.189,1.0331,4.6033,0.45351831855757646,0.0,Merge
28031994.889,E19,P220,0.6941240119301366,0.0025000000000000022,6909.917,1059.189,1.3866,11.582,0.9649822461592789,0.0,Hit+Run
28645310.376,E48,FRAG0014,0.05043439893439895,0.010454878454878455,2883.386,1706.475,1.4843,4.8300,0.9309407963163686,0.0,Hit+Run
28683064.861,E74,FRAG0014,0.05149373044365165,0.010454878454878455,2903.434,1706.475,2.2886,7.4954,0.4589530779883411,0.008907505827505827,Fragment
28683976.949,E19,P666,0.6941240119301366,0.0025,6909.917,1059.189,1.8187,15.191,0.6232628614783805,0.0,Merge
28890057.639,E19,FRAG0033,0.6966240119301366,0.005583749583749585,6918.203,1384.530,1.1609,9.5383,0.6853432188581613,0.0,Merge
28906398.149,P90,P583,0.009378454878454878,0.0025,1645.776,1059.189,6.3468,11.882,0.10982120765900417,0.006350649350649351,Fragment
29110355.561,P169,P724,0.002500000000000014,0.0025,1059.189,1059.189,13.390,18.379,0.7674500000000007,0.0,Graze+Frag
29269085.273,E7,E3,0.5226302199651862,0.20640901024834066,6286.255,4612.149,1.3684,9.9991,0.6685170821828548,0.026174711954711955,Hit+Run
29347927.838,E7,E3,0.5226302199651862,0.20640901024834066,6286.255,4612.149,1.076,7.8625,0.8008361664388918,0.0,Hit+Run
29353064.523,E7,E3,0.5226302199651862,0.20640901024834066,6286.255,4612.149,1.0565,7.7200,0.22097402431773222,0.056584275724275726,Fragment
29358666.13,E7,P53,0.6724558136301103,0.01,6837.254,1681.359,1.6858,13.480,0.9179625091002409,0.0,Hit+Run
29414013.127,E7,FRAG0050,0.6724558136301103,0.005658341658341659,6837.254,1390.668,1.0228,8.2957,0.771732844314711,0.0,Merge
29417566.209,E7,FRAG0044,0.678114155288452,0.005658341658341659,6856.378,1390.668,1.002,8.1513,0.7444120813294497,0.0,Merge
29421919.994,E7,P365,0.6837724969467937,0.0025,6875.396,1059.189,1.5889,13.202,0.2946133119094335,0.0,Merge
29461818.335,E7,FRAG0045,0.6862724969467936,0.005658341658341659,6883.765,1390.668,1.0404,8.5000,0.20898129237111307,0.0,Merge
29596187.428,E7,P53,0.6919308386051353,0.01,6902.632,1681.359,1.3778,11.131,0.5864509212726069,0.0,Merge
29623018.241,E7,P401,0.7019308386051353,0.0025,6935.726,1059.189,2.2983,19.274,0.5299661780869881,0.0,Merge
29637221.195,E7,FRAG0053,0.7044308386051352,0.005658341658341659,6943.950,1390.668,1.0405,8.5805,0.7934045008970798,0.0,Merge
29658804.828,E7,FRAG0048,0.7100891802634769,0.005658341658341659,6962.493,1390.668,1.0574,8.7448,0.6220529439801085,0.0,Merge
29718143.313,E30,P605,0.2575777031801425,0.0025,4965.503,1059.189,1.1759,6.9025,0.7604818530731,0.0,Merge
29778749.411,E19,P458,0.7022077615138862,0.0025000000000000022,6936.638,1059.189,2.0268,16.999,0.618029925311711,0.0,Merge
29955368.547,E7,FRAG0046,0.7157475219218186,0.005658341658341659,6980.938,1390.668,1.0386,8.6137,0.7390702732976551,0.0,Merge
30062258.643,E19,P72,0.7047077615138861,0.0025,6944.860,1059.189,1.8521,15.553,0.20997571854261488,0.0,Merge
30745842.421,P111,P563,0.002500000000000014,0.0025,1059.189,1059.189,15.897,21.821,0.9731500000000008,0.0,Hit+Run
31220813.103,E19,FRAG0034,0.7072077615138861,0.005583749583749585,6953.063,1384.530,1.5766,13.023,0.742624684055543,0.0,Merge
31587143.597,E7,FRAG0052,0.7214058635801602,0.005658341658341659,6999.286,1390.668,2.2493,18.707,0.8107202787583865,0.0,Merge
31671389.963,E48,FRAG1004,0.05043439893439895,0.007566652464213126,2883.386,1532.128,2.9959,9.7008,0.9413175357516368,0.0,Hit+Run
31888038.988,E7,P394,0.7270642052385019,0.0025000000000000022,7017.538,1059.189,2.1993,18.674,0.7908354869641496,0.0,Merge
32115320.509,P168,P563,0.0025,0.0025,1059.189,1059.189,11.309,15.523,0.71265,0.0,Graze+Frag
32148441.496,E19,FRAG0047,0.7127915110976357,0.005658341658341659,6971.314,1390.668,2.0085,16.633,0.12413667338741668,0.0,Merge
32348416.114,E19,P247,0.7184498527559774,0.0025,6989.712,1059.189,1.6994,14.369,0.8808238739296443,0.0,Hit+Run
32410308.044,E7,P384,0.7295642052385019,0.0025,7025.572,1059.189,1.7339,14.740,0.9739632587386988,0.0,Hit+Run
32474622.759,E7,P384,0.7295642052385019,0.0025,7025.572,1059.189,1.0338,8.7889,0.9465031954123757,0.0,Hit+Run
32618056.285,E7,P384,0.7295642052385019,0.0025,7025.572,1059.189,1.1308,9.6135,0.9209549086467461,0.0,Hit+Run
32639438.54,E7,P275,0.7295642052385019,0.0025,7025.572,1059.189,2.7659,23.514,0.24731436780606147,0.0,Merge
32652366.012,P210,P393,0.0025,0.0025,1059.189,1059.189,5.3193,7.3012,0.9476,0.0,Hit+Run
32813822.006,E7,FRAG0040,0.7320642052385018,0.006314685314685315,7033.587,1442.484,1.9386,16.165,0.9089814232715115,0.0,Hit+Run
32913015.069,E7,FRAG0040,0.7320642052385018,0.006314685314685315,7033.587,1442.484,1.0068,8.3954,0.5509154344622573,0.0,Merge
32913839.377,E7,FRAG0035,0.7383788905531871,0.005583749583749585,7053.753,1384.530,2.2596,18.955,0.8102599225740451,0.0,Merge
32980660.073,E19,FRAG0028,0.7184498527559774,0.005583749583749585,6989.712,1384.530,1.2353,10.262,0.8858331477717694,0.0,Hit+Run
33106969.601,E48,P492,0.05043439893439895,0.0025,2883.386,1059.189,3.5382,11.582,0.6900978156589143,0.0,Merge
33158959.668,P136,P211,0.0025,0.0025,1059.189,1059.189,4.6759,6.4180,0.69175,0.0,Graze+Frag
33306863.796,E27,P403,0.06250000000000001,0.0025,3097.090,1059.189,1.0643,3.7603,0.90939223158053,0.0,Hit+Run
33818922.555,E7,P27,0.7439626401369367,0.0075001665001665,7071.489,1527.627,1.3319,11.123,0.9560648618578643,0.0,Hit+Run
34190897.497,E7,P239,0.7439626401369367,0.0025,7071.489,1059.189,2.1487,18.393,0.7734501934357944,0.0,Merge
34380281.572,E19,E27,0.7184498527559774,0.06250000000000001,6989.712,3097.090,1.1239,8.8352,0.7352958385746552,0.009251748251748253,Hit+Run+Frag
34512872.243,E7,P635,0.7464626401369366,0.0025,7079.401,1059.189,1.7166,14.712,0.8659415121699389,0.0,Merge
34590452.706,P125,P384,0.01026007326007326,0.0025,1695.810,1059.189,21.437,41.218,0.8009394892799736,0.007232434232434233,Graze+Frag
34642996.052,P125,FRAG0055,0.005527639027639027,0.007232434232434233,1379.877,1509.229,1.0727,2.0140,0.7616506255023995,0.0,Hit+Run
34661488.481,P125,FRAG0055,0.005527639027639027,0.007232434232434233,1379.877,1509.229,1.0252,1.9249,0.7994298720548794,0.0,Graze+Merge
34741140.045,P247,FRAG0022,0.0025,0.006878454878454878,1059.189,1484.194,3.2915,5.6469,0.9691601553862319,0.0,Hit+Run
35067827.243,E19,E27,0.718451351257476,0.05324675324675325,6989.717,2936.014,1.1158,8.7899,0.7423694402368235,0.011863469863469863,Hit+Run+Frag
35299483.84,P247,P345,0.0025,0.0025,1059.189,1059.189,5.6612,7.7704,0.4206,0.0,Merge
35327615.006,E48,P713,0.052934398934398955,0.0025,2930.262,1059.189,5.586,18.603,0.4482668255477692,0.0063906093906093905,Fragment
35765105.985,E19,FRAG0058,0.7184493532554779,0.0063906093906093905,6989.711,1448.242,1.5015,12.433,0.8952976262427459,0.0,Hit+Run
35900536.578,P111,P438,0.002500000000000014,0.0025,1059.189,1059.189,6.5715,9.0199,0.8945000000000008,0.0,Hit+Run
35916607.182,E30,E58,0.2600777031801425,0.12194979827420563,4981.516,3870.088,1.0481,6.1517,0.8922332471628392,0.0,Hit+Run
36308151.971,E19,P169,0.7184493532554779,0.005,6989.711,1334.495,1.6238,13.524,0.5021315958114586,0.0,Merge
36415941.177,E7,P549,0.7489626401369366,0.0025,7087.296,1059.189,2.4048,20.635,0.7799388465259438,0.0,Merge
36550176.962,P146,FRAG1004,0.0025,0.007566652464213126,1059.189,1532.128,9.1724,16.151,0.9061072898440686,0.0,Hit+Run
36597133.815,E7,FRAG1004,0.7514626401369365,0.007566652464213126,7095.172,1532.128,1.1087,9.2910,0.662121747786245,0.0,Merge
36604439.924,E19,P206,0.7234493532554779,0.0025,7005.888,1059.189,1.5002,12.716,0.3227976251673584,0.0,Merge
36669877.197,E19,P438,0.7259493532554778,0.0025,7013.949,1059.189,1.3928,11.820,0.7375249425455428,0.0,Merge
36742040.134,E7,FRAG0041,0.7590292926011497,0.005853479853479854,7118.907,1406.474,1.144,9.6810,0.6047251345112828,0.0,Merge
36901407.124,E7,E75,0.7648827724546295,0.005527972027972029,7137.160,1379.904,2.3476,19.947,0.8223970455896218,0.0,Merge
37168785.044,E48,P327,0.049043789543789566,0.0025,2856.637,1059.189,3.9378,12.764,0.20258509122216456,0.0,Merge
37468785.412,E53,P114,0.025000000000000005,0.0025,2281.955,1059.189,4.7967,12.294,0.9205968118061192,0.0,Hit+Run
37718377.662,E19,E27,0.7284493532554778,0.041385281385281386,7021.991,2699.453,1.071,8.5149,0.8022083067519684,0.017263736263736264,Hit+Run+Frag
37748350.371,E19,P179,0.7284496862558109,0.0025,7021.992,1059.189,1.2531,10.647,0.8030663239122751,0.0,Merge
38165392.655,P295,P316,0.0025,0.0025,1059.189,1059.189,9.0496,12.421,0.9639,0.0,Hit+Run
38171643.731,E7,P489,0.7704107444826016,0.0025,7154.313,1059.189,2.417,20.947,0.7411703640964593,0.0,Merge
38488394.683,E7,P379,0.7729107444826016,0.0025,7162.043,1059.189,1.8244,15.829,0.6674859408318187,0.0,Merge
39169564.989,E19,FRAG0060,0.7309496862558108,0.005754578754578755,7030.016,1398.508,1.2171,10.166,0.39084725194992087,0.0,Merge
39214296.073,E7,E48,0.7754107444826015,0.05154378954378957,7169.757,2904.374,1.223,9.8996,0.5672958815923186,0.00645987345987346,Fragment
39673716.256,E7,FRAG0062,0.8204946605665177,0.00645987345987346,7306.102,1453.455,1.0199,8.8534,0.9996353120645243,0.0,Graze+Merge
39744926.954,E7,P27,0.8269545340263911,0.0075001665001665,7325.226,1527.627,2.8714,24.906,0.7091181076285917,0.0,Merge
40155735.287,E74,P602,0.0530415159914372,0.0025000000000000022,2932.237,1059.189,4.4948,14.980,0.918659570224002,0.0,Hit+Run
40468342.182,E19,P415,0.7367042650103895,0.0025,7048.416,1059.189,2.8491,24.305,0.9549033702747398,0.0,Hit+Run
40514671.159,P116,P437,0.0025,0.0025000000000000022,1059.189,1059.189,11.097,15.232,0.9366999999999998,0.0,Hit+Run
40600536.666,E7,P478,0.8344547005265576,0.0025,7347.305,1059.189,1.7453,15.558,0.17261566929856534,0.0,Merge
40714213.003,E7,P430,0.8369547005265575,0.0025,7354.635,1059.189,2.7485,24.527,0.7318075350214033,0.0,Merge
41456621.055,E7,FRAG0024,0.8394547005265575,0.006878454878454878,7361.951,1484.194,1.4369,12.556,0.0597534921612818,0.0,Merge
41662605.739,E7,P146,0.8463331554050123,0.0025,7382.004,1059.189,1.7951,16.082,0.8597419068329969,0.0,Merge
41901193.092,E7,P220,0.8488331554050123,0.0025000000000000022,7389.265,1059.189,2.0081,18.009,0.47361169358089344,0.0,Merge
42323483.818,P130,FRAG0059,0.0025,0.005754578754578755,1059.189,1398.508,7.4845,12.254,0.47561658965557885,0.0,Graze+Frag
42861389.504,E7,P318,0.8513331554050123,0.0025,7396.513,1059.189,3.4399,30.882,0.9834663811627694,0.0,Hit+Run
43789651.239,E7,P459,0.8513331554050123,0.0025000000000000022,7396.513,1059.189,2.9875,26.821,0.9127876623173085,0.0,Hit+Run
43815245.127,E7,P459,0.8513331554050123,0.0025000000000000022,7396.513,1059.189,1.0456,9.3871,0.4034285288555272,0.0,Merge
44304478.3,P125,FRAG0027,0.01276007326007326,0.005583749583749585,1823.664,1384.530,5.6155,11.996,0.8668132646896552,0.0,Hit+Run
44586158.205,P247,FRAG0037,0.005,0.005583749583749585,1334.495,1384.530,11.907,20.988,0.6581616666618075,0.010477955377955378,Graze+Frag
45569211.087,E7,P84,0.8538331554050123,0.0024999999999999905,7403.746,1059.189,1.8689,16.795,0.7778235147701922,0.0,Merge
45840758.112,E19,P116,0.7367042650103895,0.0025,7048.416,1059.189,1.4871,12.686,0.8630991132636213,0.0,Merge
46948909.611,E19,P111,0.7392042650103895,0.002500000000000014,7056.380,1059.189,2.1529,18.388,0.9363502214230447,0.0,Hit+Run
47002383.362,E27,P316,0.024121212121212123,0.0025,2254.897,1059.189,4.2584,10.782,0.8226008791665396,0.0,Hit+Run
48679092.856,E27,P393,0.024121212121212123,0.0025,2254.897,1059.189,7.914,20.039,0.8979889498130678,0.0,Hit+Run
49550579.781,E7,E66,0.8563331554050122,0.007410256410256411,7410.965,1521.498,1.8104,15.905,0.7611359546296708,0.0,Merge
49577928.637,E7,P247,0.8637434118152686,0.010583749583749585,7432.280,1713.458,1.9901,17.384,0.33944369342106556,0.0,Merge
50200025.769,E7,P515,0.8743271613990182,0.0025000000000000022,7462.514,1059.189,1.8519,16.782,0.7966304686042112,0.0,Merge
50503571.03,E7,P501,0.8768271613990182,0.0025,7469.620,1059.189,2.8235,25.613,0.6662289316895504,0.0,Merge
50800920.236,E19,P265,0.7392042650103895,0.0025,7056.380,1059.189,3.2605,27.848,0.6029020740409875,0.0,Merge
51042417.943,E7,P393,0.8793271613990181,0.0025,7476.712,1059.189,1.1749,10.669,0.41851148722429243,0.0,Merge
51230702.366,P168,P686,0.005,0.0025,1334.495,1059.189,11.442,18.095,0.9594132214773377,0.0,Hit+Run
51316022.346,E7,P216,0.8818271613990181,0.0024999999999999905,7483.791,1059.189,2.7515,25.010,0.8480714348692153,0.0,Merge
53234270.42,E7,FRAG0061,0.884327161399018,0.005754578754578755,7490.857,1398.508,1.1387,10.179,0.8901189265082333,0.0,Hit+Run
53471405.106,E19,FRAG0029,0.7417042650103894,0.005583749583749585,7064.326,1384.530,1.4531,12.209,0.7870473659994544,0.0,Merge
54347873.514,P125,P316,0.01276007326007326,0.0025,1823.664,1059.189,14.806,30.434,0.4073878577500507,0.009732267732267732,Fragment
54929326.682,E74,P615,0.0530415159914372,0.0025,2932.237,1059.189,4.786,15.950,0.8447554096765935,0.0,Hit+Run
56182492.684,E58,E53,0.12194979827420563,0.025000000000000005,3870.088,2281.955,7.0019,30.573,0.9486429704092103,0.0,Hit+Run
56311700.753,P125,FRAG0063,0.005527805527805529,0.009732267732267732,1379.890,1666.218,8.7885,17.574,0.8524575763655448,0.0,Hit+Run
56556304.786,E58,FRAG0056,0.12194979827420563,0.0059317349317349315,3870.088,1412.714,3.9459,17.345,0.4484869332101479,0.007743922743922744,Fragment
56603130.666,E7,FRAG0054,0.884327161399018,0.009251748251748253,7490.857,1638.331,1.3436,11.876,0.8657509045350945,0.0,Hit+Run
56726881.334,E7,FRAG0054,0.884327161399018,0.009251748251748253,7490.857,1638.331,1.1164,9.8679,0.5280169719157741,0.0,Merge
56777397.704,E19,E53,0.7472880145941391,0.025000000000000005,7082.009,2281.955,1.1271,9.1449,0.9321453806376299,0.0,Hit+Run
57201638.287,E30,FRAG0020,0.2600777031801425,0.006696636696636697,4981.516,1471.000,2.1941,12.604,0.7610641045244019,0.0,Merge
59489191.302,E19,FRAG0058,0.7472880145941391,0.0063906093906093905,7082.009,1448.242,1.9818,16.642,0.7306790744789521,0.0,Merge
60005797.989,E19,E27,0.7536786239847485,0.024121212121212123,7102.140,2254.897,1.5973,13.010,0.6392431455814469,0.0,Merge
60266847.904,E7,P342,0.8935789096507663,0.0025,7516.889,1059.189,3.1141,28.439,0.16451808330945025,0.0,Merge
60912858.866,E7,P419,0.8960789096507662,0.0025,7523.892,1059.189,3.009,27.506,0.6501709763646711,0.0,Merge
62777000.552,P136,FRAG0051,0.005,0.005658341658341659,1334.495,1390.668,7.2004,12.722,0.1051372405478896,0.0,Fragment
62962190.035,E7,FRAG0064,0.8985789096507661,0.007743922743922744,7530.883,1544.000,2.133,19.044,0.9402313799735698,0.0,Hit+Run
63042956.969,E19,P541,0.7777998361059606,0.0025,7177.113,1059.189,2.3185,20.161,0.3503898735136143,0.0,Merge
63439286.773,E7,FRAG0061,0.8985789096507661,0.005754578754578755,7530.883,1398.508,1.6434,14.775,0.6842353824010449,0.0,Merge
63656170.533,E7,FRAG0008,0.9043334884053449,0.010045954045954047,7546.925,1683.930,1.9703,17.519,0.6929773153665175,0.0,Merge
64008315.293,E7,P111,0.914379442451299,0.002500000000000014,7574.768,1059.189,3.1034,28.572,0.9302253439795377,0.0,Hit+Run
64737223.806,E7,FRAG0025,0.914379442451299,0.010307692307692308,7574.768,1698.430,1.9106,17.045,0.5554547858084645,0.0,Merge
65222545.565,E80,P631,0.025,0.0025,2281.955,1059.189,7.2709,18.636,0.6928892837579256,0.00662004662004662,Graze+Frag
66936280.31,E30,E74,0.2667743398767792,0.0530415159914372,5023.910,2932.237,1.4389,8.1505,0.7613393661216743,0.009534465534465535,Hit+Run+Frag
69586986.879,E7,P615,0.9246871347589913,0.0025,7603.124,1059.189,3.4611,31.991,0.15948251898478677,0.0,Merge
69913882.674,E7,P429,0.9271871347589913,0.0025,7609.970,1059.189,2.2761,21.058,0.7197253831185032,0.0,Merge
70800772.053,E7,P570,0.9296871347589912,0.0025,7616.804,1059.189,1.8059,16.724,0.3534494509227194,0.0,Merge
72919104.445,E19,E74,0.7802998361059605,0.04350649350649351,7184.794,2744.807,1.1841,9.6359,0.7397813109180492,0.022323010323010324,Hit+Run+Frag
74088442.332,E74,P334,0.021183150183150184,0.0025,2159.354,1059.189,12.371,29.982,0.7285414998972602,0.014994338994338994,Graze+Frag
74520787.692,E30,P218,0.26677489682725736,0.002500000000000014,5023.913,1059.189,2.8919,17.190,0.23141157847656527,0.0,Merge
74783144.096,E19,FRAG0070,0.7803001691062935,0.005580752580752581,7184.795,1384.282,1.2336,10.554,0.4918383260925325,0.0,Merge
75287959.509,E7,FRAG0072,0.9321871347589912,0.007497169497169497,7623.625,1527.424,1.5608,14.130,0.5193467812205191,0.0,Merge
77953402.444,E19,FRAG0068,0.7858809216870462,0.005580752580752581,7201.883,1384.282,2.206,18.922,0.49898877269505965,0.0,Merge
77999107.691,P136,E74,0.010658341658341657,0.008688811188811188,1717.474,1604.404,6.622,14.277,0.9328056475766853,0.0,Hit+Run
78793309.217,E19,P136,0.7914616742677988,0.010658341658341657,7218.890,1717.474,1.4544,12.310,0.7350268542844431,0.0,Merge
81465558.637,E7,FRAG0071,0.9396843042561607,0.007497169497169497,7644.008,1527.424,1.7213,15.628,0.550666039310677,0.0,Merge
87008906.258,E19,P686,0.8021200159261405,0.0025,7251.151,1059.189,2.9699,26.108,0.8317976753287978,0.0,Merge
89523275.827,P281,P293,0.0025,0.0025,1059.189,1059.189,21.382,29.348,0.34800000000000003,0.0,Merge
93568910.871,E7,P626,0.9471814737533302,0.0025,7664.283,1059.189,1.3761,12.827,0.440872262992648,0.0,Merge
94259242.434,E7,P130,0.9496814737533301,0.008254412254412254,7671.021,1577.208,2.6144,23.772,0.9986677804224582,0.0,Hit+Run
94562854.865,E30,E58,0.26927489682725736,0.12013761046201782,5039.558,3850.822,1.0232,6.0501,0.8354878205646167,0.0,Graze+Merge
95602799.955,E30,P168,0.3894125072892752,0.005,5698.980,1334.495,2.0234,13.537,0.7550860643265772,0.0,Merge
95913778.774,E7,FRAG0067,0.9496814737533301,0.005580752580752581,7671.021,1384.282,2.8668,26.306,0.6757557443482392,0.0,Merge
97298989.372,E7,P130,0.9552622263340828,0.008254412254412254,7686.017,1577.208,1.5504,14.126,0.9816587559853013,0.0,Hit+Run
97451298.194,E7,P130,0.9552622263340828,0.008254412254412254,7686.017,1577.208,1.0763,9.8070,0.4804991848458185,0.0,Merge
104678249.344,E7,P460,0.963516638588495,0.0025,7708.092,1059.189,2.4627,23.095,0.4977964383879268,0.0,Merge
105456569.612,E7,FRAG0049,0.966016638588495,0.005658341658341659,7714.753,1390.668,2.3514,21.701,0.7183157592062033,0.0,Merge
106257204.562,E30,FRAG0066,0.3944125072892752,0.009534465534465535,5723.267,1654.852,2.696,17.822,0.8243450143046047,0.0,Hit+Run
107291443.554,E7,P281,0.9716749802468366,0.005,7729.787,1334.495,1.8449,17.109,0.816787186587675,0.0,Merge
111492447.114,E7,P661,0.9766749802468366,0.0025,7743.022,1059.189,3.1711,29.881,0.8213457899069239,0.0,Merge
126604315.29,E19,P160,0.8046200159261404,0.0025,7258.676,1059.189,2.5694,22.612,0.22994613812911352,0.0,Merge
136044801.363,E19,FRAG0057,0.8071200159261404,0.0059317349317349315,7266.186,1412.714,2.547,22.024,0.8391498762410267,0.0,Hit+Run
136286392.643,E19,FRAG0057,0.8071200159261404,0.0059317349317349315,7266.186,1412.714,1.0546,9.1195,0.7953630474199095,0.0,Merge
158236361.607,E30,P414,0.3944125072892752,0.0025,5723.267,1059.189,3.6744,25.112,0.4080780768633668,0.0,Merge
167039191.755,E7,P114,0.9791749802468366,0.0025,7749.623,1059.189,3.1548,29.754,0.594980291413796,0.0,Merge
