time_yr,target,projectile,Mt_Mearth,Mp_Mearth,Rt_km,Rp_km,vimp/vesc,vimp_km/s,b,m_frag_Mearth,Regime
33051.965,E0,P2,0.03250000000000001,0.0024999999999999905,2490.510,1059.189,2.407,6.7526,0.6634437583495721,0.0,Merge
37290.812,E25,P251,0.06,0.0025,3055.232,1059.189,1.006,3.5030,0.6044491749041384,0.0,Merge
60134.405,E2,P6,0.027500000000000004,0.0025,2355.617,1059.189,2.575,6.8188,0.8493807680538228,0.0,Hit+Run
61972.931,E1,P79,0.0425,0.0025000000000000022,2723.475,1059.189,1.2234,3.7699,0.4431529071216266,0.0,Merge
63087.068,E25,E30,0.0625,0.027500000000000004,3097.090,2355.617,1.0875,3.9473,0.6730696350355538,0.0,Graze+Merge
112294.904,E52,P322,0.03250000000000001,0.0025,2490.510,1059.189,1.0984,3.0814,0.8463538554326233,0.0,Hit+Run
137033.6,E14,P205,0.025,0.0025000000000000022,2281.955,1059.189,1.871,4.7956,0.9436817381649342,0.0,Hit+Run
141910.679,E79,P605,0.05,0.0025,2875.083,1059.189,1.3437,4.3853,0.5835999428087746,0.0,Merge
194465.119,E9,P97,0.16499999999999998,0.0025,4280.440,1059.189,0.9968,4.9878,0.7376655449382017,0.0,Perfect
202660.596,E9,P132,0.16749999999999998,0.0025,4301.950,1059.189,1.0703,5.3846,0.9786460515642216,0.0,Hit+Run
231433.63,E24,P302,0.052500000000000005,0.0025,2922.224,1059.189,1.3487,4.4785,0.4455176259170024,0.0,Merge
249421.046,E45,P476,0.027500000000000004,0.0025,2355.617,1059.189,1.002,2.6533,0.5315786728354388,0.0,Merge
259515.499,E22,P310,0.052500000000000005,0.0025000000000000022,2922.224,1059.189,1.6121,5.3531,0.7275075301629863,0.0,Merge
261182.385,E55,P388,0.027500000000000004,0.0025,2355.617,1059.189,1.2228,3.2381,0.4972944007877859,0.0,Merge
268892.067,E11,P75,0.027500000000000004,0.0025,2355.617,1059.189,1.3458,3.5638,0.3581568218740719,0.0,Merge
286071.528,E25,E31,0.09,0.030000000000000002,3497.368,2424.939,1.0075,4.0517,0.6308754169482638,0.0,Graze+Merge
288176.556,E4,P77,0.10500000000000004,0.0025,3681.772,1059.189,1.7691,7.5262,0.5471836001657953,0.0,Merge
318175.617,E50,P632,0.025,0.0025,2281.955,1059.189,1.0848,2.7805,0.7753256923824516,0.0,Hit+Run
332469.882,E9,E0,0.16749999999999998,0.034999999999999996,4301.950,2552.798,1.0128,4.9181,0.8349416131483062,0.0,Graze+Merge
415920.061,E52,E51,0.03250000000000001,0.030000000000000002,2490.510,2424.939,1.0675,3.4008,0.992464862950829,0.0,Hit+Run
422088.285,E9,P121,0.20249999999999999,0.0025,4582.848,1059.189,1.0863,5.8501,0.3544738526100951,0.0,Merge
450867.164,E4,P118,0.10750000000000004,0.0025000000000000022,3710.764,1059.189,1.2387,5.3145,0.7557740110971728,0.0,Merge
477073.17,E17,E19,0.18500000000000003,0.0463663309795687,4446.835,2803.677,1.0127,5.1109,0.553024529396614,0.005861804861804862,Fragment
491215.764,E4,E3,0.11000000000000004,0.027500000000000004,3739.309,2355.617,1.2585,5.3404,0.6710591963785585,0.0,Hit+Run
494028.638,E42,P616,0.025,0.0025,2281.955,1059.189,1.2642,3.2403,0.8176708235731774,0.0,Hit+Run
503917.694,E24,P194,0.05500000000000001,0.0025,2967.891,1059.189,2.0659,6.9743,0.2640611011251068,0.0,Merge
514700.414,E1,P48,0.045000000000000005,0.0025,2775.862,1059.189,2.9458,9.2623,0.813204434070615,0.0,Hit+Run
536858.743,E9,P159,0.205,0.0025,4601.631,1059.189,1.7279,9.3464,0.9935968033934136,0.0,Hit+Run
609190.113,E4,E1,0.11000000000000004,0.045000000000000005,3739.309,2775.862,1.0386,4.5259,0.9561818450497364,0.0,Hit+Run
628142.504,E9,P45,0.205,0.0025,4601.631,1059.189,1.7711,9.5800,0.2943478708244744,0.0,Merge
628928.415,E25,P321,0.12,0.0025,3849.351,1059.189,1.3053,5.8258,0.9558011721076847,0.0,Hit+Run
669268.616,E17,P299,0.22550452611776384,0.0025,4750.204,1059.189,1.385,7.7519,0.6114583714569503,0.0,Merge
693575.355,E35,P401,0.05500000000000001,0.0025,2967.891,1059.189,1.2286,4.1476,0.483387318526256,0.0,Merge
707037.663,E14,P151,0.025,0.0025,2281.955,1059.189,1.329,3.4064,0.5424274708334593,0.0,Merge
707433.468,E1,P154,0.045000000000000005,0.0025,2775.862,1059.189,3.4365,10.805,0.5466963142443574,0.0,Merge
746488.759,E20,P100,0.035,0.0025000000000000022,2552.798,1059.189,2.533,7.2918,0.9711549339142199,0.0,Hit+Run
755572.947,E20,P309,0.035,0.0025,2552.798,1059.189,2.5163,7.2437,0.3451801686367113,0.0,Merge
756180.479,E17,P87,0.22800452611776384,0.0025,4767.693,1059.189,1.1014,6.1890,0.7111999480623973,0.0,Merge
764398.953,E15,P253,0.027500000000000004,0.0025,2355.617,1059.189,2.8516,7.5513,0.28269003390599895,0.0,Merge
767561.675,E50,P424,0.025,0.0025,2281.955,1059.189,1.0334,2.6487,0.91192288977189,0.0,Hit+Run
769422.093,E51,P270,0.030000000000000002,0.0025,2424.939,1059.189,1.1772,3.2121,0.5380047710415766,0.0,Merge
796104.563,E65,P789,0.025,0.0025,2281.955,1059.189,1.1109,2.8474,0.7757354839746199,0.0,Hit+Run
808070.15,ICE1,P257,15.97942390942391,0.0025,19656.86,1059.189,1.3217,32.798,0.9789502677330131,0.0,Hit+Run
825794.986,E3,E2,0.027500000000000004,0.027500000000000004,2355.617,2355.617,3.6735,11.213,0.9564,0.0,Hit+Run
856614.649,E17,P230,0.23050452611776384,0.0025,4785.055,1059.189,1.0384,5.8578,0.9360105669306976,0.0,Hit+Run
858410.495,E17,P173,0.23050452611776384,0.0025,4785.055,1059.189,1.2363,6.9742,0.8579005178708756,0.0,Hit+Run
858494.216,E17,P173,0.23050452611776384,0.0025,4785.055,1059.189,1.0468,5.9052,0.8331738566381018,0.0,Hit+Run
889888.835,E60,P506,0.025,0.0025,2281.955,1059.189,1.6613,4.2581,0.9442281269544921,0.0,Hit+Run
894251.529,E9,P357,0.2075,0.0025,4620.261,1059.189,1.242,6.7473,0.5847473095297762,0.0,Merge
910570.997,E25,E24,0.12,0.05750000000000001,3849.351,3012.195,1.0151,4.6126,0.5105692616680299,0.008335664335664336,Fragment
930176.948,E49,P396,0.025,0.0025,2281.955,1059.189,1.4992,3.8426,0.6063549592117166,0.0,Merge
953805.935,E17,P247,0.23050452611776384,0.0025,4785.055,1059.189,1.2059,6.8027,0.11110622282408647,0.0,Merge
988717.236,E9,P163,0.21,0.0025,4638.742,1059.189,1.0668,5.8205,0.5649107758786668,0.0,Merge
997404.25,E17,P244,0.23300452611776384,0.0025,4802.292,1059.189,1.3564,7.6814,0.5341813730500119,0.0,Merge
1024645.166,E45,P505,0.030000000000000002,0.0025,2424.939,1059.189,1.164,3.1761,0.8484189080202872,0.0,Hit+Run
1083227.902,E47,E46,0.027500000000000004,0.025,2355.617,2281.955,1.2208,3.6697,0.8387135777583457,0.0,Hit+Run
1111816.132,E25,E32,0.16916433566433564,0.027500000000000004,4316.152,2355.617,1.0457,5.0723,0.4100874482008855,0.0,Merge
1112961.326,E4,P7,0.11000000000000004,0.0025,3739.309,1059.189,2.2961,9.9328,0.6590256126453835,0.0,Merge
1134243.259,E52,P474,0.03250000000000001,0.0025,2490.510,1059.189,1.239,3.4758,0.7414629482062476,0.0,Hit+Run
1154821.133,P1,P48,0.0025,0.0025,1059.189,1059.189,2.9139,3.9995,0.94535,0.0,Hit+Run
1196432.069,E2,P18,0.027500000000000004,0.0025000000000000022,2355.617,1059.189,2.4235,6.4176,0.6591272020429039,0.0,Merge
1209723.234,E46,E48,0.025,0.025,2281.955,2281.955,1.1437,3.3820,0.72695,0.0,Hit+Run
1247313.44,E38,P297,0.025,0.0025,2281.955,1059.189,1.7097,4.3822,0.9639664219772658,0.0,Hit+Run
1271445.944,E4,P55,0.11250000000000004,0.0025,3767.425,1059.189,2.9751,12.974,0.44085590865086016,0.0,Merge
1315675.357,E9,E11,0.2125,0.030000000000000002,4657.077,2424.939,1.1503,6.0137,0.7962123570213583,0.0,Hit+Run
1387057.551,E15,P54,0.030000000000000002,0.0025,2424.939,1059.189,3.5179,9.5992,0.9847644897111602,0.0,Hit+Run
1388265.926,E17,FRAG0001,0.23550452611776385,0.005861804861804862,4819.407,1407.141,1.1395,6.3384,0.8449861091593961,0.0,Hit+Run
1409040.054,E55,P586,0.030000000000000002,0.0025,2424.939,1059.189,1.4631,3.9923,0.45838284891071457,0.0,Merge
1421777.734,E25,P290,0.19666433566433564,0.0025,4538.396,1059.189,1.036,5.5210,0.7250781987127397,0.0,Merge
1450170.38,E33,P139,0.035,0.0025,2552.798,1059.189,1.5578,4.4844,0.22785848969794376,0.0,Merge
1468100.787,E49,P231,0.0275,0.0025,2355.617,1059.189,4.6519,12.318,0.8206150911043836,0.0,Hit+Run
1590629.51,E43,P581,0.025,0.0025,2281.955,1059.189,1.4251,3.6527,0.9741429131827789,0.0,Hit+Run
1620033.591,E17,P238,0.23550452611776385,0.0025,4819.407,1059.189,1.1651,6.6233,0.5543640833296333,0.0,Merge
1669970.3,E9,P19,0.2125,0.0025,4657.077,1059.189,2.1941,12.022,0.4670709665069458,0.0,Merge
1687443.045,E11,P261,0.030000000000000002,0.0025,2424.939,1059.189,2.6601,7.2585,0.5139233155719277,0.0,Merge
1755634.377,E51,P677,0.0325,0.0025,2490.510,1059.189,1.9763,5.5443,0.5262085646808152,0.0,Merge
1788791.573,E3,P13,0.027500000000000004,0.0025,2355.617,1059.189,5.3967,14.291,0.6437441182066331,0.0,Merge
1830881.848,E34,P612,0.027500000000000004,0.0025,2355.617,1059.189,4.6205,12.235,0.4366588371461624,0.006857142857142858,Fragment
1865059.594,E25,P71,0.19916433566433564,0.0025000000000000022,4557.545,1059.189,1.5742,8.4273,0.9468489216561992,0.0,Hit+Run
1878702.571,E9,P54,0.215,0.0025,4675.269,1059.189,1.7328,9.5343,0.6952010678942246,0.0,Merge
1911555.369,E9,P242,0.2175,0.0025,4693.321,1059.189,1.0731,5.9289,0.24663854735640675,0.0,Merge
2011629.812,E9,E1,0.22,0.04750000000000001,4711.234,2826.344,1.0524,5.6012,0.8495447003320902,0.0,Hit+Run
2015249.763,E9,E1,0.22,0.04750000000000001,4711.234,2826.344,1.0737,5.7146,0.4041462648872347,0.010143856143856144,Fragment
2129453.511,E9,P53,0.25735614385614386,0.0025000000000000022,4964.079,1059.189,1.55,9.0957,0.947031130695289,0.0,Hit+Run
2131760.648,E25,P158,0.19916433566433564,0.0025,4557.545,1059.189,1.6704,8.9423,0.9997536690141425,0.0,Hit+Run
2157360.843,E64,P394,0.025,0.0025,2281.955,1059.189,1.1393,2.9202,0.6476756114220216,0.0,Merge
2222886.633,E38,P237,0.025,0.0025,2281.955,1059.189,1.1383,2.9176,0.6243857892671223,0.0,Merge
2223844.969,E17,P411,0.23800452611776385,0.0025,4836.400,1059.189,1.1043,6.3014,0.7837547519763434,0.0,Merge
2274460.971,E44,E46,0.027500000000000004,0.025,2355.617,2281.955,1.0668,3.2068,0.9824611204579651,0.0,Hit+Run
2278096.359,E14,P30,0.0275,0.0025,2355.617,1059.189,3.0718,8.1344,0.9579591266111781,0.0,Hit+Run
2333625.971,E17,P413,0.24050452611776385,0.0025,4853.275,1059.189,1.5726,9.0073,0.6090742404596116,0.0,Merge
2350097.703,E17,P379,0.24300452611776385,0.0025,4870.033,1059.189,1.1881,6.8303,0.8996368214134343,0.0,Hit+Run
2400092.262,E25,P390,0.19916433566433564,0.0025,4557.545,1059.189,1.0128,5.4219,0.7348242209716804,0.0,Merge
2433760.041,E41,P365,0.025,0.0025,2281.955,1059.189,2.8657,7.3452,0.869577758581164,0.0,Hit+Run
2457413.168,E25,P158,0.20166433566433564,0.0025,4576.536,1059.189,1.0112,5.4376,0.9511634635348442,0.0,Graze+Merge
2496825.442,P6,P82,0.0025,0.0025,1059.189,1059.189,10.899,14.960,0.91235,0.0,Hit+Run
2516813.994,E15,P169,0.030000000000000002,0.0025,2424.939,1059.189,2.8587,7.8004,0.576354140879081,0.0,Merge
2543794.264,P1,P170,0.0025,0.0025,1059.189,1059.189,12.473,17.121,0.6607,0.0,Graze+Frag
2572672.502,P6,P83,0.0025,0.0025,1059.189,1059.189,15.410,21.152,0.28170000000000006,0.0,Merge
2671522.33,E51,P471,0.035,0.0025,2552.798,1059.189,3.7474,10.787,0.7298680592775014,0.0,Hit+Run
2755651.241,E39,FRAG0002,0.025,0.008335664335664336,2281.955,1582.367,2.1452,5.6291,0.8971753558245039,0.0,Hit+Run
2761857.706,E14,P44,0.0275,0.0024999999999999905,2355.617,1059.189,2.6253,6.9520,0.8783533923194452,0.0,Hit+Run
2765088.772,E11,P320,0.0325,0.0025,2490.510,1059.189,2.8222,7.9174,0.8420740257732193,0.0,Hit+Run
2788249.045,E9,P161,0.25735614385614386,0.0025,4964.079,1059.189,1.9156,11.241,0.0957662669800649,0.0,Merge
2810973.02,E45,P227,0.030000000000000002,0.0025,2424.939,1059.189,3.856,10.521,0.725854043621294,0.0,Hit+Run
2818640.709,E50,P641,0.025,0.0025,2281.955,1059.189,1.2801,3.2811,0.3125343876270347,0.0,Merge
2878855.225,E9,P101,0.25985614385614386,0.0025,4980.101,1059.189,1.7619,10.375,0.6941624610056604,0.0,Merge
2945333.456,E17,E11,0.24300452611776385,0.0325,4870.033,2490.510,1.6888,9.2309,0.9069767695524431,0.0,Hit+Run
2981906.292,E9,E4,0.26235614385614386,0.11500000000000005,4996.021,3795.128,1.2194,7.1376,0.50192365371478,0.02507025641025641,Fragment
3006482.693,E17,P166,0.24300452611776385,0.0025,4870.033,1059.189,3.2433,18.645,0.7161447499227366,0.0,Merge
3012676.529,P1,P181,0.005,0.0025,1334.495,1059.189,12.317,19.479,0.40006678350406044,0.0,Fragment
3127281.747,E11,P133,0.0325,0.0025,2490.510,1059.189,4.1915,11.758,0.37592339860797447,0.0,Merge
3152907.835,E9,P150,0.35228654678654686,0.0025,5511.788,1059.189,1.347,8.8428,0.5289522469217489,0.0,Merge
3155041.092,E20,P68,0.037500000000000006,0.0025,2612.187,1059.189,2.7218,8.0265,0.7724762339066596,0.0,Hit+Run
3233431.53,E17,P9,0.24550452611776385,0.0025,4886.677,1059.189,2.4672,14.235,0.15640017840646248,0.0,Merge
3243008.222,P14,P141,0.0025,0.0025,1059.189,1059.189,9.4558,12.978,0.98765,0.0,Hit+Run
3263501.252,E17,P68,0.24800452611776386,0.0025,4903.208,1059.189,1.2708,7.3592,0.7217810377463113,0.0,Merge
3264872.867,E25,E33,0.20416433566433564,0.037500000000000006,4595.369,2612.187,1.6397,8.4826,0.5441716575769697,0.012388278388278388,Fragment
3353071.278,E25,E15,0.22927605727605727,0.0325,4776.540,2490.510,1.1308,6.0635,0.6189017569019231,0.0,Merge
3408904.159,E11,P173,0.035,0.0025,2552.798,1059.189,6.0009,17.274,0.8502994694652485,0.0,Hit+Run
3416332.169,E17,P141,0.25050452611776386,0.0025,4919.629,1059.189,2.2613,13.142,0.924052636673105,0.0,Hit+Run
3424197.314,E9,P191,0.35478654678654686,0.0025,5524.795,1059.189,2.0966,13.798,0.8481049814653936,0.0,Hit+Run
3495591.085,E17,P30,0.25050452611776386,0.0025,4919.629,1059.189,1.7994,10.457,0.9356547223161066,0.0,Hit+Run
3540178.427,E48,P39,0.025,0.0025,2281.955,1059.189,7.9568,20.394,0.4894277582463573,0.019411588411588413,Fragment
3544469.979,E51,E63,0.035,0.025,2552.798,2281.955,1.1895,3.7437,0.833252576361834,0.0,Hit+Run
3582746.374,E14,P98,0.0275,0.0025,2355.617,1059.189,3.1355,8.3031,0.898496264427925,0.0,Hit+Run
3586294.063,E2,P51,0.030000000000000006,0.0025,2424.939,1059.189,9.6875,26.434,0.19717561660553515,0.029268071928071928,Fragment
3600028.695,E2,FRAG0017,0.005528305028305033,0.006742923742923744,1379.932,1474.381,1.3934,2.5812,0.8040823773788579,0.0,Hit+Run
3607885.423,E34,P365,0.023142857142857146,0.0025,2223.990,1059.189,2.6585,6.6378,0.939538556984959,0.0,Hit+Run
3623288.226,E11,P363,0.035,0.0025,2552.798,1059.189,5.3531,15.410,0.7379957659509703,0.0,Hit+Run
3658871.357,E17,P129,0.25050452611776386,0.0025,4919.629,1059.189,1.3279,7.7175,0.870156423225119,0.0,Hit+Run
3712530.274,E22,P259,0.05500000000000001,0.0025,2967.891,1059.189,1.4101,4.7604,0.7830447109836056,0.0,Hit+Run
3743449.463,E63,P578,0.025,0.0025,2281.955,1059.189,1.3669,3.5035,0.8665726202385964,0.0,Hit+Run
3807713.242,E9,P338,0.35478654678654686,0.0025,5524.795,1059.189,3.6114,23.768,0.7067961075376482,0.0,Merge
3912673.141,E9,P254,0.35728654678654687,0.0025000000000000022,5537.742,1059.189,1.2104,7.9861,0.719737608082489,0.0,Merge
3929187.104,P30,P48,0.0025,0.0025,1059.189,1059.189,8.5899,11.790,0.8225,0.0,Hit+Run
4076961.294,E64,E66,0.0275,0.027500000000000004,2355.617,2355.617,1.2207,3.7263,0.47425,0.0,Merge
4079142.018,E45,P461,0.030000000000000002,0.0025,2424.939,1059.189,5.5487,15.140,0.9699397786850468,0.0,Hit+Run
4255577.81,P35,P303,0.0025,0.0025,1059.189,1059.189,11.324,15.543,0.30395,0.0,Merge
4263067.11,E52,P381,0.03250000000000001,0.0025,2490.510,1059.189,3.2956,9.2454,0.4966707239167322,0.0,Merge
4280426.16,E3,P260,0.030000000000000002,0.0025,2424.939,1059.189,3.2148,8.7721,0.8237110563100982,0.0,Hit+Run
4306648.459,E58,P504,0.027500000000000004,0.0025,2355.617,1059.189,2.5399,6.7259,0.956303548081714,0.0,Hit+Run
4381413.02,E17,P29,0.25050452611776386,0.0025,4919.629,1059.189,1.5409,8.9554,0.994323424893838,0.0,Hit+Run
4394321.472,E14,P60,0.0275,0.0025,2355.617,1059.189,1.9975,5.2895,0.6703023571167868,0.0,Merge
4425620.618,P35,P330,0.005,0.0025,1334.495,1059.189,24.496,38.739,0.21636833706511407,0.0,Fragment
4461930.105,E42,P517,0.025,0.0025,2281.955,1059.189,4.1671,10.680,0.8910918171700005,0.0,Hit+Run
4611809.765,P14,P156,0.0025,0.0025,1059.189,1059.189,19.058,26.158,0.5681500000000002,0.0,Graze+Frag
4614257.516,E17,P239,0.25050452611776386,0.0025,4919.629,1059.189,1.0514,6.1105,0.908254051967741,0.0,Hit+Run
4652505.304,E9,P239,0.35978654678654687,0.0025,5550.628,1059.189,1.0041,6.6414,0.9683215594180525,0.0,Graze+Merge
4653389.68,E17,P132,0.25050452611776386,0.0025,4919.629,1059.189,2.1945,12.754,0.8023541638645989,0.0,Merge
4658569.818,E73,P355,0.025,0.0025,2281.955,1059.189,2.6301,6.7413,0.6054670774286851,0.0,Merge
4796709.212,E44,P615,0.027500000000000004,0.0025,2355.617,1059.189,1.6085,4.2594,0.7270749041896606,0.0,Hit+Run
4825374.823,P4,FRAG0014,0.0025,0.006742923742923744,1059.189,1474.381,16.350,27.901,0.7363325447730708,0.009138015318015318,Graze+Frag
4872240.934,P6,P56,0.005,0.0025,1334.495,1059.189,14.629,23.135,0.8015273336730597,0.007107652347652348,Graze+Frag
4901152.703,E41,P580,0.025,0.0025,2281.955,1059.189,2.1172,5.4267,0.5771914575690714,0.0,Merge
4908479.057,E9,E3,0.36228654678654687,0.030000000000000002,5563.455,2424.939,2.0167,12.626,0.979337000238917,0.0,Hit+Run
4948713.744,E17,P298,0.25300452611776386,0.0025,4935.940,1059.189,2.7562,16.075,0.7994485395896369,0.0,Merge
5000964.379,E20,P460,0.037500000000000006,0.0025,2612.187,1059.189,2.6515,7.8192,0.5553262416543684,0.0,Merge
5035585.638,P20,P205,0.0025,0.0025000000000000022,1059.189,1059.189,11.737,16.111,0.7740499999999999,0.0,Graze+Frag
5042801.28,E25,P265,0.26177605727605724,0.0025,4992.336,1059.189,2.3621,13.946,0.9709913759477669,0.0,Hit+Run
5063471.509,E9,P313,0.36228654678654687,0.0025,5563.455,1059.189,1.4577,9.6656,0.5501588433565285,0.0,Merge
5094274.953,E14,P44,0.03,0.0024999999999999905,2424.939,1059.189,3.7565,10.250,0.2496537016463307,0.0,Merge
5117086.374,P27,P116,0.0025000000000000022,0.0025,1059.189,1059.189,16.860,23.141,0.8584000000000002,0.0,Graze+Frag
5138996.394,E25,P214,0.26177605727605724,0.0025,4992.336,1059.189,1.1833,6.9863,0.815319266651808,0.0,Merge
5194202.19,E20,P412,0.04000000000000001,0.0025,2668.991,1059.189,1.7689,5.3358,0.44385573488167696,0.0,Merge
5278129.631,E14,P167,0.03249999999999999,0.0025,2490.510,1059.189,3.9839,11.176,0.8764529853323659,0.0,Hit+Run
5332415.881,E14,P95,0.03249999999999999,0.0025,2490.510,1059.189,5.0726,14.230,0.7438484270328005,0.0,Hit+Run
5424046.781,E9,P348,0.3647865467865469,0.0025000000000000022,5576.222,1059.189,1.2391,8.2363,0.41203496204411494,0.0,Merge
5430294.822,P4,P129,0.009243090243090245,0.0025,1637.820,1059.189,4.6613,8.6898,0.9746724445103423,0.0,Hit+Run
5504415.692,E43,P667,0.025,0.0025,2281.955,1059.189,2.707,6.9384,0.23945488702368528,0.0,Merge
5506757.669,E3,P474,0.030000000000000002,0.0025,2424.939,1059.189,10.204,27.843,0.8230150604872761,0.0,Graze+Frag
5569044.661,E17,FRAG0005,0.25550452611776386,0.0062673992673992675,4952.145,1438.874,1.4441,8.2571,0.43996546952368826,0.0,Merge
5578952.475,E3,P178,0.0325001665001665,0.0025,2490.514,1059.189,2.7447,7.7000,0.12671108694136424,0.0,Merge
5589187.093,P23,P512,0.0025,0.0025,1059.189,1059.189,14.897,20.448,0.2814,0.0,Merge
5622602.389,E14,P260,0.03249999999999999,0.0025,2490.510,1059.189,4.0265,11.295,0.7108025291708452,0.0,Hit+Run
5630996.34,E14,P179,0.03249999999999999,0.0025,2490.510,1059.189,6.1623,17.287,0.455696617013586,0.010890329670329671,Fragment
5682880.888,E14,P167,0.0241098901098901,0.0025,2254.545,1059.189,4.6929,11.881,0.898420288709427,0.0,Hit+Run
5685554.808,E9,P14,0.3672865467865469,0.005,5588.932,1334.495,2.703,17.708,0.6566972936164259,0.0,Merge
5708301.698,E52,P627,0.03500000000000001,0.0025,2552.798,1059.189,2.1207,6.1049,0.6398978801877118,0.0,Merge
5721222.268,P4,P81,0.009243090243090245,0.0025,1637.820,1059.189,10.324,19.247,0.24296974769382423,0.006215118215118215,Fragment
5791244.759,E3,P47,0.035000166500166505,0.0025,2552.802,1059.189,4.545,13.083,0.6207450513678892,0.0,Merge
5908456.098,E17,P266,0.26177192538516314,0.0025,4992.309,1059.189,1.7915,10.577,0.9666181372000028,0.0,Hit+Run
5941966.579,P15,P109,0.0025,0.0025,1059.189,1059.189,12.833,17.614,0.94075,0.0,Hit+Run
5986868.052,P30,P213,0.0025,0.0025000000000000022,1059.189,1059.189,6.2767,8.6153,0.4783499999999999,0.0,Merge
6196864.944,E17,P551,0.26177192538516314,0.0025,4992.309,1059.189,1.9099,11.276,0.9996169641079146,0.0,Hit+Run
6211481.356,E36,E47,0.027500000000000004,0.027500000000000004,2355.617,2355.617,5.294,16.160,0.8918,0.0,Hit+Run
6297646.767,E17,P176,0.26177192538516314,0.0025,4992.309,1059.189,2.7398,16.175,0.8502972723496143,0.0,Hit+Run
6326281.647,E9,P1,0.3722865467865469,0.007499833499833501,5614.179,1527.604,2.4121,15.715,0.6207856858473745,0.0,Merge
6347940.107,E17,P99,0.26177192538516314,0.0025,4992.309,1059.189,1.5064,8.8938,0.3290808013391492,0.0,Merge
6388202.165,E2,P53,0.005528305028305033,0.0025000000000000022,1379.932,1059.189,12.467,20.208,0.481113444389125,0.0,Fragment
6407227.142,E17,P349,0.26427192538516314,0.0025,5008.152,1059.189,1.8024,10.677,0.9201867881947801,0.0,Hit+Run
6440864.678,E14,P320,0.0241098901098901,0.0025,2254.545,1059.189,5.0729,12.843,0.9816968077083167,0.0,Hit+Run
6451252.394,P4,P260,0.00552797202797203,0.0025,1379.904,1059.189,12.947,20.985,0.9666313070229948,0.0,Hit+Run
6483193.243,E25,P478,0.26427605727605724,0.0025,5008.178,1059.189,1.6653,9.8655,0.9986033272245487,0.0,Hit+Run
6502651.678,E17,P103,0.26427192538516314,0.0025,5008.152,1059.189,2.2758,13.482,0.16351722527931997,0.0,Merge
6527142.989,E9,E14,0.3797863802863804,0.0241098901098901,5651.629,2254.545,1.2122,7.7407,0.7394992988859963,0.01212853812853813,Hit+Run+Frag
6530073.648,P20,P112,0.005,0.0025000000000000022,1334.495,1059.189,6.9652,11.015,0.529129576677402,0.007292281052281052,Fragment
6540838.553,E9,FRAG0021,0.3797867132867134,0.006064269064269065,5651.630,1423.158,1.0338,6.8209,0.5786004173849033,0.0,Merge
6543163.064,P29,P149,0.0025,0.0025,1059.189,1059.189,10.158,13.943,0.50815,0.0,Graze+Frag
6574251.573,P11,P95,0.0025,0.0025,1059.189,1059.189,11.075,15.201,0.82345,0.0,Graze+Frag
6583698.649,E9,P177,0.3858509823509824,0.0025,5681.552,1059.189,1.7584,11.924,0.35965155086593553,0.0,Merge
6587960.778,E58,FRAG0002,0.027500000000000004,0.008335664335664336,2355.617,1582.367,2.1786,5.8715,0.9706641290375101,0.0,Hit+Run
6609479.986,E58,P377,0.027500000000000004,0.0025,2355.617,1059.189,3.7203,9.8517,0.23184997656370487,0.0,Merge
6612655.942,E11,P185,0.035,0.0025000000000000022,2552.798,1059.189,1.8229,5.2476,0.5789754179917975,0.0,Merge
6645936.894,E58,P349,0.030000000000000002,0.0025,2424.939,1059.189,3.1348,8.5538,0.7532066794582073,0.0,Hit+Run
6776666.973,E58,E49,0.030000000000000002,0.0275,2424.939,2355.617,2.708,8.3907,0.7562596807301695,0.005773792873792874,Hit+Run+Frag
6811351.199,E25,P372,0.26427605727605724,0.0025,5008.178,1059.189,1.4186,8.4040,0.22096719350141486,0.0,Merge
6840047.988,E52,P446,0.03750000000000001,0.0025,2612.187,1059.189,6.6867,19.718,0.9617354014659956,0.0,Hit+Run
6901224.274,E17,P29,0.26677192538516314,0.005,5023.895,1334.495,2.1377,12.486,0.5735484886837958,0.0,Merge
6951153.419,E9,E11,0.3883509823509824,0.037500000000000006,5693.797,2612.187,1.4061,8.9951,0.4618249966839801,0.009464202464202464,Fragment
6963675.894,E9,FRAG0023,0.4163867798867799,0.009464202464202464,5827.641,1650.777,1.0336,6.9684,0.9522571513879233,0.0,Hit+Run
7027926.4,P6,P15,0.0075001665001665,0.0025,1527.627,1059.189,15.678,27.540,0.39613639608883716,0.009979900099900098,Fragment
7061143.459,E17,P615,0.27177192538516315,0.0025,5055.087,1059.189,3.4469,20.625,0.9165547566794445,0.0,Hit+Run
7198818.205,E17,P308,0.27177192538516315,0.0025000000000000022,5055.087,1059.189,1.3658,8.1726,0.826519745852824,0.0,Merge
7205600.673,E17,FRAG0002,0.27427192538516315,0.008335664335664336,5070.541,1582.367,2.8475,16.580,0.6588821923697316,0.0,Merge
7332261.392,E9,FRAG0020,0.4163867798867799,0.006064269064269065,5827.641,1423.158,1.5782,10.762,0.7550182409053013,0.0,Merge
7332880.336,E35,E65,0.05750000000000001,0.025,3012.195,2281.955,1.2813,4.5189,0.7393152710018986,0.0,Hit+Run
7438928.641,E55,E63,0.0325,0.025,2490.510,2281.955,1.5965,4.9509,0.9066617804756884,0.0,Hit+Run
7450942.719,E25,P197,0.26677605727605724,0.0025,5023.921,1059.189,1.4609,8.6838,0.6370839996616892,0.0,Merge
7485001.23,E44,P494,0.027500000000000004,0.0025,2355.617,1059.189,6.8688,18.189,0.7143131530250413,0.0,Graze+Frag
7492034.567,E9,P4,0.42245104895104896,0.00552797202797203,5855.796,1379.904,2.1815,14.989,0.6344850718474335,0.0,Merge
7494191.193,P24,P260,0.0025,0.0025,1059.189,1059.189,7.5833,10.408,0.91435,0.0,Hit+Run
7563421.835,E44,P369,0.03,0.0025,2424.939,1059.189,6.2558,17.070,0.4925562438112856,0.011019680319680319,Fragment
7624461.996,E58,P319,0.030000166500166497,0.0025,2424.944,1059.189,3.1318,8.5456,0.568420108181906,0.0,Merge
7650940.033,E17,P41,0.2826075897208275,0.0025,5121.397,1059.189,1.6671,10.115,0.41936778104148387,0.0,Merge
7661839.609,E52,P606,0.03750000000000001,0.0025,2612.187,1059.189,2.0275,5.9790,0.5348350235126056,0.0,Merge
7698867.658,P30,P272,0.005000000000000003,0.0025,1334.495,1059.189,8.9794,14.200,0.4863130647304792,0.0,Fragment
7717721.191,E9,FRAG0006,0.42797902097902096,0.0062673992673992675,5881.227,1438.874,1.4544,10.008,0.9192905280613412,0.0,Hit+Run
7865655.986,E9,P563,0.42797902097902096,0.0025,5881.227,1059.189,5.3982,37.983,0.8386600602962105,0.0,Merge
8006986.519,E51,P524,0.035,0.0025,2552.798,1059.189,4.2803,12.321,0.7338258990489298,0.0,Hit+Run
8057704.744,P50,P129,0.0025,0.0025,1059.189,1059.189,16.783,23.036,0.7085,0.0,Graze+Frag
8074678.425,E17,P173,0.2851075897208275,0.0025,5136.454,1059.189,1.211,7.3715,0.3268915804449393,0.0,Merge
8112994.429,E2,FRAG0013,0.008027972027972029,0.006470529470529471,1562.652,1454.254,23.621,46.263,0.07639985181470002,0.008970362970362971,Fragment
8144314.775,E9,P171,0.43047902097902097,0.0025,5892.657,1059.189,1.4717,10.376,0.629795823737354,0.0,Merge
8192499.618,E3,P130,0.03750016650016651,0.0025,2612.190,1059.189,6.1437,18.117,0.9394658328808864,0.0,Hit+Run
8210307.077,E17,E49,0.2876075897208275,0.021969363969363973,5151.424,2185.745,1.4737,8.5523,0.6518292598224901,0.0,Merge
8211025.874,E17,E38,0.3095769536901915,0.0275,5279.385,2355.617,1.4563,8.6450,0.22472818095714248,0.007625041625041626,Fragment
8387547.316,E25,P233,0.26927605727605725,0.0025,5039.565,1059.189,1.906,11.367,0.8475634705434295,0.0,Hit+Run
8492533.073,E17,P260,0.3294519120651499,0.0025,5390.030,1059.189,2.2818,14.625,0.07346371227890723,0.0,Merge
8573597.646,E9,P92,0.43297902097902097,0.0025,5904.042,1059.189,4.0769,28.804,0.6578764381189056,0.0,Merge
8768261.806,E46,P584,0.025,0.0025,2281.955,1059.189,3.1274,8.0160,0.9081664668436804,0.0,Hit+Run
8819683.247,P50,P285,0.005,0.0025,1334.495,1059.189,13.301,21.035,0.41316819015448597,0.007481884781884781,Fragment
8933663.981,P25,P293,0.0025,0.0025,1059.189,1059.189,17.017,23.357,0.05305,0.0,Merge
8936870.437,E9,P157,0.43547902097902097,0.0025,5915.383,1059.189,2.7024,19.132,0.6975066594364031,0.0,Merge
8954088.59,P49,P164,0.0025,0.0025,1059.189,1059.189,5.4009,7.4132,0.97825,0.0,Hit+Run
9067748.028,E65,P473,0.025,0.0025,2281.955,1059.189,3.5753,9.1640,0.6780684878411716,0.0,Merge
9084499.372,E14,P264,0.011981018981018983,0.0025,1785.768,1059.189,6.2835,12.665,0.2500112289967835,0.008953379953379954,Fragment
9110716.493,P30,FRAG0027,0.0075001665001665,0.008953379953379954,1527.627,1620.526,6.3527,12.975,0.9825735336304442,0.0,Hit+Run
9174980.921,E73,P554,0.0275,0.0025,2355.617,1059.189,1.5481,4.0995,0.24433579797341348,0.0,Merge
9187020.176,E9,P25,0.43797902097902097,0.005,5926.681,1334.495,1.5515,10.826,0.15818246201876413,0.0,Merge
9189553.917,E44,P317,0.02148035298035298,0.0025,2169.406,1059.189,10.608,25.830,0.7045909192673198,0.013343323343323344,Graze+Frag
9384638.981,E65,P458,0.0275,0.0025,2355.617,1059.189,4.4006,11.653,0.5855229399204781,0.0,Merge
9465711.231,P50,P73,0.0075001665001665,0.0025000000000000022,1527.627,1059.189,11.959,21.009,0.4289705994617341,0.0,Fragment
9487818.136,E9,P27,0.442979020979021,0.005,5949.149,1334.495,3.2573,22.822,0.7565033920085396,0.0,Merge
9542858.943,E9,P142,0.447979020979021,0.0025,5971.449,1059.189,2.3487,16.796,0.9652823687202127,0.0,Hit+Run
9606005.035,E9,P6,0.447979020979021,0.01,5971.449,1681.359,2.252,15.564,0.46435363484261344,0.0,Merge
9628221.996,E17,P228,0.3319519120651499,0.0025,5403.629,1059.189,2.8355,18.223,0.7042556548499135,0.0,Merge
9750992.936,E9,P50,0.457979020979021,0.01,6015.555,1681.359,1.3087,9.1170,0.9458367941537313,0.0,Hit+Run
9797251.383,E41,P620,0.0275,0.0025,2355.617,1059.189,2.0712,5.4847,0.40271947729214785,0.0,Merge
9990564.546,E9,E44,0.457979020979021,0.010637029637029635,6015.555,1716.329,1.1189,7.7824,0.5689654901823064,0.0,Merge
10014414.889,P35,P191,0.007499833499833501,0.0025,1527.604,1059.189,6.1902,10.873,0.5721148104538122,0.0,Fragment
10115286.189,E59,P508,0.025,0.0025,2281.955,1059.189,5.2266,13.396,0.5467985811499214,0.0071355311355311354,Fragment
10123515.631,E17,P570,0.3344519120651499,0.0025,5417.161,1059.189,1.8871,12.161,0.9846720750140361,0.0,Hit+Run
10135222.631,E9,P82,0.4686160506160506,0.0025,6061.771,1059.189,2.7349,19.874,0.931701283437441,0.0,Hit+Run
10191690.167,E9,P82,0.4686160506160506,0.0025,6061.771,1059.189,1.2633,9.1803,0.8990981229480357,0.0,Hit+Run
10276336.472,E9,P130,0.4686160506160506,0.0025,6061.771,1059.189,1.8596,13.513,0.7920950609762804,0.0,Merge
10296764.059,E41,E65,0.03,0.03,2424.939,2424.939,1.9021,5.9772,0.3775,0.016627372627372627,Fragment
10532007.087,E9,P65,0.4711160506160506,0.0025,6072.532,1059.189,2.9701,21.624,0.9677943037258926,0.0,Hit+Run
10719361.491,E9,P391,0.4711160506160506,0.0025,6072.532,1059.189,2.3543,17.140,0.41850334355206414,0.0,Merge
10744189.41,E25,P160,0.26927605727605725,0.0025,5039.565,1059.189,1.6324,9.7357,0.8799554838468344,0.0,Hit+Run
10776841.141,E9,FRAG0019,0.4736160506160506,0.006215118215118215,6083.254,1434.862,2.3742,16.945,0.7877036475360744,0.0,Merge
10954192.342,E25,E47,0.26927605727605725,0.027500000000000004,5039.565,2355.617,1.0198,5.7718,0.7939760082092234,0.0,Graze+Merge
11105076.859,E25,P304,0.29677605727605727,0.0025,5205.592,1059.189,1.048,6.4714,0.928231323973659,0.0,Hit+Run
11139103.731,P35,P76,0.01,0.0025,1681.359,1059.189,6.5094,12.420,0.9741340208537899,0.0,Hit+Run
11208027.265,E9,P425,0.47983116883116883,0.0025,6109.748,1059.189,1.7807,13.049,0.8462018928360017,0.0,Merge
11334868.522,E20,E51,0.04250000000000001,0.035,2723.475,2552.798,1.8814,6.4420,0.38873065660650435,0.02045154845154845,Fragment
11361842.423,P35,P343,0.01,0.0025,1681.359,1059.189,6.1356,11.707,0.8951137022456729,0.0,Hit+Run
11562327.211,E9,FRAG0004,0.48233116883116883,0.010143856143856144,6120.341,1689.383,1.9918,14.131,0.7854845478071626,0.0,Hit+Run
11570198.933,E20,P428,0.05704845154845156,0.0025,3004.289,1059.189,2.7458,9.3910,0.9661684325517107,0.0,Hit+Run
11635671.469,E9,P76,0.48233116883116883,0.0025,6120.341,1059.189,2.3713,17.409,0.9128258096822729,0.0,Hit+Run
11662361.821,E14,P363,0.005527639027639029,0.0025,1379.877,1059.189,8.623,13.976,0.27200765523945997,0.007973306693306693,Fragment
11685008.515,P35,P65,0.01,0.0025,1681.359,1059.189,10.534,20.101,0.6617951683429796,0.01195885447885448,Graze+Frag
12194771.149,P74,P470,0.0025000000000000022,0.0025,1059.189,1059.189,22.185,30.451,0.8135000000000001,0.0,Graze+Frag
12240157.796,P50,P111,0.01,0.0025,1681.359,1059.189,5.4762,10.448,0.5058404712142269,0.010956110556110557,Fragment
12280854.916,E9,P74,0.48233116883116883,0.005,6120.341,1334.495,1.5883,11.473,0.9351888865344948,0.0,Hit+Run
12297103.204,P24,FRAG0004,0.0025,0.010143856143856144,1059.189,1689.383,9.3787,17.971,0.9855194258219634,0.0,Hit+Run
12314751.236,P24,FRAG0004,0.0025,0.010143856143856144,1059.189,1689.383,1.6011,3.0680,0.7722612533617013,0.0,Hit+Run
12340099.664,E9,P74,0.48233116883116883,0.005,6120.341,1334.495,1.0571,7.6360,0.5638554361091134,0.0,Merge
12609788.858,E9,P50,0.48733116883116884,0.005527639027639028,6141.416,1379.877,1.714,12.396,0.8908421656135408,0.0,Hit+Run
12642781.016,E9,P433,0.48733116883116884,0.0025,6141.416,1059.189,2.3428,17.263,0.3475578430413866,0.0,Merge
12749432.483,E17,P110,0.3344519120651499,0.0025,5417.161,1059.189,2.7377,17.642,0.5489638827996194,0.0,Merge
12819789.384,P24,P148,0.0025,0.0025,1059.189,1059.189,9.6462,13.240,0.8311,0.0,Graze+Frag
12959915.849,P30,FRAG0007,0.0075001665001665,0.0062673992673992675,1527.627,1438.874,7.5359,14.504,0.9500996859455106,0.0,Hit+Run
12992106.689,E54,P305,0.027500000000000004,0.0025,2355.617,1059.189,4.1754,11.056,0.30710981721559477,0.005788211788211788,Fragment
13020057.289,E58,P89,0.032500166500166495,0.0025,2490.514,1059.189,4.9514,13.890,0.5962998493436625,0.0,Merge
13059271.502,E9,FRAG0004,0.48983116883116884,0.010143856143856144,6151.900,1689.383,1.4421,10.288,0.5933572206019697,0.0,Merge
13080827.271,E25,P246,0.29677605727605727,0.0025,5205.592,1059.189,3.2726,20.208,0.7651198667218201,0.0,Merge
13137733.937,E9,P349,0.499975024975025,0.0025,6194.077,1059.189,1.8336,13.634,0.48181023663532574,0.0,Merge
13221365.544,P67,P364,0.0025,0.0025,1059.189,1059.189,17.657,24.236,0.8474,0.0,Graze+Frag
13229447.644,E9,P347,0.5024750249750249,0.0025,6204.384,1059.189,2.0729,15.441,0.8378630574870111,0.0,Merge
13242518.527,E14,FRAG0037,0.008027972027972029,0.0069720279720279724,1562.652,1490.894,6.5893,13.047,0.9096356016926476,0.0,Hit+Run
13273963.432,E17,E58,0.3369519120651499,0.0350001665001665,5430.625,2552.802,1.1149,6.7989,0.7415266616290099,0.0,Hit+Run
13384800.885,E9,P289,0.5049750249750249,0.0025,6214.656,1059.189,2.3176,17.295,0.6113116058899147,0.0,Merge
13413442.699,E14,FRAG0015,0.008027972027972029,0.006742923742923744,1562.652,1474.381,4.4223,8.7133,0.7654184472134098,0.0,Hit+Run
13440485.028,E9,P192,0.5074750249750248,0.0025,6224.895,1059.189,1.9845,14.835,0.6807651835504303,0.0,Merge
13467487.309,E9,P115,0.5099750249750248,0.0024999999999999905,6235.100,1059.189,2.068,15.486,0.5226197812538322,0.0,Merge
13651072.599,P76,P82,0.0025,0.0025,1059.189,1059.189,12.444,17.080,0.87205,0.0,Hit+Run
13656688.168,E17,E25,0.3369519120651499,0.2992760572760573,5430.625,5220.168,1.0981,7.5825,0.6024740481111485,0.029624615384615388,Graze+Merge
13776472.599,E64,P220,0.05500000000000001,0.0025,2967.891,1059.189,3.8555,13.015,0.9521086702303249,0.029624615384615388,Hit+Run
13928408.007,E9,FRAG0027,0.5124750249750247,0.008953379953379954,6245.272,1620.526,1.2817,9.3233,0.9283986339694914,0.0,Hit+Run
14009635.293,E73,P120,0.03,0.0025,2424.939,1059.189,6.6521,18.151,0.2805559161796372,0.013843283383283384,Fragment
14029560.648,P49,FRAG0031,0.0025,0.005542457542457543,1059.189,1381.109,7.9609,12.911,0.8154763297130218,0.0,Hit+Run
14036951.158,E20,P281,0.05704845154845156,0.0025,3004.289,1059.189,1.915,6.5495,0.3911843569506506,0.0,Merge
14052999.536,E17,P165,0.6362279693412072,0.0025,6712.198,1059.189,1.2753,10.329,0.6860420455060718,0.0,Merge
14077106.689,P93,P515,0.0025000000000000022,0.0025,1059.189,1059.189,28.198,38.704,0.6930500000000002,0.0,Graze+Frag
14128885.964,E22,P579,0.05500000000000001,0.0025,2967.891,1059.189,2.2839,7.7103,0.6862788092874669,0.0,Merge
14255282.166,P20,P721,0.0075001665001665,0.0025,1527.627,1059.189,11.700,20.552,0.4962925272406958,0.0,Fragment
14327806.598,P35,FRAG0023,0.005527972027972028,0.009464202464202464,1379.904,1650.777,4.4924,8.9268,0.6890230582653596,0.007059007659007658,Hit+Run
14375140.635,E58,E39,0.0350001665001665,0.025,2552.802,2281.955,1.689,5.3158,0.8703195295371677,0.0,Hit+Run
14455491.011,E17,P76,0.6387279693412071,0.0025,6720.978,1059.189,1.2343,10.011,0.2842964171729478,0.0,Merge
14479586.634,E9,P343,0.5124750249750247,0.0025,6245.272,1059.189,2.0975,15.734,0.8551651333325498,0.0,Hit+Run
14652233.735,P49,P597,0.0025,0.0025,1059.189,1059.189,10.721,14.716,0.8313,0.0,Graze+Frag
14763671.537,E9,P82,0.5124750249750247,0.0025,6245.272,1059.189,1.6626,12.472,0.8856029245209511,0.0,Hit+Run
14917501.864,E17,E3,0.6412279693412071,0.03750016650016651,6729.735,2612.190,1.3323,10.145,0.8339837496329056,0.02966866466866467,Hit+Run+Frag
14927728.081,E9,P241,0.5124750249750247,0.0025,6245.272,1059.189,1.6047,12.037,0.17809527821752663,0.0,Merge
14962507.11,E17,FRAG0044,0.6412276363408741,0.005933732933732934,6729.734,1412.873,1.061,8.4507,0.1838926769548147,0.0,Merge
15041745.368,P80,FRAG0023,0.0025000000000000022,0.009464202464202464,1059.189,1650.777,7.7722,14.590,0.5934661913344788,0.006436230436230437,Graze+Frag
15104569.042,P64,P229,0.0025,0.0025,1059.189,1059.189,13.237,18.170,0.8679,0.0,Graze+Frag
15220350.47,E2,P61,0.00552813852813853,0.0025,1379.918,1059.189,6.5903,10.682,0.6498171367239496,0.00736027306027306,Graze+Frag
15267375.991,E17,P50,0.647161369274607,0.005527639027639028,6750.429,1379.877,1.3512,10.816,0.8847461663179577,0.0,Hit+Run
15358963.916,E9,P80,0.5149750249750247,0.00552797202797203,6255.411,1379.904,0.9992,7.3706,0.9456053585359606,0.0,Perfect
15433832.629,P104,P82,0.0025,0.0025,1059.189,1059.189,8.4726,11.629,0.2652,0.0,Merge
15616033.932,E58,P35,0.0350001665001665,0.005527972027972028,2552.802,1379.904,1.5112,4.3342,0.9261007873202611,0.0,Hit+Run
15957180.263,E17,FRAG0012,0.647161369274607,0.006470529470529471,6750.429,1454.254,1.3111,10.455,0.5147966236606776,0.0,Merge
16010747.935,P30,FRAG0010,0.0075001665001665,0.006194139194139194,1527.627,1433.246,5.5497,10.663,0.5308486810056928,0.008166500166500166,Graze+Frag
16033343.071,E17,FRAG0022,0.6536318987451365,0.00553046953046953,6772.852,1380.112,1.9629,15.768,0.3217388670443279,0.0,Merge
16058980.957,P93,P410,0.005,0.0025,1334.495,1059.189,10.226,16.171,0.4261580954717165,0.0,Fragment
16138346.508,E9,P142,0.5205029970029967,0.0025,6277.715,1059.189,2.7176,20.499,0.3739981972330251,0.0,Merge
16272347.0,P30,P467,0.005527805527805527,0.0025,1379.890,1059.189,7.5558,12.246,0.8405231601558965,0.0,Hit+Run
16629397.846,E9,FRAG0027,0.5230029970029967,0.008953379953379954,6287.749,1620.526,1.6791,12.303,0.43618347549342046,0.0,Merge
16705625.219,E34,FRAG0033,0.023142857142857146,0.005542457542457543,2223.990,1381.109,3.9829,10.037,0.7629834331820291,0.0,Hit+Run
16711515.789,E9,P141,0.5319563769563767,0.0025,6323.427,1059.189,2.3142,17.591,0.9708758536865674,0.0,Hit+Run
16747730.45,E35,P510,0.05750000000000001,0.0025,3012.195,1059.189,2.6662,9.1443,0.2081184873528421,0.0,Merge
16814604.63,E9,FRAG0006,0.5319563769563767,0.0062673992673992675,6323.427,1438.874,1.729,12.862,0.44527839298883143,0.0,Merge
16823918.944,E17,E14,0.659162368275606,0.008027972027972029,6791.900,1562.652,1.3675,10.918,0.6500411832423251,0.0,Merge
16890303.076,P67,P141,0.005,0.0025,1334.495,1059.189,10.984,17.371,0.7417626190804799,0.0,Graze+Frag
16903862.02,E41,FRAG0034,0.04337262737262737,0.006817182817182818,2741.989,1479.774,2.9753,9.1653,0.8649895306604372,0.0,Hit+Run
16964709.629,E9,P42,0.5382237762237759,0.0025,6348.164,1059.189,2.2531,17.198,0.461584684286818,0.0,Merge
17158817.076,E9,FRAG0018,0.5407237762237759,0.01089010989010989,6357.977,1729.834,1.545,11.399,0.8952315740301001,0.0,Hit+Run
17161643.845,P94,P375,0.0025,0.0025,1059.189,1059.189,28.57,39.214,0.5698,0.0,Graze+Frag
17254910.148,P108,P316,0.0025,0.0025,1059.189,1059.189,12.080,16.581,0.8254,0.0,Graze+Frag
17525762.395,E58,E50,0.0350001665001665,0.0275,2552.802,2355.617,1.5004,4.7833,0.4048872767915948,0.010085581085581085,Fragment
17810564.244,E9,P67,0.5407237762237759,0.007499833499833501,6357.977,1527.604,1.7712,13.194,0.6047896895705483,0.0,Merge
18034446.577,E9,FRAG0017,0.5482236097236094,0.006742923742923744,6387.238,1474.381,2.5753,19.331,0.7012327378051417,0.0,Merge
18072315.595,E57,P386,0.030000000000000002,0.0025,2424.939,1059.189,9.3785,25.590,0.6577160525669986,0.013207459207459209,Fragment
18514347.195,E34,FRAG0033,0.023142857142857146,0.005542457542457543,2223.990,1381.109,3.1829,8.0214,0.40746325809890865,0.010523836163836163,Fragment
18552439.902,E9,P94,0.5549665334665331,0.005,6413.318,1334.495,1.7127,13.008,0.9091270691694578,0.0,Hit+Run
18556929.961,P70,P176,0.0025,0.0025,1059.189,1059.189,26.362,36.184,0.7605,0.0,Graze+Frag
18560296.118,E9,FRAG0016,0.5549665334665331,0.006742923742923744,6413.318,1474.381,2.7309,20.589,0.6495683099007076,0.0,Merge
18586648.208,P30,P274,0.005527805527805527,0.0025,1379.890,1059.189,6.1534,9.9737,0.7333715908393946,0.0,Graze+Frag
18621836.303,E17,FRAG0047,0.667190340303578,0.006436230436230437,6819.362,1451.680,1.5361,12.385,0.5921461323938937,0.0,Merge
18696976.537,E9,E2,0.5617094572094569,0.008027639027639028,6439.187,1562.631,1.6543,12.471,0.7326130046940573,0.0,Merge
18718223.771,E52,P11,0.040000000000000015,0.005,2668.991,1334.495,4.229,12.667,0.7161333333333334,0.0,Hit+Run
18750695.414,E9,P343,0.5697370962370959,0.0025,6469.718,1059.189,3.2244,25.114,0.3291183804718118,0.0,Merge
18785372.833,P94,FRAG0038,0.005,0.0069723609723609725,1334.495,1490.918,10.742,19.756,0.6406530409230846,0.006444555444555446,Graze+Frag
18814927.228,P64,P224,0.005,0.0025,1334.495,1059.189,8.0356,12.707,0.4227573048092656,0.007415551115551115,Fragment
19002188.616,E48,P315,0.008088411588411587,0.0025,1566.564,1059.189,7.9156,14.201,0.1551198982747579,0.010453633033633034,Fragment
19005669.252,E17,P59,0.6736265707398085,0.0025,6841.220,1059.189,1.4734,12.177,0.7674757863409337,0.0,Merge
19055857.515,E48,P109,0.010588744588744588,0.0025,1713.728,1059.189,11.556,22.431,0.501958603048335,0.0075607725607725615,Fragment
19206129.925,E9,FRAG0042,0.5722370962370958,0.005933732933732934,6479.167,1412.873,2.1227,16.232,0.2485912048164332,0.0,Merge
19208550.349,E17,E46,0.6761265707398084,0.025,6849.673,2281.955,1.6237,12.711,0.6772690918136133,0.0,Merge
19366369.175,E39,P490,0.025,0.0025,2281.955,1059.189,3.6109,9.2553,0.83652123681292,0.0,Hit+Run
19383466.296,P43,P187,0.0025,0.0025000000000000022,1059.189,1059.189,10.608,14.561,0.42664999999999986,0.0,Merge
19557900.468,P107,P276,0.0025,0.0025,1059.189,1059.189,20.475,28.103,0.1556,0.0,Merge
19578918.455,E17,P231,0.7011265707398084,0.0025,6933.076,1059.189,1.462,12.255,0.1963959195504909,0.0,Merge
20058294.277,E9,P24,0.5781708291708287,0.005,6501.485,1334.495,2.8623,22.060,0.8766572208371172,0.0,Hit+Run
20115843.918,E36,FRAG0035,0.027500000000000004,0.006817182817182818,2355.617,1479.774,1.1909,3.1826,0.7902028069907633,0.0,Hit+Run
20474306.304,P93,P78,0.0075001665001665,0.0025,1527.627,1059.189,23.485,41.255,0.8244573980018269,0.009694665334665335,Graze+Frag
20665997.149,P70,FRAG0018,0.005,0.01089010989010989,1334.495,1729.834,16.645,33.864,0.8609269327413864,0.01439053613053613,Graze+Frag
20822814.026,E9,P107,0.5781708291708287,0.005,6501.485,1334.495,1.4164,10.916,0.7293031394244047,0.0,Merge
20938960.614,P123,P418,0.0025,0.0025,1059.189,1059.189,39.167,53.761,0.5019,0.0,Graze+Frag
21092184.276,E9,P590,0.5831708291708287,0.0025,6520.172,1059.189,3.1497,24.736,0.987398888659043,0.0,Hit+Run
21094832.019,E17,P32,0.7036265707398084,0.0025,6941.307,1059.189,1.6327,13.703,0.32179635679506946,0.0,Merge
21541455.962,E9,P590,0.5831708291708287,0.0025,6520.172,1059.189,1.1094,8.7127,0.8733292836440675,0.0,Hit+Run
21580515.832,E17,P661,0.7061265707398083,0.0025,6949.518,1059.189,1.5923,13.381,0.9979937762370074,0.0,Hit+Run
21639537.164,E9,P30,0.5831708291708287,0.008027639027639028,6520.172,1562.631,1.5236,11.641,0.6225089008983511,0.0,Merge
21719191.609,E17,P615,0.7061265707398083,0.0025,6949.518,1059.189,1.9227,16.158,0.7326372883026742,0.0,Merge
21944519.067,E9,P113,0.5911984681984678,0.0025000000000000022,6549.954,1059.189,1.5211,12.004,0.5676978560946251,0.0,Merge
21960780.582,E17,P168,0.7086265707398083,0.0025,6957.710,1059.189,1.2013,10.108,0.9382654560126853,0.0,Hit+Run
21999752.507,P24,P320,0.005,0.0025,1334.495,1059.189,20.158,31.879,0.4274403608034603,0.007494598734598734,Fragment
22268120.789,E20,FRAG0041,0.059548451548451564,0.006921411921411922,3047.548,1487.277,2.4972,8.5416,0.9996476832582659,0.0,Hit+Run
22512833.391,E17,P206,0.7086265707398083,0.0025,6957.710,1059.189,1.7123,14.408,0.5204678512356002,0.0,Merge
22839084.922,E41,E34,0.04337262737262737,0.018161505161505165,2741.989,2051.372,2.7927,8.9396,0.7121312475338828,0.012633366633366633,Hit+Run+Frag
22898280.495,P123,FRAG0024,0.005,0.01101964701964702,1334.495,1736.666,9.5203,19.425,0.5785261440668082,0.015788518148518147,Graze+Frag
23088315.921,P24,P234,0.0075001665001665,0.0025,1527.627,1059.189,27.667,48.601,0.9666011525316168,0.0,Hit+Run
23527213.857,E17,P64,0.7111265707398082,0.007499833499833501,6965.882,1527.604,2.1179,17.404,0.3876000404569174,0.0,Merge
23548638.511,E9,FRAG0058,0.5936984681984678,0.010491841491841491,6559.174,1708.484,1.6308,12.455,0.6695108215065271,0.0,Merge
23648310.223,P24,P234,0.0075001665001665,0.0025,1527.627,1059.189,10.756,18.894,0.22027262334695327,0.0,Fragment
23697160.867,E9,P366,0.6041903096903093,0.0025,6597.586,1059.189,2.3016,18.304,0.7674862062148147,0.0,Merge
23890664.155,E58,E73,0.052414585414585414,0.01865717615717616,2920.639,2069.867,1.1825,3.9868,0.8388816367981746,0.0,Hit+Run
24299102.747,E9,P661,0.6066903096903092,0.0025,6606.673,1059.189,2.4772,19.729,0.3034504556133309,0.0,Merge
24306720.616,E9,P294,0.6091903096903092,0.0025,6615.736,1059.189,3.8539,30.738,0.4780615763805475,0.0,Merge
24622284.266,P93,P490,0.01,0.0025,1681.359,1059.189,14.976,28.576,0.8804507704542598,0.0,Graze+Frag
25060227.545,E17,P152,0.7186264042396417,0.0025,6990.285,1059.189,1.4022,11.857,0.6157930993238696,0.0,Merge
25229446.813,E17,E39,0.7211264042396417,0.025,6998.382,2281.955,1.0333,8.2776,0.8774807217737439,0.012702630702630705,Hit+Run+Frag
25271317.667,E17,FRAG0060,0.7211264042396417,0.006351315351315352,6998.382,1445.268,1.0555,8.7530,0.8034714211656198,0.0,Merge
25336677.022,P100,P147,0.0025000000000000022,0.0025,1059.189,1059.189,24.105,33.086,0.7870000000000001,0.0,Graze+Frag
25430330.617,E17,FRAG0009,0.7274777195909571,0.006194139194139194,7018.868,1433.246,1.5538,12.933,0.6895039386552768,0.0,Merge
26091695.089,P104,FRAG0049,0.005,0.010085581085581085,1334.495,1686.142,3.0528,6.0951,0.5794111279455236,0.0,Hit+Run
26134407.928,E9,P122,0.6116903096903091,0.0025,6624.773,1059.189,1.8487,14.766,0.8920725893671091,0.0,Hit+Run
26261124.99,E48,P467,0.005527972027972027,0.0025,1379.904,1059.189,12.240,19.840,0.42012197623509073,0.008000392940392941,Fragment
26438509.87,E42,P291,0.025,0.0025,2281.955,1059.189,3.0466,7.8089,0.5475498657355633,0.0,Merge
26827623.105,E58,E52,0.052414585414585414,0.040000000000000015,2920.639,2668.991,1.2855,4.6699,0.17619044857804603,0.014826506826506828,Fragment
26916334.35,E9,P43,0.6116903096903091,0.005000000000000003,6624.773,1334.495,1.2482,9.8160,0.3863696267824192,0.0,Merge
26957895.556,P98,P461,0.0025,0.0025,1059.189,1059.189,19.417,26.651,0.47535,0.0,Merge
26981404.248,E9,FRAG0053,0.6166903096903091,0.006444555444555446,6642.775,1452.306,2.3143,18.140,0.9340000957353762,0.0,Hit+Run
26983790.247,E9,FRAG0053,0.6166903096903091,0.006444555444555446,6642.775,1452.306,1.0427,8.1732,0.9019969295662673,0.0,Hit+Run
27093820.961,E9,FRAG0053,0.6166903096903091,0.006444555444555446,6642.775,1452.306,1.081,8.4735,0.5380634886431964,0.0,Merge
27156756.497,P100,P356,0.005,0.0025,1334.495,1059.189,17.104,27.050,0.9970449214306879,0.0,Hit+Run
27353583.476,E9,P24,0.6231348651348646,0.01,6665.834,1681.359,1.757,13.671,0.8059187798061187,0.0,Hit+Run
27454196.129,E64,E36,0.05500000000000001,0.027500000000000004,2967.891,2355.617,1.0586,3.7232,0.8015830843396572,0.0,Hit+Run
27501927.567,E9,P100,0.6231348651348646,0.005,6665.834,1334.495,1.5327,12.133,0.4263458419384142,0.0,Merge
27511259.422,E17,P472,0.7336718587850963,0.0025,7038.732,1059.189,1.6519,14.071,0.8292189587243897,0.0,Merge
27665938.777,E9,E48,0.6281348651348646,0.008027639027639028,6683.615,1562.631,1.059,8.3101,0.30637049942610745,0.0,Merge
27937692.097,P104,P628,0.005,0.0025,1334.495,1059.189,5.6337,8.9093,0.4594412434304574,0.0,Fragment
28320603.014,P24,P186,0.01,0.0025,1681.359,1059.189,7.8696,15.015,0.87357943840138,0.0,Hit+Run
28456906.331,E3,P478,0.007831834831834833,0.0025,1549.821,1059.189,9.0945,16.169,0.7741945227147758,0.005704695304695305,Graze+Frag
28620660.149,E42,P551,0.0275,0.0025,2355.617,1059.189,1.6933,4.4840,0.8250989496216822,0.0,Hit+Run
28639255.525,E9,FRAG0034,0.6361625041625036,0.006817182817182818,6711.967,1479.774,2.3341,18.475,0.19246714699066633,0.0,Merge
28682639.224,E29,FRAG0062,0.025,0.007413253413253414,2281.955,1521.703,5.1615,13.461,0.8806473555151412,0.0,Hit+Run
29024661.503,P127,FRAG0054,0.0025,0.0075607725607725615,1059.189,1531.731,15.440,27.183,0.67637324187019,0.009977136197136197,Graze+Frag
29257363.702,E17,P211,0.7361718587850963,0.0025,7046.718,1059.189,1.7304,14.758,0.7065923364151245,0.0,Merge
29371825.359,E9,FRAG0001,0.6429796869796864,0.005861804861804862,6735.858,1407.141,2.638,21.038,0.9639317535404339,0.0,Hit+Run
29461384.316,E9,P277,0.6429796869796864,0.0025,6735.858,1059.189,2.4353,19.798,0.6523243028327086,0.0,Merge
29622621.089,E17,FRAG0051,0.7386718587850962,0.0066037296037296045,7054.686,1464.165,1.2757,10.660,0.4547242004277316,0.0,Merge
29762515.224,P35,FRAG0028,0.005527972027972028,0.006671661671661672,1379.904,1469.169,3.0198,5.5828,0.8275338724417161,0.0,Hit+Run
29925759.469,E9,P108,0.6454796869796864,0.005,6744.576,1334.495,3.1619,25.347,0.7197823903659676,0.0,Merge
30013621.195,P93,P198,0.012500166500166502,0.0025000000000000022,1811.197,1059.189,16.579,33.861,0.8454058530443371,0.006898101898101899,Graze+Frag
30316745.784,E17,P466,0.7452755883888258,0.0025,7075.646,1059.189,1.873,16.043,0.4877814821629052,0.0,Merge
30420388.165,P128,P203,0.0025,0.0025,1059.189,1059.189,21.419,29.400,0.4253,0.0,Merge
30521023.211,E58,P20,0.0775880785880786,0.01,3328.578,1681.359,1.3089,4.8895,0.8634480085074967,0.0,Hit+Run
30599444.655,E64,P595,0.05500000000000001,0.0025,2967.891,1059.189,3.6293,12.252,0.44020009964283074,0.0,Merge
31345532.763,E9,FRAG0001,0.6504796869796864,0.005861804861804862,6761.947,1407.141,2.4266,19.432,0.442348576904164,0.0,Merge
31399588.369,E73,P332,0.01865717615717616,0.0025,2069.867,1059.189,5.5019,12.781,0.24118242232542467,0.012811188811188812,Fragment
31502276.397,E9,P356,0.6563414918414913,0.0025,6782.198,1059.189,1.5496,12.690,0.6809540002409621,0.0,Merge
32172879.957,E9,P94,0.6588414918414912,0.005527805527805527,6790.798,1379.890,1.4418,11.615,0.49509636445286986,0.0,Merge
32446805.566,E17,E39,0.7477755883888257,0.012297369297369298,7083.549,1801.349,1.4122,11.669,0.5848678853773184,0.0,Merge
32465797.459,E17,P370,0.7600729576861951,0.0025,7122.169,1059.189,1.1182,9.6450,0.594227999323585,0.0,Merge
32667932.155,E17,P122,0.762572957686195,0.0025,7129.969,1059.189,1.4013,12.100,0.7212543275689732,0.0,Merge
32781792.7,E62,P542,0.025,0.0025,2281.955,1059.189,3.9749,10.188,0.5735716318382512,0.0,Merge
32932436.535,P38,FRAG0063,0.0025,0.006898101898101899,1059.189,1485.606,12.436,21.352,0.5344238950863093,0.0,Graze+Frag
33672810.868,E58,FRAG1001,0.0775880785880786,0.006133669020431286,3328.578,1428.567,3.5619,13.350,0.8637106822659808,0.0,Hit+Run
34089729.525,E54,P140,0.024211788211788213,0.0025,2257.716,1059.189,5.2973,13.430,0.6550761964640205,0.0,Merge
34109467.984,E17,P114,0.765072957686195,0.0025,7137.752,1059.189,2.2377,19.346,0.39620594981903134,0.0,Merge
34337365.9,P119,P536,0.0025000000000000022,0.0025,1059.189,1059.189,5.6397,7.7409,0.4476,0.0,Merge
35343018.635,P93,FRAG0015,0.008102064602064606,0.006742923742923744,1567.445,1474.381,6.4086,12.648,0.9810230616570418,0.0,Hit+Run
35690704.037,E17,FRAG0059,0.7675729576861949,0.006351315351315352,7145.518,1445.268,1.6171,13.712,0.4414178634297713,0.0,Merge
36814841.847,E17,P245,0.7739242730375103,0.0025,7165.172,1059.189,1.804,15.660,0.6262279971155283,0.0,Merge
37510889.284,P164,FRAG0046,0.0025,0.005933732933732934,1059.189,1412.873,7.5864,12.519,0.5645012636191051,0.0,Graze+Frag
37576075.535,E57,FRAG0029,0.019292540792540794,0.006671661671661672,2093.101,1469.169,3.6806,8.8776,0.3906786711836355,0.017984162504162505,Fragment
37952592.316,E17,FRAG0055,0.7764242730375103,0.010362304362304363,7172.879,1701.424,1.321,11.112,0.73140821544716,0.0,Merge
38158215.985,E29,FRAG0026,0.025,0.007625041625041626,2281.955,1536.059,6.9276,18.092,0.4487390429474971,0.027096903096903095,Fragment
39822446.817,E17,FRAG0028,0.7867865773998146,0.006671661671661672,7204.649,1469.169,1.8933,16.178,0.664579248723901,0.0,Merge
39899987.977,E9,P331,0.6643692973692967,0.0025,6809.737,1059.189,3.521,28.959,0.9467431059168788,0.0,Hit+Run
40023201.856,E17,P222,0.7934582390714763,0.0025,7224.956,1059.189,2.5207,22.074,0.6020399878022282,0.0,Merge
40136148.632,E9,P331,0.6643692973692967,0.0025,6809.737,1059.189,1.0895,8.9608,0.7458847193690656,0.0,Merge
41129584.47,E9,FRAG0050,0.6668692973692967,0.0066037296037296045,6818.268,1464.165,2.3722,19.111,0.33801427373212756,0.0,Merge
41141201.671,E9,P48,0.6734730269730262,0.0025,6840.700,1059.189,1.09,9.0081,0.8150071657613289,0.0,Merge
41548979.203,E9,P189,0.6759730269730262,0.0025,6849.154,1059.189,1.8738,15.506,0.4884616713070599,0.0,Merge
43240518.066,P35,FRAG0066,0.005527972027972028,0.005994671994671995,1379.904,1417.693,4.8571,8.8067,0.5840035483645258,0.005994671994671995,Graze+Frag
43370211.005,E36,E54,0.027500000000000004,0.026711788211788212,2355.617,2332.893,2.4821,7.5406,0.8495477274717014,0.0,Hit+Run
43438715.999,E9,P35,0.6784730269730261,0.005527972027972029,6857.587,1379.904,1.0855,8.8372,0.35064261906518335,0.0,Merge
44213760.796,E9,FRAG0073,0.6840009990009982,0.005994671994671995,6876.161,1417.693,1.133,9.2327,0.8443218514890951,0.0,Hit+Run
44447387.819,E58,FRAG0071,0.0775880785880786,0.006774225774225774,3328.578,1476.659,2.4272,9.0861,0.9505893957300087,0.0,Hit+Run
44662913.505,E58,FRAG0039,0.0775880785880786,0.005788211788211788,3328.578,1401.227,1.1628,4.3617,0.6295001434398106,0.0,Merge
45435608.445,E17,P104,0.7959582390714762,0.007499833499833501,7232.536,1527.604,1.0745,9.1936,0.6584308983079028,0.0,Merge
45833543.351,E17,P385,0.8034580725713097,0.0025,7255.181,1059.189,1.8341,16.133,0.2217295216765818,0.0,Merge
46682018.332,E17,P519,0.8059580725713097,0.0025,7262.698,1059.189,2.2522,19.832,0.6466872986625755,0.0,Merge
46830788.471,E20,P204,0.059548451548451564,0.0025,3047.548,1059.189,1.8806,6.5308,0.7703583328832466,0.0,Hit+Run
47948089.458,E17,FRAG0067,0.8084580725713096,0.005994671994671995,7270.199,1417.693,1.4173,12.260,0.6924682645976613,0.0,Merge
48118538.299,E17,P85,0.8144527445659816,0.0025,7288.125,1059.189,1.6001,14.142,0.9183372042115994,0.0,Hit+Run
48229285.748,E9,P23,0.6840009990009982,0.005,6876.161,1334.495,2.7332,22.369,0.7679580320165006,0.0,Merge
48519106.649,E17,P85,0.8144527445659816,0.0025,7288.125,1059.189,1.0416,9.2062,0.7318408866421017,0.0,Merge
48529629.306,P38,P233,0.009398268398268399,0.0025,1646.935,1059.189,8.3901,15.717,0.47166138041056244,0.006370296370296371,Fragment
48740368.4,P93,FRAG0015,0.008102064602064606,0.006742923742923744,1567.445,1474.381,8.3352,16.451,0.4828851303071824,0.014694012654012654,Fragment
48973154.624,E17,P380,0.8169527445659815,0.0025,7295.574,1059.189,2.8587,25.294,0.6292446677345965,0.0,Merge
49073530.568,E9,P376,0.6890009990009982,0.0025,6892.876,1059.189,2.535,21.119,0.3562561042268895,0.0,Merge
50396103.565,E20,E54,0.059548451548451564,0.026711788211788212,3047.548,2332.893,1.26,4.5073,0.9058632950612545,0.0,Hit+Run
51275568.216,E9,P252,0.6915009990009982,0.0025,6901.202,1059.189,3.7718,31.464,0.7503387337158179,0.0,Merge
53527281.912,E9,FRAG0074,0.6940009990009981,0.006370296370296371,6909.509,1446.706,1.8501,15.132,0.9298987111069762,0.0,Hit+Run
53576748.742,E9,FRAG0074,0.6940009990009981,0.006370296370296371,6909.509,1446.706,1.0501,8.5890,0.93535605726855,0.0,Hit+Run
54143942.691,E17,P318,0.8194527445659815,0.0025,7303.008,1059.189,2.4547,21.742,0.5888904312327801,0.0,Merge
54396869.413,E17,FRAG0007,0.8219527445659814,0.0062673992673992675,7310.428,1438.874,2.0471,17.794,0.30288472604842687,0.0,Merge
54772441.425,E34,P93,0.005527805527805528,0.0055279720279720335,1379.890,1379.904,13.418,23.994,0.238598802226874,0.005527805527805528,Fragment
55074926.935,E17,P296,0.8282201438333807,0.0025,7328.961,1059.189,1.8368,16.331,0.7662593221318121,0.0,Merge
55145100.317,E9,P339,0.6940009990009981,0.0025,6909.509,1059.189,3.3541,28.015,0.4564315442552902,0.0,Merge
56663433.004,E17,FRAG0074,0.8307201438333807,0.006370296370296371,7336.328,1446.706,1.1142,9.7181,0.8074690405545559,0.0,Merge
56913784.904,E9,P335,0.696500999000998,0.0025,6917.796,1059.189,3.4549,28.894,0.9587976378465811,0.0,Hit+Run
56985619.016,E9,P335,0.696500999000998,0.0025,6917.796,1059.189,1.0571,8.8408,0.8615823563681064,0.0,Merge
58554600.285,P96,P451,0.0025,0.0025,1059.189,1059.189,13.985,19.195,0.62555,0.0,Graze+Frag
58699354.281,E17,P128,0.8370904402036771,0.005,7355.033,1334.495,1.9314,16.986,0.6728231137954714,0.0,Merge
58832044.196,E9,P269,0.699000999000998,0.0025,6926.063,1059.189,1.5762,13.198,0.9206124509711964,0.0,Hit+Run
60162533.39,E34,P321,0.005527972027972034,0.0025,1379.904,1059.189,17.834,28.907,0.3862338717690499,0.00801974025974026,Fragment
60936059.873,E34,FRAG0076,0.008027639027639028,0.005527805527805528,1562.631,1379.890,6.5376,12.536,0.7342850711507455,0.008944542124542125,Graze+Frag
60987557.734,E34,FRAG0077,0.005527805527805527,0.008027639027639028,1379.890,1562.631,1.0607,2.0339,0.47767082268449457,0.0,Graze+Merge
61518695.032,E9,E57,0.699000999000998,0.007980186480186481,6926.063,1559.546,1.4755,12.032,0.9817408024932163,0.0,Hit+Run
62038177.433,E9,P269,0.699000999000998,0.0025,6926.063,1059.189,2.7184,22.763,0.5399295748347183,0.0,Merge
62539241.928,E34,P360,0.013555444555444555,0.0025,1860.794,1059.189,16.203,33.945,0.6431246048539325,0.01052780552780553,Graze+Frag
62539281.32,E34,FRAG0078,0.005527639027639024,0.01052780552780553,1379.877,1710.434,1.0504,2.1390,0.8151170205849968,0.0,Graze+Merge
64286559.354,E9,FRAG0068,0.7015009990009979,0.005994671994671995,6934.310,1417.693,2.7318,22.463,0.9802015229572076,0.0,Hit+Run
64728124.791,E9,FRAG0068,0.7015009990009979,0.005994671994671995,6934.310,1417.693,1.0764,8.8511,0.18440010015991512,0.0,Merge
68902879.437,P186,FRAG0035,0.0025,0.006817182817182818,1059.189,1479.774,19.596,33.538,0.8775672734181176,0.0,Graze+Frag
68935174.588,P20,FRAG0062,0.01,0.007413253413253414,1681.359,1521.703,7.6978,16.035,0.8010839279697776,0.00806064602064602,Graze+Frag
70084730.655,E17,P614,0.8420904402036771,0.0025,7369.648,1059.189,1.5516,13.876,0.910622374379303,0.0,Hit+Run
70523099.533,E17,P614,0.8420904402036771,0.0025,7369.648,1059.189,1.2944,11.576,0.831582275825401,0.0,Merge
71367143.008,E54,P393,0.026711788211788212,0.0025,2332.893,1059.189,3.0845,8.0870,0.6610618933937737,0.0,Merge
73172140.914,E17,P365,0.844590440203677,0.0025,7376.934,1059.189,2.106,18.854,0.8441900729239703,0.0,Merge
75230263.487,E9,P368,0.7074956709956699,0.0025,6954.006,1059.189,2.1178,17.810,0.9552954861390501,0.0,Hit+Run
76869836.625,E9,P368,0.7074956709956699,0.0025,6954.006,1059.189,1.2472,10.488,0.5805711121248407,0.0,Merge
77682065.103,E17,P24,0.847090440203677,0.01,7384.205,1681.359,1.2048,10.466,0.8798590062569905,0.0,Hit+Run
78017164.051,E9,FRAG0073,0.7099956709956698,0.005994671994671995,6962.188,1417.693,1.7815,14.712,0.6555183852842257,0.0,Merge
78176058.408,E9,E29,0.7159903429903418,0.005528138528138535,6981.727,1379.918,3.0618,25.410,0.9935313480320469,0.0,Hit+Run
78188232.642,E9,E29,0.7159903429903418,0.005528138528138535,6981.727,1379.918,1.0474,8.6925,0.6380009269949467,0.0,Merge
80389151.375,E17,P24,0.847090440203677,0.01,7384.205,1681.359,1.5648,13.593,0.9990252464119597,0.0,Hit+Run
80828312.127,E41,P204,0.04337296037296038,0.0025,2741.996,1059.189,3.4038,10.564,0.8737746356634779,0.0,Hit+Run
81207440.312,E17,P186,0.847090440203677,0.009317016317016317,7384.205,1642.175,2.2033,19.174,0.35356958162316215,0.0,Merge
81457507.662,E58,FRAG0079,0.0833762903762904,0.00806060606060606,3409.374,1564.767,2.6052,9.9793,0.9410126358606357,0.0,Hit+Run
81497852.288,E17,P428,0.8564074565206933,0.0025,7411.179,1059.189,1.6443,14.793,0.7704840620474654,0.0,Merge
82386607.516,E17,P24,0.8589074565206932,0.01,7418.384,1681.359,0.9979,8.7119,0.8113169293927539,0.0,Perfect
84412147.104,E9,P267,0.7215184815184803,0.0025,6999.650,1059.189,3.6174,30.633,0.7498347034368965,0.0,Merge
85592373.53,E9,P471,0.7240184815184803,0.0025,7007.725,1059.189,3.3992,28.820,0.7709708115877899,0.0,Merge
92332940.818,E9,E34,0.7265184815184802,0.016055444555444554,7015.781,1968.798,2.3269,18.899,0.9229092647306205,0.01052780552780553,Hit+Run+Frag
99115767.962,E17,P137,0.8689074565206932,0.0025000000000000022,7447.063,1059.189,1.6616,15.025,0.5737902590409578,0.0,Merge
101726229.415,E64,P424,0.05750000000000001,0.0025,3012.195,1059.189,1.5078,5.1713,0.3381832938819201,0.0,Merge
102456529.284,E41,P106,0.04337296037296038,0.0025,2741.996,1059.189,3.0603,9.4981,0.9039993176037897,0.0,Hit+Run
110077000.948,E9,P20,0.7265183150183138,0.009352647352647354,7015.781,1644.265,2.7323,22.502,0.239880084283881,0.0,Merge
115172215.9,E9,E35,0.7358709623709612,0.06000000000000001,7045.758,3055.232,2.4768,19.642,0.8773549982593505,0.054473526473526476,Hit+Run+Frag
115175296.886,E9,FRAG0089,0.7358696303696293,0.006052614052614053,7045.754,1422.246,1.0419,8.7130,0.7021624373618836,0.0,Merge
115178916.023,E9,FRAG0086,0.7419222444222433,0.006052614052614053,7065.018,1422.246,1.116,9.3601,0.7468524544905432,0.0,Merge
115242565.221,E9,FRAG0087,0.7479748584748573,0.006052614052614053,7084.178,1422.246,1.1119,9.3528,0.7870823796852616,0.0,Merge
115469064.744,E9,FRAG0084,0.7540274725274714,0.006052614052614053,7103.236,1422.246,1.0136,8.5505,0.637713688072365,0.0,Merge
115622188.541,E9,E35,0.7600800865800854,0.005527805527805528,7122.191,1379.890,1.1648,9.8752,0.7120446994743103,0.0,Merge
115624798.63,E9,FRAG0088,0.7656078921078909,0.006052614052614053,7139.415,1422.246,1.0627,9.0136,0.957129723345176,0.0,Hit+Run
115733889.448,E9,FRAG0088,0.7656078921078909,0.006052614052614053,7139.415,1422.246,1.0653,9.0357,0.6549308979920728,0.0,Merge
122840365.38,E17,FRAG0071,0.8714074565206933,0.006774225774225774,7454.198,1476.659,1.9494,17.270,0.9096086127229646,0.0,Hit+Run
125894870.725,E17,P119,0.8714074565206933,0.005000000000000003,7454.198,1334.495,2.2473,20.049,0.845952466367131,0.0,Merge
126023504.079,E17,E58,0.8764074565206933,0.0833762903762904,7468.428,3409.374,1.3127,11.016,0.23055190953847235,0.01966833166833167,Fragment
126178073.21,E9,FRAG0091,0.771660506160505,0.0065561105561105565,7158.179,1460.638,1.4646,12.433,0.9576832112258366,0.0,Hit+Run
126443527.828,E9,FRAG0091,0.771660506160505,0.0065561105561105565,7158.179,1460.638,1.0866,9.2247,0.8026234110906674,0.0,Merge
129411739.715,E17,FRAG0092,0.9401154152286519,0.0065561105561105565,7645.177,1460.638,1.0066,9.1696,0.3714358713077707,0.0,Merge
129527957.708,E17,P465,0.9466715257847625,0.0025,7662.908,1059.189,1.788,16.664,0.6602397047885764,0.0,Merge
130179274.186,P619,FRAG0081,0.0025,0.006052614052614053,1059.189,1422.246,5.9765,9.9129,0.9374807818239405,0.0,Hit+Run
132952147.517,P219,P279,0.0025,0.0025,1059.189,1059.189,17.67,24.253,0.5371,0.0,Graze+Frag
133446751.462,E9,FRAG0080,0.7782166167166156,0.01052780552780553,7178.395,1710.434,2.5783,21.698,0.9011727472833573,0.0,Hit+Run
133532415.68,E9,FRAG0080,0.7782166167166156,0.01052780552780553,7178.395,1710.434,1.1091,9.3341,0.6195714057852781,0.0,Merge
137661254.066,E57,P549,0.007980186480186481,0.0025,1559.546,1059.189,8.5831,15.340,0.9426705954183935,0.0,Hit+Run
138252292.017,E9,E34,0.7887444222444211,0.005527805527805528,7210.620,1379.890,3.2839,28.211,0.8440708044131263,0.0,Hit+Run
138899986.871,E9,E34,0.7887444222444211,0.005527805527805528,7210.620,1379.890,1.0091,8.6689,0.7258874618699995,0.0,Merge
139183653.879,E9,FRAG0072,0.7942722277722266,0.006774225774225774,7227.425,1476.659,2.7085,23.214,0.5692870506344204,0.0,Merge
139844765.868,E17,P798,0.9491715257847625,0.0025,7669.647,1059.189,2.7746,25.883,0.8564262406227746,0.0,Merge
155753813.335,E17,E73,0.9516715257847624,0.008345987345987346,7676.375,1583.020,2.0488,18.638,0.2696026202393403,0.0,Merge
158271344.476,E64,FRAG0065,0.06000000000000001,0.006405594405594406,3055.232,1449.373,3.4849,11.954,0.16264346931535698,0.01147959373959374,Fragment
161000153.905,E17,FRAG0090,0.9600175131307498,0.0065561105561105565,7698.750,1460.638,1.6484,15.128,0.6778882924356964,0.0,Merge
162782950.582,E9,P96,0.8010464535464524,0.005,7247.914,1334.495,3.4021,29.456,0.7237434028770758,0.0,Merge
162843391.21,E64,FRAG0094,0.054926406926406934,0.00573959373959374,2966.567,1397.293,2.0367,6.7845,0.6373836972876645,0.0,Merge
172299868.924,E17,P551,0.9665736236868604,0.0025,7716.235,1059.189,2.2321,20.956,0.9359273987732262,0.0,Hit+Run
172681101.811,E17,P551,0.9665736236868604,0.0025,7716.235,1059.189,1.0512,9.8693,0.6297549821508687,0.0,Merge
173641915.077,E9,FRAG0030,0.8060464535464524,0.0071355311355311354,7262.963,1502.458,3.8706,33.307,0.891068401963325,0.0,Hit+Run
173658551.754,E9,FRAG0030,0.8060464535464524,0.0071355311355311354,7262.963,1502.458,1.036,8.9150,0.45564302979322346,0.0,Merge
181811314.239,E54,E36,0.02921178821178821,0.027500000000000004,2403.513,2355.617,2.3115,7.1289,0.6980552638282759,0.0,Hit+Run
182513385.131,E9,FRAG0085,0.8131819846819835,0.006052614052614053,7284.332,1422.246,1.3215,11.452,0.9974504704542243,0.0,Hit+Run
182575684.572,E9,FRAG0085,0.8131819846819835,0.006052614052614053,7284.332,1422.246,1.1263,9.7609,0.35381798687727856,0.0,Merge
