time_yr,target,projectile,Mt_Mearth,Mp_Mearth,Rt_km,Rp_km,vimp/vesc,vimp_km/s,b,m_frag_Mearth,Regime
3440.348,E3,P29,0.15999737176325343,0.0025,4236.736,1059.189,1.8169,8.9916,0.43351952524815657,0.0,Merge
6277.065,E21,P297,0.14250000000000004,0.0025,4076.293,1059.189,1.0077,4.7838,0.5981705219828325,0.0,Merge
22430.125,E9,P38,0.030000000000000002,0.0025,2424.939,1059.189,1.8867,5.1481,0.6152603073748432,0.0,Merge
26773.081,E21,P242,0.14500000000000005,0.0025,4099.993,1059.189,1.0974,5.2423,0.9662734769511048,0.0,Hit+Run
76688.028,E59,P312,0.027500000000000004,0.0025,2355.617,1059.189,1.2865,3.4067,0.4346583464230599,0.0,Merge
78537.572,E15,P134,0.13594097852468248,0.0025,4012.767,1059.189,1.0994,5.1316,0.677239307214718,0.0,Merge
104887.427,E29,P368,0.06,0.0025,3055.232,1059.189,1.0252,3.5698,0.7307597457287011,0.0,Merge
110654.71,E25,P126,0.07360905969532561,0.0025,3270.676,1059.189,1.0938,4.0970,0.9960385887548718,0.0,Hit+Run
122599.757,E54,P615,0.025,0.0025,2281.955,1059.189,1.3992,3.5863,0.9555656943378155,0.0,Hit+Run
162453.976,E21,E20,0.14500000000000005,0.027500000000000004,4099.993,2355.617,1.0226,4.7226,0.9533567697341281,0.0,Graze+Merge
173823.346,E17,P175,0.030000000000000002,0.0025000000000000022,2424.939,1059.189,1.2992,3.5450,0.8587196461980561,0.0,Hit+Run
183191.555,E25,P60,0.07360905969532561,0.0025,3270.676,1059.189,1.6765,6.2797,0.9902221947510704,0.0,Hit+Run
231545.368,E33,P403,0.06,0.0025,3055.232,1059.189,1.1892,4.1409,0.49061372218570554,0.0,Merge
232018.873,E38,P372,0.027500000000000004,0.0025,2355.617,1059.189,1.1155,2.9539,0.5637934717212615,0.0,Merge
248883.32,E3,P63,0.16249737176325343,0.0025,4258.689,1059.189,1.1693,5.8190,0.9295973676386214,0.0,Hit+Run
259919.061,P2,P89,0.0025,0.0025,1059.189,1059.189,9.4355,12.951,0.47515,0.0,Merge
263638.869,E15,P88,0.13844097852468248,0.0025,4037.216,1059.189,1.3836,6.5006,0.8210834440800293,0.0,Hit+Run
280983.392,E59,P376,0.030000000000000002,0.0025,2424.939,1059.189,1.1218,3.0610,0.7051829676834741,0.0,Hit+Run
293635.649,E3,FRAG1004,0.16249737176325343,0.009053551952732252,4258.689,1626.547,2.0534,9.9047,0.6797708623953929,0.0,Merge
304656.934,P0,P59,0.0025,0.0025000000000000022,1059.189,1059.189,3.8224,5.2465,0.5011499999999999,0.0,Graze+Frag
308429.424,E15,P60,0.13844097852468248,0.0025,4037.216,1059.189,1.0498,4.9323,0.916302189838273,0.0,Hit+Run
325281.495,E59,P645,0.030000000000000002,0.0025,2424.939,1059.189,1.2543,3.4225,0.09110585320742869,0.0,Merge
351561.831,E2,P95,0.037500000000000006,0.0025,2612.187,1059.189,1.2691,3.7425,0.49157578521332873,0.0,Merge
353026.389,E3,P61,0.17155092371598568,0.0025,4336.355,1059.189,1.1966,6.0719,0.4830187545585016,0.0,Merge
362576.781,E0,P64,0.04,0.0025,2668.991,1059.189,3.3569,10.126,0.9490637866655471,0.0,Hit+Run
367545.87,E15,P135,0.13844097852468248,0.0025,4037.216,1059.189,1.519,7.1367,0.48385698759679874,0.0,Merge
378676.772,E78,P582,0.05,0.0025,2875.083,1059.189,1.6615,5.4225,0.4990488366442677,0.0,Merge
403701.708,E11,P67,0.025,0.0024999999999999905,2281.955,1059.189,2.5687,6.5839,0.6147556868511672,0.0,Merge
493759.622,E0,P184,0.04,0.0025,2668.991,1059.189,2.1844,6.5892,0.8968749429996208,0.0,Hit+Run
494864.575,E21,P239,0.17250000000000004,0.0025,4344.337,1059.189,1.0127,5.1489,0.8039013568817409,0.0,Merge
529100.596,E21,P170,0.17500000000000004,0.0025,4365.224,1059.189,1.06,5.4173,0.9843537088070986,0.0,Hit+Run
531768.97,E3,P42,0.17405092371598568,0.0025,4357.318,1059.189,1.3557,6.9150,0.9527923842299392,0.0,Hit+Run
610581.611,E17,P268,0.030000000000000002,0.0025,2424.939,1059.189,1.2284,3.3519,0.941125551620207,0.0,Hit+Run
633955.267,E25,E2,0.07360905969532561,0.04000000000000001,3270.676,2668.991,1.0991,4.2945,0.935058309006656,0.0,Hit+Run
638223.711,E11,P68,0.027499999999999993,0.0025,2355.617,1059.189,2.0125,5.3293,0.20722324593792604,0.0,Merge
659385.4,E0,P18,0.04,0.0025,2668.991,1059.189,2.8275,8.5291,0.6907683848182744,0.0,Merge
661788.14,E21,P176,0.17500000000000004,0.0025,4365.224,1059.189,1.4017,7.1636,0.1123412179116015,0.0,Merge
671826.282,E3,P84,0.17405092371598568,0.0025,4357.318,1059.189,1.0396,5.3027,0.9930954055486827,0.0,Hit+Run
682818.257,E56,E62,0.0775,0.025,3327.318,2281.955,1.023,3.9069,0.8167518579487505,0.0,Graze+Merge
685677.464,P2,P41,0.005,0.0025000000000000022,1334.495,1059.189,3.3943,5.3679,0.5349276460035477,0.0,Merge
723630.195,E21,P197,0.17750000000000005,0.0025,4385.912,1059.189,1.0378,5.3309,0.7662516193008788,0.0,Merge
758670.439,E29,P267,0.0625,0.0025,3097.090,1059.189,1.1965,4.2274,0.8501520788349939,0.0,Hit+Run
802119.537,E28,E30,0.03250000000000001,0.025,2490.510,2281.955,1.0195,3.1616,0.6799702428685519,0.0,Graze+Merge
817800.849,E39,P521,0.027500000000000004,0.0025,2355.617,1059.189,1.3163,3.4856,0.6913420009287267,0.0,Hit+Run
823230.261,E6,P259,0.027500000000000004,0.0025,2355.617,1059.189,1.579,4.1813,0.9596147051406422,0.0,Hit+Run
828539.987,E29,P267,0.0625,0.0025,3097.090,1059.189,1.1046,3.9027,0.644190088660577,0.0,Merge
828563.267,E28,P240,0.05750000000000001,0.0025,3012.195,1059.189,1.3461,4.6167,0.15803095946877738,0.0,Merge
837166.134,E15,P171,0.1409409785246825,0.0025,4061.373,1059.189,1.0421,4.9277,0.9739878696574377,0.0,Hit+Run
858628.525,E2,P33,0.04000000000000001,0.0025,2668.991,1059.189,1.6788,5.0641,0.31850228459493235,0.0,Merge
885742.395,E15,P243,0.1409409785246825,0.0025,4061.373,1059.189,1.1256,5.3225,0.7157383172466382,0.0,Merge
913214.451,E29,P484,0.065,0.0025,3137.846,1059.189,1.5698,5.6244,0.7901741833041628,0.0,Hit+Run
927287.757,E9,P44,0.0325,0.0025,2490.510,1059.189,3.1314,8.7848,0.444751478868225,0.0,Merge
953195.053,E3,P213,0.17405092371598568,0.0025,4357.318,1059.189,1.6795,8.5666,0.904203512220915,0.0,Hit+Run
993220.181,E17,P328,0.030000000000000002,0.0025,2424.939,1059.189,1.4811,4.0414,0.9237952556319337,0.0,Hit+Run
1149913.198,E21,P168,0.18000000000000005,0.0025,4406.407,1059.189,1.7598,9.0851,0.6918069531746881,0.0,Merge
1155102.117,E21,P198,0.18250000000000005,0.0025,4426.714,1059.189,1.3445,6.9755,0.3275309292344476,0.0,Merge
1171241.597,E33,P276,0.0625,0.0025,3097.090,1059.189,1.1654,4.1175,0.6674390542663723,0.0,Merge
1205260.897,E15,P170,0.1434409785246825,0.0025,4085.246,1059.189,1.0568,5.0288,0.5574649553987183,0.0,Merge
1217876.976,E29,P334,0.065,0.0025,3137.846,1059.189,1.1163,3.9996,0.35923805003089243,0.0,Merge
1233699.798,E21,P125,0.18500000000000005,0.0025,4446.835,1059.189,1.4247,7.4278,0.2520615621702691,0.0,Merge
1284335.193,E21,P105,0.18750000000000006,0.0025000000000000022,4466.777,1059.189,1.1966,6.2687,0.2222085309399429,0.0,Merge
1302353.879,E0,P213,0.0425,0.0025,2723.475,1059.189,2.0591,6.3451,0.5315674920030818,0.0,Merge
1358194.48,E50,E48,0.027500000000000004,0.025,2355.617,2281.955,1.1392,3.4244,0.9973946107596217,0.0,Hit+Run
1358446.064,E21,P217,0.19000000000000006,0.0025,4486.541,1059.189,1.2573,6.6180,0.19561815370419697,0.0,Merge
1386969.435,E35,P285,0.03250000000000001,0.0025,2490.510,1059.189,1.3397,3.7584,0.8726642836666643,0.0,Hit+Run
1387134.225,E25,P117,0.07360905969532561,0.0024999999999999905,3270.676,1059.189,2.213,8.2893,0.7037081368755035,0.0,Merge
1387239.223,E3,P39,0.17405092371598568,0.0025,4357.318,1059.189,1.173,5.9831,0.6191058923533951,0.0,Merge
1390888.666,E6,P263,0.027500000000000004,0.0025,2355.617,1059.189,1.7232,4.5632,0.8819404791332837,0.0,Hit+Run
1422735.305,E3,P64,0.17655092371598569,0.0025,4378.081,1059.189,1.3833,7.0920,0.9398274087250283,0.0,Hit+Run
1430455.91,URANUS,K603,15.97942390942391,0.035,19656.86,2552.798,1.0011,24.017,0.5261676367402016,0.0,Merge
1438776.064,E21,E14,0.19250000000000006,0.025,4506.133,2281.955,1.0054,5.0845,0.8372881226309415,0.0,Graze+Merge
1472874.097,E15,P20,0.1459409785246825,0.0025,4108.843,1059.189,1.6465,7.8837,0.12219914054555997,0.0,Merge
1476837.595,E0,P180,0.045000000000000005,0.0025,2775.862,1059.189,1.3332,4.1919,0.5723916924459657,0.0,Merge
1563209.43,E29,E28,0.0675,0.06000000000000001,3177.569,3055.232,1.1233,4.5390,0.18954884236476618,0.015713619713619714,Fragment
1566467.903,E3,P106,0.17655092371598569,0.0025000000000000022,4378.081,1059.189,2.2684,11.629,0.7276576672933585,0.0,Merge
1568856.646,E0,P104,0.04750000000000001,0.0025,2826.344,1059.189,2.7569,8.8356,0.7815204020491279,0.0,Hit+Run
1581599.196,E3,P119,0.1790509237159857,0.0025000000000000022,4398.649,1059.189,1.3933,7.1794,0.23372038958043906,0.0,Merge
1599241.593,E59,P407,0.0325,0.0025,2490.510,1059.189,1.0359,2.9061,0.7404806922188432,0.0,Graze+Merge
1600907.117,URANUS,K495,16.014423909423908,0.035,19671.20,2552.798,1.0027,24.073,0.8877001607185067,0.0,Graze+Merge
1601593.194,E3,P164,0.1815509237159857,0.0025,4419.027,1059.189,1.4244,7.3763,0.23570437414918086,0.0,Merge
1607288.069,E29,P381,0.11178638028638029,0.0025,3759.442,1059.189,1.1957,5.2025,0.6763455796620336,0.0,Merge
1611768.752,E0,P36,0.04750000000000001,0.0025,2826.344,1059.189,2.0339,6.5184,0.5452603251824518,0.0,Merge
1628965.404,E25,P191,0.0761090596953256,0.0025,3307.292,1059.189,2.1936,8.3154,0.997077158731182,0.0,Hit+Run
1636501.123,E40,P417,0.025,0.0025,2281.955,1059.189,1.2975,3.3257,0.8144607894345257,0.0,Hit+Run
1640713.038,P4,P118,0.0025,0.0025,1059.189,1059.189,3.3865,4.6482,0.6582,0.0,Hit+Run
1656313.85,NEPTUNE,K742,16.01442390942391,0.035,19671.20,2552.798,0.9998,24.004,0.6537594363412994,0.0,Perfect
1717611.952,E3,P5,0.1840509237159857,0.0025,4439.218,1059.189,1.4669,7.6337,0.8101900383097396,0.0,Hit+Run
1732994.882,E21,E11,0.21750000000000005,0.029999999999999992,4693.321,2424.939,1.0303,5.4277,0.23320692148688124,0.0,Merge
1789384.955,E9,P42,0.035,0.0025,2552.798,1059.189,1.924,5.5386,0.9441568126162625,0.0,Hit+Run
1827169.673,E0,P87,0.05000000000000001,0.0025,2875.083,1059.189,2.2941,7.4871,0.2741882025317458,0.0,Merge
1828833.402,E29,P325,0.11428638028638029,0.0025,3787.261,1059.189,1.2938,5.6742,0.8865555179997978,0.0,Hit+Run
1868814.697,E3,P172,0.1840509237159857,0.0025,4439.218,1059.189,1.3723,7.1414,0.8377211596912663,0.0,Hit+Run
1878891.061,E21,P147,0.24750000000000005,0.0025,4899.881,1059.189,1.1096,6.4210,0.07688092434989796,0.0,Merge
1879013.491,E21,P190,0.25000000000000006,0.0025,4916.324,1059.189,1.2829,7.4506,0.5423534839844294,0.0,Merge
1883169.176,E2,P6,0.04250000000000001,0.0025000000000000022,2723.475,1059.189,2.4202,7.4578,0.8706820643089895,0.0,Hit+Run
1897030.999,E15,P144,0.1484409785246825,0.0025,4132.172,1059.189,2.2386,10.784,0.9188686011350565,0.0,Hit+Run
1906357.428,E36,P480,0.030000000000000002,0.0025,2424.939,1059.189,1.0497,2.8642,0.8402061573109849,0.0,Hit+Run
1925227.705,NEPTUNE,K774,16.04942390942391,0.035,19685.52,2552.798,0.9999,24.025,0.6543451932791445,0.0,Perfect
1954959.602,NEPTUNE,K730,16.08442390942391,0.035,19699.82,2552.798,0.9998,24.041,0.7675386333325611,0.0,Perfect
1955337.698,E15,P244,0.1484409785246825,0.0025,4132.172,1059.189,1.561,7.5200,0.9361411657960323,0.0,Hit+Run
1982437.135,P0,P34,0.005,0.0025,1334.495,1059.189,10.854,17.165,0.5328091206728408,0.0,Fragment
2003037.181,E29,P222,0.11428638028638029,0.0025,3787.261,1059.189,1.2585,5.5194,0.2964041498257588,0.0,Merge
2005913.237,P2,FRAG1003,0.007500000000000002,0.006559021475317513,1527.616,1460.854,1.5764,3.0547,0.9319650359811784,0.0,Hit+Run
2049909.314,E3,P229,0.1840509237159857,0.0025,4439.218,1059.189,1.9528,10.162,0.6835145853841808,0.0,Merge
2057788.37,E21,P370,0.25250000000000006,0.0025,4932.657,1059.189,1.1609,6.7661,0.8182887874540817,0.0,Merge
2066616.666,E29,P330,0.11678638028638029,0.0025,3814.678,1059.189,1.1115,4.9127,0.8995339093492166,0.0,Hit+Run
2090006.109,E21,P225,0.25500000000000006,0.0025,4948.883,1059.189,1.1888,6.9532,0.9586285341464238,0.0,Hit+Run
2123445.873,E54,P375,0.025,0.0025,2281.955,1059.189,3.3236,8.5189,0.3393074383153647,0.0,Merge
2159472.248,E3,P63,0.1865509237159857,0.0025,4459.227,1059.189,1.2532,6.5532,0.6639851556104903,0.0,Merge
2203210.176,E2,P104,0.04250000000000001,0.0025,2723.475,1059.189,1.8333,5.6493,0.9288571331886442,0.0,Hit+Run
2307840.107,P1,P162,0.0025,0.0025,1059.189,1059.189,14.795,20.307,0.7508,0.0,Graze+Frag
2364122.592,E3,P42,0.1890509237159857,0.0025,4479.059,1059.189,2.0719,10.886,0.7531080271365218,0.0,Merge
2372675.458,E33,P430,0.065,0.0025,3137.846,1059.189,1.0229,3.6649,0.7681189856435775,0.0,Graze+Merge
2380132.061,E12,P455,0.030000000000000002,0.0025,2424.939,1059.189,1.5888,4.3353,0.2597456410772528,0.0,Merge
2383778.398,E25,P271,0.0761090596953256,0.0025,3307.292,1059.189,2.2522,8.5375,0.9642805612129046,0.0,Hit+Run
2417543.634,E15,P146,0.1484409785246825,0.0025,4132.172,1059.189,2.5217,12.148,0.6805549670568894,0.0,Merge
2536246.384,E0,P101,0.05250000000000001,0.0025,2922.224,1059.189,2.1529,7.1489,0.30202718791572725,0.0,Merge
2539941.801,E35,P220,0.03250000000000001,0.0025,2490.510,1059.189,2.7109,7.6051,0.9059206649544916,0.0,Hit+Run
2553485.352,E9,P82,0.035,0.0025,2552.798,1059.189,5.3813,15.491,0.825916349444842,0.0,Hit+Run
2567350.0,E21,P159,0.25500000000000006,0.0025,4948.883,1059.189,1.5112,8.8389,0.8749400489519947,0.0,Hit+Run
2593194.832,E2,P328,0.04250000000000001,0.0025,2723.475,1059.189,4.7077,14.506,0.2784195437594362,0.0,Merge
2593386.929,E3,P66,0.1915509237159857,0.0025,4498.716,1059.189,1.1909,6.2868,0.49642123731194593,0.0,Merge
2634192.891,E15,P290,0.1509409785246825,0.0025,4155.241,1059.189,2.027,9.8237,0.9695557992302503,0.0,Hit+Run
2644173.766,E21,P203,0.25500000000000006,0.0025,4948.883,1059.189,1.4329,8.3809,0.3751155133616441,0.0,Merge
2687667.539,E17,P271,0.030000000000000002,0.0025,2424.939,1059.189,3.0746,8.3895,0.658133650060692,0.0,Merge
2699372.48,E0,E9,0.055000000000000014,0.035,2967.891,2552.798,2.1529,7.7661,0.7748884833967354,0.0,Hit+Run
2758413.586,E2,P10,0.04500000000000001,0.0025,2775.862,1059.189,5.7621,18.117,0.681398001098422,0.0,Merge
2790086.112,E51,P495,0.06869447934631757,0.0025,3196.203,1059.189,1.8786,6.8650,0.7530475703827857,0.0,Hit+Run
2792339.16,E49,P434,0.025,0.0025,2281.955,1059.189,1.0472,2.6841,0.8685532796007432,0.0,Hit+Run
2838088.935,E56,P439,0.10250000000000001,0.0025,3652.317,1059.189,1.061,4.4749,0.6769741569022695,0.0,Merge
2867412.066,E21,P199,0.25750000000000006,0.0025,4965.003,1059.189,1.2528,7.3531,0.727089225181513,0.0,Merge
2874556.747,E0,P85,0.055000000000000014,0.0025000000000000022,2967.891,1059.189,1.942,6.5560,0.28683388377865343,0.0,Merge
2878948.906,P4,P64,0.0025,0.0025,1059.189,1059.189,9.7694,13.409,0.2134,0.0,Merge
2908918.359,E29,P347,0.11678638028638029,0.0025,3814.678,1059.189,1.7507,7.7379,0.11176667732973822,0.0,Merge
2966405.649,P1,P40,0.005,0.0025,1334.495,1059.189,13.579,21.475,0.7808438363653666,0.0,Graze+Frag
3073467.346,E15,P188,0.1509409785246825,0.0025,4155.241,1059.189,1.9557,9.4782,0.4581224862147374,0.0,Merge
3087272.135,NEPTUNE,K902,16.11942390942391,0.035,19714.10,2552.798,1.0,24.064,0.1538746244658125,0.0,Perfect
3147646.553,E3,P137,0.1940509237159857,0.0025,4518.203,1059.189,3.3681,17.863,0.7588944572581839,0.0,Merge
3181419.748,E0,P270,0.057500000000000016,0.0025,3012.195,1059.189,2.04,6.9966,0.8004386472344114,0.0,Hit+Run
3213931.72,NEPTUNE,K928,16.15442390942391,0.035,19728.36,2552.798,1.0004,24.092,0.72011853913317,0.0,Merge
3219564.179,NEPTUNE,K806,16.189423909423912,0.035,19742.59,2552.798,0.9999,24.098,0.36500355273664986,0.0,Perfect
3262429.692,E3,P149,0.1965509237159857,0.0025,4537.523,1059.189,1.8358,9.7813,0.9471967309815797,0.0,Hit+Run
3295278.707,E3,P58,0.1965509237159857,0.0025,4537.523,1059.189,3.2244,17.179,0.6359506255088172,0.0,Merge
3314584.216,E2,P103,0.047500000000000014,0.0025,2826.344,1059.189,2.3529,7.5408,0.6140725273733002,0.0,Merge
3460182.962,E3,P1,0.1990509237159857,0.007499833499833501,4556.680,1527.604,1.0169,5.2935,0.10440030605356708,0.0,Merge
3494441.827,E3,P6,0.2065507572158192,0.0025000000000000022,4613.205,1059.189,1.5707,8.5190,0.8292130413683907,0.0,Hit+Run
3502660.528,E12,E46,0.0325,0.027500000000000004,2490.510,2355.617,1.566,4.9229,0.9207347320690574,0.0,Hit+Run
3520650.213,E21,P159,0.26000000000000006,0.0025,4981.020,1059.189,1.3608,8.0147,0.9077675922751924,0.0,Hit+Run
3558027.628,E36,P516,0.030000000000000002,0.0025,2424.939,1059.189,2.2545,6.1517,0.11407371536056198,0.0,Merge
3600124.107,P4,FRAG1003,0.005,0.006559021475317513,1334.495,1460.854,5.0503,9.1752,0.599039579398852,0.006031302031302032,Graze+Frag
3699032.367,E15,P142,0.1534409785246825,0.0025,4178.056,1059.189,1.597,7.7855,0.6653303683196112,0.0,Merge
3711011.533,E51,P424,0.06869447934631757,0.0025,3196.203,1059.189,1.3223,4.8321,0.8987599468582103,0.0,Hit+Run
3729976.352,E15,E29,0.1559409785246825,0.11928638028638029,4200.625,3841.706,1.0159,5.3096,0.6866867027632737,0.006579746919746919,Graze+Merge
3752534.248,E0,P196,0.057500000000000016,0.0025000000000000022,3012.195,1059.189,2.0795,7.1321,0.8383927119382889,0.006579746919746919,Hit+Run
3756509.863,E21,P82,0.26000000000000006,0.0025,4981.020,1059.189,1.1138,6.5599,0.9890774438361789,0.0,Hit+Run
3778914.303,E3,P15,0.2065507572158192,0.0025,4613.205,1059.189,1.2234,6.6354,0.8760575599862991,0.0,Hit+Run
3793569.291,E3,E9,0.2065507572158192,0.035,4613.205,2552.798,1.2,6.2244,0.5811245081403189,0.0,Merge
3853239.885,E15,P336,0.2752273588110628,0.0025,5076.422,1059.189,1.6481,9.9065,0.935755605982694,0.0,Hit+Run
3874254.642,E15,P567,0.2752273588110628,0.0025,5076.422,1059.189,1.3188,7.9271,0.8214130553665948,0.0,Merge
3915867.816,E25,E0,0.0761090596953256,0.057500000000000016,3307.292,3012.195,1.7387,7.1426,0.1889287015500162,0.0387902097902098,Fragment
3972932.78,P4,P156,0.005527719444015482,0.0025,1379.883,1059.189,6.8977,11.180,0.4833690308787372,0.0,Fragment
4037876.015,E2,P228,0.05000000000000002,0.0025,2875.083,1059.189,1.7121,5.5877,0.5336146734772943,0.0,Merge
4094281.454,E3,P232,0.2415507572158192,0.0025,4860.302,1059.189,2.1111,12.110,0.2155302038965276,0.0,Merge
4113570.338,P12,P272,0.0025,0.0025,1059.189,1059.189,10.681,14.661,0.301,0.0,Merge
4125187.586,E25,P73,0.0948188499051158,0.0025,3558.705,1059.189,1.765,7.2389,0.7326413954565543,0.0,Merge
4135381.134,E3,P92,0.2440507572158192,0.0025,4877.012,1059.189,2.1049,12.119,0.5410045903487858,0.0,Merge
4258492.408,E46,P382,0.027500000000000004,0.0025,2355.617,1059.189,2.0291,5.3732,0.45314564000207597,0.0,Merge
4261286.865,E21,P469,0.26000000000000006,0.0025,4981.020,1059.189,1.3796,8.1254,0.1342519658633733,0.0,Merge
4262362.008,E3,P65,0.2465507572158192,0.0025,4893.609,1059.189,1.3512,7.8083,0.4481095901551901,0.0,Merge
4345957.216,E3,FRAG0010,0.2490507572158192,0.005541458541458542,4910.094,1381.026,1.0931,6.2126,0.8547818003113318,0.0,Hit+Run
4392546.631,E3,FRAG0010,0.2490507572158192,0.005541458541458542,4910.094,1381.026,1.0656,6.0563,0.9894926647504624,0.0,Hit+Run
4396428.325,E3,P6,0.2490507572158192,0.0025000000000000022,4910.094,1059.189,1.0797,6.2619,0.15110426551099082,0.0,Merge
4498873.359,P12,P126,0.005,0.0025,1334.495,1059.189,5.6005,8.8568,0.6140935925720771,0.0,Graze+Frag
4547381.531,E48,P490,0.025,0.0025,2281.955,1059.189,3.2606,8.3574,0.20899371200584052,0.0,Merge
4610915.764,E6,P233,0.027500000000000004,0.0025,2355.617,1059.189,3.4595,9.1611,0.9098783668179907,0.0,Hit+Run
4710149.197,E3,P148,0.2515507572158192,0.0025,4926.468,1059.189,2.5048,14.579,0.879753205911548,0.0,Hit+Run
4710157.454,E3,P148,0.2515507572158192,0.0025,4926.468,1059.189,1.0491,6.1063,0.774568006439665,0.0,Merge
4716890.847,E15,P299,0.2777273588110628,0.0025,5091.746,1059.189,1.688,10.179,0.3981718963323962,0.0,Merge
4835914.446,E3,P19,0.2540507572158192,0.0025,4942.735,1059.189,2.4883,14.534,0.9891358364458603,0.0,Hit+Run
4895477.914,E54,P424,0.0275,0.0025,2355.617,1059.189,2.3737,6.2858,0.47756542331167173,0.0,Merge
4954153.056,E12,P291,0.0325,0.0025,2490.510,1059.189,2.0827,5.8428,0.8967295553580668,0.0,Hit+Run
4954728.477,E3,P19,0.2540507572158192,0.0025,4942.735,1059.189,1.133,6.6180,0.6409494808973549,0.0,Merge
4988176.695,E3,P130,0.2565507572158192,0.0025,4958.895,1059.189,2.0342,11.923,0.44166338312151093,0.0,Merge
5001892.388,E21,P12,0.26250000000000007,0.0075001665001665,4996.934,1527.627,1.3567,7.7973,0.8491146405399238,0.0,Hit+Run
5091009.46,E38,E47,0.030000000000000002,0.025,2424.939,2281.955,1.8484,5.6450,0.9724188381439313,0.0,Hit+Run
5110370.063,E3,P270,0.2590507572158192,0.0025,4974.951,1059.189,1.369,8.0525,0.33597036367279165,0.0,Merge
5378193.479,E33,E41,0.0675,0.025,3177.569,2281.955,1.1821,4.3471,0.34595452406226335,0.0075154845154845155,Fragment
5386343.649,P12,P290,0.0075001665001665,0.0025,1527.627,1059.189,5.2014,9.1368,0.9988448126783829,0.0,Hit+Run
5508022.734,E15,P31,0.2802273588110628,0.0025,5106.978,1059.189,1.1949,7.2287,0.5706474305040218,0.0,Merge
5560867.258,E3,P189,0.2615507572158192,0.0025,4990.903,1059.189,1.1313,6.6772,0.9833165434812501,0.0,Hit+Run
5562873.808,E3,E25,0.2615507572158192,0.0973188499051158,4990.903,3589.711,1.1533,6.6635,0.9804852441583577,0.0,Hit+Run
5588390.262,E3,E25,0.2615507572158192,0.0973188499051158,4990.903,3589.711,1.0652,6.1545,0.6937324261183327,0.006293959373959374,Graze+Merge
5610571.075,E15,P344,0.2827273588110628,0.0025,5122.120,1059.189,1.0064,6.1077,0.7669950859236796,0.006293959373959374,Merge
5615794.38,E21,P30,0.26250000000000007,0.0025,4996.934,1059.189,2.4206,14.305,0.7160255253625941,0.0,Merge
5694254.106,E3,P149,0.358869607120935,0.0025,5545.909,1059.189,1.6409,10.843,0.6861542685535856,0.0,Merge
5769165.267,P24,P236,0.0025,0.0025,1059.189,1059.189,5.2016,7.1396,0.79,0.0,Hit+Run
5779578.661,E3,P24,0.361369607120935,0.0025,5558.757,1059.189,1.4813,9.8132,0.3182577722853436,0.0,Merge
5870099.923,E3,P4,0.363869607120935,0.008027639027639028,5571.546,1562.631,1.251,8.0696,0.9946376568999269,0.0,Hit+Run
5942296.607,P2,FRAG0009,0.007500000000000002,0.005541458541458542,1527.616,1381.026,1.7403,3.2923,0.35703032943271196,0.0,Merge
5951451.353,E17,P223,0.0325,0.0025,2490.510,1059.189,6.6158,18.559,0.8808731372756848,0.0,Hit+Run
5998712.116,E21,P23,0.26500000000000007,0.0025,5012.747,1059.189,1.8556,11.003,0.08891279024062619,0.0,Merge
6060745.943,NEPTUNE,K839,16.224423909423912,0.035,19756.81,2552.798,1.0,24.119,0.6693168772876225,0.0,Perfect
6129208.764,P5,P268,0.0025,0.0025,1059.189,1059.189,3.917,5.3764,0.99985,0.0,Hit+Run
6150035.831,E3,P99,0.363869607120935,0.0025000000000000022,5571.546,1059.189,1.5783,10.481,0.45516916256224194,0.0,Merge
6156147.195,E17,P223,0.0325,0.0025,2490.510,1059.189,1.1623,3.2607,0.08468449834263253,0.0,Merge
6169257.438,E6,P195,0.027500000000000004,0.0025,2355.617,1059.189,2.0419,5.4071,0.8860104430182164,0.0,Hit+Run
6232731.536,E21,P184,0.26750000000000007,0.0025,5028.461,1059.189,2.2522,13.400,0.9912946972068525,0.0,Hit+Run
6257814.989,E15,P195,0.2852273588110628,0.0025,5137.173,1059.189,1.0797,6.5732,0.5473471630926084,0.0,Merge
6380765.075,E2,P132,0.05250000000000002,0.0025,2922.224,1059.189,5.3708,17.834,0.5492270831527065,0.0,Merge
6404892.558,P14,P342,0.0025000000000000022,0.0025,1059.189,1059.189,4.897,6.7215,0.9370000000000002,0.0,Hit+Run
6483296.726,E3,P230,0.366369607120935,0.0025,5584.277,1059.189,1.7094,11.379,0.9556402804501586,0.0,Hit+Run
6519475.056,E59,P447,0.035,0.0025,2552.798,1059.189,2.7419,7.8931,0.7749591623877026,0.0,Hit+Run
6524817.044,E3,P290,0.366369607120935,0.0025,5584.277,1059.189,1.2786,8.5119,0.5857068760820392,0.0,Merge
6646730.733,E17,P12,0.035,0.0075001665001665,2552.798,1527.627,1.4679,4.2324,0.7057000064262763,0.0,Hit+Run
6666307.702,E3,P360,0.36886960712093503,0.0025,5596.950,1059.189,1.5993,10.672,0.19743633575417455,0.0,Merge
6677295.942,E56,P422,0.10500000000000001,0.0025,3681.772,1059.189,2.0502,8.7221,0.7990309483545083,0.0,Hit+Run
6682238.145,P21,P70,0.0025,0.0025,1059.189,1059.189,10.683,14.663,0.97465,0.0,Hit+Run
6732422.909,E21,P244,0.26750000000000007,0.0025,5028.461,1059.189,1.5233,9.0635,0.7167289465597749,0.0,Merge
6784034.441,E2,P261,0.05500000000000002,0.0025,2967.891,1059.189,4.1817,14.117,0.7716214704939623,0.0,Hit+Run
6912129.569,E3,FRAG0004,0.37136960712093503,0.005541458541458542,5609.566,1381.026,1.6505,10.827,0.6701218724904955,0.0,Merge
6924857.557,E15,P397,0.2877273588110628,0.0025,5152.139,1059.189,1.0,6.1070,0.8047561627737291,0.0,Perfect
6955230.91,E34,P253,0.025,0.0025,2281.955,1059.189,5.2753,13.521,0.25687102969083864,0.009842490842490843,Fragment
7004242.66,E3,P136,0.3769110656623936,0.0025,5637.330,1059.189,2.1344,14.353,0.9442804849089587,0.0,Hit+Run
7114882.293,E2,P115,0.05500000000000002,0.0025,2967.891,1059.189,2.0402,6.8876,0.37844090267301783,0.0,Merge
7203949.301,E2,P166,0.05750000000000002,0.0025,3012.195,1059.189,2.4792,8.5030,0.89935596596557,0.0,Hit+Run
7217020.336,E3,P346,0.3769110656623936,0.0025,5637.330,1059.189,1.3797,9.2783,0.8374522834870574,0.0,Merge
7325388.251,E3,P166,0.3794110656623936,0.0025,5649.766,1059.189,1.052,7.0913,0.8724394273084803,0.0,Hit+Run
7341089.333,E40,P547,0.025,0.0025,2281.955,1059.189,2.9036,7.4423,0.8196514829353244,0.0,Hit+Run
7390494.167,P8,P216,0.0025,0.0025,1059.189,1059.189,1.6584,2.2763,0.58235,0.0,Hit+Run
7498906.984,E2,P196,0.05750000000000002,0.0025000000000000022,3012.195,1059.189,2.9358,10.069,0.8639913598672201,0.0,Hit+Run
7655098.096,E3,P0,0.3794110656623936,0.0075001665001665,5649.766,1527.627,1.5405,10.105,0.842419979011621,0.0,Hit+Run
7728803.523,E59,P406,0.035,0.0025,2552.798,1059.189,2.6792,7.7126,0.7332604933672973,0.0,Hit+Run
7731013.748,E3,P0,0.3794110656623936,0.0075001665001665,5649.766,1527.627,1.0597,6.9512,0.3812221975661821,0.0,Merge
7825820.232,E2,P254,0.05750000000000002,0.0025,3012.195,1059.189,2.348,8.0530,0.9271741498420965,0.0,Hit+Run
7964164.553,E3,P13,0.38691123216256007,0.0025,5686.752,1059.189,2.1177,14.374,0.7312925913165679,0.0,Merge
8182744.47,E21,P56,0.2700000000000001,0.0025,5044.077,1059.189,2.1212,12.663,0.746867626071294,0.0,Merge
8254003.442,E21,E6,0.2725000000000001,0.027500000000000004,5059.598,2355.617,1.1977,6.8061,0.7256542434989055,0.0,Hit+Run
8314229.972,E33,P335,0.08498451548451548,0.0025,3431.155,1059.189,2.0824,8.2119,0.4152219397668166,0.0,Merge
8350472.758,E21,P254,0.2725000000000001,0.0025,5059.598,1059.189,1.1174,6.6926,0.8598885945899237,0.0,Hit+Run
8647255.235,E15,FRAG0012,0.2902273588110628,0.009842490842490843,5167.017,1672.484,1.3279,7.8581,0.4629501135421945,0.0,Merge
8693614.43,E21,P139,0.2725000000000001,0.0025,5059.598,1059.189,1.0012,5.9966,0.513005946806028,0.0,Merge
8696964.477,E3,P4,0.3894112321625601,0.008027639027639028,5698.974,1562.631,1.1714,7.7425,0.7643256145366452,0.0,Merge
8698727.919,E17,P12,0.035,0.0075001665001665,2552.798,1527.627,3.3363,9.6197,0.9851647164179586,0.0,Hit+Run
8747881.442,E17,P12,0.035,0.0075001665001665,2552.798,1527.627,1.1038,3.1826,0.6931250329075103,0.0,Hit+Run
8752384.251,E59,P274,0.035,0.0025,2552.798,1059.189,1.8992,5.4672,0.9705188525223831,0.0,Hit+Run
8754546.933,E36,P330,0.0325,0.0025,2490.510,1059.189,2.335,6.5506,0.9391770462423191,0.0,Hit+Run
8833439.642,E3,P225,0.3974388711901991,0.0025,5737.869,1059.189,1.9333,13.249,0.7991751465109493,0.0,Merge
8869449.061,E15,P451,0.30006984965355366,0.0025,5224.779,1059.189,1.107,6.8627,0.7873790968597579,0.0,Merge
9041061.099,E3,FRAG1002,0.3999388711901991,0.005949076284014366,5749.874,1414.089,1.161,7.8075,0.734709841868985,0.0,Merge
9251682.166,E3,P484,0.4058879474742135,0.0025,5778.244,1059.189,3.73,25.754,0.46057381017365034,0.0,Merge
9351908.092,E36,P329,0.0325,0.0025,2490.510,1059.189,1.1122,3.1201,0.9950253152404428,0.0,Hit+Run
9386717.085,E2,P308,0.05750000000000002,0.0025,3012.195,1059.189,2.8966,9.9346,0.8981722134601859,0.0,Hit+Run
9659447.673,E3,P26,0.4083879474742135,0.0025,5790.083,1059.189,1.2952,8.9625,0.5102576818433876,0.0,Merge
9695916.931,E17,P8,0.035,0.0025,2552.798,1059.189,4.6962,13.519,0.44235927016731696,0.006123876123876125,Fragment
9734022.551,E3,FRAG0008,0.4108879474742135,0.005541458541458542,5801.874,1381.026,2.7527,18.725,0.7879447141036471,0.0,Merge
9935890.235,E21,P189,0.2750000000000001,0.0025,5075.023,1059.189,1.2224,7.3455,0.8744058921499046,0.0,Hit+Run
9944505.955,E21,P189,0.2750000000000001,0.0025,5075.023,1059.189,1.0451,6.2801,0.3933957817364742,0.0,Merge
9970518.329,E3,P227,0.416429406015672,0.0025,5827.840,1059.189,2.1952,15.296,0.7866322858049929,0.0,Merge
10013569.554,E15,P46,0.30256984965355366,0.0025,5239.249,1059.189,1.2446,7.7387,0.6682114087527604,0.0,Merge
10034944.993,E3,FRAG0010,0.418929406015672,0.005541458541458542,5839.479,1381.026,2.2978,15.740,0.7046512767820985,0.0,Merge
10037588.381,E6,P342,0.027500000000000004,0.0025,2355.617,1059.189,4.203,11.129,0.709139470120466,0.0,Hit+Run
10147823.73,P12,FRAG0006,0.0075001665001665,0.005541458541458542,1527.627,1381.026,9.4892,17.951,0.8996691720276652,0.0,Hit+Run
10257077.624,E21,P621,0.2775000000000001,0.0025,5090.356,1059.189,1.6667,10.047,0.944889504104375,0.0,Hit+Run
10274503.144,E3,P114,0.42447086455713057,0.0025,5865.114,1059.189,2.4939,17.496,0.43664551834751936,0.0,Merge
10312811.606,E3,P183,0.42697086455713057,0.0025,5876.606,1059.189,1.915,13.463,0.7663706090814923,0.0,Merge
10364806.11,E21,P175,0.2775000000000001,0.0025000000000000022,5090.356,1059.189,1.3638,8.2217,0.9655007600414744,0.0,Hit+Run
10500356.406,E46,P435,0.030000000000000002,0.0025,2424.939,1059.189,2.1973,5.9957,0.900688194314236,0.0,Hit+Run
10534659.454,E51,P336,0.06869447934631757,0.0025,3196.203,1059.189,1.3459,4.9183,0.628591174599395,0.0,Merge
10592719.123,E3,P37,0.42947086455713057,0.0025,5888.053,1059.189,2.0072,14.140,0.7044736678550485,0.0,Merge
10608285.809,E3,P316,0.4319708645571306,0.0025,5899.456,1059.189,1.6549,11.682,0.7443578056568029,0.0,Merge
10649949.743,P12,P141,0.0075001665001665,0.0025,1527.627,1059.189,10.458,18.371,0.6182987577594103,0.0,Graze+Frag
10666851.23,E35,E46,0.03250000000000001,0.030000000000000002,2490.510,2424.939,1.9154,6.1020,0.9472699141172503,0.0,Hit+Run
10702249.242,E3,FRAG0005,0.4344708645571306,0.005541458541458542,5910.815,1381.026,1.3789,9.5698,0.9715121068558293,0.0,Hit+Run
10734350.914,E51,E53,0.07119447934631758,0.025,3234.515,2281.955,1.9003,7.0896,0.9989437549649857,0.0,Hit+Run
10807356.446,E2,P260,0.05750000000000002,0.0025,3012.195,1059.189,2.7084,9.2891,0.7784652413532188,0.0,Hit+Run
10894740.364,E3,P234,0.4344708645571306,0.0025,5910.815,1059.189,1.3734,9.7154,0.7775642022707155,0.0,Merge
11129764.105,E3,P5,0.4369708645571306,0.0025,5922.131,1059.189,1.5292,10.839,0.8603279094040435,0.0,Hit+Run
11227937.193,E3,P187,0.4369708645571306,0.0025,5922.131,1059.189,1.3026,9.2334,0.6998328981052413,0.0,Merge
11313936.32,E21,P394,0.2775000000000001,0.0025,5090.356,1059.189,1.7048,10.277,0.7051698366592353,0.0,Merge
11366034.072,E2,P247,0.05750000000000002,0.0025,3012.195,1059.189,1.9142,6.5652,0.21011606970567775,0.0,Merge
11452695.363,E3,E17,0.4394708645571306,0.03137612387612388,5933.403,2461.464,1.3361,8.9398,0.5868472010848379,0.0,Merge
11452995.296,E15,P594,0.30506984965355366,0.0025,5253.639,1059.189,1.528,9.5288,0.5148922200405337,0.0,Merge
11487948.628,E6,P237,0.027500000000000004,0.0025,2355.617,1059.189,4.2542,11.265,0.9901049430582731,0.0,Hit+Run
11539169.218,E46,E6,0.030000000000000002,0.027500000000000004,2424.939,2355.617,2.0557,6.3695,0.3682130942665705,0.018960039960039962,Fragment
11583529.795,E21,P15,0.2800000000000001,0.0025,5105.596,1059.189,1.4776,8.9364,0.6772085865618761,0.0,Merge
11593043.938,E42,P473,0.025,0.0025,2281.955,1059.189,2.7167,6.9633,0.6710337321756156,0.0,Merge
11595854.299,E3,P138,0.47084698843325445,0.0025,6071.375,1059.189,1.6733,12.180,0.18680984044209722,0.0,Merge
11653685.311,E3,FRAG1005,0.47334698843325446,0.0088909403046744,6082.102,1616.750,1.1579,8.1874,0.804221106264208,0.0,Hit+Run
11676165.759,E15,FRAG0014,0.30756984965355366,0.006320013320013321,5267.951,1442.889,1.0896,6.6577,0.3984615402315449,0.0,Merge
11896128.014,E56,P487,0.10500000000000001,0.0025,3681.772,1059.189,1.1667,4.9634,0.3664716731737705,0.0,Merge
12103769.813,E3,FRAG1005,0.47334698843325446,0.0088909403046744,6082.102,1616.750,1.2,8.4850,0.4314985935574759,0.0,Merge
12137133.514,E3,P152,0.48223792873792887,0.0025,6119.946,1059.189,1.2293,9.0246,0.46186432721079596,0.0,Merge
12306146.468,E3,FRAG0013,0.48473792873792887,0.006123876123876125,6130.504,1427.806,1.0791,7.7693,0.23619071991402507,0.0,Merge
12388581.825,E3,P5,0.490861804861805,0.0025,6156.212,1059.189,1.0571,7.8095,0.5295839166053172,0.0,Merge
12537064.327,E21,P77,0.2825000000000001,0.0025,5120.747,1059.189,1.2538,7.6070,0.8031700215194378,0.0,Merge
12567982.404,E33,P412,0.08748451548451548,0.0025,3464.476,1059.189,2.4431,9.7350,0.6694346002602628,0.0,Merge
12586227.766,E49,P558,0.025,0.0025,2281.955,1059.189,4.3926,11.258,0.7824970452453971,0.0,Hit+Run
12804569.286,E15,P298,0.31388986297356697,0.0025,5303.789,1059.189,1.284,8.0891,0.7431830880984831,0.0,Merge
13027395.708,E15,P171,0.31638986297356697,0.0025,5317.833,1059.189,1.0053,6.3513,0.5337827602907551,0.0,Merge
13045584.626,P2,P145,0.013041458541458543,0.0025,1836.972,1059.189,4.3876,9.0806,0.9726654414335073,0.0,Hit+Run
13047373.612,E2,P100,0.060000000000000026,0.0025,3055.232,1059.189,1.476,5.1395,0.824991441423216,0.0,Hit+Run
13070201.877,E3,P621,0.493361804861805,0.0025,6166.646,1059.189,1.1112,8.2240,0.5257897678963884,0.0,Merge
13157543.647,E15,P303,0.318889862973567,0.0025,5331.802,1059.189,1.0712,6.7867,0.6420529028891382,0.0,Merge
13214564.23,E51,P14,0.07119447934631758,0.0025000000000000022,3234.515,1059.189,3.3703,12.474,0.7141432543512809,0.0,Merge
13247397.305,E15,P157,0.321389862973567,0.0025,5345.699,1059.189,1.4338,9.1093,0.6512601665066579,0.0,Merge
13328873.938,E15,P366,0.323889862973567,0.0025,5359.525,1059.189,1.867,11.894,0.593256211125104,0.0,Merge
13344226.131,E3,P165,0.495861804861805,0.0025,6177.044,1059.189,1.6795,12.452,0.6148674687294787,0.0,Merge
13463095.129,E51,P610,0.07369447934631758,0.0025,3271.941,1059.189,1.4195,5.3192,0.8415682625493952,0.0,Hit+Run
13504316.553,E65,P404,0.027500000000000004,0.0025,2355.617,1059.189,1.4413,3.8167,0.974997788976913,0.0,Hit+Run
13546668.442,E51,P468,0.07369447934631758,0.0025,3271.941,1059.189,2.1833,8.1814,0.498746289887891,0.0,Merge
13784677.322,E15,FRAG0005,0.326389862973567,0.005541458541458542,5373.279,1381.026,1.3399,8.3919,0.7493134322345104,0.0,Merge
13851350.858,E21,P236,0.2850000000000001,0.0025,5135.808,1059.189,1.1017,6.7053,0.9615031706073034,0.0,Hit+Run
13866045.57,E21,P211,0.2850000000000001,0.0025,5135.808,1059.189,1.1993,7.2993,0.8740410353261597,0.0,Hit+Run
13908802.469,E59,P538,0.035,0.0025,2552.798,1059.189,1.9863,5.7180,0.6230063854489373,0.0,Merge
13928868.805,E3,P112,0.498361804861805,0.0025,6187.408,1059.189,2.2775,16.916,0.5603727311698641,0.0,Merge
14008308.32,E15,P100,0.3319313215150255,0.0025,5403.517,1059.189,1.27,8.1622,0.13553301055650233,0.0,Merge
14116499.05,E59,P356,0.037500000000000006,0.0025,2612.187,1059.189,2.4374,7.1878,0.48623953048891144,0.0,Merge
14167163.478,P21,P109,0.0025,0.0025,1059.189,1059.189,14.494,19.894,0.61925,0.0,Graze+Frag
14566294.15,P60,P214,0.0025,0.0025,1059.189,1059.189,14.282,19.603,0.81775,0.0,Graze+Frag
14944195.08,E2,P501,0.060000000000000026,0.0025,3055.232,1059.189,1.4614,5.0887,0.8174915192284595,0.0,Hit+Run
14963366.936,E32,P402,0.025,0.0025,2281.955,1059.189,2.1615,5.5402,0.48089043340951737,0.0,Merge
15040187.959,E3,P268,0.500861804861805,0.0025,6197.737,1059.189,1.4207,10.571,0.8429417137508338,0.0,Merge
15238331.103,E21,P241,0.2850000000000001,0.0025,5135.808,1059.189,1.1153,6.7880,0.6778108228043898,0.0,Merge
15324673.369,E65,P220,0.027500000000000004,0.0025,2355.617,1059.189,4.633,12.268,0.9488534446991254,0.0,Hit+Run
15338079.631,E33,P384,0.08998451548451548,0.0025,3497.167,1059.189,1.6607,6.6845,0.6209364721857455,0.0,Merge
15373381.762,E34,P209,0.017657509157509157,0.0025,2032.218,1059.189,1.6377,3.7362,0.5676443612595303,0.0,Merge
15396211.707,E3,P283,0.5033618048618049,0.0025,6208.031,1059.189,2.1061,15.698,0.08303320196500935,0.0,Merge
15416108.453,E69,P118,0.025,0.0025,2281.955,1059.189,7.1883,18.424,0.8400044653463505,0.0,Hit+Run
15656316.143,E3,P236,0.5058618048618049,0.0025,6218.292,1059.189,1.5255,11.391,0.9393895233740899,0.0,Hit+Run
15687107.478,E3,P236,0.5058618048618049,0.0025,6218.292,1059.189,1.0633,7.9397,0.7647386059849104,0.0,Merge
16015275.763,E3,P266,0.5083618048618048,0.0025,6228.519,1059.189,1.5202,11.371,0.8423536699433446,0.0,Merge
16299238.31,P12,P84,0.01,0.0025,1681.359,1059.189,8.8316,16.851,0.8154185206680765,0.0,Graze+Frag
16314435.193,P52,P444,0.0025,0.0025,1059.189,1059.189,6.9258,9.5062,0.4148,0.0,Merge
16407284.428,P12,P301,0.012499833499833501,0.0025,1811.181,1059.189,9.6267,19.661,0.8385883692255894,0.0,Graze+Frag
16734798.453,E2,P377,0.060000000000000026,0.0025,3055.232,1059.189,1.9379,6.7479,0.833605213448877,0.0,Hit+Run
16810253.202,E21,P308,0.2875000000000001,0.0025,5150.781,1059.189,2.0282,12.382,0.5642661465658506,0.0,Merge
16921665.278,E3,P182,0.5108618048618048,0.0025,6238.712,1059.189,1.3235,9.9173,0.7523656210195202,0.0,Merge
16933500.82,E3,P231,0.5133618048618047,0.0025,6248.873,1059.189,3.2247,24.205,0.8014529575577051,0.0,Merge
17151387.208,E15,P438,0.3344313215150255,0.0025,5417.049,1059.189,1.6922,10.904,0.5784050751796352,0.0,Merge
17160282.052,E3,P233,0.5158618048618047,0.0025,6259.000,1059.189,2.7169,20.428,0.8962333844123491,0.0,Hit+Run
17489870.97,E3,P233,0.5158618048618047,0.0025,6259.000,1059.189,1.074,8.0756,0.9996350603121994,0.0,Hit+Run
17669789.906,E51,P166,0.07619447934631758,0.0025,3308.529,1059.189,2.6679,10.117,0.5943312714435947,0.0,Merge
17671142.709,E15,P342,0.33693132151502553,0.0025,5430.514,1059.189,1.4385,9.2946,0.32199647844335144,0.0,Merge
17880612.651,E15,FRAG0015,0.33943132151502553,0.006320013320013321,5443.912,1442.889,1.1742,7.4331,0.5937331293263443,0.0,Merge
17975270.378,E21,P261,0.2900000000000001,0.0025,5165.668,1059.189,2.071,12.683,0.5717632938913829,0.0,Merge
18377870.936,E33,P318,0.09248451548451549,0.0025,3529.258,1059.189,1.8829,7.6538,0.9214556622345847,0.0,Hit+Run
18646835.115,E3,P169,0.5158618048618047,0.0025,6259.000,1059.189,1.3219,9.9396,0.9434440751457794,0.0,Hit+Run
18807277.31,E3,P60,0.5158618048618047,0.005,6259.000,1334.495,1.5528,11.489,0.014919070905922344,0.0,Merge
18812967.932,E15,P432,0.34575133483503884,0.0025,5477.492,1059.189,1.5374,10.025,0.43088014106557604,0.0,Merge
18891735.788,E21,P431,0.2925000000000001,0.0025,5180.469,1059.189,1.9376,11.902,0.19784828005012123,0.0,Merge
19053571.611,E33,P418,0.09248451548451549,0.0025,3529.258,1059.189,1.1624,4.7250,0.7443177331756325,0.0,Merge
19228336.828,E21,P282,0.2950000000000001,0.0025,5195.187,1059.189,1.368,8.4293,0.7929367792916957,0.0,Merge
19390275.954,E15,P501,0.34825133483503884,0.0025,5490.662,1059.189,1.0818,7.0727,0.6253628307806169,0.0,Merge
19741985.644,E51,P395,0.07869447934631758,0.0025,3344.326,1059.189,2.7697,10.625,0.4905398745867403,0.0,Merge
19861476.13,E47,P218,0.025,0.0025,2281.955,1059.189,2.1421,5.4905,0.34190278506576405,0.0,Merge
20298142.74,E15,P280,0.35075133483503884,0.0025,5503.770,1059.189,2.1626,14.175,0.7780632329381029,0.0,Merge
20739768.395,E21,P145,0.2975000000000001,0.0025,5209.821,1059.189,2.106,13.015,0.9581932056311082,0.0,Hit+Run
20964148.408,E65,P666,0.027500000000000004,0.0025,2355.617,1059.189,5.3696,14.219,0.9936230474333844,0.0,Hit+Run
21021957.222,E15,P291,0.35325133483503884,0.0025,5516.815,1059.189,1.6468,10.821,0.9253410030563409,0.0,Hit+Run
21115118.229,E3,P238,0.5208618048618047,0.0025,6279.157,1059.189,1.8171,13.710,0.22084679809849928,0.0,Merge
21166317.116,E15,P400,0.35325133483503884,0.0025,5516.815,1059.189,1.5511,10.192,0.8297028576815242,0.0,Merge
21358559.957,E3,P201,0.5233618048618046,0.0025,6289.187,1059.189,1.3421,10.143,0.40644824588391654,0.0,Merge
21568891.287,E46,E40,0.03853996003996005,0.025,2636.114,2281.955,1.1583,3.7196,0.653337571880102,0.0,Hit+Run
21737692.901,E33,P153,0.09498451548451549,0.0025,3560.777,1059.189,1.4448,5.9294,0.628073149330848,0.0,Merge
21857846.655,E33,P205,0.09748451548451549,0.0025,3591.746,1059.189,2.6747,11.079,0.6524850921291238,0.0,Merge
22106232.097,E3,P179,0.5258618048618046,0.0025,6299.185,1059.189,1.3517,10.233,0.9691416178904996,0.0,Hit+Run
22206740.915,E3,P179,0.5258618048618046,0.0025,6299.185,1059.189,1.0153,7.6864,0.22642695692256612,0.0,Merge
22228500.595,E15,P319,0.35575133483503885,0.0025,5529.799,1059.189,1.1045,7.2762,0.6551173718902872,0.0,Merge
22303497.66,E56,E46,0.10750000000000001,0.03853996003996005,3710.764,2636.114,1.2211,5.2331,0.4666168980656036,0.009537795537795537,Fragment
22471416.931,E21,P145,0.2975000000000001,0.0025,5209.821,1059.189,1.1929,7.3726,0.6153877439460848,0.0,Merge
22533288.616,E21,P422,0.3000000000000001,0.0025,5224.374,1059.189,2.6548,16.456,0.8996125015868551,0.0,Hit+Run
22543766.997,E15,E69,0.35825133483503885,0.025,5542.722,2281.955,2.5585,15.997,0.6320734465516038,0.010705700965700966,Fragment
23212224.922,E2,P507,0.060000000000000026,0.0025,3055.232,1059.189,2.5506,8.8814,0.46677733580435066,0.0,Merge
23298747.692,E15,P457,0.37254570712941115,0.0025,5615.482,1059.189,3.3221,22.248,0.9302387423065197,0.0,Hit+Run
23310484.312,E15,P457,0.37254570712941115,0.0025,5615.482,1059.189,1.0675,7.1491,0.6982048767660133,0.0,Merge
23405142.875,E21,P185,0.3000000000000001,0.0025,5224.374,1059.189,1.9451,12.057,0.47158984371540136,0.0,Merge
23511176.836,E3,P12,0.5283618048618045,0.015,6309.152,1924.675,1.6479,11.960,0.6469429659081192,0.0,Merge
23522703.532,E59,E39,0.04000000000000001,0.027500000000000004,2668.991,2355.617,1.2065,3.9508,0.7833900554541301,0.0,Hit+Run
23629991.879,E15,P174,0.37504570712941115,0.0025,5628.015,1059.189,1.3252,8.8961,0.8957249573214263,0.0,Hit+Run
23679064.919,E21,E2,0.3025000000000001,0.06250000000000003,5238.846,3097.090,1.1994,7.0907,0.049711599494571865,0.018896250416250416,Fragment
23720456.641,E21,P219,0.3461038961038962,0.0025,5479.353,1059.189,1.8078,11.793,0.3590865479995203,0.0,Merge
23807766.367,E56,E36,0.1365021645021645,0.0325,4018.281,2490.510,1.7495,7.9646,0.8336241015409492,0.0,Hit+Run
23846644.96,E3,P323,0.5433618048618045,0.0025,6368.300,1059.189,1.6691,12.783,0.9939791677299614,0.0,Hit+Run
23982031.113,E3,P191,0.5433618048618045,0.0025,6368.300,1059.189,2.2651,17.348,0.37896902625432843,0.0,Merge
24006088.586,E3,E34,0.5458618048618045,0.020157509157509156,6378.052,2123.926,1.4599,10.642,0.6558112551988681,0.0,Merge
24038752.969,E21,P211,0.3486038961038962,0.0025,5492.515,1059.189,1.5723,10.283,0.5235393924487679,0.0,Merge
24044336.009,E59,P150,0.04000000000000001,0.0025,2668.991,1059.189,1.9634,5.9225,0.8478360432586612,0.0,Hit+Run
24049356.753,E21,FRAG0021,0.3511038961038962,0.006298701298701299,5505.613,1441.266,1.0988,7.0414,0.8847809743985169,0.0,Hit+Run
24331034.557,E55,P421,0.025,0.0025,2281.955,1059.189,1.5692,4.0221,0.7699984016842635,0.0,Hit+Run
24772035.213,E51,FRAG0020,0.08119447934631759,0.006298701298701299,3379.372,1441.266,1.2183,4.6370,0.7172153189210474,0.0,Hit+Run
24897143.013,E21,P259,0.3511038961038962,0.0025,5505.613,1059.189,2.396,15.710,0.9169867569978939,0.0,Hit+Run
24903999.254,E33,P478,0.0999845154845155,0.0025,3622.191,1059.189,3.1114,13.006,0.29402277971866236,0.0,Merge
24963896.369,E21,P121,0.3511038961038962,0.0025,5505.613,1059.189,2.0278,13.296,0.6278180778202154,0.0,Merge
24964340.343,E21,P352,0.3536038961038962,0.0025,5518.650,1059.189,2.1119,13.882,0.9352065764190897,0.0,Hit+Run
24985906.867,E15,E33,0.37504570712941115,0.1024845154845155,5628.015,3652.133,1.0133,6.4940,0.8175652947923668,0.0,Graze+Merge
25018592.106,E3,FRAG0006,0.5660193140193136,0.005541458541458542,6455.614,1381.026,1.8665,14.241,0.6466619664878367,0.0,Merge
25056888.089,E15,P414,0.47753022261392664,0.0025,6099.966,1059.189,1.219,8.9179,0.9794326450886021,0.0,Hit+Run
25220810.948,E21,P21,0.3536038961038962,0.005,5518.650,1334.495,1.4976,9.6786,0.8882156069537062,0.0,Hit+Run
25263544.419,P75,FRAG0016,0.0025,0.006320013320013321,1059.189,1442.889,7.1222,11.946,0.7546170196632362,0.005685900765900765,Hit+Run
25342003.089,E21,P252,0.3536038961038962,0.0025,5518.650,1059.189,2.291,15.060,0.7180795808352911,0.0,Merge
25484445.553,E21,P21,0.3561038961038962,0.005,5531.625,1334.495,1.1013,7.1354,0.5753884596421781,0.0,Merge
25491195.615,E3,P568,0.5715607725607721,0.0025,6476.613,1059.189,2.6387,20.576,0.6877284110433529,0.0,Merge
25540652.668,E15,P127,0.47753022261392664,0.0025,6099.966,1059.189,1.2024,8.7964,0.6043597870042153,0.0,Merge
25622912.197,E21,P374,0.3611038961038962,0.0025,5557.394,1059.189,1.9728,13.065,0.6122169075315057,0.0,Merge
25776183.905,P75,P622,0.0025,0.0025,1059.189,1059.189,5.2654,7.2272,0.55305,0.0,Graze+Frag
25956083.844,E15,P338,0.48003022261392664,0.0025,6110.593,1059.189,1.1182,8.1957,0.6295720675567595,0.0,Merge
26096144.073,E15,P513,0.48253022261392664,0.0025,6121.182,1059.189,1.3625,10.004,0.9708135258794168,0.0,Hit+Run
26189753.51,E21,P311,0.3636038961038962,0.0025,5570.190,1059.189,2.9131,19.340,0.4836351825003683,0.0,Merge
26259159.169,E21,P159,0.3661038961038962,0.0025,5582.927,1059.189,1.3123,8.7340,0.7214305783174456,0.0,Merge
26480683.675,E3,P367,0.574060772560772,0.0025,6486.042,1059.189,2.5125,19.622,0.5710464300212845,0.0,Merge
26850794.756,E56,E54,0.1365021645021645,0.03,4018.281,2424.939,1.6697,7.5832,0.4984793072972035,0.012335664335664335,Fragment
27091196.242,E3,E51,0.576560772560772,0.08119447934631759,6495.444,3379.372,1.2692,9.2545,0.3692112115943307,0.02224997002997003,Fragment
27118920.078,E3,FRAG0027,0.6355055016573393,0.005562437562437563,6709.656,1382.766,1.0506,8.3542,0.7235802076005098,0.0,Merge
27205895.019,E3,FRAG0025,0.6410679392197769,0.005562437562437563,6729.175,1382.766,1.0491,8.3683,0.8955707236184608,0.0,Hit+Run
27332710.067,E3,FRAG0025,0.6410679392197769,0.005562437562437563,6729.175,1382.766,1.1013,8.7847,0.7063527891451644,0.0,Merge
27452902.628,E3,FRAG0026,0.6466303767822145,0.005562437562437563,6748.582,1382.766,1.1331,9.0663,0.9747718315273117,0.0,Hit+Run
27526296.354,E21,P242,0.3686038961038962,0.0025,5595.606,1059.189,1.1389,7.5984,0.9098709203302054,0.0,Hit+Run
27526826.322,E15,P300,0.48253022261392664,0.0025,6121.182,1059.189,1.745,12.813,0.8552161302794441,0.0,Hit+Run
27533401.341,E15,P300,0.48253022261392664,0.0025,6121.182,1059.189,1.0537,7.7372,0.5957187318972044,0.0,Merge
27637829.42,E3,FRAG0026,0.6466303767822145,0.005562437562437563,6748.582,1382.766,1.0796,8.6382,0.5051882621121112,0.0,Merge
27701117.271,E15,FRAG0018,0.48503022261392664,0.010705627705627706,6131.736,1720.011,1.1335,8.0467,0.9462638699627705,0.0,Hit+Run
27705881.834,E56,P330,0.1541665001665002,0.0025,4184.631,1059.189,1.4273,6.9700,0.5922045624835972,0.0,Merge
27757051.413,E3,P202,0.652192814344652,0.0025,6767.878,1059.189,1.7732,14.488,0.9906593205526849,0.0,Hit+Run
27871708.379,E15,P52,0.48503022261392664,0.005,6131.736,1334.495,1.2298,8.9012,0.9970126552346872,0.0,Hit+Run
27982845.178,E12,P607,0.0325,0.0025,2490.510,1059.189,4.3908,12.317,0.8862755452064078,0.0,Hit+Run
28127441.202,P52,P62,0.005,0.0025000000000000022,1334.495,1059.189,5.3317,8.4317,0.8666998629256022,0.0,Hit+Run
29245294.778,E49,FRAG0017,0.025,0.009537795537795537,2281.955,1655.045,2.8394,7.5136,0.838185250288871,0.0,Hit+Run
29256611.933,E3,FRAG0024,0.652192814344652,0.005562437562437563,6767.878,1382.766,1.2255,9.8357,0.31711020593763456,0.0,Merge
29288525.578,P94,FRAG0020,0.0025,0.006298701298701299,1059.189,1441.266,9.0789,15.215,0.7496002576368487,0.0,Graze+Frag
29436010.422,E35,P479,0.03250000000000001,0.0025,2490.510,1059.189,4.5846,12.861,0.5510456089337499,0.0,Merge
29440719.666,P88,P108,0.0025,0.0025,1059.189,1059.189,28.053,38.506,0.30125,0.0,Merge
29784155.862,E15,E12,0.48503022261392664,0.0325,6131.736,2490.510,1.1006,7.6180,0.6737463348945215,0.0,Merge
29792915.447,E3,P588,0.6577552519070896,0.0025,6787.064,1059.189,2.7179,22.274,0.9615417011662667,0.0,Hit+Run
30041380.783,E15,P163,0.5175302226139267,0.0025,6265.740,1059.189,1.6886,12.711,0.6859447156087193,0.0,Merge
30272134.008,E21,P144,0.3686038961038962,0.0025,5595.606,1059.189,1.7556,11.712,0.9469518810423042,0.0,Hit+Run
30298091.264,E21,P144,0.3686038961038962,0.0025,5595.606,1059.189,1.0498,7.0039,0.5992653219844167,0.0,Merge
30305566.993,E15,P200,0.5200302226139266,0.0025,6275.813,1059.189,1.2305,9.2788,0.9462057147830284,0.0,Hit+Run
30471563.614,P75,P16,0.005,0.0025,1334.495,1059.189,7.435,11.758,0.9969891707640903,0.0,Hit+Run
30481824.079,E3,P242,0.6577552519070896,0.0025,6787.064,1059.189,1.5593,12.779,0.9803123515038954,0.0,Hit+Run
31045979.161,E15,P124,0.5200302226139266,0.0025,6275.813,1059.189,1.6357,12.334,0.9776917174089579,0.0,Hit+Run
31425767.494,E3,P94,0.6577552519070896,0.0087985347985348,6787.064,1611.130,1.3906,11.068,0.5247366972971388,0.0,Merge
31516778.547,E53,P422,0.025,0.0025,2281.955,1059.189,2.4034,6.1603,0.3081632773105727,0.0,Merge
32175858.323,E65,P445,0.027500000000000004,0.0025,2355.617,1059.189,2.8818,7.6313,0.7807432415197892,0.0,Hit+Run
32276415.1,E3,P167,0.6665537867056244,0.0025,6817.192,1059.189,2.1841,17.984,0.4321557850246747,0.0,Merge
32980425.192,E3,P379,0.6690537867056243,0.0025,6825.705,1059.189,1.1482,9.4671,0.8805579776122698,0.0,Hit+Run
32998086.275,E3,P377,0.6690537867056243,0.0025,6825.705,1059.189,1.9448,16.035,0.21537831776438526,0.0,Merge
33394292.939,E38,P351,0.030000000000000002,0.0025,2424.939,1059.189,12.236,33.389,0.6248650497297898,0.026833166833166833,Fragment
33423782.23,E59,P416,0.04000000000000001,0.0025,2668.991,1059.189,5.2943,15.970,0.6664279090344404,0.0,Merge
33701996.121,E3,P173,0.6715537867056243,0.0025,6834.196,1059.189,2.5544,21.089,0.6652906966718753,0.0,Merge
33910715.665,E3,P210,0.6740537867056242,0.0025,6842.666,1059.189,1.4444,11.940,0.922070821976086,0.0,Hit+Run
34154212.209,E3,P88,0.6740537867056242,0.005,6842.666,1334.495,2.1279,17.324,0.7901922193042097,0.0,Merge
34254942.812,E56,E39,0.1566665001665002,0.027500000000000004,4207.129,2355.617,1.3947,6.6008,0.4859893246184938,0.007871461871461871,Fragment
34256190.706,E36,FRAG0007,0.0325,0.005541458541458542,2490.510,1381.026,1.4023,3.9272,0.8564083954669428,0.0,Hit+Run
34299811.987,E3,P257,0.6790537867056242,0.0025,6859.544,1059.189,1.1883,9.8493,0.4488002453865647,0.0,Merge
35010179.403,E21,P323,0.3711038961038962,0.0025,5608.228,1059.189,1.1231,7.5110,0.47061750415341774,0.0,Merge
35214410.9,E21,P242,0.3736038961038962,0.0025,5620.793,1059.189,2.2487,15.074,0.3586209790189776,0.0,Merge
35523127.604,E3,P579,0.6815537867056242,0.0025,6867.951,1059.189,2.0801,17.263,0.43501159624389807,0.0,Merge
35574529.951,E15,P333,0.5200302226139266,0.0025,6275.813,1059.189,1.5643,11.795,0.45466472270160163,0.0,Merge
35777620.387,E65,P318,0.027500000000000004,0.0025,2355.617,1059.189,2.5389,6.7232,0.47873812477004213,0.0,Merge
36419094.283,E36,P120,0.0325,0.0025,2490.510,1059.189,3.5694,10.013,0.3238638312755524,0.0,Merge
36825007.67,E3,P349,0.6840537867056241,0.0025,6876.338,1059.189,1.4012,11.644,0.5579558327740767,0.0,Merge
36867683.792,P82,FRAG0018,0.0025,0.010705627705627706,1059.189,1720.011,6.002,11.688,0.6756754507117029,0.0,Hit+Run
37362842.714,E21,P461,0.3761038961038962,0.0025,5633.303,1059.189,1.2474,8.3822,0.7254910715197503,0.0,Merge
37365459.117,E21,P169,0.3786038961038962,0.0025,5645.757,1059.189,1.9524,13.150,0.8613110489706933,0.0,Hit+Run
37385023.433,P110,P362,0.0025,0.0025,1059.189,1059.189,5.087,6.9823,0.4264,0.0,Merge
37413264.57,E3,P129,0.6865537867056241,0.0025,6884.705,1059.189,1.7033,14.172,0.6333596427486722,0.0,Merge
37472203.068,E36,P588,0.035,0.0025,2552.798,1059.189,3.0669,8.8287,0.11640289470611456,0.0,Merge
37634208.299,E3,P202,0.689053786705624,0.0025,6893.052,1059.189,1.3548,11.287,0.8970576553413364,0.0,Hit+Run
37649760.47,E3,P202,0.689053786705624,0.0025,6893.052,1059.189,1.0484,8.7347,0.5590032678805952,0.0,Merge
37743428.854,E63,P537,0.052500000000000005,0.0025,2922.224,1059.189,2.7316,9.0706,0.939844019747482,0.0,Hit+Run
37933680.144,E3,P305,0.691553786705624,0.0025,6901.378,1059.189,2.2242,18.554,0.9424563824897708,0.0,Hit+Run
37971522.065,E3,P184,0.691553786705624,0.0025,6901.378,1059.189,1.8349,15.307,0.8333079522115424,0.0,Merge
38168619.641,E3,FRAG0019,0.6940537867056239,0.006298701298701299,6909.684,1441.266,1.583,12.951,0.7304401318982989,0.0,Merge
38494629.535,E3,P305,0.7003524880043251,0.0025,6930.524,1059.189,1.0249,8.5882,0.6410313649644911,0.0,Merge
38636161.333,E15,P269,0.5225302226139266,0.0025,6285.854,1059.189,2.0726,15.655,0.9154442284647742,0.0,Hit+Run
38783993.012,E35,P81,0.03500000000000001,0.0025,2552.798,1059.189,3.762,10.829,0.8764494822407569,0.0,Hit+Run
39263881.309,P16,FRAG0016,0.0025,0.006320013320013321,1059.189,1442.889,14.359,24.087,0.6845992618643474,0.008735591075591076,Graze+Frag
39294369.601,E15,P259,0.5225302226139266,0.0025,6285.854,1059.189,1.188,8.9736,0.429095761570756,0.0,Merge
39635685.627,P2,P172,0.013041458541458543,0.0025,1836.972,1059.189,7.0676,14.627,0.8143496317290382,0.0,Hit+Run
41152932.469,E21,P75,0.3786038961038962,0.005,5645.757,1334.495,1.7347,11.489,0.8225683469011129,0.0,Hit+Run
41440960.713,P81,FRAG0002,0.0025,0.007856809856809857,1059.189,1551.467,8.4389,15.016,0.7403131843843822,0.009355810855810855,Graze+Frag
41449915.801,P2,P233,0.013041458541458543,0.0025,1836.972,1059.189,6.1132,12.652,0.4576950652353563,0.014152287712287713,Fragment
41633022.176,E59,P481,0.04250000000000001,0.0025,2723.475,1059.189,6.4853,19.984,0.9625525938763648,0.0,Hit+Run
41869342.6,P86,P458,0.0025,0.0025,1059.189,1059.189,24.892,34.166,0.97525,0.0,Hit+Run
42574449.504,E3,FRAG0018,0.7028524880043251,0.010705627705627706,6938.760,1720.011,1.6419,13.316,0.9672369761114414,0.0,Hit+Run
42764267.14,E3,P577,0.7028524880043251,0.0025,6938.760,1059.189,3.1773,26.658,0.7737833027829764,0.0,Merge
42785104.82,E36,P354,0.037500000000000006,0.0025,2612.187,1059.189,1.9952,5.8838,0.8180122742216878,0.0,Hit+Run
43162510.299,E3,P488,0.705352488004325,0.0025,6946.977,1059.189,1.4706,12.354,0.8768141383901422,0.0,Hit+Run
43891613.515,P81,P296,0.010356643356643358,0.0025,1701.114,1059.189,4.7142,9.0897,0.34986092962605037,0.011459140859140859,Fragment
44414889.179,E3,P86,0.705352488004325,0.0025,6946.977,1059.189,2.516,21.136,0.6425342597505199,0.0,Merge
44503598.798,E40,P393,0.025,0.0025,2281.955,1059.189,2.5962,6.6544,0.89122841436739,0.0,Hit+Run
44536595.5,E56,E65,0.17629503829503831,0.030000000000000002,4375.965,2424.939,1.1409,5.6139,0.9285463660023222,0.0,Hit+Run
45465013.568,E3,P52,0.707852488004325,0.005,6955.175,1334.495,1.7076,14.147,0.15471474486121103,0.0,Merge
46354929.413,E3,FRAG0018,0.712852488004325,0.010705627705627706,6971.513,1720.011,2.1142,17.234,0.7182046344993236,0.0,Merge
46455164.619,E15,P2,0.5250302226139265,0.00552780552780553,6295.863,1379.890,1.2216,9.0738,0.5634141410117932,0.0,Merge
46487443.772,E3,P16,0.7235581157099527,0.00881984681984682,7006.239,1612.429,1.8656,15.364,0.4236909250285273,0.0,Merge
46876029.836,P81,P275,0.005527639027639029,0.0025,1379.877,1059.189,11.837,19.187,0.5453165118246994,0.0,Fragment
47110626.448,E21,P82,0.3786038961038962,0.0025,5645.757,1059.189,1.2513,8.4283,0.4462751549070951,0.0,Merge
47268251.755,E21,FRAG0034,0.3811038961038962,0.007329004329004329,5658.156,1515.917,1.3652,8.9748,0.9502986777324756,0.0,Hit+Run
47347255.67,E3,P136,0.7323779625297995,0.0025,7034.592,1059.189,1.6268,13.849,0.9445763041220914,0.0,Hit+Run
47697261.66,E15,P331,0.530558028141732,0.0025000000000000022,6317.881,1059.189,2.0542,15.600,0.5342356394358858,0.0,Merge
47724527.545,E21,P496,0.3811038961038962,0.0025,5658.156,1059.189,3.3649,22.718,0.5714300177228945,0.0,Merge
48043613.532,E3,P136,0.7323779625297995,0.0025,7034.592,1059.189,1.2703,10.814,0.9261506345900815,0.0,Hit+Run
48059117.278,E3,P136,0.7323779625297995,0.0025,7034.592,1059.189,1.049,8.9302,0.8301980913667848,0.0,Merge
48285953.645,P107,P778,0.0025000000000000022,0.0025,1059.189,1059.189,19.437,26.679,0.54525,0.0,Graze+Frag
48801945.213,E56,P256,0.17629503829503831,0.0025,4375.965,1059.189,2.2374,11.464,0.7444161843127243,0.0,Merge
48947533.384,E21,P506,0.3836038961038962,0.0025,5670.502,1059.189,3.5183,23.809,0.9715286938951903,0.0,Hit+Run
49028791.529,E3,P591,0.7348779625297994,0.0025,7042.587,1059.189,2.4463,20.850,0.8657874403094301,0.0,Merge
49212071.679,E3,P506,0.7373779625297994,0.0025,7050.564,1059.189,1.6493,14.074,0.12936569253454724,0.0,Merge
49396892.502,E40,P177,0.025,0.0025,2281.955,1059.189,1.387,3.5551,0.8952580316903784,0.0,Hit+Run
50121944.207,E15,P315,0.5330580281417321,0.0025,6327.789,1059.189,1.0296,7.8324,0.791682591225631,0.0,Merge
50128444.363,E21,P406,0.3836038961038962,0.0025,5670.502,1059.189,1.8576,12.570,0.8398288371251831,0.0,Merge
50136259.448,E59,P200,0.04250000000000001,0.0025,2723.475,1059.189,3.5193,10.844,0.847786430764769,0.0,Hit+Run
50504785.131,E15,P345,0.535558028141732,0.0025,6337.666,1059.189,1.7905,13.643,0.9842980286143159,0.0,Hit+Run
50813376.278,E3,P322,0.7398779625297993,0.0025,7058.523,1059.189,2.3026,19.673,0.5523198341375217,0.0,Merge
51627011.467,E56,P632,0.17879503829503832,0.0025,4396.553,1059.189,2.2534,11.605,0.24175734188945314,0.0,Merge
51757692.961,E15,P603,0.535558028141732,0.0025,6337.666,1059.189,1.6163,12.316,0.838726793358769,0.0,Merge
53452601.912,E3,P104,0.7423779625297993,0.0025,7066.464,1059.189,2.0224,17.299,0.22376060170633233,0.0,Merge
53497034.07,E21,P169,0.3861038961038962,0.0025,5682.794,1059.189,1.7026,11.548,0.36775569884253906,0.0,Merge
54068509.251,E36,P435,0.037500000000000006,0.0025,2612.187,1059.189,4.3941,12.958,0.3388165999690073,0.0,Merge
54439330.047,E3,P505,0.7448779625297992,0.0025,7074.388,1059.189,3.6154,30.963,0.9014354815737896,0.0,Hit+Run
54633798.643,E15,P447,0.538058028141732,0.0025,6347.512,1059.189,1.9937,15.216,0.5537906497823522,0.0,Merge
55409106.642,E3,P248,0.7448779625297992,0.0025,7074.388,1059.189,1.8143,15.538,0.649809386611133,0.0,Merge
55654268.846,E36,P216,0.04000000000000001,0.0025,2668.991,1059.189,5.4088,16.315,0.8633709939795199,0.0,Hit+Run
56298396.095,E55,P250,0.025,0.0025,2281.955,1059.189,9.7209,24.916,0.9029074747441871,0.0,Hit+Run
56309528.288,E56,P452,0.18129503829503832,0.0025,4416.950,1059.189,1.4134,7.3156,0.8099685618258963,0.0,Hit+Run
56400574.095,E56,P486,0.18129503829503832,0.0025,4416.950,1059.189,1.8405,9.5262,0.8648160645187472,0.0,Hit+Run
57118464.165,E21,E36,0.38860389610389623,0.04000000000000001,5695.032,2668.991,1.3045,8.3429,0.43325428980420716,0.00934998334998335,Fragment
57148697.525,E21,P466,0.41925391275391294,0.0025,5840.986,1059.189,3.6242,25.314,0.6914196822138743,0.0,Merge
57265520.083,E15,P216,0.5405580281417319,0.0025,6357.328,1059.189,1.1131,8.5097,0.5865717017810336,0.0,Merge
57644851.383,E3,P250,0.7473779625297992,0.0025,7082.293,1059.189,1.0931,9.3726,0.23287279218378015,0.0,Merge
57788575.242,E15,P546,0.5430580281417319,0.0025,6367.113,1059.189,1.6203,12.407,0.3797305874789998,0.0,Merge
58095290.202,E55,P489,0.025,0.0025,2281.955,1059.189,9.3121,23.868,0.5013800130179331,0.021972027972027974,Fragment
58169587.409,E59,FRAG0037,0.04250000000000001,0.007324009324009325,2723.475,1515.572,4.2589,13.044,0.886934446836975,0.0,Hit+Run
58223241.537,E3,P389,0.7498779625297991,0.0025,7090.182,1059.189,2.807,24.096,0.07595344666261437,0.0,Merge
58358194.671,E3,P392,0.752377962529799,0.0025,7098.052,1059.189,1.8604,15.989,0.6355600648948271,0.0,Merge
58534562.431,E21,FRAG0032,0.42175391275391294,0.007871461871461871,5852.573,1552.431,2.1324,14.511,0.8675713762823661,0.0,Hit+Run
59089063.497,E59,E55,0.04250000000000001,0.0055279720279720265,2723.475,1379.904,3.602,11.009,0.5272552889264751,0.008659007659007659,Fragment
59304378.501,E59,P355,0.03936896436896438,0.0025,2654.881,1059.189,5.2049,15.613,0.7052384929895207,0.0,Merge
59532276.267,E56,P178,0.18129503829503832,0.0025,4416.950,1059.189,1.7956,9.2938,0.7306816571978485,0.0,Merge
59627773.608,E3,P245,0.754877962529799,0.0025,7105.905,1059.189,3.1757,27.325,0.7681076404709052,0.0,Merge
59888227.402,E3,FRAG0039,0.7573779625297989,0.008659007659007659,7113.741,1602.568,1.441,12.069,0.6175742114146474,0.0,Merge
60499668.416,E59,P172,0.04186896436896438,0.0025,2709.929,1059.189,2.4776,7.5946,0.8530003501249791,0.0,Hit+Run
60622931.456,E3,P505,0.7660369701888066,0.0025,7140.748,1059.189,2.209,19.106,0.7217435143030623,0.0,Merge
60803070.611,E21,P210,0.42175391275391294,0.0025,5852.573,1059.189,3.2346,22.641,0.9123790214661064,0.0,Hit+Run
61907766.105,E15,P110,0.5455580281417318,0.005,6376.869,1334.495,1.1051,8.3424,0.6996775627285077,0.0,Merge
63150155.974,E49,P81,0.025,0.008027639027639028,2281.955,1562.631,2.4075,6.3043,0.3202203877003145,0.010350982350982352,Fragment
63726453.81,E3,P414,0.7685369701888065,0.0025,7148.508,1059.189,2.6564,23.002,0.5315417911879406,0.0,Merge
64435955.211,E3,P307,0.7710369701888065,0.0025,7156.251,1059.189,1.6558,14.354,0.5922427183590577,0.0,Merge
64923852.063,E3,P237,0.7735369701888064,0.0025,7163.977,1059.189,1.9376,16.816,0.6322257808272007,0.0,Merge
65440793.229,E3,FRAG0038,0.7760369701888064,0.007324009324009325,7171.686,1515.572,1.8552,15.739,0.8593879183868424,0.0,Hit+Run
66498889.631,E15,P467,0.5505580281417318,0.0025,6396.291,1059.189,1.3836,10.646,0.4968280577057061,0.0,Merge
66898718.83,E15,P456,0.5530580281417318,0.0025,6405.958,1059.189,3.1051,23.931,0.6326884420219364,0.0,Merge
67150620.664,E15,P246,0.5555580281417317,0.0025,6415.595,1059.189,3.0543,23.578,0.7602806212144808,0.0,Merge
67642550.298,E3,P570,0.7760369701888064,0.0025,7171.686,1059.189,2.8754,24.984,0.9162749093401709,0.0,Hit+Run
68577447.794,E3,P393,0.7760369701888064,0.0025,7171.686,1059.189,1.4213,12.349,0.9414559143610256,0.0,Hit+Run
68854542.668,E3,P480,0.7760369701888064,0.0025,7171.686,1059.189,2.6802,23.288,0.5507582447640946,0.0,Merge
68979823.532,E3,P570,0.7785369701888063,0.0025,7179.379,1059.189,1.026,8.9251,0.24827189269889602,0.0,Merge
71190994.061,E3,FRAG0038,0.7810369701888062,0.007324009324009325,7187.056,1515.572,2.0372,17.323,0.4599152268961788,0.0,Merge
71233830.238,E15,P269,0.5580580281417317,0.0025,6425.204,1059.189,1.1594,8.9644,0.7613860993752786,0.0,Merge
71399944.572,E59,P320,0.04186896436896438,0.0025,2709.929,1059.189,7.9991,24.519,0.8471765952058857,0.0,Hit+Run
71649665.54,E3,P70,0.7883609795128156,0.0025,7209.451,1059.189,3.9779,34.757,0.5228800991515022,0.0,Merge
72392294.25,E3,P361,0.7908609795128155,0.0025,7217.064,1059.189,1.5849,13.863,0.6514865976408745,0.0,Merge
72776744.924,P177,P200,0.0025,0.0025,1059.189,1059.189,12.185,16.724,0.5567,0.0,Graze+Frag
72792505.529,E15,P488,0.5605580281417316,0.0025,6434.785,1059.189,1.2647,9.7941,0.07229926715906876,0.0,Merge
73918584.097,E3,P79,0.7933609795128155,0.0025,7224.660,1059.189,1.5649,13.703,0.5917456143572036,0.0,Merge
74039471.238,E15,P401,0.5630580281417316,0.0025,6444.336,1059.189,2.2611,17.538,0.5758529253624757,0.0,Merge
74488811.711,E3,P599,0.7958609795128154,0.0025,7232.241,1059.189,1.9116,16.758,0.15499969119764823,0.0,Merge
77431798.141,E3,P320,0.7983609795128154,0.0025,7239.806,1059.189,1.7233,15.124,0.7567821192413849,0.0,Merge
78236277.814,E15,P452,0.5655580281417315,0.0025,6453.860,1059.189,1.6392,12.734,0.505017850109446,0.0,Merge
78424943.296,E3,P443,0.8008609795128153,0.0025,7247.355,1059.189,1.5527,13.642,0.6498285479347196,0.0,Merge
79329626.763,E15,P175,0.5680580281417315,0.0025000000000000022,6463.356,1059.189,1.5779,12.277,0.5170653224331276,0.0,Merge
79626686.96,E3,P310,0.8033609795128153,0.0025,7254.888,1059.189,2.2344,19.653,0.5846439084207237,0.0,Merge
79708706.111,E21,P369,0.42175391275391294,0.0025,5852.573,1059.189,1.8516,12.960,0.7062787394940876,0.0,Merge
79795584.732,E15,P150,0.5705580281417315,0.0025,6472.823,1059.189,2.9049,22.637,0.5396015200847994,0.0,Merge
80447567.704,E3,P302,0.8058609795128152,0.0025,7262.406,1059.189,3.0496,26.853,0.9050957750853335,0.0,Hit+Run
80858489.713,E65,P314,0.030000000000000002,0.0025,2424.939,1059.189,5.3979,14.729,0.4608884338728746,0.008668331668331669,Fragment
80910628.299,E3,P302,0.8058609795128152,0.0025,7262.406,1059.189,1.2636,11.126,0.7910315403889174,0.0,Merge
81307539.224,E59,FRAG0003,0.04186896436896438,0.006031302031302032,2709.929,1420.575,9.5893,29.175,0.7792227276947102,0.013608391608391607,Graze+Frag
82305511.636,E3,P210,0.8083609795128152,0.0025,7269.908,1059.189,1.7139,15.108,0.689712309273604,0.0,Merge
82348958.602,E3,FRAG0042,0.8108609795128151,0.0068041958041958036,7277.395,1478.834,1.2922,11.156,0.477223725900107,0.0,Merge
84338798.47,P215,P263,0.0025,0.0025,1059.189,1059.189,15.627,21.450,0.32635,0.0,Merge
86866090.517,E3,P491,0.8176651753170109,0.0025,7297.694,1059.189,2.0709,18.329,0.6881252584401921,0.0,Merge
89228475.023,E15,P75,0.5730580281417315,0.005,6482.264,1334.495,2.1052,16.174,0.9672694325755709,0.0,Hit+Run
89446567.036,E21,P511,0.42425391275391294,0.0025,5864.114,1059.189,1.6866,11.830,0.5237068591123323,0.0,Merge
89709915.386,E59,P215,0.03429187479187481,0.005,2535.464,1334.495,6.1691,17.562,0.8447049447939202,0.0,Hit+Run
92779975.932,E3,E59,0.8201651753170108,0.03429187479187481,7305.124,2535.464,1.5356,12.784,0.13733405466970078,0.00600932400932401,Fragment
93239847.15,E3,P177,0.8484477260995616,0.005,7388.147,1334.495,2.0123,17.783,0.929845242091163,0.0,Hit+Run
93434602.67,P181,P421,0.0025,0.0025,1059.189,1059.189,4.655,6.3894,0.54205,0.0,Graze+Frag
93649428.299,E3,P177,0.8484477260995616,0.005,7388.147,1334.495,1.0801,9.5452,0.9127356830729069,0.0,Hit+Run
93721411.499,E21,P515,0.42675391275391295,0.0025,5875.610,1059.189,3.1912,22.431,0.1405611878956555,0.0,Merge
95109319.047,E3,P215,0.8484477260995616,0.005,7388.147,1334.495,1.7813,15.741,0.557331179901608,0.0,Merge
95730752.827,E15,P549,0.5730580281417315,0.0025,6482.264,1059.189,2.3272,18.163,0.978942591344897,0.0,Hit+Run
96228115.296,E15,P549,0.5730580281417315,0.0025,6482.264,1059.189,1.1322,8.8368,0.8995200823974315,0.0,Hit+Run
97387701.943,E15,FRAG0035,0.5730580281417315,0.00934998334998335,6482.264,1644.109,1.0383,7.8531,0.9862543244627618,0.0,Hit+Run
97650901.356,P160,P172,0.0025,0.0025,1059.189,1059.189,11.299,15.509,0.0695,0.0,Merge
99691215.713,E3,P561,0.8534477260995617,0.0025,7402.632,1059.189,3.0146,27.088,0.6416857503044086,0.0,Merge
99843159.164,E3,P285,0.8559477260995616,0.0025,7409.853,1059.189,2.1471,19.312,0.5727317487382578,0.0,Merge
104944950.997,E21,P393,0.42925391275391295,0.0025,5887.061,1059.189,2.2738,16.015,0.3959596311010114,0.0,Merge
108147366.574,E15,P445,0.5730580281417315,0.0025,6482.264,1059.189,2.0204,15.769,0.7650863118413319,0.0,Merge
108655476.307,E3,FRAG0032,0.8584477260995615,0.007871461871461871,7417.060,1552.431,1.619,14.215,0.68063863232494,0.0,Merge
109849901.346,E3,P177,0.8663191879710235,0.005,7439.661,1334.495,1.0189,9.0714,0.6188866652066272,0.0,Merge
110012638.626,E3,FRAG0044,0.8713191879710235,0.00600932400932401,7453.946,1418.847,1.6167,14.362,0.14079910269288395,0.0,Merge
110060479.344,E3,P385,0.8773285119803474,0.0025,7471.043,1059.189,1.3182,11.960,0.55878022308375,0.0,Merge
111395449.542,E56,E49,0.18379503829503832,0.022676656676656675,4437.160,2208.954,1.0361,5.1594,0.8624472235155969,0.0,Graze+Merge
116742296.183,E65,P181,0.023831668331668332,0.005,2245.839,1334.495,2.9896,7.5795,0.8223518963810541,0.0,Hit+Run
118660359.876,E15,P181,0.5755580281417314,0.005,6491.676,1334.495,1.4847,11.424,0.46086073624163904,0.0,Merge
119015410.269,E3,P486,0.8798285119803474,0.0025,7478.133,1059.189,1.3614,12.365,0.7879903923741705,0.0,Merge
119228895.589,E15,FRAG0035,0.5805580281417314,0.00934998334998335,6510.420,1644.109,1.065,8.0928,0.9822479296211808,0.0,Hit+Run
122026503.338,E3,P542,0.8823285119803473,0.0025,7485.209,1059.189,1.4289,12.991,0.9897465264014192,0.0,Hit+Run
123616590.85,E21,P427,0.43175391275391295,0.0025,5898.468,1059.189,2.4199,17.080,0.8191118216468516,0.0,Merge
125659277.375,E3,P428,0.8823285119803473,0.0025,7485.209,1059.189,1.4744,13.404,0.8286433345044277,0.0,Merge
126894914.915,E3,FRAG0031,0.8848285119803473,0.006708291708291708,7492.272,1471.853,1.9744,17.591,0.6922147529247202,0.0,Merge
129592632.937,E15,P528,0.5805580281417314,0.0025,6510.420,1059.189,2.9208,22.902,0.5040890155434461,0.0,Merge
132987660.683,E3,P404,0.891536803688639,0.0025,7511.158,1059.189,3.1101,28.379,0.9547635256782826,0.0,Hit+Run
133074273.39,E3,P404,0.891536803688639,0.0025,7511.158,1059.189,1.1068,10.099,0.7040219755621117,0.0,Merge
133764607.294,E15,FRAG0036,0.5830580281417314,0.007324009324009325,6519.752,1515.572,2.4461,18.732,0.9016935408074909,0.0,Hit+Run
135409009.673,E21,FRAG0037,0.43425391275391295,0.007324009324009325,5909.831,1515.572,1.1972,8.2483,0.72633246325472,0.0,Merge
138178801.547,E3,P399,0.8940368036886389,0.0025,7518.173,1059.189,3.2279,29.483,0.3632271257097922,0.0,Merge
142364587.519,E3,E65,0.8965368036886389,0.023831668331668332,7525.174,2245.839,1.6732,14.508,0.4378319156835175,0.0,Merge
143915314.633,E21,FRAG0036,0.4415779220779223,0.007324009324009325,5942.871,1515.572,1.6584,11.494,0.4109085806528735,0.0,Merge
144998591.486,E21,P458,0.44890193140193163,0.0025,5975.547,1059.189,4.2594,30.483,0.8349939387856554,0.0,Merge
147744984.589,E3,P230,0.9203684720203071,0.0025,7591.269,1059.189,1.5863,14.638,0.5897181712905502,0.0,Merge
149437117.236,E21,P255,0.45140193140193163,0.0025,5986.619,1059.189,1.3941,9.9969,0.9320040470790815,0.0,Hit+Run
149444443.687,E21,P255,0.45140193140193163,0.0025,5986.619,1059.189,1.0449,7.4928,0.6587498748294391,0.0,Merge
150357785.759,E15,P291,0.5830580281417314,0.0025,6519.752,1059.189,2.6959,21.171,0.9466143456682883,0.0,Hit+Run
151369886.032,E3,P348,0.9228684720203071,0.0025,7598.137,1059.189,2.4015,22.182,0.9847277062834796,0.0,Hit+Run
152432399.853,E3,P348,0.9228684720203071,0.0025,7598.137,1059.189,1.3962,12.896,0.8437764855801579,0.0,Merge
154035682.652,NEPTUNE,K468,16.259423909423912,0.035,19771.01,2552.798,1.0058,24.277,0.4973792604642232,0.0,Merge
155434435.128,E3,P160,0.925368472020307,0.005,7604.991,1334.495,4.0269,36.702,0.9682883551391875,0.0,Hit+Run
155664274.064,E3,P160,0.925368472020307,0.005,7604.991,1334.495,1.0737,9.7861,0.4919707922834231,0.0,Merge
185525104.644,E56,FRAG0001,0.20647169497169499,0.007856809856809857,4612.616,1551.467,1.8257,9.6181,0.8201426132866019,0.0,Hit+Run
192812907.396,E15,FRAG0001,0.5830580281417314,0.007856809856809857,6519.752,1551.467,1.2636,9.6596,0.7215071764137229,0.0,Merge
