time_yr,target,projectile,Mt_Mearth,Mp_Mearth,Rt_km,Rp_km,vimp/vesc,vimp_km/s,b,m_frag_Mearth,Regime
140116.684,E1,P138,0.1375,0.0024999999999999905,4028.049,1059.189,1.0779,5.0519,0.7626566867215449,0.0,Merge
141525.282,E12,P447,0.10750000000000004,0.0025,3710.764,1059.189,2.7869,11.956,0.3191910208473186,0.0,Merge
164150.886,E47,P392,0.025,0.0025,2281.955,1059.189,1.1942,3.0609,0.9022244887572397,0.0,Hit+Run
217048.892,E12,P97,0.11000000000000004,0.0025000000000000022,3739.309,1059.189,2.0181,8.7301,0.44535075987564926,0.0,Merge
237915.531,E13,P189,0.30500000000000005,0.0025,5253.238,1059.189,2.3365,14.569,0.6567766862971885,0.0,Merge
247908.461,E42,P426,0.03991019328038151,0.0025,2666.992,1059.189,1.4563,4.3894,0.3350397368275922,0.0,Merge
264619.36,E9,P49,0.17637789576259977,0.0025000000000000022,4376.650,1059.189,1.5148,7.7635,0.6790609697625961,0.0,Merge
389309.025,E24,P204,0.027500000000000017,0.0025,2355.617,1059.189,1.5256,4.0399,0.7783288561643209,0.0,Hit+Run
431710.779,E0,P660,0.03250000000000001,0.0025,2490.510,1059.189,2.4197,6.7882,0.6618300520845508,0.0,Merge
460531.404,E63,P642,0.030000000000000002,0.0025,2424.939,1059.189,2.3334,6.3670,0.7584962477116564,0.0,Hit+Run
492261.451,NEPTUNE,K348,16.11942390942391,0.035,19714.10,2552.798,1.0014,24.097,0.8475499309615783,0.0,Merge
509740.612,E37,P156,0.030000000000000002,0.0024999999999999905,2424.939,1059.189,3.1923,8.7107,0.8714563697557031,0.0,Hit+Run
551966.431,E12,P63,0.11250000000000004,0.0025000000000000022,3767.425,1059.189,1.8253,7.9601,0.6639377406133528,0.0,Merge
667704.532,E1,P25,0.14,0.0024999999999999905,4052.315,1059.189,3.743,17.656,0.8416185915828213,0.0,Hit+Run
875492.404,E1,P53,0.14,0.0025000000000000022,4052.315,1059.189,3.189,15.043,0.34375077365326967,0.0,Merge
970695.171,E13,P330,0.30750000000000005,0.0025,5267.552,1059.189,1.2423,7.7691,0.9728758807912213,0.0,Hit+Run
973572.272,E13,P75,0.30750000000000005,0.0025,5267.552,1059.189,2.8321,17.711,0.512123195784921,0.0,Merge
1048584.556,E68,P265,0.05,0.0025,2875.083,1059.189,1.5963,5.2097,0.8908193467116158,0.0,Hit+Run
1084813.923,E27,P194,0.21508980671961853,0.0025000000000000022,4675.920,1059.189,1.8219,10.026,0.9804975958567673,0.0,Hit+Run
1232334.122,E13,P278,0.31000000000000005,0.0025000000000000022,5281.789,1059.189,1.6653,10.444,0.42864180346083125,0.0,Merge
1369630.432,E13,E8,0.31250000000000006,0.13138408728345327,5295.949,3967.419,1.3108,8.1067,0.7258986813376417,0.0,Hit+Run
1370520.794,E65,P640,0.030000000000000002,0.0025,2424.939,1059.189,2.1181,5.7796,0.836795777779156,0.0,Hit+Run
1403984.112,E42,P514,0.042410193280381515,0.0025,2721.555,1059.189,3.5015,10.781,0.5936572436893791,0.0,Merge
1440957.298,E1,P541,0.14250000000000002,0.0025,4076.293,1059.189,3.1457,14.933,0.2555877230340659,0.0,Merge
1753548.15,E28,P842,0.027500000000000004,0.0025,2355.617,1059.189,2.1807,5.7747,0.4465923083229471,0.0,Merge
1777971.318,E0,P540,0.03500000000000001,0.0025,2552.798,1059.189,2.3606,6.7955,0.6876039845754636,0.0,Merge
1811267.69,E68,P283,0.05,0.0025000000000000022,2875.083,1059.189,1.03,3.3615,0.4227555308225346,0.0,Merge
1871291.313,E1,P148,0.14500000000000002,0.0024999999999999905,4099.993,1059.189,3.5948,17.172,0.7130826473132877,0.0,Merge
1885380.612,E13,P328,0.31250000000000006,0.0025,5295.949,1059.189,1.7689,11.126,0.97075,0.0,Hit+Run
1949570.257,E37,P19,0.030000000000000002,0.0024999999999999905,2424.939,1059.189,6.7731,18.481,0.7363635805459099,0.0,Graze+Frag
1955364.403,E18,P341,0.025,0.0025,2281.955,1059.189,7.7501,19.864,0.23740592906284375,0.021243909423909423,Fragment
1978058.641,E9,P460,0.17887789576259977,0.0025,4397.232,1059.189,2.1684,11.169,0.5190685750384534,0.0,Merge
2055360.812,E13,P311,0.31250000000000006,0.0025,5295.949,1059.189,1.5627,9.8293,0.946,0.0,Hit+Run
2111971.393,E22,P643,0.0675,0.0025,3177.569,1059.189,1.9842,7.2056,0.847425,0.0,Hit+Run
2366005.957,E50,P729,0.06,0.0025,3055.232,1059.189,1.087,3.7850,0.2926454789062911,0.0,Merge
2573654.99,E27,P340,0.21508980671961853,0.0025000000000000022,4675.920,1059.189,1.0578,5.8211,0.9613376977172081,0.0,Hit+Run
2582818.908,E13,P235,0.31250000000000006,0.0024999999999999905,5295.949,1059.189,1.6021,10.077,0.38883333333333336,0.0,Merge
2767209.172,E8,P99,0.13138408728345327,0.0025000000000000022,3967.419,1059.189,1.5222,7.0186,0.7863630645670541,0.0,Merge
2773503.909,E33,E19,0.12,0.027500000000000004,3849.351,2355.617,1.0522,4.5833,0.5638506396217852,0.0,Merge
3104227.34,E1,P285,0.14750000000000002,0.0024999999999999905,4123.422,1059.189,4.7122,22.649,0.6692808060126345,0.0,Merge
3198694.239,E13,E8,0.31500000000000006,0.13388408728345327,5310.034,3992.425,1.1252,6.9832,0.8325987305714084,0.0,Hit+Run
3208631.221,E13,P258,0.31500000000000006,0.0025,5310.034,1059.189,1.4912,9.4063,0.8403715187735934,0.0,Hit+Run
3273683.361,E68,P820,0.052500000000000005,0.0025,2922.224,1059.189,2.5598,8.5001,0.5975954712053103,0.0,Merge
3289635.938,E9,P70,0.18137789576259977,0.0025,4417.622,1059.189,2.3179,11.999,0.9294505753806552,0.0,Hit+Run
3290931.275,E9,P70,0.18137789576259977,0.0025,4417.622,1059.189,1.045,5.4097,0.3588584231422837,0.0,Merge
3317572.122,E12,P328,0.11500000000000005,0.0025,3795.128,1059.189,2.8999,12.746,0.5910442715684717,0.0,Merge
3359841.034,E24,P258,0.027500000000000017,0.0025,2355.617,1059.189,5.5425,14.677,0.9881734347738985,0.0,Hit+Run
3409364.585,E8,P219,0.13388408728345327,0.0024999999999999905,3992.425,1059.189,3.3621,15.607,0.8792382248928653,0.0,Hit+Run
3439570.596,E48,P448,0.052500000000000005,0.0025,2922.224,1059.189,5.6424,18.736,0.8067759051202126,0.0,Hit+Run
3480500.3,E13,E12,0.31500000000000006,0.11750000000000005,5310.034,3822.432,1.0544,6.4827,0.436433229607095,0.023432920412920413,Fragment
3490481.622,E13,P294,0.40906743256743267,0.0025,5793.292,1059.189,1.2051,8.3440,0.8723144207769762,0.0,Hit+Run
3498984.409,P39,P124,0.0025000000000000022,0.0025,1059.189,1059.189,8.6059,11.812,0.8501000000000001,0.0,Hit+Run
3551854.641,E9,FRAG1004,0.18387789576259977,0.008018708539170744,4437.826,1562.051,3.7058,18.724,0.9315927227922032,0.0,Hit+Run
3575298.753,E8,FRAG1004,0.13388408728345327,0.008018708539170744,3992.425,1562.051,1.6394,7.4031,0.5200345454282311,0.0,Merge
3707577.33,E18,P317,0.006256243756243757,0.0025,1438.020,1059.189,4.2869,7.1718,0.4695486942889026,0.0,Fragment
3807987.241,P25,P211,0.0024999999999999905,0.0025,1059.189,1059.189,34.210,46.957,0.5075499999999996,0.0,Graze+Frag
3831822.315,E27,P629,0.21508980671961853,0.0025,4675.920,1059.189,1.2562,6.9129,0.9947656051096305,0.0,Hit+Run
3917507.049,E27,P277,0.21508980671961853,0.0024999999999999905,4675.920,1059.189,2.3025,12.670,0.42322992018064864,0.0,Merge
3957832.051,E13,E24,0.40906743256743267,0.027500000000000017,5793.292,2355.617,1.005,6.5720,0.9413404821962441,0.0,Graze+Merge
4084900.194,E9,P188,0.18387789576259977,0.0025,4437.826,1059.189,2.0649,10.742,0.6619179770143229,0.0,Merge
4192585.739,E13,E8,0.4365674325674327,0.14190279582262402,5920.307,4070.591,1.227,8.3414,0.5550603905517669,0.02632833832833833,Fragment
4208793.139,E1,P219,0.15000000000000002,0.0024999999999999905,4146.588,1059.189,3.3303,16.103,0.9839605764003408,0.0,Hit+Run
4209463.606,E52,P610,0.03250000000000001,0.0025,2490.510,1059.189,1.6117,4.5214,0.49421508394822183,0.0,Merge
4243536.428,E13,P505,0.5521418900617183,0.0025,6402.418,1059.189,2.2618,17.422,0.5785817970488014,0.0,Merge
4269573.717,E27,E44,0.21758980671961853,0.025,4693.967,2281.955,1.0804,5.6921,0.8534151975607536,0.0,Hit+Run
4317814.456,E13,FRAG0008,0.5546418900617183,0.006582084582084582,6412.067,1462.564,1.0034,7.5680,0.9259865346844404,0.0,Graze+Merge
4356307.752,E13,FRAG0011,0.5612239746438028,0.006582084582084582,6437.332,1462.564,1.0726,8.1242,0.9014827610169621,0.0,Hit+Run
4397825.871,E13,FRAG0006,0.5612239746438028,0.005858141858141859,6437.332,1406.847,1.1012,8.3651,0.5811848542263386,0.0,Merge
4459532.983,P47,P81,0.0025,0.0025000000000000022,1059.189,1059.189,36.203,49.692,0.8767999999999999,0.0,Graze+Frag
4570882.623,E13,P258,0.5670821165019446,0.0025,6459.652,1059.189,2.4014,18.673,0.9943554314056542,0.0,Hit+Run
4773215.333,P39,P9,0.0025000000000000022,0.0024999999999999905,1059.189,1059.189,11.029,15.138,0.9913000000000008,0.0,Hit+Run
4829117.574,P47,P334,0.005,0.0025,1334.495,1059.189,33.456,52.909,0.7493447097377476,0.007486307026307026,Graze+Frag
4929008.354,E13,P398,0.5670821165019446,0.0025000000000000022,6459.652,1059.189,1.0323,8.0272,0.25378658582791624,0.0,Merge
5206436.514,E13,P322,0.5695821165019446,0.0025,6469.131,1059.189,1.22,9.5016,0.826480469281392,0.0,Merge
5372431.532,E42,P753,0.04491019328038152,0.0025,2774.015,1059.189,3.4956,10.983,0.521990623670286,0.0,Merge
5444340.349,E68,P335,0.05500000000000001,0.0025,2967.891,1059.189,2.4612,8.3088,0.8284428796392199,0.0,Hit+Run
5628171.566,E42,FRAG0010,0.04741019328038152,0.006582084582084582,2824.561,1462.564,1.7002,5.3906,0.20806399879655268,0.0,Merge
5641226.448,E9,E1,0.18637789576259978,0.15000000000000002,4457.848,4146.588,1.2126,6.7737,0.5394841898375405,0.0,Hit+Run
5680374.464,E68,P576,0.05500000000000001,0.0025,2967.891,1059.189,2.446,8.2575,0.2441625531754057,0.0,Merge
5689700.265,E33,E28,0.1475,0.030000000000000002,4123.422,2424.939,1.032,4.8003,0.9491911169607927,0.0,Hit+Run
5840044.513,E13,P362,0.5720821165019445,0.0025,6478.582,1059.189,1.3718,10.700,0.7992326467079963,0.0,Merge
5883894.197,E27,E48,0.21758980671961853,0.052500000000000005,4693.967,2922.224,1.2583,6.6946,0.9481993688497041,0.0,Hit+Run
5967826.572,P9,P302,0.0024999999999999905,0.0025,1059.189,1059.189,7.3748,10.122,0.6811999999999996,0.0,Graze+Frag
5991085.6,E48,P348,0.052500000000000005,0.0025,2922.224,1059.189,4.3112,14.315,0.9715513697303724,0.0,Hit+Run
6045530.753,E9,E1,0.18637789576259978,0.15000000000000002,4457.848,4146.588,1.06,5.9212,0.31235476620863656,0.03202630702630703,Fragment
6046176.881,E9,FRAG0014,0.30435158873629276,0.006405261405261406,5249.513,1449.348,1.0621,6.4629,0.8342658933320435,0.0,Hit+Run
6182606.725,E22,P337,0.0675,0.0025,3177.569,1059.189,3.4227,12.429,0.12487500000000003,0.0,Merge
6239542.223,E13,P428,0.5745821165019445,0.0025000000000000022,6488.005,1059.189,1.1902,9.2982,0.8654175177574808,0.0,Hit+Run
6271129.628,E42,P229,0.053992277862466104,0.0025,2949.653,1059.189,5.0486,16.932,0.3795923483503606,0.0,Merge
6284289.267,E13,P120,0.5745821165019445,0.0025000000000000022,6488.005,1059.189,1.2814,10.010,0.6836858566330828,0.0,Merge
6315244.8,E27,P430,0.21758980671961853,0.0025,4693.967,1059.189,1.145,6.3271,0.9110273880134747,0.0,Hit+Run
6330969.361,E37,P587,0.0324998334998335,0.0025,2490.505,1059.189,7.6673,21.509,0.6383959053709392,0.009598481518481519,Fragment
6445725.139,E13,P304,0.5770821165019444,0.0025,6497.401,1059.189,1.2446,9.7382,0.7022250531502602,0.0,Merge
6535384.705,E9,P355,0.30435158873629276,0.0025,5249.513,1059.189,2.8224,17.586,0.6447161551778072,0.0,Merge
6554940.07,E9,P659,0.30685158873629276,0.0025,5263.847,1059.189,2.5295,15.807,0.8314881798051363,0.0,Merge
6636374.337,E27,P377,0.21758980671961853,0.0025,4693.967,1059.189,1.7493,9.6664,0.5700652301674859,0.0,Merge
6723926.143,E9,E37,0.30935158873629276,0.025401431901431903,5278.104,2294.104,1.5907,9.4492,0.9408595436753838,0.0,Hit+Run
6739097.821,E9,E37,0.30935158873629276,0.025401431901431903,5278.104,2294.104,1.0636,6.3181,0.9790571307204357,0.0,Hit+Run
6740191.373,E9,E37,0.30935158873629276,0.025401431901431903,5278.104,2294.104,1.0553,6.2687,0.9936251885533113,0.0,Hit+Run
6879723.118,E13,P354,0.5795821165019444,0.0025,6506.770,1059.189,1.2798,10.029,0.9171102793799798,0.0,Hit+Run
6975227.291,E13,E22,0.5795821165019444,0.07,6506.770,3216.324,1.0471,7.6464,0.816031936412491,0.0,Graze+Merge
6998797.746,E18,P204,0.008755910755910756,0.0025,1608.524,1059.189,6.3837,11.715,0.9205989345392783,0.0,Hit+Run
7426688.646,E33,E54,0.1475,0.030000000000000002,4123.422,2424.939,1.038,4.8282,0.9531581489608278,0.0,Hit+Run
7567831.241,E23,P340,0.030000000000000002,0.0025000000000000022,2424.939,1059.189,2.9132,7.9491,0.961239830899769,0.0,Hit+Run
7628558.155,E37,P268,0.025401431901431903,0.0025,2294.104,1059.189,8.4295,21.723,0.5183003341817871,0.020136137196137195,Fragment
7645967.396,E9,FRAG0018,0.30935158873629276,0.006711954711954711,5278.104,1472.121,1.0795,6.5994,0.47243320798857846,0.0,Merge
7715687.598,E37,P222,0.007765567765567766,0.0025,1545.438,1059.189,14.927,26.477,0.5222012546841907,0.0,Fragment
7882411.66,E13,P383,0.6495821165019444,0.0025,6758.835,1059.189,1.4526,11.852,0.18120328800499708,0.0,Merge
7971339.795,E13,FRAG0005,0.6520821165019444,0.005858141858141859,6767.495,1406.847,1.3438,10.771,0.22684314278352416,0.0,Merge
8034886.143,P11,P403,0.002499999999999968,0.0024999999999999905,1059.189,1059.189,9.0721,12.452,0.8217499999999988,0.0,Graze+Frag
8057170.618,E13,P124,0.6579402583600862,0.0025,6787.700,1059.189,1.8223,14.936,0.9168324446804507,0.0,Hit+Run
8239985.999,E9,P3,0.3160635434482475,0.01,5316.004,1681.359,2.1427,13.067,0.9374887045768815,0.0,Hit+Run
8333329.587,E68,P340,0.05750000000000001,0.0025000000000000022,3012.195,1059.189,2.7402,9.3981,0.8333617637904065,0.0,Hit+Run
8365487.073,NEPTUNE,K667,16.15442390942391,0.035,19728.36,2552.798,1.0006,24.097,0.4890218482272837,0.0,Merge
8416725.661,E13,P145,0.6579402583600862,0.0025000000000000022,6787.700,1059.189,1.356,11.114,0.8241025285848337,0.0,Merge
8436746.776,E60,P635,0.025,0.0025,2281.955,1059.189,4.354,11.160,0.9009951139807348,0.0,Hit+Run
8689375.039,E18,P150,0.008755910755910756,0.0025,1608.524,1059.189,7.9933,14.669,0.5280721423038381,0.01089917415917416,Fragment
8700917.801,E9,P3,0.3160635434482475,0.01,5316.004,1681.359,1.0584,6.4549,0.9823878799743642,0.0,Hit+Run
8709275.312,E68,P670,0.05750000000000001,0.0024999999999999905,3012.195,1059.189,4.3906,15.058,0.7627805206568797,0.0,Hit+Run
8755159.821,E9,FRAG0016,0.3160635434482475,0.006405261405261406,5316.004,1449.348,1.8253,11.258,0.49817753109451324,0.0,Merge
9081497.721,P102,P393,0.0025,0.0025,1059.189,1059.189,9.0823,12.466,0.7764,0.0,Graze+Frag
9101950.766,P67,P425,0.0025000000000000022,0.0025,1059.189,1059.189,4.7357,6.5001,0.20875000000000002,0.0,Merge
9189369.45,E13,P366,0.6604402583600861,0.0025,6796.286,1059.189,1.8285,15.007,0.8779698620312607,0.0,Hit+Run
9374601.566,E33,P774,0.1475,0.0025,4123.422,1059.189,2.1529,10.347,0.2604880360063439,0.0,Merge
9380828.506,E9,P168,0.32246880485350893,0.0024999999999999905,5351.675,1059.189,2.3431,14.904,0.4414327525660856,0.0,Merge
9394418.379,E13,P67,0.6604402583600861,0.005000000000000003,6796.286,1334.495,2.0811,16.820,0.8679686356531239,0.0,Hit+Run
9415502.222,E9,P544,0.32496880485350893,0.0025,5365.469,1059.189,2.3428,14.943,0.965167596938144,0.0,Hit+Run
9554307.962,E54,E59,0.030000000000000002,0.025,2424.939,2281.955,2.2469,6.8620,0.8629927394833903,0.0,Hit+Run
9586413.865,E13,P216,0.6604402583600861,0.0024999999999999905,6796.286,1059.189,1.6473,13.520,0.5755080333299121,0.0,Merge
9831284.912,E9,P330,0.32496880485350893,0.0025,5365.469,1059.189,3.9859,25.423,0.6330336925492024,0.0,Merge
9915026.422,E13,E42,0.6629402583600861,0.056492277862466106,6804.851,2994.494,1.433,10.969,0.6090748427257858,0.00901998001998002,Fragment
10088028.406,E13,FRAG0013,0.7104125562025722,0.006405261405261406,6963.550,1449.348,1.1844,9.7675,0.7032335167985568,0.0,Merge
10161744.135,E9,FRAG0020,0.32746880485350893,0.006711954711954711,5379.193,1472.121,2.534,15.811,0.7138429686941983,0.0,Merge
10303920.754,E9,P3,0.33418075956546367,0.01,5415.696,1681.359,1.2188,7.5830,0.2659370745297262,0.0,Merge
10312448.27,E33,E54,0.15,0.030000000000000002,4146.588,2424.939,1.0996,5.1415,0.7470957531368625,0.0,Hit+Run
10312988.077,E9,P27,0.3441807595654637,0.0025,5469.186,1059.189,1.8099,11.783,0.3025974624581041,0.0,Merge
10341963.949,E18,P98,0.005527972027972029,0.0024999999999999905,1379.904,1059.189,17.742,28.757,0.5785870523776293,0.0,Graze+Frag
10430076.984,E9,P83,0.3466807595654637,0.0025000000000000022,5482.396,1059.189,2.8181,18.394,0.8443692502775791,0.0,Hit+Run
10455114.136,P94,FRAG0011,0.0025,0.006582084582084582,1059.189,1462.564,12.766,21.646,0.1144557399541132,0.009058967698967699,Fragment
10473344.212,E33,E54,0.15,0.030000000000000002,4146.588,2424.939,1.0562,4.9386,0.9076834804792033,0.0,Hit+Run
10549279.416,P111,P259,0.0024999999999999905,0.0025000000000000022,1059.189,1059.189,15.185,20.843,0.6371999999999995,0.0,Graze+Frag
11052743.47,E13,P83,0.7168178176078336,0.0025000000000000022,6984.416,1059.189,1.1305,9.5513,0.8855117357833698,0.0,Hit+Run
11128852.069,P113,FRAG0014,0.0025,0.006405261405261406,1059.189,1449.348,3.1787,5.3508,0.7717169069771115,0.0,Hit+Run
11160759.751,E13,P83,0.7168178176078336,0.0025000000000000022,6984.416,1059.189,1.1029,9.3181,0.9383055321509212,0.0,Hit+Run
11225553.69,E40,P395,0.03250000000000001,0.0025,2490.510,1059.189,2.7432,7.6957,0.9301964200717667,0.0,Hit+Run
11364735.508,E9,FRAG0007,0.3466807595654637,0.005858141858141859,5482.396,1406.847,3.0227,19.318,0.965851146364443,0.0,Hit+Run
11373152.488,E13,P9,0.7168178176078336,0.005,6984.416,1334.495,2.4071,20.032,0.5625205441449727,0.0,Merge
11465284.947,E9,P670,0.3466807595654637,0.0024999999999999905,5482.396,1059.189,2.185,14.262,0.541821062336928,0.0,Merge
11532234.946,E27,P432,0.22008980671961853,0.0025,4711.875,1059.189,1.3197,7.3224,0.6068787672297347,0.0,Merge
11567866.72,E18,FRAG0022,0.008027639027639028,0.00901998001998002,1562.631,1624.534,5.1848,10.713,0.9823912351708136,0.0,Hit+Run
11670865.061,P85,FRAG0001,0.0025000000000000022,0.007081252081252081,1059.189,1498.639,14.882,25.734,0.4345949708352188,0.009554259074259074,Graze+Frag
11674795.435,E9,P315,0.3491807595654637,0.0025,5495.543,1059.189,2.0129,13.172,0.8100701737298542,0.0,Merge
11839425.977,E13,FRAG0021,0.7218178176078336,0.005727938727938728,7000.618,1396.346,1.2094,10.057,0.8112813995303958,0.0,Merge
11869679.993,E13,P252,0.7275457563357723,0.0025,7019.086,1059.189,1.5121,12.842,0.6726032382833856,0.0,Merge
11878153.235,E13,P161,0.7300457563357723,0.0025,7027.117,1059.189,1.1016,9.3674,0.5305332813090243,0.0,Merge
12140639.487,E13,P65,0.7325457563357722,0.0025000000000000022,7035.129,1059.189,2.1552,18.348,0.9989941598406923,0.0,Hit+Run
12349459.655,E33,P732,0.15,0.0025,4146.588,1059.189,1.1874,5.7417,0.39030250338878564,0.0,Merge
12428546.692,E9,FRAG1005,0.3516807595654637,0.006122104237400124,5508.627,1427.668,2.3018,14.770,0.7732874188550057,0.0,Merge
12628973.698,E9,P331,0.3578028638028638,0.0025000000000000022,5540.408,1059.189,3.0021,19.817,0.9299218035313912,0.0,Hit+Run
12665459.343,E50,P318,0.0625,0.0025,3097.090,1059.189,1.8595,6.5698,0.8114038028253352,0.0,Hit+Run
12697563.799,E9,P331,0.3578028638028638,0.0025000000000000022,5540.408,1059.189,1.0397,6.8634,0.9608996084878854,0.0,Hit+Run
12779240.486,P65,P545,0.0025000000000000022,0.0025,1059.189,1059.189,7.4628,10.243,0.7939000000000002,0.0,Graze+Frag
13017972.801,E13,FRAG0017,0.7325457563357722,0.009598401598401599,7035.129,1658.543,1.0137,8.3677,0.9834500412703234,0.0,Graze+Merge
13068745.991,E13,P128,0.7421441579341739,0.0025,7065.723,1059.189,1.2115,10.362,0.7859777063320722,0.0,Merge
13253141.321,E13,P517,0.7446441579341738,0.0025,7073.648,1059.189,1.1189,9.5814,0.9841377339413798,0.0,Hit+Run
13306243.623,E9,FRAG0022,0.3578028638028638,0.00901998001998002,5540.408,1624.534,1.8562,11.865,0.894205026698539,0.0,Hit+Run
13341153.253,E9,FRAG0022,0.3578028638028638,0.00901998001998002,5540.408,1624.534,1.0686,6.8311,0.6125041522379044,0.0,Merge
13345755.625,E9,P331,0.3668228438228438,0.0025000000000000022,5586.579,1059.189,1.2236,8.1494,0.2181413883834333,0.0,Merge
13406075.767,E13,P629,0.7446441579341738,0.0025,7073.648,1059.189,1.7978,15.395,0.6832864372817923,0.0,Merge
13425639.269,E27,P353,0.22258980671961853,0.0025,4729.649,1059.189,1.9587,10.912,0.8462785945947796,0.0,Hit+Run
13499969.397,P26,P335,0.0025000000000000022,0.0025,1059.189,1059.189,11.467,15.740,0.8083500000000001,0.0,Graze+Frag
13919224.474,E9,P149,0.3693228438228438,0.0025000000000000022,5599.242,1059.189,3.7153,24.804,0.4114646108600196,0.0,Merge
14043646.764,E37,FRAG0012,0.010265734265734267,0.006405261405261406,1696.122,1449.348,12.963,26.663,0.43812183493895834,0.011142857142857144,Fragment
14043720.317,E37,FRAG0023,0.00552813852813853,0.005571428571428572,1379.918,1383.511,1.1402,2.0415,0.30919750208607977,0.0,Merge
14521746.956,E9,P12,0.3718228438228438,0.0024999999999999905,5611.847,1059.189,3.1547,21.112,0.4594774259953812,0.0,Merge
14559748.993,E9,P332,0.3743228438228438,0.0025,5624.396,1059.189,4.5827,30.742,0.39703089311662104,0.0,Merge
14895359.781,E65,P144,0.030000000000000002,0.0025,2424.939,1059.189,7.9629,21.728,0.443140540390908,0.01928671328671329,Fragment
15569650.722,E37,P410,0.011099567099567102,0.0025,1740.854,1059.189,19.885,39.153,0.5354908033015641,0.01355970695970696,Fragment
15676793.824,E13,P422,0.7471441579341738,0.0025,7081.555,1059.189,2.7454,23.537,0.8753706052541216,0.0,Hit+Run
15712897.874,P94,P111,0.009081918081918081,0.005,1628.244,1334.495,9.059,17.645,0.870415119190714,0.0,Hit+Run
15798203.504,E9,P164,0.3768228438228438,0.0025,5636.890,1059.189,5.0614,34.034,0.4842145235717363,0.0,Merge
15931080.114,P127,P227,0.0025,0.0025,1059.189,1059.189,7.5444,10.355,0.9532500000000002,0.0,Hit+Run
15944202.839,E13,P156,0.7471441579341738,0.0024999999999999905,7081.555,1059.189,2.599,22.282,0.4961854250590788,0.0,Merge
16120494.915,E9,P245,0.3793228438228438,0.0025,5649.328,1059.189,4.2835,28.871,0.6336055902645982,0.0,Merge
16285270.02,E13,P619,0.7496441579341737,0.0025,7089.445,1059.189,1.2538,10.762,0.5301009141020248,0.0,Merge
16300490.19,E27,P882,0.22258980671961853,0.0025,4729.649,1059.189,2.4248,13.508,0.18742644294269398,0.0,Merge
16316033.441,E9,P102,0.3818228438228438,0.005,5661.712,1334.495,1.6513,10.970,0.4710670056596492,0.0,Merge
16556948.108,E9,P347,0.3868228438228438,0.0025,5686.319,1059.189,3.4445,23.379,0.45748443060469934,0.0,Merge
16588084.022,E56,P763,0.030000000000000002,0.0025,2424.939,1059.189,4.8497,13.233,0.39184564824891027,0.007357642357642358,Fragment
16626663.455,P139,P401,0.0025,0.0025,1059.189,1059.189,8.0434,11.040,0.82845,0.0,Hit+Run
16708874.908,E9,P313,0.3893228438228438,0.0025,5698.542,1059.189,6.3042,42.887,0.7073286072655127,0.0,Merge
16734132.509,E54,P415,0.030000000000000002,0.0025,2424.939,1059.189,3.89,10.614,0.8198134797022938,0.0,Hit+Run
17085306.888,E13,E54,0.7521441579341737,0.030000000000000002,7097.317,2424.939,1.4475,11.720,0.9917491614928844,0.0,Hit+Run
17512528.325,E48,E65,0.052500000000000005,0.013213286713286712,2922.224,1845.004,4.4058,14.614,0.8043546870138473,0.0076849816849816855,Hit+Run+Frag
17834589.857,E13,P771,0.7521441579341737,0.0025,7097.317,1059.189,3.9765,34.172,0.6205850772334013,0.0,Merge
18110285.21,E27,P11,0.22508980671961853,0.005,4747.290,1334.495,2.155,11.842,0.6614592808245411,0.0,Merge
18264142.79,E13,P311,0.7546441579341736,0.0025,7105.171,1059.189,1.4696,12.644,0.8054317910461152,0.0,Merge
18719112.933,E9,P67,0.3918228438228438,0.005000000000000003,5710.714,1334.495,3.9366,26.395,0.581754077374683,0.0,Merge
18858723.035,E13,P431,0.7571441579341736,0.0025,7113.009,1059.189,1.3434,11.571,0.5090047009254322,0.0,Merge
19313963.424,E13,P559,0.7596441579341735,0.0025,7120.829,1059.189,1.7471,15.066,0.9220494696874255,0.0,Hit+Run
19525396.119,E9,P286,0.39682284382284383,0.0025,5734.902,1059.189,4.869,33.349,0.6422767122388753,0.0,Merge
19534466.966,E13,P415,0.7596441579341735,0.0025,7120.829,1059.189,1.5165,13.077,0.6367817098530512,0.0,Merge
19754569.984,E9,P564,0.39932284382284383,0.0025,5746.921,1059.189,3.3412,22.936,0.5796645550707367,0.0,Merge
19888737.414,E54,P458,0.030000000000000002,0.0025,2424.939,1059.189,3.8971,10.633,0.8711779714265738,0.0,Hit+Run
19962988.175,E13,FRAG0014,0.7621441579341734,0.006405261405261406,7128.632,1449.348,1.4873,12.577,0.8358585345357626,0.0,Hit+Run
20239761.76,E33,P26,0.1525,0.005,4169.498,1334.495,2.5945,12.399,0.7517074222371405,0.0,Merge
20241139.291,P113,P559,0.0025,0.0025,1059.189,1059.189,13.244,18.178,0.64275,0.0,Graze+Frag
20816113.962,E9,E27,0.40182284382284383,0.23008980671961854,5758.889,4782.184,1.2305,8.5118,0.9554739688173376,0.0,Hit+Run
20857676.24,E27,E37,0.23008980671961854,0.005527972027972032,4782.184,1379.904,3.3341,18.419,0.5590775316955436,0.0,Merge
21010391.956,E9,E27,0.40182284382284383,0.23561777874759057,5758.889,4820.179,0.9988,6.9267,0.9475785462246973,0.0,Perfect
21646277.633,E13,P281,0.7621441579341734,0.0025,7128.632,1059.189,1.3995,12.083,0.970848860328081,0.0,Hit+Run
22331439.751,E13,P454,0.7621441579341734,0.0025,7128.632,1059.189,1.013,8.7460,0.7539728392468104,0.0,Merge
22383540.345,P86,P458,0.0024999999999999905,0.0025,1059.189,1059.189,24.828,34.078,0.8518499999999996,0.0,Graze+Frag
22603137.697,E9,P434,0.6374406225704344,0.0025,6716.460,1059.189,2.0073,16.269,0.8623991172364575,0.0,Merge
22625143.87,E9,P294,0.6399406225704344,0.0025,6725.229,1059.189,3.8453,31.209,0.39879221870278625,0.0,Merge
22649812.172,E23,E54,0.030000000000000002,0.030000000000000002,2424.939,2424.939,1.8635,5.8559,0.4255,0.014472860472860474,Fragment
22754112.208,E13,E68,0.7646441579341734,0.05750000000000001,7136.418,3012.195,1.0934,8.7923,0.668102197733304,0.0,Merge
23850426.523,P173,P611,0.0025,0.0025,1059.189,1059.189,27.067,37.152,0.9875,0.0,Hit+Run
23963362.209,E9,P544,0.6424406225704343,0.0025,6733.975,1059.189,3.2696,26.573,0.697750512195065,0.0,Merge
24376417.616,E9,P438,0.6449406225704343,0.0025,6742.698,1059.189,3.0801,25.068,0.7448014206414109,0.0,Merge
24475296.06,P111,P204,0.005,0.0025,1334.495,1059.189,16.301,25.779,0.5872775219386527,0.0,Graze+Frag
24523698.821,E9,P85,0.6474406225704342,0.009581418581418581,6751.399,1657.564,3.2658,25.790,0.7413002574029698,0.0,Merge
24621775.082,E70,P282,0.025,0.0025,2281.955,1059.189,6.4065,16.420,0.4593763748206809,0.013363303363303365,Fragment
24699454.285,E9,P376,0.6570220411518528,0.0025,6784.541,1059.189,2.2776,18.658,0.4047164260674916,0.0,Merge
24846089.914,E9,P272,0.6595220411518528,0.0025000000000000022,6793.135,1059.189,3.3651,27.605,0.4657759267485599,0.0,Merge
24858445.147,E9,FRAG0024,0.6620220411518527,0.005571428571428572,6801.708,1383.511,1.5823,12.766,0.40019729216628575,0.0,Merge
25078529.452,E9,P173,0.6675934697232813,0.0025,6820.735,1059.189,2.1475,17.692,0.5871254644454149,0.0,Merge
25260836.446,E83,P632,0.027500000000000004,0.0025,2355.617,1059.189,6.5068,17.230,0.10637092051806989,0.014057276057276056,Fragment
25310768.663,E9,P201,0.6700934697232812,0.0025,6829.239,1059.189,5.0268,41.469,0.604711466577298,0.0,Merge
25503501.314,P94,P207,0.009081918081918081,0.0025,1628.244,1059.189,8.1598,15.134,0.36927974285814463,0.006054279054279054,Fragment
25797333.962,E80,P611,0.025,0.0025,2281.955,1059.189,6.0314,15.459,0.9324124693803055,0.0,Hit+Run
25849874.873,P47,P249,0.0075001665001665,0.0024999999999999905,1527.627,1059.189,26.876,47.211,0.7667022704861919,0.009931808191808191,Graze+Frag
25934789.696,E13,P571,0.8221441579341734,0.0025,7310.995,1059.189,1.6396,14.539,0.9304935393050838,0.0,Hit+Run
26052117.083,E47,E80,0.025,0.025,2281.955,2281.955,12.819,37.909,0.297,0.04992105894105894,Fragment
26129551.812,E18,E47,0.008027639027639028,0.005527139527139527,1562.631,1379.835,14.076,26.992,0.9302075323004373,0.0,Hit+Run
26634342.121,P242,P490,0.0025,0.0025,1059.189,1059.189,10.687,14.669,0.9813,0.0,Hit+Run
26728245.898,E9,P165,0.6725934697232812,0.0025,6837.721,1059.189,1.4424,11.915,0.954191916126085,0.0,Hit+Run
26736214.398,P47,P542,0.01,0.0025,1681.359,1059.189,16.020,30.567,0.7768286290496715,0.01183116217116217,Graze+Frag
26770745.477,P47,FRAG0046,0.005527972027972028,0.0069720279720279724,1379.904,1490.894,1.1218,2.0913,0.49417601880048967,0.0,Graze+Merge
26830146.636,E9,P165,0.6725934697232812,0.0025,6837.721,1059.189,1.0825,8.9420,0.5361484886254735,0.0,Merge
26909524.525,E44,P547,0.025,0.0025,2281.955,1059.189,5.4851,14.059,0.8027817290577287,0.0,Hit+Run
27023267.783,P47,P280,0.0125,0.0025,1811.189,1059.189,23.189,47.362,0.7853970303458216,0.014587326007326007,Graze+Frag
27031127.012,E13,FRAG0014,0.8221441579341734,0.006405261405261406,7310.995,1449.348,1.1068,9.6166,0.24293918157490976,0.0,Merge
27301402.803,E13,P366,0.8285494193394348,0.0025,7329.932,1059.189,1.3147,11.690,0.9288756142180727,0.0,Hit+Run
28070881.165,E23,FRAG0007,0.045527139527139535,0.005858141858141859,2786.659,1406.847,5.0578,15.817,0.9501273232811837,0.0,Hit+Run
28137645.448,E40,P701,0.03250000000000001,0.0025,2490.510,1059.189,4.3528,12.211,0.9008690627335558,0.0,Hit+Run
28629113.176,E9,E18,0.6750934697232811,0.008027639027639028,6846.182,1562.631,1.4183,11.421,0.32192182000563835,0.0,Merge
28661719.295,E9,P647,0.6831211087509201,0.0025,6873.212,1059.189,3.6554,30.362,0.864826689676936,0.0,Merge
28829240.455,E9,P418,0.6856211087509201,0.0025000000000000022,6881.586,1059.189,2.4323,20.229,0.22523292825016017,0.0,Merge
28932316.87,E23,FRAG0007,0.045527139527139535,0.005858141858141859,2786.659,1406.847,1.5678,4.9031,0.900155596668549,0.0,Hit+Run
28992364.841,E13,P615,0.8285494193394348,0.0025,7329.932,1059.189,1.4587,12.971,0.6541709833177228,0.0,Merge
29262315.377,E60,P225,0.025,0.0025000000000000022,2281.955,1059.189,3.5269,9.0400,0.9598002074568879,0.0,Hit+Run
29630866.399,P111,P547,0.007499833499833501,0.0025,1527.604,1059.189,8.9595,15.738,0.8240980780225999,0.0,Graze+Frag
29681346.365,P94,FRAG0045,0.005527639027639027,0.0055591075591075595,1379.877,1382.490,8.4694,15.159,0.6073248458194406,0.010878168498168498,Graze+Frag
29853132.155,E13,FRAG0039,0.8310494193394348,0.0055591075591075595,7337.297,1382.490,1.6314,14.276,0.7060637510526098,0.0,Merge
29942226.134,P47,FRAG0047,0.005527805527805529,0.009472194472194473,1379.890,1651.241,18.803,37.371,0.4689875694309599,0.009472194472194473,Graze+Frag
30403412.885,E9,P532,0.68812110875092,0.0025,6889.940,1059.189,1.2432,10.352,0.07462751825229709,0.0,Merge
30668166.87,E13,FRAG0027,0.8366085268985424,0.006428904428904429,7353.621,1451.129,1.3083,11.437,0.936245637687835,0.0,Hit+Run
30882259.404,E23,P86,0.045527139527139535,0.005,2786.659,1334.495,4.0324,12.614,0.7102637796646629,0.0,Hit+Run
31348087.206,E56,P382,0.025142357642357643,0.0025,2286.278,1059.189,2.0425,5.2453,0.34914683704669996,0.0,Merge
31626074.238,P194,P524,0.0025000000000000022,0.0025,1059.189,1059.189,3.3417,4.5867,0.9710500000000001,0.0,Hit+Run
32162422.819,P139,P507,0.0025,0.0025,1059.189,1059.189,12.325,16.918,0.7547,0.0,Graze+Frag
32562992.111,E13,FRAG0007,0.8366085268985424,0.005858141858141859,7353.621,1406.847,1.379,12.081,0.8163257702764732,0.0,Merge
32664510.659,E9,P352,0.69062110875092,0.0025,6898.274,1059.189,3.6031,30.043,0.7145803406430749,0.0,Merge
32862273.557,E9,P94,0.6931211087509199,0.005527639027639027,6906.588,1379.877,2.1002,17.229,0.7416289028828309,0.0,Merge
32872979.51,P86,P430,0.005,0.0025,1334.495,1059.189,9.5156,15.048,0.9518311308200701,0.0,Hit+Run
32936983.556,E9,P258,0.6986487477785589,0.0025,6924.899,1059.189,2.2803,19.091,0.7282164935558906,0.0,Merge
33982716.927,E23,P412,0.045527139527139535,0.0025,2786.659,1059.189,10.002,31.581,0.6721286131801396,0.012173160173160174,Fragment
34348011.352,E56,P333,0.027642357642357642,0.0025,2359.675,1059.189,9.6173,25.512,0.9752420367013772,0.0,Hit+Run
35126545.426,E13,P194,0.8424666687566842,0.0025000000000000022,7370.745,1059.189,1.0116,9.0484,0.6374913057037778,0.0,Merge
35387295.858,E9,FRAG0051,0.7011487477785588,0.006086580086580087,6933.149,1424.901,1.0822,8.8939,0.9818998108194648,0.0,Hit+Run
35392401.512,E9,FRAG0051,0.7011487477785588,0.006086580086580087,6933.149,1424.901,1.0285,8.4526,0.5640718690185318,0.0,Merge
36559044.657,E9,P324,0.707235327865139,0.0025,6953.153,1059.189,3.2959,27.714,0.9488582354972367,0.0,Hit+Run
36931352.224,E9,FRAG0048,0.707235327865139,0.0055591075591075595,6953.153,1382.490,2.4782,20.474,0.5886576194000932,0.0,Merge
36971285.427,E9,P611,0.7127944354242466,0.0025,6971.324,1059.189,1.798,15.160,0.5385719339467893,0.0,Merge
37370258.622,E13,P357,0.8449666687566841,0.0025,7378.029,1059.189,1.8269,16.358,0.922994850875447,0.0,Hit+Run
37402363.261,E13,P583,0.8449666687566841,0.0025,7378.029,1059.189,2.1219,18.999,0.8015320514565936,0.0,Merge
38073969.427,E59,P665,0.025,0.0025,2281.955,1059.189,12.515,32.080,0.3514645888830246,0.021972027972027974,Fragment
38388661.929,E13,FRAG0019,0.8474666687566841,0.006711954711954711,7385.298,1472.121,1.8553,16.277,0.49761063359556446,0.0,Merge
38664756.156,E9,FRAG0027,0.7152944354242465,0.006428904428904429,6979.465,1451.129,1.6441,13.590,0.9821890097393051,0.0,Hit+Run
38841637.562,E13,FRAG0042,0.8541786234686388,0.0055591075591075595,7404.744,1382.490,1.9887,17.574,0.9585377791156336,0.0,Hit+Run
40324479.313,E9,P281,0.7152944354242465,0.0025,6979.465,1059.189,4.0702,34.362,0.9005363628902586,0.0,Hit+Run
40918788.085,E13,P171,0.8541786234686388,0.0025,7404.744,1059.189,1.1549,10.380,0.19430606000519787,0.0,Merge
41033457.876,E9,P281,0.7152944354242465,0.0025,6979.465,1059.189,1.0426,8.8020,0.7746418655714317,0.0,Merge
41496961.988,E13,P175,0.8566786234686388,0.0025,7411.961,1059.189,1.4592,13.129,0.3991590588238662,0.0,Merge
42306348.241,E13,P571,0.8591786234686387,0.0025,7419.164,1059.189,1.228,11.060,0.7094202890081514,0.0,Merge
42982607.675,P139,P673,0.005,0.0025,1334.495,1059.189,16.508,26.106,0.5228855020184757,0.0,Fragment
43148837.03,E13,FRAG0042,0.8616786234686387,0.0055591075591075595,7426.353,1382.490,1.1153,9.8868,0.20570579094092964,0.0,Merge
43831481.114,E9,P744,0.7177944354242465,0.0025,6987.586,1059.189,5.0114,42.360,0.6540569638637732,0.0,Merge
43857834.194,E9,P622,0.7202944354242464,0.0025,6995.689,1059.189,2.9118,24.643,0.6216746743309651,0.0,Merge
44321670.911,E9,P354,0.7227944354242464,0.0025,7003.773,1059.189,2.4715,20.942,0.10831880447355532,0.0,Merge
45720527.283,E9,FRAG0032,0.7252944354242463,0.007236430236430237,7011.839,1509.507,1.4731,12.202,0.5466230762799454,0.0,Merge
45865064.69,E9,P357,0.7325308656606766,0.0025,7035.082,1059.189,1.0721,9.1275,0.9883897261829321,0.0,Hit+Run
45922621.311,E9,P357,0.7325308656606766,0.0025,7035.082,1059.189,1.0497,8.9368,0.9099060889385433,0.0,Hit+Run
45926486.706,E9,P357,0.7325308656606766,0.0025,7035.082,1059.189,1.044,8.8883,0.7974389498530076,0.0,Merge
46633938.39,E9,P669,0.7350308656606765,0.0025,7043.076,1059.189,2.1533,18.354,0.9614152512629515,0.0,Hit+Run
47026206.114,E9,P669,0.7350308656606765,0.0025,7043.076,1059.189,1.0524,8.9706,0.6877683063284332,0.0,Merge
47525804.899,E9,P443,0.7375308656606765,0.0025,7051.052,1059.189,3.8499,32.856,0.25064829171919734,0.0,Merge
48195759.769,E23,FRAG0044,0.03585397935397936,0.0055591075591075595,2573.394,1382.490,5.6938,16.459,0.5599702157496289,0.020193806193806195,Fragment
48342324.139,E13,P333,0.8672377310277463,0.0025,7442.289,1059.189,2.1047,19.019,0.9569118791742027,0.0,Hit+Run
48962116.164,E9,P301,0.7400308656606764,0.0025,7059.010,1059.189,3.1972,27.318,0.28137957272714226,0.0,Merge
48966743.911,E56,P340,0.027642357642357642,0.0025000000000000022,2359.675,1059.189,5.8171,15.431,0.812494639493886,0.0,Hit+Run
49073132.669,P47,FRAG0049,0.005527805527805529,0.009472194472194473,1379.890,1651.241,16.025,31.850,0.8853494710049805,0.007942903762903764,Hit+Run
49282991.159,P47,FRAG0049,0.005527805527805529,0.009472194472194473,1379.890,1651.241,2.4329,4.8353,0.8003107620458431,0.0,Hit+Run
49284382.316,P47,FRAG0049,0.005527805527805529,0.009472194472194473,1379.890,1651.241,1.1363,2.2583,0.6643307707926615,0.0,Hit+Run
49291997.715,P47,FRAG0049,0.005527805527805529,0.009472194472194473,1379.890,1651.241,1.0139,2.0150,0.6196262674747423,0.0,Graze+Merge
49403168.705,E48,FRAG0054,0.05250049950049951,0.007324009324009325,2922.234,1515.572,1.9039,6.2453,0.546740989517694,0.0,Merge
49761361.974,E9,FRAG1001,0.7425308656606764,0.005597204177375944,7066.950,1385.641,2.3061,19.383,0.18485486202892515,0.0,Merge
49879801.305,P39,P584,0.0025000000000000022,0.0025,1059.189,1059.189,31.181,42.799,0.7411500000000001,0.0,Graze+Frag
50143791.81,E33,FRAG0002,0.1575,0.007081252081252081,4214.577,1498.639,2.8557,13.693,0.5987084032351031,0.0,Merge
50609569.405,E9,FRAG0027,0.7481280698380524,0.006428904428904429,7084.662,1451.129,2.2183,18.633,0.5672184079914576,0.0,Merge
51679653.929,E13,P83,0.8672377310277463,0.0025000000000000022,7442.289,1059.189,2.4932,22.530,0.843458599930788,0.0,Merge
53000469.747,E9,P534,0.7545569742669568,0.0025,7104.898,1059.189,2.9112,25.046,0.2703034731189277,0.0,Merge
53599002.978,E9,FRAG0055,0.7570569742669567,0.006731268731268732,7112.736,1473.531,1.2616,10.630,0.714316450477886,0.0,Merge
53710827.953,E9,P485,0.7637882429982255,0.0025000000000000022,7133.754,1059.189,1.7829,15.404,0.9257487167992697,0.0,Hit+Run
53926379.485,P310,P401,0.0024999999999999905,0.0025,1059.189,1059.189,3.812,5.2323,0.6726999999999995,0.0,Hit+Run
54055603.438,P300,P353,0.0025,0.0025,1059.189,1059.189,18.010,24.721,0.88115,0.0,Graze+Frag
54064079.725,E13,FRAG0057,0.8697377310277463,0.006731268731268732,7449.434,1473.531,1.4415,12.763,0.3978111561706767,0.0,Merge
54733216.493,E13,P340,0.876468999759015,0.0025000000000000022,7468.602,1059.189,1.3876,12.586,0.8243863368215,0.0,Merge
55420278.702,E13,P262,0.8789689997590151,0.0025000000000000022,7475.697,1059.189,1.7381,15.781,0.25217125727500084,0.0,Merge
56439562.994,E9,E23,0.7637882429982255,0.021219280719280725,7133.754,2160.581,1.2377,10.162,0.6701372558775898,0.0,Merge
57269535.644,E9,P300,0.7850075237175062,0.005,7199.214,1334.495,2.5233,21.690,0.793340899286629,0.0,Merge
57617785.819,E9,P643,0.7900075237175062,0.0025,7214.467,1059.189,2.8339,24.779,0.5908539449860728,0.0,Merge
59088669.36,E13,P139,0.881468999759015,0.007499833499833501,7482.778,1527.604,1.9369,17.188,0.9129265550522794,0.0,Hit+Run
60185798.536,E13,P139,0.881468999759015,0.007499833499833501,7482.778,1527.604,1.101,9.7704,0.7187646078393048,0.0,Merge
60258172.852,E13,FRAG0036,0.8889688332588486,0.007028638028638028,7503.940,1494.918,1.5733,14.025,0.7714194816352042,0.0,Merge
60585433.372,E9,P367,0.7925075237175061,0.0025,7222.069,1059.189,2.4427,21.382,0.6951492830740372,0.0,Merge
60967730.577,E9,FRAG0009,0.795007523717506,0.006582084582084582,7229.655,1462.564,1.7994,15.438,0.6806117581752045,0.0,Merge
61737032.255,E9,P474,0.8015896082995906,0.0024999999999999905,7249.552,1059.189,2.8782,25.296,0.8938105428780442,0.0,Hit+Run
61838340.032,E9,FRAG0056,0.8015896082995906,0.006731268731268732,7249.552,1473.531,1.2336,10.609,0.9461808843282118,0.0,Hit+Run
61843983.63,E9,FRAG0056,0.8015896082995906,0.006731268731268732,7249.552,1473.531,1.049,9.0217,0.9929705055734277,0.0,Hit+Run
62695007.251,E13,P58,0.8959974712874866,0.0025000000000000022,7523.664,1059.189,1.9886,18.178,0.5560225272603491,0.0,Merge
63868447.228,E9,P474,0.8015896082995906,0.0024999999999999905,7249.552,1059.189,1.0498,9.2267,0.0806209431490934,0.0,Merge
64280931.688,E9,P634,0.8040896082995905,0.0025,7257.081,1059.189,2.7007,23.762,0.8024764683802212,0.0,Merge
65912504.31,E13,FRAG0043,0.8984974712874867,0.0055591075591075595,7530.655,1382.490,1.131,10.176,0.8031553661537967,0.0,Merge
66067454.053,E33,E40,0.16458125208125207,0.03250000000000001,4276.816,2490.510,1.2168,5.8666,0.7376473185894944,0.0,Hit+Run
66073615.269,E13,FRAG0056,0.9040565788465943,0.006731268731268732,7546.155,1473.531,1.0245,9.1977,0.7108022123969271,0.0,Merge
72309123.437,E9,P413,0.8065896082995905,0.0025,7264.594,1059.189,2.0659,18.197,0.7456787954336215,0.0,Merge
76009478.168,E9,P688,0.8090896082995904,0.0025,7272.092,1059.189,2.0426,18.011,0.6527291322084317,0.0,Merge
76679352.525,E9,P111,0.8115896082995904,0.01,7279.574,1681.359,2.4411,20.883,0.41227668743105234,0.0,Merge
77161486.605,P310,P485,0.0024999999999999905,0.0025000000000000022,1059.189,1059.189,24.471,33.589,0.41884999999999967,0.0,Merge
82431753.316,E9,P310,0.8215896082995904,0.004999999999999992,7309.351,1334.495,1.4681,12.826,0.597763983050925,0.0,Merge
82707569.859,E13,E71,0.910787847577863,0.025,7564.837,2281.955,1.1672,10.165,0.7569605946685773,0.0,Merge
83729663.198,E13,P113,0.935787847577863,0.005,7633.428,1334.495,1.8513,16.940,0.9489943549305128,0.0,Hit+Run
83791197.817,E13,P113,0.935787847577863,0.005,7633.428,1334.495,1.0634,9.7309,0.44304562000298847,0.0,Merge
86502119.864,E56,FRAG0029,0.027642357642357642,0.007357642357642358,2359.675,1517.889,8.1269,21.814,0.5725806522087767,0.02947219447219447,Fragment
88597307.317,E13,P503,0.940787847577863,0.0025,7646.999,1059.189,3.2301,30.038,0.3764567750965668,0.0,Merge
91587285.123,P47,P430,0.015000000000000001,0.0025,1924.675,1059.189,16.822,36.398,0.8742704369104152,0.0,Graze+Frag
93333381.164,E9,P785,0.8265896082995904,0.0025000000000000022,7324.148,1059.189,5.6694,50.371,0.9960544722838391,0.0,Hit+Run
93712957.79,E9,P785,0.8265896082995904,0.0025000000000000022,7324.148,1059.189,1.0349,9.1949,0.6185479926120149,0.0,Merge
96401998.379,E69,P714,0.025,0.0025,2281.955,1059.189,3.7939,9.7243,0.5603217036914758,0.0,Merge
99065803.461,E9,P343,0.8290896082995904,0.0025,7331.525,1059.189,3.3877,30.131,0.5878700536227651,0.0,Merge
99838822.111,E9,P124,0.8315896082995904,0.0025,7338.887,1059.189,3.165,28.180,0.9324268488205041,0.0,Hit+Run
102741496.43,E13,P575,0.943287847577863,0.0025,7653.767,1059.189,2.2838,21.258,0.08459329839393546,0.0,Merge
103612322.54,E9,P124,0.8315896082995904,0.0025,7338.887,1059.189,1.0967,9.7647,0.6300653776940801,0.0,Merge
105639625.837,E9,P356,0.8340896082995903,0.0025,7346.234,1059.189,3.5325,31.485,0.1388765858277085,0.0,Merge
105863857.239,E13,P535,0.9457878475778629,0.0025000000000000022,7660.523,1059.189,3.1289,29.151,0.8129031288889025,0.0,Merge
106972060.989,E50,P697,0.0625,0.0025,3097.090,1059.189,2.2723,8.0283,0.9048467607409353,0.0,Hit+Run
107072799.82,E9,P324,0.8365896082995903,0.0025,7353.566,1059.189,3.3333,29.741,0.820427587189371,0.0,Merge
110328613.881,E9,P390,0.8390896082995902,0.0025,7360.883,1059.189,2.4845,22.191,0.9560323061744859,0.0,Hit+Run
110909075.798,E9,P390,0.8390896082995902,0.0025,7360.883,1059.189,1.0405,9.2937,0.28735169992643883,0.0,Merge
112441594.913,E9,FRAG0053,0.8415896082995902,0.007324009324009325,7368.187,1515.572,1.241,10.838,0.9713098901754821,0.0,Hit+Run
112556465.373,E48,E59,0.059824508824508835,0.0055279720279720265,3052.250,1379.904,3.5578,12.205,0.6317083453351925,0.0,Merge
113206841.637,E9,FRAG0025,0.8415896082995902,0.006428904428904429,7368.187,1451.129,1.3893,12.171,0.7164070303946398,0.0,Merge
114229605.469,E13,E56,0.9482878475778629,0.005527805527805532,7667.266,1379.890,1.6807,15.417,0.8432405709727735,0.0,Merge
114642549.805,E13,E0,0.9538156531056684,0.03750000000000001,7682.136,2612.187,1.8,15.781,0.7531152503561823,0.031971361971361974,Hit+Run+Frag
114767447.837,E13,FRAG0067,0.9538164856065009,0.006394272394272395,7682.138,1448.519,1.0393,9.5220,0.7179295343754142,0.0,Merge
115073648.581,E9,FRAG0065,0.8480185127284946,0.006394272394272395,7386.901,1448.519,1.3408,11.779,0.737150081487398,0.0,Merge
115143410.717,E9,FRAG0053,0.854412785122767,0.007324009324009325,7405.421,1515.572,1.2122,10.644,0.6565353141110861,0.0,Merge
115227478.0,E13,E0,0.9602107580007733,0.005527805527805528,7699.266,1379.890,1.0265,9.4585,0.289851709319943,0.0,Merge
120163518.513,E13,P727,0.9657385635285788,0.0025000000000000022,7714.013,1059.189,2.205,20.695,0.6573421545529208,0.0,Merge
120341923.527,E9,P686,0.8617367944467763,0.0025,7426.520,1059.189,1.9381,17.474,0.8635396931515622,0.0,Merge
121047156.988,E9,FRAG0066,0.8642367944467763,0.006394272394272395,7433.695,1448.519,1.4648,12.956,0.9040400660959323,0.0,Hit+Run
121147784.972,E9,FRAG0066,0.8642367944467763,0.006394272394272395,7433.695,1448.519,1.0435,9.2300,0.47670914798022873,0.0,Merge
125459703.471,E9,FRAG0064,0.8706310668410486,0.006394272394272395,7451.983,1448.519,1.6277,14.435,0.4518661138083755,0.0,Merge
127113076.587,E40,P533,0.03250000000000001,0.0025,2490.510,1059.189,3.212,9.0109,0.2939050236597247,0.0,Merge
134455383.531,E9,P484,0.877025339235321,0.0025,7470.182,1059.189,1.9093,17.321,0.9179454129925221,0.0,Hit+Run
134524524.726,E9,P484,0.877025339235321,0.0025,7470.182,1059.189,1.0016,9.0869,0.6239331287242369,0.0,Merge
140472708.469,E9,FRAG0063,0.879525339235321,0.006394272394272395,7477.274,1448.519,1.1542,10.273,0.7943217079685135,0.0,Merge
148810892.396,E13,E32,0.9682385635285788,0.03250000000000001,7720.663,2490.510,1.2331,10.906,0.9117804270343399,0.013062937062937064,Hit+Run+Frag
149422471.021,E13,P569,0.9682387300287454,0.0025,7720.664,1059.189,2.039,19.154,0.4052096998548221,0.0,Merge
152095453.576,E50,P408,0.0625,0.0025,3097.090,1059.189,3.7018,13.079,0.5424758641352226,0.0,Merge
158795559.123,E13,P368,0.9707387300287453,0.0025,7727.303,1059.189,1.5038,14.139,0.8362713675057096,0.0,Merge
170513276.94,E13,P697,0.9732387300287453,0.0025,7733.931,1059.189,2.2506,21.181,0.8606331655328003,0.0,Merge
173733764.465,E13,P39,0.9757387300287452,0.005,7740.547,1334.495,1.674,15.547,0.8070601883099019,0.0,Merge
180639744.269,E40,E43,0.03500000000000001,0.030000000000000002,2552.798,2424.939,5.126,16.549,0.4302753309867718,0.05947385947385947,Fragment
181778707.124,P47,FRAG0069,0.0175001665001665,0.006531468531468532,2026.163,1458.805,17.383,40.784,0.3551777086517736,0.024003389943389943,Fragment
181797254.265,P47,FRAG0080,0.005528138528138528,0.006167832167832167,1379.918,1431.214,1.0275,1.8724,0.7336146644354533,0.0,Graze+Merge
182060685.539,P47,FRAG0082,0.011695970695970694,0.006167832167832167,1771.492,1431.214,2.2281,4.7013,0.857064846699021,0.0,Hit+Run
182060705.84,P47,FRAG0082,0.011695970695970694,0.006167832167832167,1771.492,1431.214,1.049,2.2134,0.9744929634813393,0.0,Hit+Run
182333141.087,P47,FRAG0081,0.011695970695970694,0.006167832167832167,1771.492,1431.214,1.3029,2.7491,0.5761334264741532,0.0,Hit+Run
182374827.122,P47,FRAG0082,0.011695970695970694,0.006167832167832167,1771.492,1431.214,1.225,2.5847,0.15332583123908916,0.0,Merge
195247669.934,E13,P560,0.9807387300287452,0.0025,7753.747,1059.189,2.3253,21.943,0.9304035072402291,0.0,Hit+Run
197926435.229,E13,P155,0.9807387300287452,0.0025,7753.747,1059.189,2.7072,25.547,0.9017215646056838,0.0,Hit+Run
198089306.276,E13,P155,0.9807387300287452,0.0025,7753.747,1059.189,1.1067,10.443,0.22769591269387351,0.0,Merge
199007743.985,E13,FRAG0058,0.9832387300287452,0.005894438894438895,7760.329,1409.747,1.4934,13.857,0.9185377244910871,0.0,Hit+Run
