time_yr,target,projectile,Mt_Mearth,Mp_Mearth,Rt_km,Rp_km,vimp/vesc,vimp_km/s,b,m_frag_Mearth,Regime
61916.273,E15,P84,0.11428,0.0024355585714285716,3787.191,1050.009,1.1545,5.0666,0.6927367258534006,0.0,Merge
89632.289,E3,P213,0.40336,0.0024355585714285716,5766.223,1050.009,1.1935,8.2273,0.836479837666059,0.0,Merge
195420.001,E15,P693,0.11671555857142858,0.0024355585714285716,3813.907,1050.009,1.1016,4.8712,0.7774575317908723,0.0,Merge
298260.591,E11,P709,0.020565714285714288,0.0024355585714285716,2138.167,1050.009,5.9859,14.364,0.7785635751008828,0.0,Hit+Run
321728.321,E17,P387,0.040959999999999996,0.0024355585714285716,2690.174,1050.009,1.6083,4.8944,0.5215372836664096,0.0,Merge
405059.015,E3,P539,0.40579555857142857,0.0024355585714285716,5777.805,1050.009,1.6403,11.331,0.7263070618308061,0.0,Merge
502280.196,E3,P334,0.40823111714285715,0.0024355585714285716,5789.342,1050.009,1.6711,11.569,0.8314079837731643,0.0,Merge
894823.644,E8,P268,0.11363999999999999,0.0024355585714285716,3780.108,1050.009,1.1288,4.9438,0.49797600227037464,0.0,Merge
1122046.727,M3,M4,0.05,0.05,2875.083,2875.083,1.7594,6.5551,0.40425,0.022505494505494508,Fragment
1264053.242,E9,P372,0.07894000000000001,0.0024355585714285716,3347.800,1050.009,2.3409,8.9964,0.9936499320750165,0.0,Hit+Run
1281133.98,E14,P190,0.044980000000000006,0.0024355585714285716,2775.451,1050.009,1.2309,3.8716,0.6510097572530137,0.0,Merge
1293660.738,M2,P172,0.05,0.0024355585714285716,2875.083,1050.009,8.1786,26.706,0.7697715899384977,0.0,Graze+Frag
1342089.576,E9,P372,0.07894000000000001,0.0024355585714285716,3347.800,1050.009,1.0193,3.9173,0.63784515290405,0.0,Merge
2053287.09,M2,P613,0.05243423243423244,0.0024355585714285716,2921.004,1050.009,2.8384,9.4264,0.45113208396577786,0.0,Merge
2195397.4,E3,P457,0.4106666757142857,0.0024355585714285716,5800.832,1050.009,1.3698,9.5032,0.6453796949602206,0.0,Merge
2197710.528,E8,P340,0.11607555857142857,0.0024355585714285716,3806.923,1050.009,1.387,6.1211,0.8088941492270434,0.0,Hit+Run
2213418.461,E3,P403,0.4131022342857143,0.0024355585714285716,5812.277,1050.009,1.1125,7.7344,0.638968022529863,0.0,Merge
2350766.096,E4,P167,0.0574,0.0024355585714285716,3010.448,1050.009,3.324,11.400,0.5711792228957256,0.0,Merge
2780405.025,E3,E4,0.4155377928571429,0.05983555857142857,5823.678,3052.438,1.0139,6.6291,0.9391508589333192,0.0,Graze+Merge
3186995.47,E12,P177,0.09854,0.0024355585714285716,3604.663,1050.009,2.0551,8.5517,0.7114579387474114,0.0,Merge
3253889.784,E20,P436,0.02242,0.0024355585714285716,2200.589,1050.009,2.0896,5.1623,0.6395426497043581,0.0,Merge
3767077.004,E14,P258,0.047415558571428575,0.0024355585714285716,2824.668,1050.009,2.6099,8.3637,0.7818602377501807,0.0,Hit+Run
4184040.774,E3,E10,0.47537335142857146,0.14002,6090.769,4052.507,1.0557,7.3465,0.4083820265101944,0.029835224775224777,Fragment
4197947.365,E3,FRAG0009,0.5855581865934066,0.005967032967032967,6529.058,1415.511,1.0469,8.0707,0.9449361782426632,0.0,Hit+Run
4231641.501,E9,P595,0.08137555857142859,0.0024355585714285716,3381.882,1050.009,2.208,8.5785,0.41633571842542993,0.0,Merge
4242261.261,E14,P534,0.047415558571428575,0.0024355585714285716,2824.668,1050.009,1.6161,5.1789,0.912862834229162,0.0,Hit+Run
4250988.061,E3,FRAG0009,0.5855581865934066,0.005967032967032967,6529.058,1415.511,1.0377,7.9998,0.346728625500591,0.0,Merge
4342086.149,E12,P385,0.10097555857142858,0.0024355585714285716,3634.120,1050.009,1.028,4.3153,0.3932716409449837,0.0,Merge
4378539.509,E21,P397,0.02186,0.0024355585714285716,2182.113,1050.009,1.009,2.4715,0.9345866966741141,0.0,Graze+Merge
4455459.678,E3,FRAG0006,0.5915252195604396,0.005967032967032967,6551.161,1415.511,1.0174,7.8718,0.20697816714747844,0.0,Merge
4457992.059,E3,P565,0.5974922525274725,0.0024355585714285716,6573.115,1050.009,1.5286,12.115,0.513044657520673,0.0,Merge
4538042.275,E3,FRAG0007,0.599927811098901,0.005967032967032967,6582.034,1415.511,1.0109,7.8611,0.6194772209806051,0.0,Merge
4798483.748,E3,P337,0.605894844065934,0.0024355585714285716,6603.785,1050.009,1.1676,9.2999,0.4670400629678986,0.0,Merge
4830684.097,E12,P732,0.10341111714285715,0.0024355585714285716,3663.106,1050.009,1.7466,7.3949,0.6482753607698133,0.0,Merge
4984940.24,M0,M1,0.05,0.05,2875.083,2875.083,2.9707,11.068,0.94965,0.0,Hit+Run
4992952.98,M0,M1,0.05,0.05,2875.083,2875.083,1.0029,3.7365,0.9911500000000001,0.0,Graze+Merge
5009203.255,E3,P464,0.6083304026373625,0.0024355585714285716,6612.621,1050.009,2.6025,20.758,0.9731713531260908,0.0,Hit+Run
5043929.976,E3,FRAG0005,0.6083304026373625,0.005967032967032967,6612.621,1415.511,1.0301,8.0504,0.8309295369923733,0.0,Graze+Merge
5388077.742,E3,P701,0.6142974356043954,0.0024355585714285716,6634.172,1050.009,1.0159,8.1312,0.7560394290453486,0.0,Merge
5461059.361,E12,E19,0.10584667571428573,0.041620000000000004,3691.642,2704.547,1.1319,4.8556,0.10925690800250251,0.01334931734931735,Fragment
5462703.285,E3,P296,0.616732994175824,0.0024355585714285716,6642.928,1050.009,1.2311,9.8675,0.7591115608549914,0.0,Merge
6002492.404,E3,P630,0.6191685527472525,0.0024355585714285716,6651.661,1050.009,1.3344,10.710,0.7905122799654818,0.0,Merge
6590136.591,E3,P2,0.621604111318681,0.0024355585714285716,6660.371,1050.009,1.3052,10.490,0.1801061974966758,0.0,Merge
6737802.019,E12,P851,0.13411735836496838,0.0024355585714285716,3994.743,1050.009,3.3501,15.572,0.6388734488370594,0.0,Merge
6987523.687,M3,P389,0.0774945054945055,0.0024355585714285716,3327.240,1050.009,2.4568,9.3795,0.7306284167374706,0.0,Merge
7058821.837,E15,P731,0.11915111714285716,0.0024355585714285716,3840.253,1050.009,1.3588,6.0532,0.3980612807684287,0.0,Merge
7208584.746,P7,P838,0.0024355585714285716,0.0024355585714285716,1050.009,1050.009,4.3585,5.9305,0.46905,0.0,Merge
7246515.857,E15,P209,0.12158667571428573,0.0024355585714285716,3866.243,1050.009,2.8102,12.610,0.6834782386286384,0.0,Merge
7387562.046,E3,P552,0.6240396698901095,0.0024355585714285716,6669.059,1050.009,2.8291,22.770,0.4879713629200078,0.0,Merge
7510206.539,E15,P414,0.12402223428571431,0.0024355585714285716,3891.888,1050.009,1.1756,5.3130,0.3943945420379097,0.0,Merge
7601920.335,M3,P103,0.07993006406593407,0.0024355585714285716,3361.738,1050.009,3.3457,12.915,0.30312235634061147,0.0,Merge
7646907.881,E21,P375,0.024295558571428573,0.0024355585714285716,2260.317,1050.009,1.0029,2.5461,0.8141118165876919,0.0,Graze+Merge
7669221.486,E9,P108,0.08381111714285716,0.0024355585714285716,3415.291,1050.009,2.359,9.2625,0.7819074515628068,0.0,Hit+Run
7839777.674,E13,P699,0.02222,0.0024355585714285716,2194.026,1050.009,6.4374,15.855,0.8013788110271828,0.0,Hit+Run
8508644.136,E3,FRAG0004,0.626475228461538,0.005626373626373627,6677.724,1388.044,1.1901,9.4126,0.8297306187714192,0.0,Hit+Run
8569030.287,E8,P478,0.11607555857142857,0.0024355585714285716,3806.923,1050.009,2.0108,8.8741,0.7983126850656431,0.0,Hit+Run
8628228.44,E12,E14,0.13655291693639696,0.047415558571428575,4018.779,2824.668,1.0312,4.7767,0.3536388444472536,0.01072007326007326,Fragment
8998934.316,E9,P830,0.08381111714285716,0.0024355585714285716,3415.291,1050.009,1.3317,5.2288,0.9528517100234224,0.0,Hit+Run
9094303.485,E12,E5,0.1732485287878788,0.0735,4350.612,3269.060,1.114,5.6637,0.8040413652215326,0.0,Hit+Run
9104603.014,E7,P218,0.024059999999999998,0.0024355585714285716,2252.988,1050.009,1.6321,4.1298,0.6132115627121035,0.0,Merge
9414218.052,E3,P125,0.626475228461538,0.0024355585714285716,6677.724,1050.009,1.1282,9.0930,0.6487846634309653,0.0,Merge
9440530.866,M3,P471,0.08236562263736265,0.0024355585714285716,3395.542,1050.009,3.1349,12.232,0.7186656899967484,0.0,Merge
9507318.892,E5,P204,0.0735,0.0024355585714285716,3269.060,1050.009,2.1859,8.1887,0.7662752828275067,0.0,Hit+Run
9776045.69,E20,P715,0.02485555857142857,0.0024355585714285716,2277.552,1050.009,1.1952,3.0580,0.7815742726000511,0.0,Hit+Run
10044965.086,E6,P49,0.08018000000000002,0.0024355585714285716,3365.238,1050.009,4.9726,19.217,0.8929766001159167,0.0,Hit+Run
10117493.256,E8,P210,0.11607555857142857,0.0024355585714285716,3806.923,1050.009,2.4691,10.896,0.653699341526506,0.0,Merge
10563378.886,E3,P258,0.6289107870329665,0.0024355585714285716,6686.366,1050.009,1.9402,15.659,0.9164785622837747,0.0,Hit+Run
10571395.768,E9,P567,0.08381111714285716,0.0024355585714285716,3415.291,1050.009,8.1798,32.117,0.8859272240489086,0.0,Hit+Run
10747926.221,E12,P466,0.1732485287878788,0.0024355585714285716,4350.612,1050.009,1.2584,6.4123,0.23853109067408,0.0,Merge
10768311.053,E3,FRAG0008,0.6289107870329665,0.005967032967032967,6686.366,1415.511,1.4993,11.857,0.6899391231360863,0.0,Merge
11008751.798,E12,P510,0.17568408735930738,0.0024355585714285716,4370.904,1050.009,1.4513,7.4324,0.3646912646401355,0.0,Merge
11219450.369,E6,P301,0.08018000000000002,0.0024355585714285716,3365.238,1050.009,1.7802,6.8798,0.292450598723521,0.0,Merge
12001516.366,M2,FRAG0002,0.05486979100566101,0.005626373626373627,2965.547,1388.044,4.9173,16.376,0.8033749918198528,0.0,Hit+Run
12042453.245,E3,P227,0.6348778199999995,0.0024355585714285716,6707.446,1050.009,1.4341,11.613,0.32648998534491436,0.0,Merge
12266825.526,E11,P807,0.020565714285714288,0.0024355585714285716,2138.167,1050.009,2.6272,6.3045,0.854951197810841,0.0,Hit+Run
12417662.169,E17,P783,0.043395558571428565,0.0024355585714285716,2742.472,1050.009,3.8824,12.058,0.8072343536875823,0.0,Hit+Run
12585341.771,E3,FRAG0001,0.637313378571428,0.005626373626373627,6716.013,1388.044,1.015,8.0771,0.7657393908817562,0.0,Merge
12806716.815,E15,P783,0.12645779285714287,0.0024355585714285716,3917.199,1050.009,2.8512,12.976,0.03327941487187281,0.0,Merge
13265443.111,E3,P76,0.6429397521978016,0.0024355585714285716,6735.718,1050.009,1.7143,13.944,0.9958587358366028,0.0,Hit+Run
13286546.991,E3,P76,0.6429397521978016,0.0024355585714285716,6735.718,1050.009,1.0304,8.3814,0.9400574253844607,0.0,Hit+Run
13429709.059,E3,P756,0.6429397521978016,0.0024355585714285716,6735.718,1050.009,1.6322,13.276,0.9762201351038335,0.0,Hit+Run
13758235.605,E3,P534,0.6429397521978016,0.0024355585714285716,6735.718,1050.009,2.5927,21.089,0.7631369914703043,0.0,Merge
13834025.479,E3,P298,0.6453753107692302,0.0024355585714285716,6744.213,1050.009,1.236,10.067,0.783341223467605,0.0,Merge
13876081.011,E20,P166,0.02485555857142857,0.0024355585714285716,2277.552,1050.009,3.5084,8.9766,0.9954651213499557,0.0,Hit+Run
13984954.667,E17,P60,0.043395558571428565,0.0024355585714285716,2742.472,1050.009,7.0672,21.949,0.9739167137386328,0.0,Hit+Run
14277952.04,E8,P418,0.11851111714285714,0.0024355585714285716,3833.365,1050.009,1.7026,7.5701,0.9676482492451017,0.0,Hit+Run
14797092.585,E3,P706,0.6478108693406587,0.0024355585714285716,6752.686,1050.009,4.4144,36.003,0.4007805738889319,0.0,Merge
14942817.827,E9,P336,0.08381111714285716,0.0024355585714285716,3415.291,1050.009,4.3887,17.232,0.12956580484665894,0.0,Merge
15094426.292,E3,P340,0.6502464279120872,0.0024355585714285716,6761.138,1050.009,1.4399,11.759,0.9058247439645789,0.0,Hit+Run
15131041.09,E3,P339,0.6502464279120872,0.0024355585714285716,6761.138,1050.009,1.497,12.225,0.31463668841961245,0.0,Merge
15382551.121,M2,P111,0.05486979100566101,0.0024355585714285716,2965.547,1050.009,4.1825,14.116,0.936953436680991,0.0,Hit+Run
15809809.454,E3,P675,0.6526819864835157,0.0024355585714285716,6769.569,1050.009,1.5058,12.313,0.352954214749852,0.0,Merge
15820949.277,E9,P498,0.08624667571428574,0.0024355585714285716,3448.058,1050.009,3.5997,14.280,0.3167443597711897,0.0,Merge
15906432.742,E3,E13,0.6551175450549442,0.02222,6777.979,2194.026,1.3206,10.251,0.48319135232275345,0.0,Merge
16029659.245,M3,P152,0.08480118120879122,0.0024355585714285716,3428.686,1050.009,1.8339,7.2311,0.7905882297636229,0.0,Hit+Run
16254707.304,M3,P594,0.08480118120879122,0.0024355585714285716,3428.686,1050.009,2.9714,11.716,0.785612124899225,0.0,Hit+Run
16265023.387,E9,P547,0.08868223428571431,0.0024355585714285716,3480.214,1050.009,2.4507,9.8194,0.7981050493546299,0.0,Hit+Run
16506740.467,E3,P1,0.6773375450549443,0.0024355585714285716,6853.760,1050.009,1.4369,11.905,0.6942408961058674,0.0,Merge
16675983.075,E3,P347,0.6797731036263728,0.0024355585714285716,6861.965,1050.009,1.3903,11.534,0.43815416399726237,0.0,Merge
16786315.258,E3,P154,0.6822086621978013,0.0024355585714285716,6870.150,1050.009,1.0385,8.6263,0.764548998264753,0.0,Merge
17129271.258,E3,P857,0.6846442207692298,0.0024355585714285716,6878.316,1050.009,1.272,10.579,0.5364137288550126,0.0,Merge
17681127.656,E8,P19,0.11851111714285714,0.0024355585714285716,3833.365,1050.009,2.5676,11.416,0.9988905631251659,0.0,Hit+Run
17898219.721,E3,P19,0.6870797793406583,0.0024355585714285716,6886.463,1050.009,1.2001,9.9938,0.2587475968951887,0.0,Merge
18078154.408,E12,E5,0.17811964593073595,0.0735,4391.010,3269.060,1.2438,6.3688,0.9211291401950633,0.0,Hit+Run
18169352.463,E6,P762,0.08261555857142859,0.0024355585714285716,3398.973,1050.009,6.6195,25.857,0.6472513264661273,0.0,Merge
18961321.926,E6,P340,0.08505111714285717,0.0024355585714285716,3432.052,1050.009,3.1721,12.520,0.36908215796729243,0.0,Merge
19315146.092,E3,P717,0.6895153379120869,0.0024355585714285716,6894.590,1050.009,1.4641,12.207,0.5255599829999572,0.0,Merge
19489285.026,E9,P44,0.08868223428571431,0.0024355585714285716,3480.214,1050.009,3.1559,12.645,0.43489004566335165,0.0,Merge
19945256.87,M0,FRAG0003,0.1,0.005626373626373627,3622.378,1388.044,3.8871,15.945,0.7401029739834698,0.0,Hit+Run
20101964.984,E3,P151,0.6919508964835154,0.0024355585714285716,6902.699,1050.009,1.398,11.670,0.8598961731360709,0.0,Merge
20269904.556,E3,P787,0.6943864550549439,0.0024355585714285716,6910.788,1050.009,2.3108,19.315,0.311214725257939,0.0,Merge
20514386.594,M0,FRAG0003,0.1,0.005626373626373627,3622.378,1388.044,1.6747,6.8697,0.9757907433676751,0.0,Hit+Run
20563300.664,E3,P49,0.6968220136263724,0.0024355585714285716,6918.858,1050.009,2.2187,18.568,0.8963668670326991,0.0,Hit+Run
20830925.697,E8,P247,0.11851111714285714,0.0024355585714285716,3833.365,1050.009,4.0052,17.808,0.8497438385720959,0.0,Hit+Run
20901654.018,M3,P111,0.08480118120879122,0.0024355585714285716,3428.686,1050.009,4.3036,16.969,0.9710294476926302,0.0,Hit+Run
20940970.77,M0,FRAG0003,0.1,0.005626373626373627,3622.378,1388.044,1.3872,5.6904,0.9742725092704148,0.0,Hit+Run
20946724.055,M0,FRAG0003,0.1,0.005626373626373627,3622.378,1388.044,1.0824,4.4401,0.76265959485705,0.0,Hit+Run
20999789.455,E9,P111,0.09111779285714289,0.0024355585714285716,3511.787,1050.009,4.7531,19.230,0.8087785788846238,0.0,Hit+Run
21095197.469,E15,P673,0.12889335142857145,0.0024355585714285716,3942.188,1050.009,3.954,18.118,0.30473358834880127,0.0,Merge
21218823.33,E11,P679,0.020565714285714288,0.0024355585714285716,2138.167,1050.009,9.0277,21.664,0.5186176351326667,0.017473526473526475,Fragment
21587826.011,M0,FRAG0003,0.1,0.005626373626373627,3622.378,1388.044,1.7218,7.0629,0.4985591587955463,0.0,Merge
21706573.089,E9,P308,0.09111779285714289,0.0024355585714285716,3511.787,1050.009,4.0694,16.464,0.5956909045696953,0.0,Merge
21787664.297,E8,P859,0.11851111714285714,0.0024355585714285716,3833.365,1050.009,1.4458,6.4283,0.6549896156162188,0.0,Merge
22008764.638,M2,P601,0.05486979100566101,0.0024355585714285716,2965.547,1050.009,5.9197,19.979,0.6992994476182158,0.0,Merge
23051900.273,M0,FRAG0002,0.10562637362637363,0.005626373626373627,3689.079,1388.044,7.8874,32.986,0.19901795967817756,0.03150516150516151,Fragment
23051909.615,M0,FRAG0019,0.07974758574758575,0.006301032301032301,3359.178,1441.443,1.0893,4.1202,0.18382119714197134,0.0,Merge
23053564.242,M0,FRAG0016,0.08604861804861805,0.006301032301032301,3445.417,1441.443,1.283,4.9829,0.7599592260233954,0.0,Hit+Run
23069831.961,M0,FRAG0018,0.08604861804861805,0.006301032301032301,3445.417,1441.443,1.0714,4.1611,0.988955196533089,0.0,Hit+Run
23113541.304,M0,FRAG0018,0.08604861804861805,0.006301032301032301,3445.417,1441.443,1.0964,4.2582,0.9006845822848943,0.0,Hit+Run
23161860.353,M0,FRAG0017,0.08604861804861805,0.006301032301032301,3445.417,1441.443,1.4503,5.6327,0.941224201448402,0.0,Hit+Run
23171763.201,M0,FRAG0016,0.08604861804861805,0.006301032301032301,3445.417,1441.443,1.4412,5.5973,0.43465522111830707,0.0,Merge
23200283.355,M0,FRAG0017,0.09234965034965034,0.006301032301032301,3527.542,1441.443,1.1021,4.3872,0.33223876340349134,0.0,Merge
23217070.211,E9,P846,0.09355335142857146,0.0024355585714285716,3542.802,1050.009,7.152,29.211,0.9720156497184862,0.0,Hit+Run
23488462.877,M0,FRAG0018,0.09865068265068264,0.006301032301032301,3606.012,1441.443,1.601,6.5223,0.7695750701792387,0.0,Hit+Run
23535836.092,M0,FRAG0018,0.09865068265068264,0.006301032301032301,3606.012,1441.443,1.0262,4.1806,0.8822393744563144,0.0,Graze+Merge
23829518.103,M0,FRAG0020,0.10495171495171493,0.006301032301032301,3681.208,1441.443,1.6153,6.7254,0.8098058139648102,0.0,Hit+Run
23836959.283,M0,FRAG0020,0.10495171495171493,0.006301032301032301,3681.208,1441.443,1.0636,4.4283,0.5990364065321376,0.0,Merge
24272035.504,M2,P727,0.057305349577089576,0.0024355585714285716,3008.792,1050.009,5.197,17.813,0.5753975025857272,0.0,Merge
24375147.97,E3,P579,0.6968220136263724,0.0024355585714285716,6918.858,1050.009,1.6139,13.506,0.8992320458986501,0.0,Hit+Run
25246450.504,E3,P600,0.6968220136263724,0.0024355585714285716,6918.858,1050.009,1.7484,14.632,0.787229599320562,0.0,Merge
25306352.429,E3,E6,0.6992575721978009,0.08748667571428574,6926.910,3464.504,1.3443,10.450,0.9801010073438566,0.0,Hit+Run
25525111.196,M3,M2,0.08480118120879122,0.059740908148518145,3428.686,3050.828,1.3991,5.9038,0.6391169330399296,0.008597395937395938,Hit+Run
25541249.765,M2,P745,0.059740908148518145,0.0024355585714285716,3050.828,1050.009,2.7674,9.6273,0.4595393905203284,0.0,Merge
26158194.93,E15,P41,0.13132891000000002,0.0024355585714285716,3966.863,1050.009,3.6582,16.876,0.7410481148716774,0.0,Merge
26297036.61,M0,P847,0.11125274725274722,0.0024355585714285716,3753.451,1050.009,3.8901,16.908,0.469077758370507,0.0,Merge
26862567.259,E11,P186,0.005527746383616385,0.0024355585714285716,1379.886,1050.009,12.440,20.121,0.5662886047913418,0.0,Fragment
27011239.767,E6,P719,0.08748667571428574,0.0024355585714285716,3464.504,1050.009,2.9755,11.864,0.8913521394929937,0.0,Hit+Run
27237215.9,E9,M2,0.09355335142857146,0.06217646671994671,3542.802,3091.736,1.7529,7.5874,0.5620818239846053,0.020625900765900766,Hit+Run
27251961.352,E9,M3,0.09355335142857146,0.08480118120879122,3542.802,3428.686,3.0435,13.753,0.4036509239755104,0.12028725940725941,Fragment
27259195.973,E9,FRAG0022,0.05806781935064943,0.005727938727938728,3022.078,1396.346,1.0878,3.6929,0.9765065571871335,0.0,Hit+Run
27669318.447,M2,FRAG0023,0.06217646671994671,0.005727938727938728,3091.736,1396.346,2.4358,8.4648,0.9572632446747177,0.0,Hit+Run
27824026.873,E11,P280,0.007963369963369965,0.0024355585714285716,1558.449,1050.009,14.640,26.116,0.915368165574443,0.0,Hit+Run
27849024.411,E6,FRAG0028,0.08748667571428574,0.005727938727938728,3464.504,1396.346,3.3687,13.179,0.6774557286279413,0.0,Merge
28446699.977,E3,P537,0.6992575721978009,0.0024355585714285716,6926.910,1050.009,1.1138,9.3329,0.9145662500546745,0.0,Hit+Run
28459210.92,E6,P846,0.09321461444222447,0.0024355585714285716,3538.521,1050.009,4.4578,18.183,0.7178017496002942,0.0,Merge
28563049.929,E9,P520,0.05806781935064943,0.0024355585714285716,3022.078,1050.009,5.079,17.491,0.09640458422760502,0.0,Merge
28811760.579,M0,P256,0.1136883058241758,0.0024355585714285716,3780.644,1050.009,4.5586,19.968,0.7796620620835347,0.0,Merge
29076326.551,E6,E9,0.09565017301365304,0.060503377922078,3569.075,3063.752,1.5315,6.6389,0.5700014586331704,0.0,Hit+Run
29282819.31,E6,P856,0.09565017301365304,0.0024355585714285716,3569.075,1050.009,10.844,44.647,0.6709954420051747,0.010390942390942392,Fragment
29316787.693,E3,P719,0.6992575721978009,0.0024355585714285716,6926.910,1050.009,1.5911,13.332,0.9029301052096949,0.0,Hit+Run
29585793.333,M2,E9,0.06217646671994671,0.060503377922078,3091.736,3063.752,1.4415,5.7494,0.8649142774502204,0.0,Hit+Run
29612701.209,E6,FRAG0038,0.08769478919413923,0.005727938727938728,3467.249,1396.346,2.6788,10.489,0.4388601915220655,0.0,Merge
29669503.332,M0,P594,0.11612386439560438,0.0024355585714285716,3807.451,1050.009,11.260,49.704,0.6865616549412166,0.00948917748917749,Fragment
29686226.43,E3,P76,0.6992575721978009,0.0024355585714285716,6926.910,1050.009,1.4313,11.993,0.8041965478310238,0.0,Merge
29689192.622,E6,FRAG0037,0.09342272792207795,0.005727938727938728,3541.153,1396.346,2.5776,10.319,0.7240806491039067,0.0,Hit+Run
29733953.726,E3,P719,0.7016931307692295,0.0024355585714285716,6934.943,1050.009,1.0408,8.7320,0.33220180111475645,0.0,Merge
30128465.308,M0,P111,0.10907024547785546,0.0024355585714285716,3728.744,1050.009,7.7476,33.436,0.696551851349106,0.0,Merge
31115287.069,E3,FRAG0014,0.704128689340658,0.005824508824508825,6942.957,1404.150,1.4433,11.892,0.5384112077111902,0.0,Merge
31274039.029,E6,E9,0.09342272792207795,0.060503377922078,3541.153,3063.752,2.3011,9.9246,0.9817792405710688,0.0,Hit+Run
31283067.56,M0,FRAG0043,0.11150580404928404,0.00948917748917749,3756.294,1652.228,1.6696,7.0552,0.07931349555539444,0.0,Merge
31298604.711,E6,M2,0.09342272792207795,0.06217646671994671,3541.153,3091.736,1.2075,5.2251,0.8296461848251012,0.0,Hit+Run
31429220.482,M0,P166,0.12099498153846153,0.0024355585714285716,3859.961,1050.009,5.4869,24.578,0.7860688415652269,0.0,Merge
31516399.61,M0,FRAG0023,0.1234305401098901,0.005727938727938728,3885.689,1396.346,4.1098,18.156,0.5731389251409656,0.00674991674991675,Fragment
31522190.914,M0,FRAG0044,0.12240856208791208,0.00674991674991675,3874.935,1474.891,1.0918,4.7928,0.9328394365089918,0.0,Hit+Run
31570523.178,E9,FRAG0021,0.060503377922078,0.005727938727938728,3063.752,1396.346,4.0405,13.910,0.5338779123086654,0.00998985014985015,Fragment
31668141.508,M2,FRAG0026,0.06217646671994671,0.005727938727938728,3091.736,1396.346,5.2493,18.242,0.39892857296425516,0.02105098901098901,Fragment
31831541.244,M0,P616,0.12240856208791208,0.0024355585714285716,3874.935,1050.009,5.7117,25.692,0.2743563413615833,0.0,Merge
32136279.369,E6,FRAG0045,0.09342272792207795,0.00998967698967699,3541.153,1680.780,2.1902,8.7078,0.40111426418109286,0.006945387945387946,Fragment
32260929.184,P77,FRAG0044,0.0024355585714285716,0.00674991674991675,1050.009,1474.891,31.388,53.488,0.9932026918742193,0.0,Hit+Run
32322476.531,E6,P830,0.096467016966367,0.0024355585714285716,3579.206,1050.009,4.2056,17.367,0.7057565507301257,0.0,Merge
32370553.755,E12,E15,0.17811964593073595,0.1337644685714286,4391.010,3991.236,1.0329,5.6290,0.9123834016629268,0.0,Graze+Merge
32553825.498,E3,P377,0.7099531981651668,0.0024355585714285716,6962.049,1050.009,1.9538,16.459,0.3235956082100545,0.0,Merge
32752526.126,E6,M2,0.09890257553779558,0.04685345639693639,3609.078,2813.462,1.5916,6.7740,0.8358286909678516,0.0,Hit+Run
32786948.14,E6,M2,0.09890257553779558,0.04685345639693639,3609.078,2813.462,1.0426,4.4374,0.19218328110192634,0.012647619047619046,Fragment
32786984.061,E6,FRAG0050,0.13310867928737932,0.006323676323676324,3984.703,1443.168,1.0504,4.7564,0.5257025364412936,0.0,Merge
32981357.169,E9,P68,0.056241639660339744,0.0024355585714285716,2990.059,1050.009,4.4804,15.255,0.40624145898414465,0.0,Merge
33766904.48,E9,P692,0.05867719823176831,0.0024355585714285716,3032.612,1050.009,5.4564,18.860,0.9414373569343446,0.0,Hit+Run
34041981.58,E17,P152,0.043395558571428565,0.0024355585714285716,2742.472,1050.009,7.4999,23.293,0.8866344540502952,0.0,Hit+Run
34142698.966,M0,FRAG0025,0.12484412065934065,0.005727938727938728,3900.466,1396.346,7.9863,35.425,0.974672340096461,0.0,Hit+Run
34172351.269,M0,FRAG0025,0.12484412065934065,0.005727938727938728,3900.466,1396.346,1.0601,4.7024,0.8343183449148461,0.0,Hit+Run
34178272.183,M0,FRAG0025,0.12484412065934065,0.005727938727938728,3900.466,1396.346,1.0432,4.6274,0.9899890405150213,0.0,Hit+Run
34179849.039,M0,FRAG0025,0.12484412065934065,0.005727938727938728,3900.466,1396.346,1.0536,4.6735,0.5796045624734999,0.0,Merge
34279438.311,E3,P615,0.7123887567365953,0.0024355585714285716,6970.001,1050.009,2.0858,17.593,0.9997853322328342,0.0,Hit+Run
34702933.045,M0,P77,0.1305720593872794,0.0024355585714285716,3959.228,1050.009,3.168,14.584,0.7797151386042817,0.0,Merge
34755439.096,E3,FRAG0051,0.7123887567365953,0.006323676323676324,6970.001,1443.168,1.8962,15.658,0.3854010639140841,0.0,Merge
34767984.209,E3,FRAG0042,0.7187124330602717,0.010390942390942392,6990.564,1702.990,1.4064,11.506,0.7910823035559826,0.0,Merge
35613104.659,E6,P286,0.13943235561105566,0.0024355585714285716,4046.830,1050.009,4.8179,22.709,0.5366565507379683,0.0,Merge
35819363.966,E3,P757,0.7291033754512141,0.0024355585714285716,7024.092,1050.009,1.2204,10.378,0.6962236760115909,0.0,Merge
35853987.097,E3,P464,0.7315389340226426,0.0024355585714285716,7031.905,1050.009,1.3907,11.840,0.984320458162904,0.0,Hit+Run
35918826.611,M0,FRAG0044,0.13300761795870797,0.00674991674991675,3983.694,1474.891,3.0294,13.694,0.4883844445665924,0.0,Merge
36061266.522,E3,P433,0.7315389340226426,0.0024355585714285716,7031.905,1050.009,2.8711,24.444,0.5672045493471203,0.0,Merge
36226722.31,M0,FRAG0041,0.13975753470862473,0.005727938727938728,4049.974,1396.346,4.4863,20.715,0.8368660140991017,0.0,Hit+Run
36244017.431,M0,P692,0.13975753470862473,0.0024355585714285716,4049.974,1050.009,6.49,30.616,0.6240156236810211,0.0,Merge
36304687.426,M0,FRAG0041,0.1421930932800533,0.005727938727938728,4073.365,1396.346,1.0994,5.1079,0.8873254407877392,0.0,Hit+Run
36609063.504,M0,P118,0.1421930932800533,0.0024355585714285716,4073.365,1050.009,3.4881,16.557,0.8292424154259138,0.0,Hit+Run
36629533.918,M0,P118,0.1421930932800533,0.0024355585714285716,4073.365,1050.009,1.0109,4.7986,0.2083839281717469,0.0,Merge
36951922.173,E6,P260,0.14186791418248423,0.0024355585714285716,4070.257,1050.009,4.6131,21.879,0.28299531777003284,0.0,Merge
37103564.846,E5,P113,0.0735,0.0024355585714285716,3269.060,1050.009,5.2597,19.703,0.6569803886747094,0.0,Merge
37121984.37,E6,FRAG0036,0.1443034727539128,0.005727938727938728,4093.418,1396.346,4.7353,22.116,0.6685456889972591,0.0056866466866466875,Fragment
37255333.206,E11,P730,0.007963369963369965,0.0024355585714285716,1558.449,1050.009,7.5963,13.550,0.5215226628352791,0.010057289377289377,Fragment
37468674.767,E3,P768,0.7339744925940711,0.0024355585714285716,7039.700,1050.009,1.1433,9.7456,0.42761837722494067,0.0,Merge
37570347.17,M0,FRAG0041,0.14462865185148188,0.005727938727938728,4096.490,1396.346,1.245,5.8195,0.6002845203051776,0.0,Merge
37783791.41,E12,FRAG0013,0.3118841145021646,0.005824508824508825,5292.468,1404.150,1.6976,10.446,0.2788247189289102,0.0,Merge
39323901.078,M0,P547,0.1503565905794206,0.0024355585714285716,4149.871,1050.009,7.937,38.438,0.8296740181896327,0.0,Hit+Run
39336339.576,M0,P547,0.1503565905794206,0.0024355585714285716,4149.871,1050.009,1.0271,4.9742,0.4126822189359937,0.0,Merge
40377078.238,P35,P741,0.0024355585714285716,0.0024355585714285716,1050.009,1050.009,13.731,18.684,0.4893,0.0,Merge
41084106.343,E3,P280,0.7364100511654996,0.0024355585714285716,7047.478,1050.009,1.095,9.3448,0.5953920300994443,0.0,Merge
41907779.646,E3,P335,0.7388456097369281,0.0024355585714285716,7055.239,1050.009,1.8855,16.109,0.27175545957420466,0.0,Merge
42085334.637,E3,FRAG0029,0.7412811683083567,0.005727938727938728,7062.983,1396.346,1.937,16.262,0.4132923847448204,0.0,Merge
42667332.873,M0,FRAG0039,0.15279214915084918,0.005727938727938728,4172.159,1396.346,6.8468,32.637,0.5760922541350043,0.016584415584415587,Fragment
42725646.788,M0,FRAG0055,0.14193567229437232,0.005528138528138529,4070.905,1379.918,1.0692,4.9685,0.7631980488855717,0.0,Graze+Merge
42965110.151,M0,FRAG0053,0.14746381082251084,0.005528138528138529,4123.085,1379.918,1.1169,5.2614,0.7068355264214541,0.0,Merge
43012673.826,E6,P481,0.14434476479520486,0.0024355585714285716,4093.808,1050.009,2.6014,12.415,0.8833356372425807,0.0,Hit+Run
43137678.103,M0,FRAG0054,0.15299194935064936,0.005528138528138529,4173.976,1379.918,1.5774,7.5290,0.8355626185044375,0.0,Hit+Run
43246521.702,M0,FRAG0054,0.15299194935064936,0.005528138528138529,4173.976,1379.918,1.2114,5.7821,0.9691113478696459,0.0,Hit+Run
43375494.862,E6,FRAG0048,0.14434476479520486,0.007016983016983017,4093.808,1494.091,2.964,13.782,0.5063870538833478,0.0,Merge
43918246.965,M0,FRAG0054,0.15299194935064936,0.005528138528138529,4173.976,1379.918,1.0994,5.2475,0.9817372266166098,0.0,Hit+Run
43981557.484,M0,FRAG0054,0.15299194935064936,0.005528138528138529,4173.976,1379.918,1.2851,6.1339,0.3275213070194585,0.0,Merge
44112183.89,P86,P101,0.0024355585714285716,0.0024355585714285716,1050.009,1050.009,3.1277,4.2558,0.2095,0.0,Merge
44573022.793,E3,FRAG0047,0.7470091070362954,0.007016983016983017,7081.128,1494.091,2.6015,21.794,0.35284996281769043,0.0,Merge
45162020.26,E6,FRAG0022,0.15136174781218786,0.005727938727938728,4159.098,1396.346,3.1787,15.101,0.702161266792471,0.0,Merge
46146445.786,E9,E11,0.05867719823176831,0.0103989343989344,3032.612,1703.426,3.0222,10.311,0.17692228163392654,0.018632367632367634,Fragment
46165951.366,E3,P609,0.7540260900532785,0.0024355585714285716,7103.231,1050.009,1.1841,10.189,0.312330812419024,0.0,Merge
46177868.683,E3,P362,0.756461648624707,0.0024355585714285716,7110.871,1050.009,1.8802,16.198,0.5072048113505491,0.0,Merge
46495790.32,M0,FRAG0031,0.15852008787878788,0.005727938727938728,4223.656,1396.346,2.4467,11.817,0.5522314953335601,0.0,Merge
47469690.114,M0,P615,0.1642480266067266,0.0024355585714285716,4273.928,1050.009,5.6545,28.267,0.06606844209355787,0.0,Merge
47499254.062,M0,FRAG0040,0.16668358517815518,0.005727938727938728,4294.950,1396.346,4.1648,20.479,0.5430477687562407,0.006165501165501166,Fragment
47534215.943,E8,P464,0.12094667571428572,0.0024355585714285716,3859.447,1050.009,2.5635,11.481,0.7369136478629129,0.0,Merge
47536071.761,E3,P108,0.7588972071961355,0.0024355585714285716,7118.494,1050.009,3.5457,30.582,0.6737228604936335,0.0,Merge
48374658.953,E6,P193,0.1570896865401266,0.0024355585714285716,4210.914,1050.009,4.2321,20.820,0.650335905695646,0.0,Merge
48420320.596,E3,FRAG0037,0.761332765767564,0.005727938727938728,7126.101,1396.346,1.6594,14.065,0.7659194596705537,0.0,Merge
48666872.309,E6,P364,0.15952524511155516,0.0024355585714285716,4232.565,1050.009,3.26,16.127,0.6024459169114305,0.0,Merge
49193111.713,E3,FRAG0057,0.7670607044955028,0.006210789210789211,7143.928,1434.529,1.2757,10.820,0.528978919095536,0.0,Merge
49765594.814,E3,E9,0.773271493706292,0.050443764998335076,7163.157,2883.564,1.0175,8.2312,0.6190131829938851,0.0,Merge
50451261.865,E6,P31,0.16196080368298374,0.0024355585714285716,4253.996,1050.009,3.9739,19.765,0.8763831951007106,0.0,Hit+Run
50500434.532,E6,P481,0.16196080368298374,0.0024355585714285716,4253.996,1050.009,3.4205,17.013,0.6766765825079799,0.0,Merge
50544759.305,E21,P801,0.026731117142857145,0.0024355585714285716,2333.455,1050.009,1.3738,3.6036,0.34738395002036804,0.0,Merge
51818645.466,E6,P446,0.16439636225441231,0.0024355585714285716,4275.214,1050.009,4.0839,20.422,0.6286909739678398,0.0,Merge
52064194.784,E3,FRAG0015,0.823715258704627,0.005824508824508825,7315.649,1404.150,1.4914,12.996,0.9560900805499947,0.0,Hit+Run
53765742.148,E6,P444,0.1668319208258409,0.0024355585714285716,4296.223,1050.009,2.4178,12.154,0.7532126039031863,0.0,Merge
54170581.743,E6,FRAG0049,0.16926747939726947,0.006945387945387946,4317.029,1488.993,3.1312,15.411,0.6726093185877046,0.0,Merge
54701995.113,E5,P57,0.07593555857142857,0.0024355585714285716,3304.777,1050.009,2.612,9.8997,0.31637865267201887,0.0,Merge
56494145.493,E6,P215,0.1762128673426574,0.0024355585714285716,4375.285,1050.009,4.3542,22.323,0.5508124054735871,0.0,Merge
56724909.24,E3,P661,0.823715258704627,0.0024355585714285716,7315.649,1050.009,1.9119,16.974,0.7963941286524444,0.0,Merge
57317048.173,P115,FRAG0015,0.0024355585714285716,0.005824508824508825,1050.009,1404.150,6.0661,9.9427,0.8331074596677979,0.0,Hit+Run
57963943.371,P109,P800,0.0024355585714285716,0.0024355585714285716,1050.009,1050.009,2.3069,3.1389,0.13555,0.0,Merge
59984726.745,E3,P149,0.8261508172760555,0.0024355585714285716,7322.852,1050.009,1.4539,12.921,0.6102914714327894,0.0,Merge
60090416.416,E3,P31,0.8285863758474841,0.0024355585714285716,7330.041,1050.009,1.6487,14.668,0.8262428153489346,0.0,Merge
60254923.854,E3,FRAG0035,0.8310219344189126,0.005727938727938728,7337.216,1396.346,1.8881,16.511,0.6011878484483658,0.0,Merge
60611518.097,E12,FRAG0059,0.3177086233266734,0.006165501165501166,5325.211,1431.034,1.3787,8.5283,0.4789836265765023,0.0,Merge
61044439.737,E3,P567,0.8367498731468513,0.0024355585714285716,7354.035,1050.009,2.42,21.605,0.4636062582991563,0.0,Merge
61482044.713,E3,FRAG0033,0.8391854317182799,0.005727938727938728,7361.164,1396.346,1.591,13.961,0.39531272038591686,0.0,Merge
61828785.465,E6,P587,0.17864842591408597,0.0024355585714285716,4395.351,1050.009,6.5198,33.590,0.8334066492550315,0.0,Hit+Run
62387200.986,E3,P638,0.8449133704462186,0.0024355585714285716,7377.874,1050.009,1.705,15.274,0.5715567549845532,0.0,Merge
62496366.315,E3,P35,0.8473489290176471,0.004871117142857143,7384.956,1322.929,1.8123,16.017,0.9880095251239656,0.0,Hit+Run
63308267.974,E3,P155,0.8473489290176471,0.0024355585714285716,7384.956,1050.009,1.3251,11.882,0.41446975157770866,0.0,Merge
63576643.203,E3,P586,0.8497844875890757,0.0024355585714285716,7392.025,1050.009,2.8011,25.144,0.42695291768298876,0.0,Merge
67394797.318,E3,P152,0.8522200461605042,0.0024355585714285716,7399.080,1050.009,1.4305,12.853,0.8032150649091833,0.0,Merge
67758813.959,E3,E5,0.8546556047319327,0.07837111714285715,7406.122,3339.739,1.2518,10.421,0.9432486448770928,0.0,Hit+Run
68378805.756,E3,P405,0.8546556047319327,0.0024355585714285716,7406.122,1050.009,3.3906,30.497,0.6683448002867821,0.0,Merge
70137674.32,E6,P794,0.17864842591408597,0.0024355585714285716,4395.351,1050.009,4.9297,25.398,0.2069592880087071,0.0,Merge
70192950.657,E3,P35,0.8570911633033612,0.004871117142857143,7413.151,1322.929,1.5054,13.359,0.6666343596955706,0.0,Merge
71436940.209,M0,FRAG0024,0.16624602274059275,0.005727938727938728,4291.188,1396.346,6.083,29.884,0.5978578754667356,0.011791541791541791,Fragment
71657451.972,M0,FRAG0060,0.16018241967698968,0.005895770895770896,4238.369,1409.853,1.0401,5.0388,0.5582150224178494,0.0,Merge
72816759.959,E3,P668,0.8619622804462184,0.0024355585714285716,7427.168,1050.009,1.492,13.460,0.10023005758209003,0.0,Merge
73076109.029,E3,E5,0.8643978390176469,0.07837111714285715,7434.157,3339.739,1.1169,9.3344,0.25468478353303525,0.01295970695970696,Fragment
73331527.375,E3,P239,0.9298092492007971,0.0024355585714285716,7617.137,1050.009,1.7473,16.190,0.8724361203446558,0.0,Merge
73873302.827,E6,P228,0.18108398448551455,0.0024355585714285716,4415.235,1050.009,3.8961,20.170,0.7363781274918818,0.0,Merge
74283779.906,E6,FRAG0030,0.18351954305694312,0.005727938727938728,4434.942,1396.346,3.0533,15.540,0.6440272497825242,0.0,Merge
75768205.86,M0,FRAG0061,0.16607819057276058,0.005895770895770896,4289.744,1409.853,3.449,16.926,0.4586586884456472,0.0,Merge
75993973.022,E3,P587,0.9322448077722256,0.0024355585714285716,7623.782,1050.009,1.3261,12.298,0.6601752516060099,0.0,Merge
77528342.932,P102,P330,0.0024355585714285716,0.0024355585714285716,1050.009,1050.009,1.6686,2.2704,0.83455,0.0,Hit+Run
80666483.122,E3,P164,0.9346803663436541,0.0024355585714285716,7630.416,1050.009,3.1511,29.251,0.9807416467227658,0.0,Hit+Run
81203712.548,E3,P164,0.9346803663436541,0.0024355585714285716,7630.416,1050.009,1.0107,9.3822,0.6662221870136993,0.0,Merge
86774621.985,E3,FRAG0004,0.9371159249150827,0.005626373626373627,7637.038,1388.044,1.4971,13.670,0.6498827271734672,0.0,Merge
87220417.172,E21,P330,0.029166675714285717,0.0024355585714285716,2402.275,1050.009,1.1088,2.9972,0.595996209880918,0.0,Merge
92216491.12,E6,P744,0.18924748178488185,0.0024355585714285716,4480.610,1050.009,6.8725,36.147,0.8244046789047982,0.0,Hit+Run
92250336.428,M0,FRAG0032,0.17197396146853147,0.005727938727938728,4339.916,1396.346,5.0392,25.058,0.41793233517765266,0.00897052281052281,Fragment
92295555.026,E3,FRAG0015,0.9427422985414563,0.005824508824508825,7652.291,1404.150,1.7618,16.109,0.9253109077249717,0.0,Hit+Run
92476454.856,E3,FRAG0046,0.9427422985414563,0.007016983016983017,7652.291,1494.091,1.3018,11.851,0.9111082560350654,0.0,Hit+Run
92509884.343,E3,FRAG0046,0.9427422985414563,0.007016983016983017,7652.291,1494.091,1.0425,9.4910,0.623218126648779,0.0,Merge
92614901.961,M0,FRAG0064,0.16873153722610723,0.008970362970362971,4312.468,1621.550,1.2128,5.9295,0.392946442649724,0.0,Merge
92736489.705,E3,FRAG0015,0.9497592815584394,0.005824508824508825,7671.230,1404.150,1.0138,9.2941,0.41621546813591376,0.0,Merge
95011481.216,E3,P24,0.9555837903829482,0.0024355585714285716,7686.880,1050.009,3.006,28.122,0.9222260739047227,0.0,Hit+Run
95723395.951,E6,E8,0.18924748178488185,0.12338223428571429,4480.610,3885.182,1.7411,9.5091,0.6142112815092879,0.03204745254745255,Hit+Run
95841400.971,E3,P24,0.9555837903829482,0.0024355585714285716,7686.880,1050.009,1.1937,11.167,0.1947039020750955,0.0,Merge
96523898.897,E6,E8,0.18924748178488185,0.12338223428571429,4480.610,3885.182,1.3626,7.4419,0.7251849277673317,0.0,Hit+Run
96572698.293,E6,E8,0.18924748178488185,0.12338223428571429,4480.610,3885.182,1.0431,5.6969,0.7990423882836647,0.0,Graze+Merge
104139402.713,E3,P676,0.9580193489543767,0.0024355585714285716,7693.405,1050.009,1.8218,17.059,0.6667946595461332,0.0,Merge
105895268.309,E12,P646,0.32387412449217456,0.0024355585714285716,5359.438,1050.009,1.9505,12.433,0.5150855271362611,0.0,Merge
134827187.427,M0,P744,0.1777019001964702,0.0024355585714285716,4387.574,1050.009,10.485,53.917,0.29145146655435256,0.007627039627039628,Fragment
134869606.551,M0,FRAG0065,0.17251041914085916,0.007627039627039628,4344.424,1536.193,1.0156,5.0219,0.3739654283587514,0.0,Merge
148459535.506,M0,P831,0.18013745876789877,0.0024355585714285716,4407.529,1050.009,7.19,37.154,0.9784927442268354,0.0,Hit+Run
148515892.391,M0,P831,0.18013745876789877,0.0024355585714285716,4407.529,1050.009,1.0887,5.6258,0.8021928382638789,0.0,Merge
149498845.42,E21,P236,0.031602234285714285,0.0024355585714285716,2467.363,1050.009,1.4008,3.8931,0.929950678555153,0.0,Hit+Run
149722792.7,E6,P740,0.31262971607059614,0.0024355585714285716,5296.682,1050.009,3.5271,22.202,0.4300477056675482,0.0,Merge
155991177.262,M0,FRAG0062,0.18257301733932735,0.00647985347985348,4427.304,1454.952,3.8342,19.420,0.5167722324322486,0.0061784881784881784,Fragment
162921338.721,E3,P102,0.9604549075258052,0.0024355585714285716,7699.919,1050.009,1.6473,15.438,0.3049192732743898,0.0,Merge
187727070.698,M0,FRAG0066,0.18287438264069264,0.0061784881784881784,4429.739,1432.038,6.4223,32.585,0.7668833228273767,0.0,Hit+Run
187980772.409,M0,FRAG0066,0.18287438264069264,0.0061784881784881784,4429.739,1432.038,1.0168,5.1590,0.1825013031758095,0.0,Merge
