time_yr,target,projectile,Mt_Mearth,Mp_Mearth,Rt_km,Rp_km,vimp/vesc,vimp_km/s,b,m_frag_Mearth,Regime
25498.785,E55,P416,0.025,0.0025,2281.955,1059.189,1.2106,3.1029,0.7327073667969468,0.0,Hit+Run
34383.668,E2,P73,0.09482158278799926,0.0025000000000000022,3558.739,1059.189,1.4924,6.1210,0.5505418809951204,0.0,Merge
61009.311,E2,P78,0.09732158278799927,0.0025000000000000022,3589.744,1059.189,1.0012,4.1448,0.23381156776490813,0.0,Merge
61034.794,P0,P64,0.0025,0.0025,1059.189,1059.189,5.0637,6.9503,0.27025000000000005,0.0,Merge
86099.173,E54,P818,0.027500000000000004,0.0025,2355.617,1059.189,1.434,3.7973,0.6147025115022833,0.0,Merge
103587.643,E9,P144,0.06,0.0025,3055.232,1059.189,1.1132,3.8762,0.4277925917226955,0.0,Merge
114124.679,E36,P435,0.08,0.0025,3362.718,1059.189,1.123,4.3337,0.7959054822854558,0.0,Hit+Run
134056.593,E16,P126,0.05500000000000001,0.0025,2967.891,1059.189,1.3036,4.4008,0.34756130418811143,0.0,Merge
139456.323,E30,P230,0.06,0.0025,3055.232,1059.189,1.4215,4.9498,0.9405347972157024,0.0,Hit+Run
161700.333,E23,E6,0.12249999999999994,0.0625,3875.899,3097.090,1.3475,6.2010,0.6814656511659591,0.006854478854478855,Hit+Run
189865.19,E9,P123,0.0625,0.0025,3097.090,1059.189,1.3218,4.6701,0.6992573501435343,0.0,Merge
202231.785,E23,P98,0.12249999999999994,0.0025,3875.899,1059.189,1.3893,6.2468,0.06942721617732953,0.0,Merge
249674.076,E36,P441,0.08,0.0025,3362.718,1059.189,1.6386,6.3234,0.9894445088874512,0.0,Hit+Run
250588.415,E11,E9,0.06750000000000003,0.065,3177.569,3137.846,1.0033,4.1057,0.9027427336212458,0.0,Graze+Merge
345836.504,E0,P254,0.025,0.0025000000000000022,2281.955,1059.189,3.3337,8.5448,0.9351444133280942,0.0,Hit+Run
346085.847,E0,P254,0.025,0.0025000000000000022,2281.955,1059.189,1.0531,2.6992,0.07806529830806397,0.0,Merge
438280.455,E22,P223,0.027500000000000004,0.0025,2355.617,1059.189,1.0873,2.8792,0.4249318225624582,0.0,Merge
576099.289,E20,P321,0.030000000000000002,0.0025,2424.939,1059.189,3.4246,9.3446,0.5260336428890345,0.0,Merge
594669.139,E30,P289,0.06,0.0025,3055.232,1059.189,1.4506,5.0511,0.7193242207980823,0.0,Merge
596846.381,E31,P415,0.03250000000000001,0.0025,2490.510,1059.189,1.2117,3.3993,0.19490765235777402,0.0,Merge
599904.396,E2,P47,0.09982158278799927,0.0025,3620.223,1059.189,4.1408,17.299,0.8788652319592225,0.0,Hit+Run
632201.107,E11,P276,0.13250000000000003,0.0025,3978.620,1059.189,1.509,6.9789,0.9936658519237658,0.0,Hit+Run
636778.424,E25,P173,0.035,0.0025,2552.798,1059.189,1.0784,3.1044,0.492963078673436,0.0,Merge
642980.314,E16,P91,0.05750000000000001,0.0025,3012.195,1059.189,2.6442,9.0689,0.9290977476633456,0.0,Hit+Run
712086.143,E31,P432,0.03500000000000001,0.0025000000000000022,2552.798,1059.189,1.0179,2.9302,0.8240787809795359,0.0,Graze+Merge
741582.759,E27,P229,0.025,0.0025,2281.955,1059.189,1.676,4.2958,0.8479271027949381,0.0,Hit+Run
762574.048,E11,P345,0.13250000000000003,0.0025,3978.620,1059.189,1.7296,7.9992,0.8302661819483826,0.0,Hit+Run
783598.926,E2,E3,0.09982158278799927,0.0625,3620.223,3097.090,1.3378,5.8754,0.322878441915478,0.02295974025974026,Fragment
784624.552,E33,P401,0.025,0.0025,2281.955,1059.189,3.0492,7.8155,0.3681294469645362,0.0,Merge
788406.531,E2,FRAG0002,0.1393618758282923,0.005739926739926741,4046.148,1397.320,1.0577,4.8788,0.3936534515602013,0.0,Merge
789134.371,E20,E27,0.0325,0.025,2490.510,2281.955,1.0098,3.1315,0.679865872915694,0.0,Graze+Merge
792188.064,E23,E6,0.12499999999999994,0.0625,3902.089,3097.090,1.3427,6.2088,0.38100005552769617,0.022071928071928072,Fragment
808555.008,E30,P391,0.0625,0.0025,3097.090,1059.189,1.5827,5.5919,0.18308560414563765,0.0,Merge
855484.243,E0,P271,0.027500000000000004,0.0025,2355.617,1059.189,3.6256,9.6009,0.934229167688859,0.0,Hit+Run
856112.576,E43,P451,0.027500000000000004,0.0025,2355.617,1059.189,2.7152,7.1901,0.9895530835484518,0.0,Hit+Run
872532.348,E16,FRAG0004,0.05750000000000001,0.005739926739926741,3012.195,1397.320,1.406,4.7571,0.7172681464431954,0.0,Hit+Run
900042.716,E2,E16,0.14510180256821903,0.05750000000000001,4100.952,3012.195,1.0884,5.1896,0.5237210736644223,0.009368631368631369,Fragment
944249.598,E11,P284,0.13250000000000003,0.0025,3978.620,1059.189,2.0795,9.6175,0.2561165440938462,0.0,Merge
1027213.324,E17,P183,0.027500000000000004,0.0025,2355.617,1059.189,2.562,6.7844,0.12189196923179603,0.0,Merge
1066752.814,E30,P149,0.065,0.0025,3137.846,1059.189,2.3011,8.2446,0.9923343679625464,0.0,Hit+Run
1124349.058,P8,P200,0.0025,0.0025000000000000022,1059.189,1059.189,3.1912,4.3802,0.7117999999999999,0.0,Hit+Run
1128800.952,E23,FRAG0004,0.16542807192807188,0.005739926739926741,4284.139,1397.320,1.1898,5.8346,0.7978667673006706,0.0,Hit+Run
1129367.705,E24,P119,0.03250000000000001,0.0025,2490.510,1059.189,1.9192,5.3841,0.8698578379883666,0.0,Hit+Run
1163228.423,E36,E46,0.08,0.025,3362.718,2281.955,1.1632,4.4821,0.7189305574424526,0.0,Hit+Run
1204398.347,P0,P130,0.005,0.0025,1334.495,1059.189,11.552,18.268,0.8192560456510825,0.0,Graze+Frag
1214486.845,E2,P3,0.19323317119958766,0.0025000000000000022,4511.847,1059.189,1.485,7.8640,0.8615457007433986,0.0,Hit+Run
1220075.895,E2,FRAG0003,0.19323317119958766,0.005739926739926741,4511.847,1397.320,1.8988,9.8439,0.3890203120640589,0.0,Merge
1289683.519,P3,P62,0.0025000000000000022,0.0025,1059.189,1059.189,2.3446,3.2181,0.9466000000000001,0.0,Hit+Run
1408852.66,E23,P80,0.16542807192807188,0.0025000000000000022,4284.139,1059.189,1.8112,9.0715,0.9641325228738206,0.0,Hit+Run
1414836.493,E13,P62,0.027500000000000004,0.0025,2355.617,1059.189,4.4702,11.837,0.8639360626253614,0.0,Hit+Run
1422615.735,E51,P211,0.025,0.0025,2281.955,1059.189,5.4063,13.857,0.9444330227505763,0.0,Hit+Run
1509495.739,E23,P157,0.16542807192807188,0.0025,4284.139,1059.189,1.0873,5.4458,0.8973447980044743,0.0,Hit+Run
1550980.945,P6,P93,0.0025,0.0025,1059.189,1059.189,15.866,21.778,0.6993,0.0,Graze+Frag
1625356.602,E7,P11,0.027500000000000004,0.0025,2355.617,1059.189,5.2809,13.984,0.27061810712865636,0.00925940725940726,Fragment
1654725.31,E19,P534,0.030000000000000002,0.0025,2424.939,1059.189,1.8045,4.9238,0.39720481608464137,0.0,Merge
1694860.624,E19,E29,0.0325,0.025,2490.510,2281.955,1.3901,4.3108,0.517361856316103,0.005864468864468865,Fragment
1765972.112,E23,P17,0.16542807192807188,0.0025,4284.139,1059.189,1.1406,5.7127,0.694015061787592,0.0,Merge
1777255.167,E37,P622,0.025,0.0025,2281.955,1059.189,5.361,13.741,0.5155861215464348,0.008254412254412254,Fragment
1869650.653,E24,P322,0.03250000000000001,0.0025,2490.510,1059.189,1.0795,3.0284,0.7303774877769716,0.0,Graze+Merge
1872806.75,E23,E17,0.16792807192807188,0.030000000000000002,4305.612,2424.939,1.0214,4.9485,0.3908638100815691,0.005660339660339661,Fragment
1890535.881,P1,P87,0.0025,0.0025,1059.189,1059.189,11.383,15.624,0.6923,0.0,Graze+Frag
1910588.851,E23,P39,0.19226773226773222,0.0025,4504.320,1059.189,2.0132,10.642,0.8653201716291536,0.0,Hit+Run
1912336.719,E2,P18,0.1989730979395144,0.0025,4556.086,1059.189,1.9353,10.356,0.9691856477969891,0.0,Hit+Run
1919368.265,E7,P112,0.020740592740592742,0.0025,2144.211,1059.189,2.4497,5.8950,0.5342788218496114,0.0,Merge
1927100.309,P3,P203,0.0025000000000000022,0.0025,1059.189,1059.189,6.851,9.4036,0.5933000000000002,0.0,Graze+Frag
1956861.878,P16,P19,0.0025,0.0025,1059.189,1059.189,7.0134,9.6265,0.84285,0.0,Hit+Run
1984682.751,E2,P134,0.1989730979395144,0.0025,4556.086,1059.189,2.5985,13.906,0.5620384246370653,0.0,Merge
2025690.137,E2,P18,0.2014730979395144,0.0025,4575.088,1059.189,0.9988,5.3691,0.6163965389810132,0.0,Perfect
2081424.48,E0,P86,0.027500000000000004,0.0025,2355.617,1059.189,5.7793,15.304,0.4807386154931446,0.010018981018981018,Fragment
2082472.213,E23,P8,0.19226773226773222,0.0025,4504.320,1059.189,1.8579,9.8211,0.8249202122688478,0.0,Hit+Run
2084493.21,E21,P292,0.030000000000000002,0.0025,2424.939,1059.189,2.5442,6.9422,0.8943546323265535,0.0,Hit+Run
2126336.684,E24,E21,0.03500000000000001,0.030000000000000002,2552.798,2424.939,1.1177,3.6084,0.8563966331523364,0.0,Hit+Run
2128449.117,E2,FRAG0013,0.2039730979395144,0.010018981018981018,4593.934,1682.422,1.3139,6.8543,0.8053567190954766,0.0,Hit+Run
2137361.91,E2,FRAG0013,0.2039730979395144,0.010018981018981018,4593.934,1682.422,1.0561,5.5094,0.1436071873911956,0.0,Merge
2202645.889,E0,P63,0.019981018981018984,0.0025,2117.709,1059.189,4.5537,10.822,0.5620073654068178,0.0,Merge
2276604.979,E22,P295,0.030000000000000002,0.0025,2424.939,1059.189,3.7875,10.334,0.5143409130656211,0.0,Merge
2344238.779,E23,P27,0.19226773226773222,0.0025000000000000022,4504.320,1059.189,2.34,12.369,0.7059872657752824,0.0,Merge
2374653.818,E2,P71,0.21399207895849542,0.0025,4667.952,1059.189,3.1805,17.470,0.8501868544316868,0.0,Hit+Run
2516057.352,P6,P115,0.005,0.0025,1334.495,1059.189,4.353,6.8840,0.6906950084771187,0.0,Graze+Frag
2534894.107,E11,P119,0.13500000000000004,0.0025,4003.487,1059.189,1.0811,5.0336,0.7438910848841811,0.0,Merge
2605335.656,E36,P383,0.08,0.0025,3362.718,1059.189,2.1649,8.3544,0.8371228309763327,0.0,Hit+Run
2608689.749,E33,E0,0.0275,0.022481018981018983,2355.617,2202.584,2.4513,7.2520,0.6493423332372142,0.008956703296703297,Hit+Run+Frag
2611199.406,P1,P113,0.005,0.0025,1334.495,1059.189,4.221,6.6752,0.6985001018007765,0.0,Hit+Run
2631932.86,P0,P13,0.007499833499833501,0.0025,1527.604,1059.189,5.7016,10.015,0.21920831713506922,0.009691348651348651,Fragment
2655610.229,E25,E13,0.037500000000000006,0.027500000000000004,2612.187,2355.617,1.2899,4.1685,0.9720894371738729,0.0,Hit+Run
2657126.186,E25,E13,0.037500000000000006,0.027500000000000004,2612.187,2355.617,1.0297,3.3276,0.7288436030003274,0.0,Graze+Merge
2686871.529,E23,P1,0.19476773226773222,0.005,4523.759,1334.495,2.1659,11.299,0.9257936183649252,0.0,Hit+Run
2687382.513,E48,P604,0.052500000000000005,0.0025,2922.224,1059.189,4.7896,15.904,0.8123540500246099,0.0,Hit+Run
2688121.853,E36,P447,0.08,0.0025,3362.718,1059.189,1.8907,7.2962,0.5951420126472364,0.0,Merge
2694136.966,E43,P381,0.027500000000000004,0.0025,2355.617,1059.189,1.3922,3.6866,0.5479964932526247,0.0,Merge
2714785.916,E41,P514,0.05750000000000001,0.0025,3012.195,1059.189,3.7376,12.819,0.5753777021482591,0.0,Merge
2737732.086,E23,P182,0.19476773226773222,0.0025,4523.759,1059.189,3.3651,17.871,0.8406668451633155,0.0,Hit+Run
2766137.861,E23,P67,0.19476773226773222,0.0025,4523.759,1059.189,1.4409,7.6522,0.9918653350982306,0.0,Hit+Run
2770228.618,E43,P269,0.030000000000000002,0.0025,2424.939,1059.189,1.7483,4.7705,0.6303634167300853,0.0,Merge
2792609.59,E2,P162,0.21399207895849542,0.0025,4667.952,1059.189,1.4162,7.7791,0.5214740192363084,0.0,Merge
2846052.55,E2,P43,0.21649207895849543,0.0025000000000000022,4686.060,1059.189,1.2273,6.7696,0.32723507141859365,0.0,Merge
2864853.576,E40,E59,0.027500000000000004,0.025,2355.617,2281.955,4.3563,13.095,0.9324796427136451,0.0,Hit+Run
2966367.803,E25,P57,0.065,0.0025000000000000022,3137.846,1059.189,4.3167,15.466,0.9549526770124015,0.0,Hit+Run
2967307.012,E24,E18,0.03500000000000001,0.027500000000000004,2552.798,2355.617,3.7225,11.867,0.11223456369824,0.05927355311355311,Fragment
2968107.023,P29,P45,0.0025,0.0025,1059.189,1059.189,22.335,30.657,0.47,0.0,Merge
3007595.634,E2,P5,0.21899207895849543,0.0025,4704.028,1059.189,1.2929,7.1609,0.8620868752757952,0.0,Hit+Run
3020727.414,E41,P359,0.06000000000000001,0.0025,3055.232,1059.189,1.2026,4.1875,0.6583595067199131,0.0,Merge
3073544.343,P26,P56,0.0025,0.0025,1059.189,1059.189,10.011,13.741,0.21235,0.0,Merge
3104650.326,P0,P136,0.01,0.0025,1681.359,1059.189,10.777,20.563,0.6549238362900998,0.0069720279720279724,Graze+Frag
3146700.349,E11,P307,0.13750000000000004,0.0025,4028.049,1059.189,2.0442,9.5808,0.11599792836867345,0.0,Merge
3204718.572,E7,P345,0.02324059274059274,0.0025,2227.116,1059.189,4.6107,11.528,0.6456409011079951,0.0,Merge
3216137.422,E2,E33,0.21899207895849543,0.027499833499833502,4704.028,2355.612,1.572,8.2988,0.7193665012842076,0.01868131868131868,Hit+Run+Frag
3217709.491,E2,FRAG0027,0.21899207895849546,0.006227106227106227,4704.028,1435.784,1.0861,5.8769,0.5116361488516692,0.0,Merge
3236203.575,E2,E23,0.2252191851856017,0.19476773226773222,4748.199,4523.759,1.4989,9.0128,0.3147898152775118,0.08015384615384617,Fragment
3240046.315,E2,FRAG0029,0.33983307129948775,0.0057252747252747255,5446.059,1396.130,1.095,6.9523,0.7263068485450421,0.0,Merge
3257870.095,E2,FRAG0030,0.3455583460247625,0.0057252747252747255,5476.473,1396.130,1.0275,6.5630,0.8924783739926572,0.0,Graze+Merge
3259013.653,E2,FRAG0035,0.3512836207500372,0.0057252747252747255,5506.552,1396.130,1.0062,6.4650,0.32284575247041003,0.0,Merge
3263650.225,E2,FRAG0037,0.35700889547531195,0.0057252747252747255,5536.307,1396.130,1.0611,6.8574,0.7748104854503274,0.0,Merge
3316954.865,E2,FRAG0039,0.3627341702005867,0.0057252747252747255,5565.745,1396.130,1.0679,6.9409,0.8828443509070263,0.0,Hit+Run
3316966.506,E2,FRAG0039,0.3627341702005867,0.0057252747252747255,5565.745,1396.130,1.0492,6.8194,0.6317337735096733,0.0,Merge
3347226.179,E40,E24,0.027500000000000004,0.005526973026973046,2355.617,1379.821,2.061,5.4751,0.6059562742097793,0.0,Merge
3371671.813,P12,P316,0.0025,0.0025,1059.189,1059.189,9.7255,13.349,0.51275,0.0,Graze+Frag
3391052.053,E21,P139,0.030000000000000002,0.0025,2424.939,1059.189,2.5079,6.8432,0.4915122500770524,0.0,Merge
3454255.844,E36,E7,0.0825,0.02574059274059274,3397.388,2304.270,1.9858,7.7301,0.1844185681601066,0.02443156843156843,Fragment
3493272.112,E20,P199,0.0575,0.0025,3012.195,1059.189,3.5117,12.044,0.2526571753679189,0.0,Merge
3500790.365,E26,P368,0.025,0.0025,2281.955,1059.189,4.2511,10.896,0.3418344864670692,0.0063919413919413925,Fragment
3623625.379,E2,P3,0.3684594449258614,0.005,5594.875,1334.495,1.216,7.9756,0.4929266114278222,0.0,Merge
3647975.565,E2,P1,0.3734594449258614,0.005,5620.069,1334.495,1.1913,7.8515,0.902499777284957,0.0,Hit+Run
3691007.321,E2,P101,0.3734594449258614,0.0025,5620.069,1059.189,2.8921,19.385,0.834857959158564,0.0,Merge
3696155.08,P50,P383,0.0025000000000000022,0.0025,1059.189,1059.189,9.558,13.119,0.3252,0.0,Merge
3720132.716,E2,P166,0.3759594449258614,0.0024999999999999905,5632.581,1059.189,1.6499,11.085,0.5998921077716616,0.0,Merge
3815998.409,E2,P131,0.3784594449258614,0.0025,5645.039,1059.189,4.5861,30.886,0.3563393401522436,0.0,Merge
3816004.509,E58,P278,0.025,0.0025,2281.955,1059.189,4.8181,12.349,0.8077675267624433,0.0,Hit+Run
3822295.274,E2,P180,0.3809594449258614,0.0025,5657.441,1059.189,2.0828,14.060,0.06039315425498886,0.0,Merge
3854763.222,P65,P198,0.0025,0.0025,1059.189,1059.189,5.1022,7.0032,0.87515,0.0,Hit+Run
3874371.724,P57,P356,0.0025000000000000022,0.0025,1059.189,1059.189,6.9271,9.5080,0.9868500000000001,0.0,Hit+Run
3880345.921,E2,FRAG0040,0.3834594449258614,0.0057252747252747255,5669.790,1396.130,1.368,9.0706,0.8356334484237959,0.0,Hit+Run
3881724.208,E2,P100,0.3834594449258614,0.0025,5669.790,1059.189,2.1034,14.232,0.9787557941529644,0.0,Hit+Run
4005236.375,E36,P159,0.08380902430902432,0.0025,3415.262,1059.189,3.2172,12.623,0.4171328219383895,0.0,Merge
4036992.138,E2,P100,0.3834594449258614,0.0025,5669.790,1059.189,1.0568,7.1506,0.8452890949502875,0.0,Hit+Run
4081887.292,E2,FRAG0033,0.3834594449258614,0.0057252747252747255,5669.790,1396.130,1.3808,9.1554,0.8345100694841058,0.0,Hit+Run
4116543.627,E2,FRAG0009,0.3834594449258614,0.00925940725940726,5669.790,1638.783,1.751,11.467,0.3359094772522008,0.0,Merge
4160588.632,E30,P299,0.065,0.0025,3137.846,1059.189,3.9418,14.123,0.8940952841455656,0.0,Hit+Run
4181089.658,P19,P113,0.0025,0.0025,1059.189,1059.189,32.891,45.146,0.61565,0.0,Graze+Frag
4203001.143,P30,FRAG0026,0.0025000000000000022,0.006227106227106227,1059.189,1435.784,13.266,22.167,0.7700113719014617,0.008454225774225775,Graze+Frag
4245738.725,E2,P168,0.3927188521852687,0.0025,5715.064,1059.189,2.3574,16.087,0.34057939870491966,0.0,Merge
4327897.633,P0,FRAG0001,0.005527972027972028,0.005739926739926741,1379.904,1397.320,5.4475,9.8032,0.48886506947849495,0.005739926739926741,Fragment
4378860.348,P84,P135,0.0025,0.0025,1059.189,1059.189,19.884,27.292,0.602,0.0,Graze+Frag
4391779.963,P67,FRAG0042,0.0025,0.0057252747252747255,1059.189,1396.130,6.2535,10.225,0.9776493165285509,0.0,Hit+Run
4422422.228,P83,P273,0.0025,0.0025,1059.189,1059.189,5.5951,7.6797,0.3973499999999999,0.0,Merge
4443701.173,P53,P208,0.0025,0.0025,1059.189,1059.189,19.482,26.741,0.383,0.0,Merge
4443984.653,E2,FRAG0033,0.3952188521852687,0.0057252747252747255,5727.165,1396.130,1.0198,6.8355,0.7756236292921639,0.0,Merge
4457057.589,E35,P437,0.025,0.0025,2281.955,1059.189,4.4985,11.530,0.9429987521779871,0.0,Hit+Run
4466829.038,E2,P100,0.40094412691054343,0.0025,5754.688,1059.189,1.1939,8.2076,0.790080288800555,0.0,Merge
4540057.208,E25,P245,0.065,0.0025,3137.846,1059.189,2.9793,10.674,0.9205615213382683,0.0,Hit+Run
4557257.627,P81,P157,0.0025,0.0025,1059.189,1059.189,17.590,24.143,0.43485,0.0,Merge
4592316.236,E2,FRAG0036,0.40344412691054343,0.0057252747252747255,5766.624,1396.130,1.3243,8.9424,0.5288601504132754,0.0,Merge
4776553.675,P37,P125,0.0025,0.0025,1059.189,1059.189,18.969,26.036,0.72015,0.0,Graze+Frag
4779478.737,P19,P108,0.005,0.0025,1334.495,1059.189,28.294,44.745,0.08200923056500457,0.007499020979020979,Fragment
4812624.795,E11,P163,0.14000000000000004,0.0025000000000000022,4052.315,1059.189,1.955,9.2222,0.440787431160558,0.0,Merge
4821894.13,P74,P77,0.0025000000000000022,0.0025,1059.189,1059.189,26.498,36.371,0.9099000000000002,0.0,Graze+Frag
4835215.228,P30,P67,0.008727272727272728,0.0025,1606.768,1059.189,6.3842,11.705,0.9291799435568038,0.0,Hit+Run
4921659.205,E2,P30,0.40916940163581816,0.008727272727272728,5793.774,1606.768,1.1527,7.7388,0.8758134745500137,0.0,Hit+Run
4959729.399,E2,E33,0.40916940163581816,0.008818514818514818,5793.774,1612.348,1.6339,10.966,0.8599770727088615,0.0,Hit+Run
4959937.164,E2,E33,0.40916940163581816,0.008818514818514818,5793.774,1612.348,1.0478,7.0327,0.7668839483093759,0.0,Merge
4979524.76,E25,P255,0.065,0.0025,3137.846,1059.189,1.1986,4.2944,0.3631257458897076,0.0,Merge
5010269.288,E30,E31,0.065,0.03750000000000001,3137.846,2612.187,1.7311,6.5298,0.6064466525475721,0.0,Hit+Run
5018422.447,E43,P297,0.0325,0.0025,2490.510,1059.189,2.3843,6.6889,0.40076044286090895,0.0,Merge
5019078.491,E21,P460,0.0325,0.0025,2490.510,1059.189,3.6815,10.328,0.11499411166824748,0.0,Merge
5019495.641,E2,FRAG0038,0.417987916454333,0.0057252747252747255,5835.101,1396.130,1.5822,10.820,0.833962674037726,0.0,Hit+Run
5023909.576,E2,FRAG0038,0.417987916454333,0.0057252747252747255,5835.101,1396.130,1.0506,7.1849,0.2440964769196053,0.0,Merge
5096461.589,P79,P176,0.0025,0.0025,1059.189,1059.189,13.410,18.407,0.83135,0.0,Graze+Frag
5233229.296,E35,FRAG0032,0.025,0.0057252747252747255,2281.955,1396.130,3.1503,8.1347,0.33949345546343285,0.011739400599400599,Fragment
5307710.984,E2,FRAG0019,0.4237131911796077,0.005697302697302698,5861.622,1393.852,1.8787,12.912,0.7625669110293337,0.0,Merge
5360526.354,E25,E31,0.0675,0.03750000000000001,3177.569,2612.187,1.0329,3.9298,0.8184095200053045,0.0,Graze+Merge
5460944.267,E2,P235,0.4294104938769104,0.0025,5887.777,1059.189,2.3858,16.807,0.480804928418572,0.0,Merge
5498697.032,P79,FRAG0014,0.005,0.008952713952713952,1334.495,1620.486,5.3275,10.342,0.8114505344221624,0.0,Hit+Run
5499838.388,E53,P446,0.025,0.0025,2281.955,1059.189,2.478,6.3515,0.7895318009109532,0.0,Hit+Run
5511417.631,E21,P451,0.035,0.0025,2552.798,1059.189,4.0081,11.538,0.9367358630448344,0.0,Hit+Run
5547627.249,P30,P152,0.008727272727272728,0.0025,1606.768,1059.189,6.1994,11.366,0.7590382181458383,0.0,Graze+Frag
5562693.717,E0,P51,0.01352847152847153,0.0025,1859.559,1059.189,10.380,21.732,0.5008308402233498,0.015658614718614718,Fragment
5577113.302,P92,FRAG0005,0.0025,0.007357309357309358,1059.189,1517.866,5.024,8.7785,0.7141258684823203,0.0,Hit+Run
5588331.561,P89,FRAG0034,0.0025,0.0057252747252747255,1059.189,1396.130,11.425,18.682,0.6381919423167004,0.008123663003663004,Graze+Frag
5604645.362,E0,FRAG0051,0.005527972027972028,0.010500499500499501,1379.904,1708.954,1.5906,3.2371,0.7879977178015971,0.0,Hit+Run
5673734.32,E43,P523,0.035,0.0025,2552.798,1059.189,2.0308,5.8461,0.6127584074693462,0.0,Merge
5726472.403,E2,P364,0.4319104938769104,0.0025,5899.181,1059.189,4.0427,28.538,0.5288463626188983,0.0,Merge
5793581.55,P55,FRAG0020,0.0025,0.005697302697302698,1059.189,1393.852,6.3634,10.392,0.06666778263921025,0.0,Fragment
5852843.31,E2,FRAG0006,0.4344104938769104,0.007357309357309358,5910.541,1517.866,1.472,10.141,0.6070941862202132,0.0,Merge
5959479.684,E30,FRAG0005,0.065,0.007357309357309358,3137.846,1517.866,1.3443,4.7348,0.6525451566146843,0.0,Merge
5960370.296,P1,P373,0.005,0.0025,1334.495,1059.189,11.943,18.887,0.9364996975057422,0.0,Hit+Run
5960850.275,P5,P88,0.0025,0.0025,1059.189,1059.189,17.8,24.432,0.82185,0.0,Graze+Frag
6031510.484,P52,P164,0.0025,0.0025,1059.189,1059.189,13.889,19.064,0.87485,0.0,Hit+Run
6054507.143,E11,P2,0.14250000000000004,0.0025,4076.293,1059.189,1.5562,7.3878,0.6754818394471741,0.0,Merge
6087923.745,E2,FRAG0007,0.44176780323421977,0.007357309357309358,5943.722,1517.866,1.3826,9.5834,0.3767007880514905,0.0,Merge
6121701.176,E30,P40,0.07235730935730936,0.0025000000000000022,3252.030,1059.189,2.8989,10.792,0.9431236181334828,0.0,Hit+Run
6189952.53,E43,P358,0.037500000000000006,0.0025,2612.187,1059.189,4.3056,12.697,0.4411303905518365,0.0,Merge
6195203.787,P12,P158,0.005,0.0025,1334.495,1059.189,6.3713,10.075,0.6136475872392967,0.0,Graze+Frag
6212104.458,P37,P271,0.005,0.0025,1334.495,1059.189,31.731,50.181,0.6707362698351939,0.007493493173493173,Graze+Frag
6327783.538,E53,P437,0.025,0.0025,2281.955,1059.189,4.1372,10.604,0.8807787287670981,0.0,Hit+Run
6338446.938,E0,P0,0.005527972027972028,0.005527972027972028,1379.904,1379.904,7.3889,13.212,0.24575000000000002,0.010972693972693973,Fragment
6374780.837,E2,E0,0.44912511259152915,0.005528138528138529,5976.537,1379.918,1.402,9.8471,0.7975534256398521,0.0,Merge
6402025.52,P81,FRAG0051,0.005,0.010500499500499501,1334.495,1708.954,7.8328,15.792,0.9960977492428269,0.0,Hit+Run
6422637.252,E2,P296,0.4546532511196677,0.0025,6000.958,1059.189,1.5044,10.815,0.8777704703912824,0.0,Hit+Run
6423734.866,E2,P52,0.4546532511196677,0.0025,6000.958,1059.189,2.2367,16.080,0.9402437245539235,0.0,Hit+Run
6480985.429,P34,P82,0.0025,0.0025,1059.189,1059.189,26.489,36.359,0.4098,0.0,Merge
6580708.922,E35,P212,0.018986346986346988,0.0025,2081.969,1059.189,9.2021,21.502,0.9271286240039526,0.0,Hit+Run
6626647.271,P53,P218,0.005,0.0025,1334.495,1059.189,19.017,30.074,0.5713885819583494,0.0074868598068598075,Graze+Frag
6636116.958,E35,FRAG0045,0.018986346986346988,0.006107892107892108,2081.969,1426.563,2.6714,6.3829,0.6701879581396308,0.0,Hit+Run
6673674.16,P65,P174,0.0025,0.0025,1059.189,1059.189,10.007,13.736,0.8928,0.0,Hit+Run
6698087.5,E25,P141,0.10500000000000001,0.0025,3681.772,1059.189,1.8468,7.8568,0.8011277347871618,0.0,Hit+Run
6733996.939,P54,P520,0.0025,0.0025,1059.189,1059.189,23.249,31.911,0.3861,0.0,Merge
6760165.443,P34,FRAG0004,0.005,0.005739926739926741,1334.495,1397.320,14.063,24.912,0.9799824911357411,0.0,Hit+Run
6840263.412,P44,P154,0.0025,0.0025,1059.189,1059.189,9.5187,13.065,0.40265000000000006,0.0,Merge
6845402.155,E2,P291,0.4546532511196677,0.0025,6000.958,1059.189,1.6327,11.737,0.8843152874940353,0.0,Hit+Run
6940575.291,E2,FRAG0040,0.4546532511196677,0.0057252747252747255,6000.958,1396.130,2.3543,16.593,0.5269130366349409,0.0,Merge
7019979.49,E2,P291,0.46037852584494243,0.0025,6026.042,1059.189,1.0471,7.5613,0.8912466886337201,0.0,Hit+Run
7026609.963,E30,P260,0.07235730935730936,0.0025000000000000022,3252.030,1059.189,3.9017,14.525,0.07648783082359047,0.0,Merge
7069967.066,P44,P102,0.005,0.0025,1334.495,1059.189,12.459,19.703,0.11952942918515964,0.0,Fragment
7101169.781,P94,P222,0.0025,0.0025000000000000022,1059.189,1059.189,17.905,24.577,0.6901999999999999,0.0,Graze+Frag
7160389.031,E2,P29,0.46037852584494243,0.005,6026.042,1334.495,3.4715,24.661,0.9774410463231205,0.0,Hit+Run
7496855.052,E30,P221,0.07485730935730936,0.0025,3289.060,1059.189,3.9697,14.959,0.6981665325076264,0.0,Merge
7534107.15,E2,P54,0.46037852584494243,0.005,6026.042,1334.495,1.7298,12.288,0.9704821310925764,0.0,Hit+Run
7583698.732,E2,P110,0.46037852584494243,0.0025000000000000022,6026.042,1059.189,2.8763,20.770,0.9103831047939059,0.0,Hit+Run
7651290.074,E2,P30,0.46037852584494243,0.011227106227106229,6026.042,1747.497,1.3631,9.4856,0.7947343344561607,0.0056993006993007,Hit+Run+Frag
7671957.163,E2,P30,0.46037852584494243,0.005527805527805528,6026.042,1379.890,1.0667,7.5589,0.7449218886226218,0.0,Merge
7691667.979,P38,P174,0.0025,0.0025,1059.189,1059.189,9.3307,12.807,0.75045,0.0,Graze+Frag
7701539.348,E37,FRAG0047,0.019245587745587746,0.0063919413919413925,2091.402,1448.343,2.5374,6.1009,0.7141411841489199,0.0,Hit+Run
7737539.966,P89,FRAG0004,0.008225108225108226,0.005739926739926741,1575.340,1397.320,12.502,24.210,0.5405947305078113,0.013906300366300365,Graze+Frag
7869527.851,E2,P138,0.46590633137274795,0.0025,6050.065,1059.189,1.5465,11.215,0.9582401061531269,0.0,Hit+Run
7869650.079,E2,P175,0.46590633137274795,0.0025000000000000022,6050.065,1059.189,1.8174,13.179,0.6978302726870019,0.0,Merge
7877307.051,P12,P258,0.007499833499833501,0.0025,1527.604,1059.189,11.496,20.195,0.6177635252020365,0.0,Graze+Frag
7950318.722,E20,FRAG0046,0.060000000000000005,0.006107892107892108,3055.232,1426.563,1.0643,3.6519,0.7740684451698043,0.0,Graze+Merge
7951673.333,E2,P80,0.46840633137274795,0.0025000000000000022,6060.867,1059.189,1.2001,8.7196,0.9066541906576693,0.0,Hit+Run
7979412.982,P81,FRAG0021,0.005,0.005697302697302698,1334.495,1393.852,12.492,22.099,0.7385255167841114,0.010479060939060938,Graze+Frag
7985563.248,E2,FRAG0052,0.46840633137274795,0.005527805527805528,6060.867,1379.890,2.0493,14.612,0.6988021734405667,0.0,Merge
8049612.595,E30,FRAG0045,0.07735730935730936,0.006107892107892108,3325.275,1426.563,2.3291,8.7210,0.9435929801913591,0.0,Hit+Run
8105248.075,E48,P389,0.052500000000000005,0.0025,2922.224,1059.189,1.5459,5.1333,0.7404987360587539,0.0,Hit+Run
8112143.36,E30,P268,0.07735730935730936,0.0025,3325.275,1059.189,3.6557,13.938,0.8220537162110831,0.0,Hit+Run
8172110.014,E2,P109,0.47393413690055347,0.0025000000000000022,6084.616,1059.189,1.1251,8.2089,0.9879252260091312,0.0,Hit+Run
8323369.309,P12,P103,0.01,0.0025,1681.359,1059.189,6.1049,11.648,0.9287954995405923,0.0,Hit+Run
8337043.2,E2,P129,0.47393413690055347,0.0025,6084.616,1059.189,1.8965,13.837,0.993205971246873,0.0,Hit+Run
8339446.907,E2,P129,0.47393413690055347,0.0025,6084.616,1059.189,1.0518,7.6740,0.49213138683341323,0.0,Merge
8458199.545,P40,P351,0.0025000000000000022,0.0025000000000000022,1059.189,1059.189,11.020,15.126,0.52495,0.0,Graze+Frag
8460644.359,E2,P196,0.4764341369005535,0.0025000000000000022,6095.296,1059.189,1.5359,11.227,0.8576625261996537,0.0,Hit+Run
8485619.685,E2,P81,0.4764341369005535,0.010697302697302697,6095.296,1719.565,1.2799,9.0280,0.8638861038244172,0.0,Hit+Run
8549365.085,E2,P37,0.4764341369005535,0.0075001665001665,6095.296,1527.627,1.7948,12.776,0.2462770561513213,0.0,Merge
8580579.317,E2,P81,0.48393430340071997,0.010697302697302697,6127.114,1719.565,1.1063,7.8474,0.33803188132277917,0.0,Merge
8581243.168,E19,E58,0.05163553113553114,0.025,2906.096,2281.955,1.8371,6.3081,0.7246123414349602,0.0,Hit+Run
8586574.706,P8,P414,0.0025,0.0025,1059.189,1059.189,8.2825,11.368,0.3904,0.0,Merge
8595905.792,E2,P53,0.49463160609802265,0.007499833499833501,6171.932,1527.604,1.3293,9.5908,0.859393020031176,0.0,Hit+Run
8614978.681,E2,P301,0.49463160609802265,0.0025,6171.932,1059.189,3.2039,23.733,0.9756626325809566,0.0,Hit+Run
8651690.877,E2,P196,0.49463160609802265,0.0025000000000000022,6171.932,1059.189,1.1097,8.2204,0.20988141138278127,0.0,Merge
8741146.337,P29,FRAG0015,0.005,0.005697302697302698,1334.495,1393.852,12.082,21.374,0.7055586846553286,0.0,Graze+Frag
8756224.16,P52,P110,0.0025,0.0025000000000000022,1059.189,1059.189,13.109,17.994,0.6526499999999998,0.0,Graze+Frag
8817187.822,P54,P34,0.005,0.005,1334.495,1334.495,6.0931,10.537,0.9958500000000001,0.0,Hit+Run
8840824.524,E36,P145,0.08630902430902432,0.0025,3448.889,1059.189,3.6918,14.639,0.8619011471044434,0.0,Hit+Run
8943432.391,P74,P103,0.005,0.0025,1334.495,1059.189,10.017,15.841,0.8520374376104453,0.0,Hit+Run
9051035.429,E2,P44,0.49713160609802265,0.007499833499833501,6182.312,1527.604,1.7721,12.808,0.7748420997503304,0.0,Merge
9069313.758,E2,P103,0.5046314395978562,0.0025,6213.247,1059.189,1.4054,10.485,0.8306044824507264,0.0,Merge
9083488.849,E30,FRAG0017,0.07735730935730936,0.005697302697302698,3325.275,1393.852,1.6205,6.0737,0.2619138104762941,0.0,Merge
9140233.216,E2,P182,0.5071314395978561,0.0025,6223.490,1059.189,2.9129,21.770,0.7390238544945708,0.0,Merge
9158576.41,P74,FRAG0054,0.005,0.008437229437229438,1334.495,1588.767,10.535,20.180,0.3661657441560613,0.00790942390942391,Fragment
9225161.109,E25,FRAG0025,0.10500000000000001,0.0069720279720279724,3681.772,1490.894,1.2987,5.3983,0.4288441464177347,0.0,Merge
9333802.767,E20,P5,0.06610789210789211,0.005,3155.573,1334.495,2.4788,8.8131,0.7853672586085814,0.0,Hit+Run
9363299.124,E47,P331,0.03250000000000001,0.0025,2490.510,1059.189,6.9742,19.565,0.7048388321044627,0.0,Graze+Frag
9418044.178,E50,E35,0.027500000000000004,0.018986346986346988,2355.617,2081.969,3.6887,10.666,0.7212427741402113,0.013457875457875459,Hit+Run+Frag
9464652.466,E2,P29,0.5096314395978561,0.010697302697302697,6233.700,1719.565,1.0448,7.5501,0.23466711942488527,0.0,Merge
9499206.37,E20,FRAG0024,0.06610789210789211,0.005697302697302698,3155.573,1393.852,1.219,4.3267,0.6372287583484596,0.0,Merge
9570270.971,E2,P165,0.5203287422951588,0.0025000000000000022,6277.014,1059.189,3.0145,22.736,0.8974614229020811,0.0,Hit+Run
9594630.5,E2,P301,0.5203287422951588,0.0025,6277.014,1059.189,1.1383,8.5853,0.2746545111560378,0.0,Merge
9601716.371,E2,FRAG0008,0.5228287422951587,0.009368631368631369,6287.051,1645.202,1.4792,10.824,0.8056711482099548,0.0,Hit+Run
9686706.455,E43,P592,0.04000000000000001,0.0025,2668.991,1059.189,4.704,14.189,0.2711099464511146,0.005624042624042624,Fragment
9711978.219,E2,P26,0.5228287422951587,0.005,6287.051,1334.495,1.8832,14.001,0.5051717456993945,0.0,Merge
9750720.299,P97,P116,0.0025,0.0025,1059.189,1059.189,22.586,31.001,0.47915,0.0,Merge
9812001.133,P12,P228,0.01,0.0025,1681.359,1059.189,6.3303,12.078,0.850081936827693,0.0,Hit+Run
9905758.36,E25,P224,0.11197202797202799,0.0025,3761.522,1059.189,1.5527,6.7598,0.6372575647573582,0.0,Merge
10063840.934,E2,P52,0.5278287422951587,0.005,6307.029,1334.495,1.8656,13.918,0.8822301357933965,0.0,Hit+Run
10088970.999,E20,P344,0.07180519480519482,0.0025,3243.738,1059.189,3.535,13.124,0.7318321266777643,0.0,Merge
10104498.134,E58,P452,0.025,0.0025,2281.955,1059.189,1.534,3.9318,0.9604148948451404,0.0,Hit+Run
10126644.193,P62,FRAG0053,0.0025,0.0056993006993007,1059.189,1394.015,7.7039,12.583,0.4604261785921798,0.008057329337329337,Graze+Frag
10180769.848,P12,P89,0.01,0.005527805527805529,1681.359,1379.890,13.549,27.263,0.5957599847919424,0.015445241425241424,Graze+Frag
10182828.938,P79,P198,0.005,0.0025,1334.495,1059.189,12.569,19.878,0.8264478816421672,0.0,Graze+Frag
10185735.682,E58,P577,0.025,0.0025,2281.955,1059.189,5.8528,15.001,0.7611878824526447,0.0,Hit+Run
10236031.266,E20,P50,0.07430519480519482,0.005000000000000003,3280.954,1334.495,1.5103,5.5932,0.6149679162652825,0.0,Merge
10284933.528,E36,P243,0.08630902430902432,0.0025,3448.889,1059.189,1.6845,6.6797,0.24183113136846665,0.0,Merge
10386034.09,P109,P138,0.0025000000000000022,0.0025,1059.189,1059.189,24.080,33.052,0.7738500000000001,0.0,Graze+Frag
10479730.809,E40,P374,0.03302697302697305,0.0025,2503.898,1059.189,4.1772,11.784,0.9263421796560534,0.0,Hit+Run
10480414.088,P54,P167,0.005,0.0025000000000000022,1334.495,1059.189,10.138,16.032,0.9645980334709102,0.0,Hit+Run
10492263.356,P120,P160,0.0025,0.0025,1059.189,1059.189,10.943,15.020,0.6658,0.0,Graze+Frag
10632768.478,E36,P177,0.08880902430902432,0.0025,3481.872,1059.189,3.8733,15.517,0.9840505955363743,0.0,Hit+Run
10645876.482,E19,FRAG0010,0.05163553113553114,0.005864468864468865,2906.096,1407.354,1.9474,6.3523,0.9941544280688033,0.0,Hit+Run
10654773.799,E30,P282,0.08305461205461206,0.0025,3404.984,1059.189,2.9679,11.608,0.4762520595378348,0.0,Merge
10970258.696,E25,FRAG0048,0.11447202797202799,0.005739926739926741,3789.311,1397.320,4.0232,17.304,0.8065004677392166,0.0,Hit+Run
11172244.848,E20,FRAG0041,0.07930519480519482,0.0057252747252747255,3352.955,1396.130,2.0986,7.9335,0.8006986641907519,0.0,Hit+Run
11176160.927,P1,P241,0.005,0.0025,1334.495,1059.189,4.1068,6.4946,0.7919382190182801,0.0,Hit+Run
11191579.025,P52,P298,0.005,0.0025,1334.495,1059.189,6.0129,9.5090,0.24586043969522106,0.007367459207459208,Fragment
11234332.351,P83,P620,0.005,0.0025,1334.495,1059.189,12.783,20.217,0.5867757659392748,0.007452034632034633,Graze+Frag
11471237.169,E25,P328,0.11447202797202799,0.0025,3789.311,1059.189,3.9123,17.168,0.3802987365215381,0.0,Merge
11525575.29,E43,P317,0.036875957375957384,0.0025,2597.616,1059.189,5.4417,15.953,0.8082374410161716,0.0,Hit+Run
11588527.226,E57,P412,0.05500000000000001,0.0025,2967.891,1059.189,2.9003,9.7912,0.469310938309986,0.0,Merge
11607151.731,E21,P231,0.035,0.0025,2552.798,1059.189,1.655,4.7642,0.8743292109346347,0.0,Hit+Run
11682052.224,E2,P120,0.5278287422951587,0.005,6307.029,1334.495,1.2182,9.0882,0.8264356207034598,0.0,Hit+Run
11844724.009,E53,P378,0.025,0.0025,2281.955,1059.189,1.8493,4.7400,0.9151329239105417,0.0,Hit+Run
12106115.499,E2,FRAG0008,0.5278287422951587,0.009368631368631369,6307.029,1645.202,1.378,10.118,0.5351143000327602,0.0,Merge
12111842.433,P84,P459,0.005,0.0025,1334.495,1059.189,17.397,27.513,0.8632990722631515,0.0,Graze+Frag
12169330.364,P8,FRAG0023,0.005,0.005697302697302698,1334.495,1393.852,20.181,35.701,0.913826891189983,0.0,Hit+Run
12172855.142,P8,FRAG0023,0.005,0.005697302697302698,1334.495,1393.852,1.0125,1.7911,0.5794140851595856,0.0,Graze+Merge
12183331.717,E2,P302,0.5371973736637902,0.0025,6344.126,1059.189,1.7931,13.678,0.6507528965381659,0.0,Merge
12355923.056,E2,E40,0.5396973736637901,0.03302697302697305,6353.952,2503.898,1.3759,9.8844,0.24977233926304482,0.006257076257076258,Fragment
12522368.236,E20,P189,0.07930519480519482,0.0025,3352.955,1059.189,1.6979,6.5318,0.6920752054146473,0.0,Merge
12837605.835,E59,P315,0.025,0.0025,2281.955,1059.189,2.853,7.3127,0.6144141938576932,0.0,Merge
12924242.465,P39,P409,0.0025,0.0025,1059.189,1059.189,9.2396,12.682,0.7315,0.0,Graze+Frag
12934697.268,P5,FRAG0042,0.005,0.0057252747252747255,1334.495,1396.130,8.9301,15.811,0.7768112187365445,0.009680293040293041,Graze+Frag
12941089.732,E20,P458,0.08180519480519483,0.0025,3387.823,1059.189,2.2422,8.7221,0.6287300043185436,0.0,Merge
13034697.174,E46,P503,0.025,0.0025,2281.955,1059.189,5.1437,13.184,0.8940969555125682,0.0,Hit+Run
13223194.042,E20,P216,0.08430519480519483,0.0025,3421.989,1059.189,6.8027,26.749,0.9542393964045506,0.0,Hit+Run
13298031.588,E25,P257,0.11697202797202799,0.0025,3816.698,1059.189,5.8262,25.766,0.608368732324554,0.0,Merge
13398311.108,E2,P252,0.5664672704336869,0.0025,6457.317,1059.189,3.1152,24.214,0.885544634104293,0.0,Hit+Run
13400810.191,E2,P91,0.5664672704336869,0.0025,6457.317,1059.189,1.7429,13.547,0.741132475593494,0.0,Merge
13498205.395,E2,P252,0.5689672704336869,0.0025,6466.802,1059.189,1.4719,11.459,0.8034103677431695,0.0,Merge
13626769.711,P118,P80,0.0025,0.0025000000000000022,1059.189,1059.189,7.6529,10.504,0.5001999999999999,0.0,Graze+Frag
13739628.513,E20,P216,0.08430519480519483,0.0025,3421.989,1059.189,1.3346,5.2478,0.9934139170796092,0.0,Hit+Run
13843188.951,E20,P473,0.08430519480519483,0.0025,3421.989,1059.189,2.9627,11.649,0.48697060106208545,0.0,Merge
13947458.195,E30,P242,0.08555461205461207,0.0025,3438.811,1059.189,3.1246,12.351,0.6584044985393767,0.0,Merge
13970630.548,E2,FRAG0050,0.5714672704336868,0.005869463869463869,6476.260,1407.753,1.1533,8.8174,0.5684378759867337,0.0,Merge
14270274.846,E2,P339,0.5773367343031507,0.0025,6498.357,1059.189,2.2863,17.891,0.6930391299783428,0.0,Merge
14511261.931,P8,P212,0.010697302697302697,0.0025,1719.565,1059.189,6.0955,11.868,0.7547817251285798,0.0,Graze+Frag
14680588.533,E25,P367,0.119472027972028,0.0025,3843.698,1059.189,1.3798,6.1486,0.8174414652515418,0.0,Hit+Run
14849545.098,P8,P299,0.013197136197136198,0.0025,1844.252,1059.189,8.97,18.633,0.5453150332963972,0.015019600399600399,Fragment
14884135.763,E2,P367,0.5798367343031506,0.0025,6507.723,1059.189,1.2908,10.116,0.8257085758428928,0.0,Merge
14976281.251,E25,E43,0.119472027972028,0.036875957375957384,3843.698,2597.616,3.9557,17.411,0.9259990391768719,0.0,Hit+Run
15176090.317,E2,P164,0.5823367343031506,0.0025,6517.062,1059.189,1.2696,9.9658,0.9745161230660552,0.0,Hit+Run
15195893.175,P5,P452,0.010725274725274726,0.0025,1721.062,1059.189,8.2478,16.071,0.5814558413646809,0.012541485181485183,Fragment
15225384.13,E2,P164,0.5823367343031506,0.0025,6517.062,1059.189,1.0507,8.2475,0.5369343843391575,0.0,Merge
15429172.099,P84,P325,0.007499833499833501,0.0025,1527.604,1059.189,11.736,20.616,0.5631976617772508,0.0,Fragment
15518984.68,E51,P418,0.025,0.0025,2281.955,1059.189,7.5429,19.333,0.7681543395195062,0.0,Graze+Frag
15758653.435,E2,FRAG0041,0.5848367343031505,0.0057252747252747255,6526.375,1396.130,1.2591,9.7122,0.5397384784578629,0.0,Merge
15759663.876,E11,P245,0.14500000000000005,0.0025,4099.993,1059.189,3.6009,17.201,0.5611363616047167,0.0,Merge
16023355.928,E11,P140,0.14750000000000005,0.0025,4123.422,1059.189,1.7444,8.3844,0.8520361568698647,0.0,Hit+Run
16039390.749,P96,P236,0.0025,0.0025,1059.189,1059.189,25.642,35.196,0.6063,0.0,Graze+Frag
16157770.626,E43,P96,0.036875957375957384,0.005,2597.616,1334.495,2.3987,6.9936,0.23392413339188006,0.0,Merge
16390793.204,E59,FRAG0011,0.0275,0.008254412254412254,2355.617,1577.208,5.502,14.821,0.9721169133840487,0.0,Hit+Run
16603800.94,P1,P395,0.005,0.0025,1334.495,1059.189,17.852,28.233,0.6869597138150826,0.0074586679986679985,Graze+Frag
16899079.399,E2,P303,0.5905620090284253,0.0025,6547.603,1059.189,1.8981,14.973,0.5039734347293329,0.0,Merge
16947872.368,E19,E53,0.05163553113553114,0.025,2906.096,2281.955,3.2155,11.041,0.8877845546848085,0.0,Hit+Run
16975513.929,E36,FRAG0047,0.08880902430902432,0.0063919413919413925,3481.872,1448.343,2.3278,9.1388,0.4659007880079062,0.0,Merge
17078839.533,E2,E43,0.5930620090284252,0.04187595737595738,6556.829,2710.079,1.7109,12.652,0.6899349205601103,0.005743922743922745,Fragment
17156022.521,E2,P84,0.6291940436604598,0.01,6687.370,1681.359,2.4368,19.026,0.9457233323538883,0.0,Hit+Run
17250473.579,E71,P338,0.025,0.0025,2281.955,1059.189,5.2908,13.561,0.7369418799160194,0.0,Hit+Run
17317704.183,E20,P213,0.08680519480519483,0.0025,3455.485,1059.189,3.1956,12.697,0.5165614240057221,0.0,Merge
17330355.107,E2,P1,0.6291940436604598,0.007499833499833501,6687.370,1527.604,2.3866,18.771,0.9274429672010333,0.0,Hit+Run
17492656.727,P94,P207,0.005,0.0025,1334.495,1059.189,12.902,20.403,0.6288117685538318,0.0074360039960039955,Graze+Frag
17494397.578,E2,P1,0.6291940436604598,0.007499833499833501,6687.370,1527.604,1.1183,8.7958,0.6637733656242628,0.0,Merge
17504415.61,E2,P8,0.6366938771602934,0.005527639027639027,6713.836,1379.877,1.8026,14.345,0.9716079685718327,0.0,Hit+Run
17649597.77,E2,P8,0.6366938771602934,0.005527639027639027,6713.836,1379.877,1.1564,9.2030,0.6848455040151157,0.0,Merge
17730447.065,E30,P40,0.08805461205461207,0.005,3471.985,1334.495,4.5685,17.959,0.1735818926104503,0.009866799866799867,Fragment
17795018.206,P52,P149,0.007499833499833501,0.0025,1527.604,1059.189,15.462,27.161,0.24389287439866267,0.009984322344322345,Fragment
17862517.942,E30,FRAG0063,0.08318781218781221,0.005743922743922745,3406.803,1397.644,1.1388,4.3773,0.743768317485938,0.0,Hit+Run
17964907.845,E36,P393,0.09520096570096571,0.0025,3563.479,1059.189,5.9033,24.246,0.9949625698657749,0.0,Hit+Run
18657268.475,P39,P455,0.005,0.0025,1334.495,1059.189,14.780,23.375,0.669955760502828,0.007438215118215118,Graze+Frag
19006439.914,E2,P324,0.6422215161879323,0.0025,6733.209,1059.189,4.2082,34.198,0.9231766270187797,0.0,Hit+Run
19035872.583,E2,P324,0.6422215161879323,0.0025,6733.209,1059.189,1.0972,8.9164,0.6287866262463179,0.0,Merge
19192419.468,E2,FRAG0061,0.6447215161879323,0.01016949716949717,6741.935,1690.805,1.7308,13.627,0.31763941480386715,0.0,Merge
19326606.58,E11,FRAG0062,0.14750000000000005,0.007697302697302697,4123.422,1540.896,2.1244,9.9348,0.22050042855461396,0.0,Merge
19590368.754,E25,P340,0.119472027972028,0.0025,3843.698,1059.189,2.4877,11.085,0.9267263413003237,0.0,Hit+Run
19630331.0,E35,P471,0.005527805527805528,0.0025,1379.890,1059.189,12.202,19.779,0.5603110572917814,0.007973859473859474,Fragment
20045613.878,E2,P253,0.6548910133574295,0.0025,6777.198,1059.189,3.3308,27.255,0.837335157785728,0.0,Merge
20359758.379,E25,E20,0.119472027972028,0.08930519480519483,3843.698,3488.344,1.7153,8.1776,0.9296221724357743,0.0,Hit+Run
20624126.841,E2,P209,0.6573910133574294,0.0025,6785.811,1059.189,1.585,12.987,0.8051283790484682,0.0,Merge
20841469.213,E2,P327,0.6598910133574294,0.0025,6794.402,1059.189,1.9773,16.223,0.5733236783833594,0.0,Merge
21013559.25,E2,P52,0.6623910133574293,0.01,6802.971,1681.359,1.8764,14.923,0.40973396188542405,0.0,Merge
21539221.522,E2,P121,0.6723910133574293,0.0025,6837.035,1059.189,2.7774,22.940,0.7113915842834523,0.0,Merge
22006002.915,E61,P353,0.025,0.0025,2281.955,1059.189,7.5817,19.433,0.6148239854498617,0.011396603396603398,Fragment
22096819.036,E2,P84,0.6748910133574293,0.01,6845.498,1681.359,1.8407,14.738,0.9342370646254479,0.0,Hit+Run
22100410.67,E2,P84,0.6748910133574293,0.01,6845.498,1681.359,1.016,8.1351,0.9217934154876165,0.0,Graze+Merge
22591625.957,E36,P372,0.09520096570096571,0.0025,3563.479,1059.189,5.1062,20.972,0.05881742006721828,0.0,Merge
22613620.838,E2,P382,0.6848910133574293,0.0025,6879.143,1059.189,3.045,25.315,0.7878012853901211,0.0,Merge
22757604.234,P92,P206,0.0025,0.0025,1059.189,1059.189,16.016,21.983,0.7606,0.0,Graze+Frag
22815573.308,P161,P392,0.0025,0.0025,1059.189,1059.189,23.064,31.657,0.8377,0.0,Graze+Frag
23198618.36,E2,FRAG0064,0.6873910133574292,0.009866799866799867,6887.503,1673.860,1.5624,12.597,0.7628947196568422,0.0,Merge
23660806.219,E57,P336,0.05750000000000001,0.0025,3012.195,1059.189,6.9198,23.733,0.5252901742641944,0.008896103896103897,Fragment
23996973.603,P118,P171,0.005,0.0025,1334.495,1059.189,3.8811,6.1377,0.9960414094319319,0.0,Hit+Run
24060487.398,E25,P290,0.119472027972028,0.0025,3843.698,1059.189,1.7031,7.5892,0.569708173777976,0.0,Merge
24408609.651,E19,P411,0.05163553113553114,0.0025,2906.096,1059.189,3.9132,12.917,0.43276823503446465,0.0,Merge
24831887.717,E25,FRAG0014,0.121972027972028,0.008952713952713952,3870.323,1620.486,1.6599,7.2415,0.6982471526241992,0.0,Merge
24992828.867,E2,P286,0.6972578132242291,0.0025,6920.300,1059.189,2.8609,23.935,0.7596338754224217,0.0,Merge
25194716.922,E2,P354,0.699757813224229,0.0025,6928.561,1059.189,2.4284,20.342,0.9373105384402507,0.0,Hit+Run
25704044.637,E2,P79,0.699757813224229,0.007499833499833501,6928.561,1527.604,1.8958,15.490,0.8160727876012853,0.0,Merge
25742121.832,P118,P241,0.005,0.0025,1334.495,1059.189,12.597,19.921,0.7942797470153775,0.0,Graze+Frag
25769629.472,E2,P354,0.7072576467240625,0.0025,6953.226,1059.189,1.0544,8.8661,0.7614133652032037,0.0,Merge
25865930.504,P75,P478,0.0025,0.0025,1059.189,1059.189,26.859,36.867,0.5494,0.0,Graze+Frag
26214137.618,E2,FRAG0044,0.7097576467240625,0.006107892107892108,6961.410,1426.563,1.5357,12.675,0.47413761444127683,0.0,Merge
26511812.407,E11,E25,0.15519730269730275,0.13092474192474196,4193.937,3962.790,1.1177,5.9142,0.6239956018683992,0.0,Hit+Run
26769559.385,E19,P393,0.05413553113553114,0.0025,2952.260,1059.189,1.9066,6.4004,0.6483057100218309,0.0,Merge
27269838.064,E11,P340,0.15519730269730275,0.0025,4193.937,1059.189,2.4069,11.781,0.3710822027316958,0.0,Merge
27775321.436,E20,P172,0.08930519480519483,0.0025,3488.344,1059.189,2.3884,9.5876,0.9363037196485022,0.0,Hit+Run
27796654.808,E11,E25,0.15769730269730275,0.13092474192474196,4216.336,3962.790,1.137,6.0343,0.4446183984695582,0.024583809523809525,Fragment
27796728.636,E11,FRAG0071,0.26403862803862815,0.006145854145854146,5006.678,1429.512,1.0503,6.0797,0.38894731994294374,0.0,Merge
28474523.725,P75,P99,0.005,0.0025,1334.495,1059.189,11.490,18.171,0.6966045791364598,0.0,Graze+Frag
28687978.685,E11,FRAG0069,0.2701844821844823,0.006145854145854146,5045.226,1429.512,1.0893,6.3578,0.8874502092449782,0.0,Hit+Run
28729819.576,E46,P503,0.025,0.0025,2281.955,1059.189,4.5275,11.604,0.9892369034943119,0.0,Hit+Run
28747769.279,E2,FRAG0031,0.7158655388319546,0.0057252747252747255,6981.322,1396.130,2.4575,20.377,0.5462587422043478,0.0,Merge
28802650.996,E2,P220,0.7215908135572293,0.0025,6999.884,1059.189,4.6713,39.559,0.5856779347254587,0.0,Merge
29081716.696,E2,P450,0.7240908135572293,0.0025,7007.958,1059.189,2.309,19.577,0.8908552383900804,0.0,Hit+Run
29415833.933,E36,P333,0.09770096570096572,0.0025,3594.403,1059.189,1.8682,7.7450,0.9698940093364845,0.0,Hit+Run
29469572.909,E35,P97,0.008027639027639028,0.005,1562.631,1334.495,10.040,19.022,0.524701756828467,0.012925114885114886,Fragment
30377493.023,E2,P503,0.7240908135572293,0.0025,7007.958,1059.189,1.7315,14.681,0.9253427595642256,0.0,Hit+Run
30666055.986,E2,P503,0.7240908135572293,0.0025,7007.958,1059.189,1.0791,9.1496,0.7762732725747202,0.0,Merge
31051764.677,P65,FRAG0072,0.0025,0.007499833499833501,1059.189,1527.604,5.9273,10.411,0.38845503646002105,0.0,Fragment
31568808.293,E2,P374,0.7265908135572292,0.0025,7016.014,1059.189,2.7625,23.451,0.9386885649382204,0.0,Hit+Run
31813505.214,E2,P374,0.7265908135572292,0.0025,7016.014,1059.189,1.011,8.5826,0.5512753558434846,0.0,Merge
32120777.322,P92,P192,0.005,0.0025,1334.495,1059.189,15.563,24.612,0.11055357186295314,0.0,Fragment
32318934.944,E11,P216,0.2701844821844823,0.0025,5045.226,1059.189,2.5684,15.336,0.6028402896921448,0.0,Merge
32365766.175,E11,FRAG0060,0.2726844821844823,0.006257076257076258,5060.739,1438.084,2.3544,13.780,0.45554899320936076,0.0,Merge
32613737.068,E2,P275,0.7290908135572292,0.0025,7024.052,1059.189,3.354,28.507,0.9745439244031072,0.0,Hit+Run
32860184.515,E2,P275,0.7290908135572292,0.0025,7024.052,1059.189,1.0333,8.7826,0.8476750764647626,0.0,Merge
34665934.289,E2,E46,0.7315908135572291,0.025,7032.071,2281.955,1.287,10.363,0.7621704408857263,0.019472527472527472,Hit+Run+Frag
34689967.016,E2,E46,0.7315904805568961,0.005527805527805528,7032.070,1379.890,1.0305,8.6183,0.70563455384249,0.0,Merge
35584884.193,E30,P5,0.08318781218781221,0.005527972027972029,3406.803,1379.904,6.15,23.654,0.7386958054175308,0.006622044622044622,Graze+Frag
35851255.278,E2,P75,0.7371182860847016,0.007499833499833501,7049.737,1527.604,2.9241,24.341,0.9240647443415171,0.0,Hit+Run
35861038.112,E19,FRAG0076,0.056635531135531145,0.006622044622044622,2997.023,1465.518,4.2413,14.266,0.7221667941862385,0.0,Hit+Run
35867265.955,P150,FRAG0063,0.0024999999999999905,0.005743922743922745,1059.189,1397.644,4.8937,8.0089,0.9663981294540881,0.0,Hit+Run
35894775.602,E2,P75,0.7371182860847016,0.007499833499833501,7049.737,1527.604,1.0986,9.1450,0.6729735948295242,0.0,Merge
36080969.652,E2,P294,0.7446181195845352,0.0025,7073.565,1059.189,2.7079,23.188,0.8988125412208008,0.0,Hit+Run
36529696.432,E2,P294,0.7446181195845352,0.0025,7073.565,1059.189,1.0494,8.9861,0.9237747242409643,0.0,Hit+Run
36555269.287,E2,P294,0.7446181195845352,0.0025,7073.565,1059.189,1.0564,9.0461,0.7858303957741372,0.0,Merge
36825823.791,E30,P444,0.08209373959373963,0.0025,3391.802,1059.189,3.5566,13.852,0.12969799055637515,0.0,Merge
36839336.555,E2,FRAG0073,0.7471181195845351,0.006490842490842491,7081.473,1455.774,1.0478,8.7952,0.481761757877251,0.0,Merge
37456534.842,E11,P171,0.2789415584415586,0.0025,5099.155,1059.189,1.3125,7.9271,0.8712293684644516,0.0,Hit+Run
37458622.361,E19,P489,0.056635531135531145,0.0025,2997.023,1059.189,5.3974,18.412,0.810542855194675,0.0,Hit+Run
37708757.857,E2,P92,0.7536089620753776,0.007499833499833501,7101.921,1527.604,1.3656,11.458,0.8251190303322061,0.0,Hit+Run
38028720.411,E2,P92,0.7536089620753776,0.007499833499833501,7101.921,1527.604,1.2048,10.108,0.9196793500860168,0.0,Hit+Run
38178412.75,E59,FRAG0070,0.0275,0.006145854145854146,2355.617,1429.512,4.7555,12.667,0.7260778196299424,0.006057922077922079,Hit+Run
38296358.856,E2,P200,0.7536089620753776,0.0025000000000000022,7101.921,1059.189,3.0536,26.259,0.45956053487094084,0.0,Merge
39101484.96,E11,P293,0.2789415584415586,0.0025,5099.155,1059.189,2.7599,16.669,0.6944497921793724,0.0,Merge
39151295.191,E2,P57,0.7561089620753776,0.0025000000000000022,7109.766,1059.189,1.3866,11.938,0.9404889919586437,0.0,Hit+Run
39523042.153,E2,P57,0.7561089620753776,0.0025000000000000022,7109.766,1059.189,1.1083,9.5420,0.91786016187265,0.0,Hit+Run
39847843.187,E2,P57,0.7561089620753776,0.0025000000000000022,7109.766,1059.189,1.0091,8.6879,0.7629397097454628,0.0,Merge
40035038.811,E11,P179,0.2814415584415586,0.0025,5114.343,1059.189,4.7516,28.790,0.9130961254581013,0.0,Hit+Run
40227867.732,E30,E51,0.08459373959373963,0.0275001665001665,3425.888,2355.622,4.0314,15.859,0.9492801983415868,0.0,Hit+Run
40303456.233,E30,E51,0.08459373959373963,0.0275001665001665,3425.888,2355.622,1.0045,3.9516,0.7977627534502361,0.0,Graze+Merge
40779683.133,E2,E20,0.7586089620753775,0.08930519480519483,7117.593,3488.344,1.0544,8.4229,0.7514923070738192,0.0,Graze+Merge
40961514.144,E2,P373,0.8479141568805724,0.0025,7386.598,1059.189,3.393,30.418,0.8995153698903046,0.0,Hit+Run
41010541.393,P179,P276,0.0025,0.0025,1059.189,1059.189,28.642,39.314,0.9356,0.0,Hit+Run
41042113.696,E36,P272,0.09770096570096572,0.0025,3594.403,1059.189,5.6774,23.536,0.841136080407288,0.0,Hit+Run
41446248.414,E2,P274,0.8479141568805724,0.0025,7386.598,1059.189,3.3518,30.049,0.9654594232590252,0.0,Hit+Run
41535654.574,E2,P92,0.8479141568805724,0.007499833499833501,7386.598,1527.604,2.2651,19.824,0.36965294653233016,0.0,Merge
42635262.093,E2,P172,0.8554139903804059,0.0025,7408.312,1059.189,1.3751,12.366,0.49476226891026964,0.0,Merge
42931013.653,E35,P233,0.005527805527805526,0.0025,1379.890,1059.189,18.789,30.455,0.7714460397042338,0.0,Graze+Frag
43574674.016,E11,FRAG0043,0.2814415584415586,0.006107892107892108,5114.343,1426.563,4.2218,25.008,0.6496036321465044,0.0,Merge
43872457.677,E32,P629,0.025,0.0025,2281.955,1059.189,9.0503,23.197,0.6491098819946106,0.01355910755910756,Fragment
43938544.732,E53,P513,0.025,0.0025,2281.955,1059.189,1.4732,3.7760,0.8257300582191544,0.0,Hit+Run
44063867.81,E2,FRAG0067,0.8579139903804058,0.008896103896103897,7415.522,1617.063,1.5344,13.429,0.7824707514630488,0.0,Merge
44482810.928,E2,P476,0.8668100942765097,0.0025,7441.066,1059.189,2.7042,24.432,0.7574777123989151,0.0,Merge
45906060.235,P179,P140,0.0025,0.0025,1059.189,1059.189,17.526,24.056,0.64495,0.0,Graze+Frag
46598822.526,E19,P190,0.056635531135531145,0.0025,2997.023,1059.189,6.8696,23.434,0.49903431576890017,0.009095451215451215,Fragment
47383256.273,E19,P66,0.05004029304029305,0.0025,2875.855,1059.189,5.1337,16.759,0.1797114942513912,0.0056420246420246425,Fragment
49175578.646,E11,P465,0.2875494505494507,0.0025,5151.076,1059.189,3.6491,22.280,0.28466564026769825,0.0,Merge
49491561.899,E53,P638,0.025,0.0025,2281.955,1059.189,8.3191,21.323,0.9769431557292625,0.0,Hit+Run
49505050.711,E2,P179,0.8693100942765096,0.005,7448.213,1334.495,1.2341,11.000,0.7004079629974429,0.0,Merge
50569975.086,E11,FRAG0080,0.2900494505494507,0.0056420246420246425,5165.961,1389.330,1.2299,7.3799,0.5791451060939722,0.0,Merge
52930928.301,E57,E50,0.05110389610389612,0.027500666000666,2896.088,2355.636,1.8642,6.4435,0.7994990800678226,0.0,Hit+Run
53122108.415,E30,E50,0.11209390609390613,0.027500666000666,3762.887,2355.636,1.2085,5.1572,0.649869661338811,0.0,Hit+Run
53239238.359,E30,E36,0.11209390609390613,0.09770096570096572,3762.887,3594.403,1.7061,8.1395,0.5764042906484922,0.026384768564768568,Hit+Run
54833146.863,E11,P464,0.2956914751914753,0.0025,5199.243,1059.189,1.4971,9.2325,0.7219286687732209,0.0,Merge
56208481.057,E48,P169,0.052500000000000005,0.0025,2922.224,1059.189,9.0467,30.040,0.9418257291214126,0.0,Hit+Run
56783726.755,E11,P228,0.2981914751914753,0.0025,5213.854,1059.189,2.9414,18.194,0.641233902163319,0.0,Merge
56822904.675,E57,E19,0.05110389610389612,0.04689826839826841,2896.088,2814.358,1.1341,4.1975,0.40344273860913027,0.009185148185148186,Fragment
56916557.837,P83,P270,0.007499833499833501,0.0025,1527.604,1059.189,5.6082,9.8513,0.7710085637164504,0.0,Hit+Run
57000338.969,E2,P362,0.8743100942765096,0.0025,7462.465,1059.189,2.7244,24.689,0.6050253332148561,0.0,Merge
58153318.869,E2,P65,0.8768100942765096,0.01,7469.571,1681.359,3.1211,27.450,0.9571506783063595,0.0,Hit+Run
58207952.389,E2,P65,0.8768100942765096,0.01,7469.571,1681.359,1.0701,9.4116,0.24602184414253517,0.0,Merge
59066736.655,E2,P437,0.8868100942765096,0.0025,7497.861,1059.189,5.0775,46.245,0.9754959640592274,0.0,Hit+Run
59089110.185,E30,FRAG0011,0.11209390609390613,0.008254412254412254,3762.887,1577.208,1.8239,7.7357,0.9631831165244262,0.0,Hit+Run
60023479.295,P161,P435,0.005,0.0025,1334.495,1059.189,24.563,38.846,0.06656629591748163,0.007498468198468199,Fragment
60464350.337,E2,P150,0.8868100942765096,0.0024999999999999905,7497.861,1059.189,3.0571,27.843,0.18961405427325687,0.0,Merge
60763904.393,E53,FRAG0051,0.025,0.010500499500499501,2281.955,1708.954,1.874,4.9935,0.8954776108470748,0.0,Hit+Run
61151372.439,E2,FRAG0063,0.8893100942765095,0.005743922743922745,7504.900,1397.644,1.7995,16.120,0.5901043279489683,0.0,Merge
62881458.996,E2,P424,0.8950540170204323,0.0025,7521.023,1059.189,1.6529,15.103,0.8958385509423444,0.0,Hit+Run
64096935.713,E32,FRAG0076,0.01394089244089244,0.006622044622044622,1878.267,1465.518,11.637,25.783,0.6780507912163115,0.02017206793206793,Graze+Frag
64382305.75,E2,P161,0.8950540170204323,0.0075001665001665,7521.023,1527.627,3.0953,27.618,0.1392220145543712,0.0,Merge
65428390.694,E11,FRAG0056,0.3006914751914753,0.0067289377289377296,5228.384,1473.361,3.3769,20.433,0.6438599328954577,0.0,Merge
66432965.486,E2,P363,0.9025541835205988,0.0025,7541.972,1059.189,3.9052,35.789,0.2850655679331695,0.0,Merge
67754444.934,E11,FRAG0083,0.30742041292041306,0.007517482517482518,5267.098,1528.802,1.1508,6.9991,0.4574289107670996,0.0,Merge
67896258.615,E2,FRAG0070,0.9050541835205987,0.006145854145854146,7548.929,1429.512,3.4227,30.805,0.5194363007345911,0.0,Merge
71636742.958,E11,P481,0.3149378954378956,0.0025,5309.685,1059.189,1.5761,9.9412,0.8442806893944796,0.0,Hit+Run
71999454.242,E32,P430,0.0055279720279720265,0.0025,1379.904,1059.189,8.5461,13.852,0.6366324533495119,0.007754958374958375,Graze+Frag
73205862.645,P205,P406,0.0025,0.0025,1059.189,1059.189,16.925,23.231,0.75855,0.0,Graze+Frag
74176810.838,E2,P481,0.9112000376664529,0.0025,7565.978,1059.189,1.2032,11.064,0.9988650935021789,0.0,Hit+Run
74964973.351,E2,P481,0.9112000376664529,0.0025,7565.978,1059.189,1.0437,9.5973,0.7069336777495441,0.0,Merge
76775067.18,E48,FRAG0077,0.052500000000000005,0.00677955377955378,2922.224,1477.046,5.6793,18.625,0.5010452686338034,0.02848984348984349,Fragment
76831582.384,E2,P640,0.9137000376664528,0.0025,7572.891,1059.189,3.1014,28.546,0.7711432818830465,0.0,Merge
77660917.389,E2,P118,0.9162000376664527,0.007499833499833501,7579.792,1527.604,2.4601,22.134,0.5716846588071913,0.0,Merge
78821125.829,E2,FRAG0057,0.9236998711662863,0.0067289377289377296,7600.418,1473.361,1.6692,15.101,0.988312871999975,0.0,Hit+Run
78906161.071,E2,FRAG0057,0.9236998711662863,0.0067289377289377296,7600.418,1473.361,1.0627,9.6142,0.3915055821449176,0.0,Merge
79680567.045,E11,FRAG0011,0.3149378954378956,0.008254412254412254,5309.685,1577.208,1.9101,11.690,0.0631435912053599,0.0,Merge
79851886.479,E2,P205,0.930428808895224,0.005,7618.829,1334.495,1.6248,14.837,0.9470219254214446,0.0,Hit+Run
79925348.133,E2,P205,0.930428808895224,0.005,7618.829,1334.495,1.0313,9.4179,0.7609192251881174,0.0,Merge
80164422.262,E57,P431,0.08881701631701636,0.0025,3481.977,1059.189,6.5915,26.407,0.4520806376642677,0.005814518814518815,Fragment
83530175.809,E2,P511,0.935428808895224,0.0025,7632.452,1059.189,4.8246,44.776,0.9753467201983694,0.0,Hit+Run
87959757.483,E2,E22,0.935428808895224,0.0325,7632.452,2490.510,2.2739,19.865,0.8305025628873457,0.026971694971694975,Hit+Run+Frag
90166549.802,P83,FRAG0091,0.007499833499833501,0.006742923742923744,1527.604,1474.381,8.7694,17.065,0.4380307087854954,0.014140126540126538,Fragment
91341332.745,E2,FRAG0093,0.9354293083957235,0.006742923742923744,7632.453,1474.381,1.6834,15.297,0.8780790884031519,0.0,Hit+Run
91425972.994,E2,FRAG0093,0.9354293083957235,0.006742923742923744,7632.453,1474.381,1.0233,9.2991,0.7252931594006753,0.0,Merge
91695917.326,E48,P309,0.030789710289710292,0.0025,2446.033,1059.189,6.8021,18.728,0.7744464747953036,0.0,Graze+Frag
92287522.612,E48,FRAG0082,0.03329004329004329,0.007517482517482518,2510.529,1528.802,5.6909,16.160,0.18129766907597647,0.03845528471528471,Fragment
92872970.001,E2,FRAG0092,0.9421722321386472,0.006742923742923744,7650.749,1474.381,1.6196,14.755,0.507080187536324,0.0,Merge
93273500.236,E36,P386,0.09770096570096572,0.0025,3594.403,1059.189,2.3715,9.8315,0.27767531763674935,0.0,Merge
94708873.911,E2,P511,0.9489151558815709,0.0025,7668.957,1059.189,3.3875,31.598,0.9104536511727577,0.0,Hit+Run
95288160.501,E2,FRAG0075,0.9489151558815709,0.006490842490842491,7668.957,1455.774,3.7058,33.878,0.4750270571859213,0.0,Merge
95658013.017,E2,FRAG0090,0.9554059983724135,0.006742923742923744,7686.403,1474.381,1.5591,14.275,0.804569928339824,0.0,Merge
97677319.871,E57,P638,0.08550249750249754,0.0025,3438.112,1059.189,8.2828,32.734,0.33293247149170224,0.009481851481851482,Fragment
98729251.304,E2,FRAG0101,0.9621489221153372,0.009481851481851482,7704.443,1651.802,1.2782,11.637,0.5083184824253462,0.0,Merge
99431120.703,E57,P201,0.07852064602064607,0.0025,3341.861,1059.189,2.0504,7.8598,0.4986536739429463,0.0,Merge
100008210.324,P83,P410,0.0055274725274725295,0.0025,1379.863,1059.189,19.035,30.852,0.387360294249051,0.0,Fragment
102153996.888,E36,FRAG0097,0.10020096570096572,0.00588011988011988,3624.803,1408.605,4.8271,19.798,0.8121839079279858,0.0,Hit+Run
102291240.386,E2,FRAG0079,0.9716307735971886,0.009095238095238095,7729.669,1629.040,1.3954,12.762,0.7990903980974349,0.0,Merge
102828558.51,E11,P283,0.32319230769230783,0.0025,5355.674,1059.189,2.6781,17.048,0.16772840964627217,0.0,Merge
104584909.977,E2,P511,0.9807260116924267,0.0025,7753.713,1059.189,1.9006,17.935,0.8916032381895768,0.0,Hit+Run
104840138.541,E2,P511,0.9807260116924267,0.0025,7753.713,1059.189,1.0507,9.9152,0.22197700512653465,0.0,Merge
111819337.292,E2,P379,0.9832260116924266,0.0025000000000000022,7760.296,1059.189,2.9797,28.144,0.19208292108487904,0.0,Merge
134783656.73,E11,FRAG0096,0.32569230769230784,0.00588011988011988,5369.448,1408.605,3.2397,20.244,0.9220992440212252,0.0,Hit+Run
135115799.545,E11,FRAG0096,0.32569230769230784,0.00588011988011988,5369.448,1408.605,1.1239,7.0229,0.22220690545356847,0.0,Merge
136903899.388,E2,FRAG0095,0.9857260116924267,0.00588011988011988,7766.868,1408.605,2.6864,24.950,0.8778012926268868,0.0,Hit+Run
137114410.778,E2,FRAG0095,0.9857260116924267,0.00588011988011988,7766.868,1408.605,1.0174,9.4494,0.8211716817525003,0.0,Merge
137166031.525,E2,P525,0.9916061315725465,0.0025,7782.281,1059.189,4.2459,40.223,0.47971012726205076,0.0,Merge
143969590.793,E48,FRAG0084,0.005526806526806524,0.005697968697968698,1379.807,1393.907,22.007,39.553,0.6984813262513534,0.005697968697968698,Graze+Frag
144950139.598,E2,E48,0.9941061315725465,0.005526806526806524,7788.815,1379.807,2.9697,27.703,0.26708520146099923,0.0,Merge
146495941.186,E2,FRAG0088,0.9996329380993529,0.005697968697968698,7803.223,1393.907,3.9128,36.548,0.9661198510423389,0.0,Hit+Run
151609608.224,E2,E59,0.9996329380993529,0.0275,7803.223,2355.617,1.8533,16.649,0.8576843977239108,0.021972027972027974,Hit+Run+Frag
151609860.373,E2,FRAG0105,0.9996331045995196,0.007324009324009325,7803.223,1515.572,1.0485,9.7375,0.9946208272825237,0.0,Hit+Run
153361357.134,E11,FRAG0103,0.3315724275724277,0.007324009324009325,5401.569,1515.572,1.4503,9.0695,0.6339314628046792,0.0,Merge
159934562.379,E2,E59,0.9996331045995196,0.005527805527805528,7803.223,1379.890,1.753,16.385,0.43684931068855204,0.0,Merge
165039593.634,E11,P291,0.33889643689643706,0.0025,5441.051,1059.189,4.1211,26.683,0.38738847867328513,0.0,Merge
165568495.816,E11,FRAG0104,0.34139643689643706,0.007324009324009325,5454.398,1515.572,3.8476,24.314,0.35379392804277715,0.0,Merge
165637879.824,E11,P408,0.3487204462204464,0.0025,5493.127,1059.189,3.949,25.830,0.8300491428287076,0.0,Merge
176033050.748,E57,FRAG0105,0.08102064602064607,0.007324009324009325,3376.958,1515.572,5.3399,20.272,0.7074829553784263,0.009181485181485182,Graze+Frag
178621247.483,E2,FRAG0100,1.0051609101273251,0.00588011988011988,7817.580,1408.605,3.9012,36.486,0.7324279991338958,0.0,Merge
198489961.639,E32,FRAG0106,0.008027639027639028,0.009181485181485182,1562.631,1634.173,9.3159,19.310,0.4857308210455467,0.011681651681651683,Fragment
