time_yr,target,projectile,Mt_Mearth,Mp_Mearth,Rt_km,Rp_km,vimp/vesc,vimp_km/s,b,m_frag_Mearth,Regime
145070.395,E37,P168,0.29500000000000004,0.0025,5195.187,1059.189,1.8745,11.550,0.7387785161345423,0.0,Merge
214268.946,E10,P169,0.1935635549459077,0.0025,4514.417,1059.189,1.0546,5.5882,0.6388990508868017,0.0,Merge
242834.006,URANUS,K123,15.909423909423909,0.035,19628.11,2552.798,1.002,24.001,0.912961797885281,0.0,Graze+Merge
278924.798,ICE1,K330,15.909423909423909,0.035,19628.11,2552.798,1.0048,24.068,0.9521633173641197,0.0,Graze+Merge
352755.426,E37,P351,0.29750000000000004,0.0025,5209.821,1059.189,1.4321,8.8509,0.6802091403374346,0.0,Merge
430423.499,E0,P13,0.26500000000000007,0.0025,5012.747,1059.189,2.4174,14.335,0.4060928646180504,0.0,Merge
474084.605,E37,P179,0.30000000000000004,0.0024999999999999905,5224.374,1059.189,1.0785,6.6855,0.7503699470260046,0.0,Merge
530600.238,P9,P141,0.0025,0.0025,1059.189,1059.189,9.6093,13.189,0.8214,0.0,Graze+Frag
548413.711,E0,P224,0.26750000000000007,0.0025000000000000022,5028.461,1059.189,1.8897,11.243,0.9808043691887481,0.0,Hit+Run
554461.933,E29,P187,0.04,0.0024999999999999905,2668.991,1059.189,3.8629,11.652,0.49540027183567825,0.0,Merge
605434.477,E20,P78,0.08386740238763034,0.0025000000000000022,3416.055,1059.189,2.4188,9.4934,0.49287733026846353,0.0,Merge
617780.877,P4,P241,0.00999999999999998,0.0025,1681.359,1059.189,6.9803,13.318,0.4825270231776706,0.0069720279720279724,Fragment
650614.642,E37,P211,0.30250000000000005,0.0025000000000000022,5238.846,1059.189,1.6667,10.362,0.7039711143121676,0.0,Merge
692076.193,P3,P427,0.007500000000000003,0.0025,1527.616,1059.189,4.8012,8.4338,0.800774188319616,0.0,Hit+Run
699399.894,E9,P393,0.17725029880652515,0.0025,4383.854,1059.189,1.5141,7.7736,0.8826432122227843,0.0,Hit+Run
701123.769,E20,E29,0.08636740238763034,0.04249999999999999,3449.666,2723.475,2.239,9.1396,0.719981872635814,0.0157988677988678,Hit+Run+Frag
855665.563,E37,P383,0.30500000000000005,0.0025,5253.238,1059.189,1.2594,7.8531,0.5895344710756821,0.0,Merge
873576.168,E80,P24,0.025,0.0025,2281.955,1059.189,5.1969,13.320,0.9148597295157628,0.0,Hit+Run
964784.74,E20,P239,0.08636723588746384,0.0025,3449.664,1059.189,2.7375,10.857,0.5595843994640852,0.0,Merge
985060.915,E15,E29,0.1425,0.0267012987012987,4076.293,2332.587,1.6258,7.4633,0.9101071346805975,0.0,Hit+Run
985366.512,P2,P304,0.005000000000000004,0.0025,1334.495,1059.189,8.2051,12.975,0.3670066382117098,0.007433240093240093,Fragment
1009096.956,E20,P82,0.08886723588746384,0.0024999999999999905,3482.633,1059.189,1.3106,5.2517,0.36736999967072315,0.0,Merge
1010523.635,E15,P117,0.1425,0.0025,4076.293,1059.189,2.1526,10.219,0.7426331480455653,0.0,Merge
1235166.394,E10,P35,0.19606355494590771,0.0024999999999999996,4533.769,1059.189,2.2904,12.192,0.4811034774730138,0.0,Merge
1333273.346,E27,P70,0.025,0.0024999999999999905,2281.955,1059.189,7.5118,19.253,0.7109884124120265,0.006175491175491176,Graze+Frag
1355271.125,E15,FRAG0003,0.145,0.0078994338994339,4099.993,1554.267,1.5203,7.0632,0.995221280414778,0.0,Hit+Run
1364455.012,E59,P317,0.0625,0.0025,3097.090,1059.189,3.002,10.606,0.3936675810750524,0.0,Merge
1503975.987,E56,P506,0.027500000000000004,0.0025,2355.617,1059.189,9.6268,25.492,0.615599283205743,0.017818181818181816,Fragment
1620446.47,P9,P148,0.005,0.0025,1334.495,1059.189,12.441,19.676,0.9585769614783743,0.0,Hit+Run
1708334.599,E9,E33,0.17725029880652515,0.03250000000000001,4383.854,2490.510,1.1708,5.7779,0.8329774907062711,0.0,Hit+Run
1740774.367,E15,P208,0.145,0.0024999999999999905,4099.993,1059.189,2.5842,12.344,0.6554670316549646,0.0,Merge
1789259.51,E9,P267,0.17725029880652515,0.0025,4383.854,1059.189,1.0307,5.2918,0.23026525629573316,0.0,Merge
1796273.522,P9,P124,0.005,0.002500000000000014,1334.495,1059.189,4.7024,7.4365,0.931928142844742,0.0,Hit+Run
1801699.37,E9,P350,0.17975029880652516,0.0025,4404.369,1059.189,1.1025,5.6889,0.6453921139883195,0.0,Merge
1887037.657,E29,P140,0.0267012987012987,0.0025,2332.587,1059.189,4.453,11.673,0.6293998241168227,0.0,Merge
1907653.494,P9,P58,0.005,0.0025,1334.495,1059.189,6.436,10.178,0.7099289884532756,0.0,Graze+Frag
2123011.931,E37,P254,0.30750000000000005,0.0025,5267.552,1059.189,1.9325,12.085,0.9548920390923847,0.0,Hit+Run
2248155.567,NEPTUNE,K304,15.97942390942391,0.035,19656.86,2552.798,1.0012,24.019,0.8293888854318637,0.0,Merge
2259375.524,E0,P4,0.26750000000000007,0.0055279720279720074,5028.461,1379.904,1.13,6.5897,0.8629030856888682,0.0,Hit+Run
2315886.133,E37,FRAG1001,0.30750000000000005,0.007274878792592265,5267.552,1512.176,1.1965,7.2838,0.09051540063091199,0.0,Merge
2430429.677,E37,P192,0.3147748787925923,0.0025,5308.769,1059.189,0.9997,6.3044,0.5257949506830855,0.0,Perfect
2474533.654,E71,P248,0.03250000000000001,0.0025,2490.510,1059.189,2.0528,5.7589,0.6873687077570597,0.0,Merge
2586558.992,E9,P494,0.18225029880652516,0.0025,4424.694,1059.189,1.192,6.1813,0.5240517139121953,0.0,Merge
2659591.135,E37,P73,0.3172748787925923,0.0025,5322.786,1059.189,2.3597,14.923,0.9236928660122318,0.0,Hit+Run
2785186.392,E32,P479,0.12606491324603739,0.0025,3913.138,1059.189,1.4832,6.7381,0.42182295418147225,0.0,Merge
2988384.08,E0,P181,0.26750000000000007,0.0025,5028.461,1059.189,2.2282,13.257,0.08830047756971296,0.0,Merge
3001035.053,E10,P585,0.19856355494590772,0.0025000000000000022,4552.958,1059.189,2.6815,14.339,0.5971746446863727,0.0,Merge
3010816.534,E0,P105,0.2700000000000001,0.0025,5044.077,1059.189,1.8803,11.225,0.24752335289183636,0.0,Merge
3077246.46,E37,P43,0.3172748787925923,0.0025,5322.786,1059.189,2.2645,14.321,0.5384524734063176,0.0,Merge
3105912.604,E15,P184,0.1475,0.0025,4123.422,1059.189,2.2018,10.582,0.7768494757379175,0.0,Merge
3122716.603,E10,P157,0.20106355494590772,0.0025,4571.986,1059.189,1.9437,10.440,0.9270343942443648,0.0,Hit+Run
3139149.765,E9,P386,0.18475029880652516,0.0025,4444.834,1059.189,1.02,5.3153,0.8765265027340169,0.0,Graze+Merge
3231964.322,E37,P236,0.3197748787925923,0.0025,5336.730,1059.189,1.7928,11.369,0.80385712290199,0.0,Merge
3276413.433,E45,FRAG0007,0.0825,0.005939393939393939,3397.388,1413.322,4.3257,16.570,0.7810720036927585,0.0,Hit+Run
3322634.338,E37,E15,0.3222748787925923,0.15,5350.602,4146.588,1.0594,6.6744,0.5635005682639045,0.019492700632700633,Graze+Merge
3424597.372,NEPTUNE,K856,16.014423909423908,0.035,19671.20,2552.798,1.001,24.033,0.6934134070265013,0.019492700632700633,Merge
3483180.378,E14,P327,0.03250000000000001,0.0025,2490.510,1059.189,3.4943,9.8029,0.4271410322369072,0.0,Merge
3530496.178,E37,P807,0.47227487879259233,0.0025,6077.507,1059.189,2.9104,21.208,0.8658068853647772,0.0,Hit+Run
3533391.698,E20,P265,0.09136723588746383,0.0025,3514.989,1059.189,2.4477,9.9064,0.6843740275631951,0.0,Merge
3646981.408,E20,P382,0.09386723588746383,0.0025000000000000022,3546.760,1059.189,3.2532,13.294,0.8252505664882493,0.0,Hit+Run
3743589.15,E9,P290,0.18725029880652516,0.0025,4464.793,1059.189,1.8358,9.6127,0.24304261668749297,0.0,Merge
4311328.34,E20,P453,0.09386723588746383,0.0025,3546.760,1059.189,3.8895,15.894,0.5045294123011114,0.0,Merge
4396712.455,E29,FRAG1005,0.0292012987012987,0.0055584990136493245,2403.225,1382.440,1.6857,4.5635,0.8497733351514026,0.0,Hit+Run
4630959.498,E0,P22,0.2725000000000001,0.0025,5059.598,1059.189,1.2793,7.6623,0.8216860240830918,0.0,Merge
4777540.874,E66,P784,0.030000000000000002,0.0025,2424.939,1059.189,11.932,32.558,0.8094431419422428,0.0,Graze+Frag
4830419.76,E20,FRAG1008,0.09636723588746383,0.00863259761236965,3577.972,1600.937,1.2609,5.0723,0.9960325637911753,0.0,Hit+Run
5222166.281,P3,P345,0.007500000000000003,0.0025,1527.616,1059.189,7.3216,12.861,0.9702595806851984,0.0,Hit+Run
5369372.052,E0,P157,0.2750000000000001,0.0025,5075.023,1059.189,2.096,12.595,0.8412299282221808,0.0,Hit+Run
5661265.32,E0,P157,0.2750000000000001,0.0025,5075.023,1059.189,1.2447,7.4795,0.7893562888638697,0.0,Merge
5692278.868,P4,P400,0.0055279720279720074,0.0025,1379.904,1059.189,11.159,18.087,0.8233281874696029,0.0,Graze+Frag
5738647.974,E29,P180,0.0292012987012987,0.0025,2403.225,1059.189,3.1938,8.6340,0.4265178861853653,0.0,Merge
5846814.635,E0,P146,0.2775000000000001,0.0025,5090.356,1059.189,2.2147,13.351,0.5036927404708823,0.0,Merge
6077417.56,E9,P289,0.18975029880652516,0.0025,4484.575,1059.189,2.4908,13.104,0.3734877539813244,0.0,Merge
6657419.316,E0,P279,0.2800000000000001,0.0025,5105.596,1059.189,1.8231,11.026,0.23619895913837236,0.0,Merge
7085746.21,E56,P247,0.012181818181818186,0.0025000000000000022,1795.689,1059.189,4.9778,10.085,0.7977475009793428,0.0,Hit+Run
7641376.807,P18,P609,0.0024999999999999905,0.0025,1059.189,1059.189,16.138,22.150,0.6124999999999997,0.0,Graze+Frag
7745598.917,E45,P520,0.0825,0.002500000000000014,3397.388,1059.189,3.8908,15.181,0.47874393914674873,0.0,Merge
7873434.039,E37,P310,0.47227487879259233,0.0025,6077.507,1059.189,1.1859,8.6417,0.74207152543215,0.0,Merge
7893709.697,E89,P342,0.027500000000000004,0.0025,2355.617,1059.189,3.7246,9.8631,0.7532882309061759,0.0,Hit+Run
8131731.897,E20,P807,0.09636723588746383,0.0025,3577.972,1059.189,4.613,19.030,0.8360912542335815,0.0,Hit+Run
8225737.516,E69,E56,0.08,0.012181818181818186,3362.718,1795.689,3.9991,15.103,0.6988920933309944,0.01010980352980353,Hit+Run+Frag
8315450.851,E9,FRAG1003,0.19225029880652517,0.006661566261499856,4504.184,1468.427,3.2081,16.540,0.4739768445123147,0.0,Merge
8497840.141,E10,E20,0.20106355494590772,0.09636723588746383,4571.986,3577.972,1.7159,9.2611,0.8737867868926319,0.0,Hit+Run
8752645.163,E10,FRAG0002,0.20106355494590772,0.0078994338994339,4571.986,1554.267,2.5508,13.309,0.28650225276092883,0.0,Merge
8769671.305,E9,P593,0.19891186506802502,0.0025,4555.619,1059.189,7.9024,42.285,0.32413744072175593,0.0,Merge
8791286.606,E20,P183,0.09636723588746383,0.0025,3577.972,1059.189,2.7369,11.290,0.8371714754922813,0.0,Hit+Run
8867738.05,E10,E20,0.20896298884534162,0.09636723588746383,4631.094,3577.972,1.977,10.772,0.9633320157132723,0.0,Hit+Run
8892544.862,E9,P118,0.20141186506802503,0.0025,4574.625,1059.189,3.0441,16.361,0.7118753154987313,0.0,Merge
8955707.47,E64,P269,0.035,0.0025,2552.798,1059.189,3.7905,10.911,0.9303043734162634,0.0,Hit+Run
9030128.919,E37,FRAG1002,0.47477487879259234,0.006180731305278581,6088.211,1432.211,1.3102,9.3610,0.7807368407721613,0.0,Merge
9100983.384,E0,P546,0.2825000000000001,0.0025,5120.747,1059.189,2.0783,12.609,0.5055339215196627,0.0,Merge
9163000.742,E20,P257,0.09636723588746383,0.0024999999999999905,3577.972,1059.189,5.4612,22.529,0.5725944257721862,0.0,Merge
9175570.087,P15,FRAG0004,0.0025,0.006175491175491176,1059.189,1431.806,13.415,22.367,0.22990959715177078,0.0,Fragment
9195937.981,E0,P170,0.2850000000000001,0.0025,5135.808,1059.189,1.6224,9.8744,0.9536274333071058,0.0,Hit+Run
9592335.869,E9,P15,0.20391186506802503,0.008675657675657675,4593.474,1603.594,1.9149,10.020,0.184567109527667,0.0,Merge
9595255.556,E9,E10,0.2125875227436827,0.20896298884534162,4657.717,4631.094,1.0275,6.1842,0.9562829662853927,0.0,Graze+Merge
9838515.351,E37,P288,0.4809556100978709,0.0025,6114.517,1059.189,2.4087,17.666,0.34613978389348504,0.0,Merge
9867051.142,E9,P28,0.42155051158902435,0.0025,5851.632,1059.189,2.971,20.792,0.0596101162679918,0.0,Merge
10094816.779,E37,P420,0.4834556100978709,0.0025,6125.093,1059.189,3.0548,22.446,0.9541093651735092,0.0,Hit+Run
10539372.719,E9,P544,0.42405051158902435,0.0025,5863.177,1059.189,2.998,21.025,0.29644657588525647,0.0,Merge
10926280.247,E9,E20,0.42655051158902435,0.09886723588746382,5874.677,3608.649,1.6897,11.236,0.9500258349226688,0.0,Hit+Run
11008566.464,E9,E20,0.42655051158902435,0.09886723588746382,5874.677,3608.649,1.0996,7.3124,0.7778739181744881,0.0,Hit+Run
11059497.395,E0,P39,0.2850000000000001,0.0025,5135.808,1059.189,2.8542,17.371,0.540524286287258,0.0,Merge
11121417.414,P11,P238,0.0024999999999999905,0.0025,1059.189,1059.189,18.486,25.374,0.31899999999999984,0.0,Merge
11406232.271,E9,P600,0.42655051158902435,0.0025,5874.677,1059.189,2.0458,14.377,0.6682213259954688,0.0,Merge
11537458.559,E20,P9,0.09886723588746382,0.007499833499833501,3608.649,1527.604,4.4757,18.196,0.6733563503056574,0.008000999000999001,Fragment
11555128.314,E37,P286,0.4834556100978709,0.0025,6125.093,1059.189,2.4302,17.856,0.6969747172096719,0.0,Merge
11593749.787,E32,P372,0.1285649132460374,0.0025,3938.836,1059.189,1.8784,8.5938,0.48190993000300414,0.0,Merge
11716048.838,E9,E20,0.42905051158902435,0.09836607038629833,5886.131,3602.541,1.1794,7.8558,0.7060624031050271,0.0,Hit+Run
11784811.864,E9,FRAG1010,0.42905051158902435,0.007191202179825551,5886.131,1506.356,4.1229,28.296,0.8277622681725445,0.0,Hit+Run
11863393.121,E20,FRAG0009,0.09836607038629833,0.008000999000999001,3602.541,1560.900,1.0652,4.3193,0.6508857463563071,0.0,Merge
12210992.171,E9,P410,0.42905051158902435,0.0025,5886.131,1059.189,4.1499,29.225,0.5025650779251886,0.0,Merge
12289772.82,E9,P209,0.43155051158902435,0.0025,5897.542,1059.189,1.7114,12.077,0.2700071171815938,0.0,Merge
12500493.999,E9,E20,0.43405051158902436,0.10636706938729733,5908.908,3697.682,1.2105,8.1115,0.8944009585715019,0.0,Hit+Run
12521550.04,E9,E20,0.43405051158902436,0.10636706938729733,5908.908,3697.682,1.0545,7.0661,0.2850937654204602,0.026078528138528137,Fragment
12714787.872,E37,P309,0.4859556100978709,0.0025,6135.633,1059.189,2.8843,21.232,0.7368910291762218,0.0,Merge
12797756.835,E9,P311,0.5143396588983996,0.0025,6252.838,1059.189,4.5667,34.301,0.6792410084034466,0.0,Merge
12834087.619,P64,P104,0.0025,0.0024999999999999905,1059.189,1059.189,10.083,13.840,0.9474500000000006,0.0,Hit+Run
12856254.35,E9,P17,0.5168396588983996,0.002500000000000014,6262.952,1059.189,1.7181,12.927,0.9621767581372945,0.0,Hit+Run
13039395.561,E0,FRAG0012,0.2875000000000001,0.00651948051948052,5150.781,1457.912,1.9634,11.700,0.8136101739852418,0.0,Hit+Run
13058562.339,E74,P1,0.027500000000000004,0.005000000000000004,2355.617,1334.495,4.7106,12.489,0.9575386904949588,0.0,Hit+Run
13216857.139,E0,P382,0.2875000000000001,0.0025000000000000022,5150.781,1059.189,2.3815,14.539,0.932536276031142,0.0,Hit+Run
13336765.966,P59,FRAG0012,0.0025,0.00651948051948052,1059.189,1457.912,16.847,28.492,0.5274693958817007,0.008998161838161838,Graze+Frag
13493166.428,P59,P40,0.009019647019647019,0.0025,1624.514,1059.189,9.9542,18.425,0.766220977817957,0.007434898434898435,Graze+Frag
13596383.256,P64,FRAG1010,0.0025,0.007191202179825551,1059.189,1506.356,9.2416,16.047,0.848244988626151,0.0,Hit+Run
13757209.638,E0,P493,0.2875000000000001,0.0025,5150.781,1059.189,5.5375,33.808,0.7486500424670538,0.0,Merge
13792635.361,E40,P199,0.030000000000000002,0.0025,2424.939,1059.189,2.6267,7.1674,0.6199930789700343,0.0,Merge
14502999.714,E45,P679,0.08500000000000002,0.0025,3431.364,1059.189,5.6567,22.308,0.7536607758845263,0.0,Merge
14920077.569,E0,P307,0.2900000000000001,0.0025,5165.668,1059.189,2.7562,16.879,0.9374760422483239,0.0,Hit+Run
14920150.947,E0,P307,0.2900000000000001,0.0025,5165.668,1059.189,1.0465,6.4090,0.22604981314370493,0.0,Merge
15335895.643,E0,P347,0.2925000000000001,0.0025,5180.469,1059.189,5.3021,32.571,0.9554502756260157,0.0,Hit+Run
15610045.451,E0,FRAG0014,0.2925000000000001,0.005991674991674992,5180.469,1417.457,1.1564,6.9490,0.6944795802272361,0.0,Merge
15666960.308,E0,P347,0.29849167499167506,0.0025,5215.603,1059.189,1.0493,6.4928,0.6224851104271482,0.0,Merge
16214740.869,E0,P59,0.30099167499167506,0.005527972027972027,5230.124,1379.904,1.95,11.863,0.6049035429965811,0.0,Merge
16327878.115,E72,P802,0.052500000000000005,0.0025,2922.224,1059.189,7.3627,24.448,0.9535691920780386,0.0,Hit+Run
16539019.181,E0,P170,0.30651964701964707,0.0025,5261.948,1059.189,3.8313,23.933,0.8520823557909074,0.0,Hit+Run
16593883.448,E50,P229,0.18767590610700158,0.0025,4468.173,1059.189,1.5831,8.2963,0.4965837687902029,0.0,Merge
16663848.383,E50,P124,0.19017590610700158,0.002500000000000014,4487.925,1059.189,2.1407,11.271,0.7609169209948415,0.0,Merge
16800518.676,E0,P170,0.30651964701964707,0.0025,5261.948,1059.189,1.2048,7.5260,0.2866912498382068,0.0,Merge
17303900.145,E64,P573,0.035,0.0025,2552.798,1059.189,9.0502,26.053,0.943803434065242,0.0,Hit+Run
17422741.874,E0,P166,0.30901964701964707,0.0025,5276.215,1059.189,3.9984,25.049,0.6484291262848231,0.0,Merge
18552187.727,E32,P148,0.1310649132460374,0.0025,3964.204,1059.189,4.2619,19.633,0.05792350284769345,0.0,Merge
18898195.66,E29,P245,0.0317012987012987,0.0025,2469.938,1059.189,8.0216,22.310,0.12247762063530333,0.019367632367632368,Fragment
18978045.997,E37,P426,0.4884556100978709,0.0025000000000000022,6146.136,1059.189,4.3169,31.836,0.7949951033955354,0.0,Merge
19114688.435,E0,P83,0.3115196470196471,0.0025,5290.405,1059.189,4.0482,25.434,0.9210058126616091,0.0,Hit+Run
19609060.498,P75,P237,0.0025,0.0025,1059.189,1059.189,29.677,40.734,0.9129,0.0,Graze+Frag
19897249.497,E9,P343,0.5168396588983996,0.0025,6262.952,1059.189,3.3367,25.106,0.7961544372603733,0.0,Merge
20268539.519,E0,P272,0.3115196470196471,0.0025,5290.405,1059.189,2.1354,13.416,0.957332801472941,0.0,Hit+Run
20459535.809,E45,P158,0.08750000000000002,0.0025,3464.680,1059.189,6.0162,23.974,0.9560310654198482,0.0,Hit+Run
20721784.185,E9,P119,0.5193396588983995,0.0025,6273.034,1059.189,3.6613,27.595,0.6140233286864147,0.0,Merge
21157494.834,E37,FRAG0017,0.4909556100978709,0.006455877455877456,6156.604,1453.156,1.9227,13.888,0.7897044283011672,0.0,Merge
21445842.642,E9,P421,0.5218396588983994,0.0025,6283.084,1059.189,3.2192,24.305,0.8547139976324367,0.0,Merge
21582098.715,E0,P171,0.3115196470196471,0.0025,5290.405,1059.189,7.6489,48.057,0.6588016067229368,0.0,Merge
21699761.35,E0,FRAG0010,0.3140196470196471,0.00651948051948052,5304.520,1457.912,2.0005,12.305,0.6304303484883476,0.0,Merge
21843338.015,E9,P64,0.5243396588983994,0.0025,6293.101,1059.189,1.3813,10.446,0.1817155187511997,0.0,Merge
22233514.873,E0,P462,0.3205391275391276,0.0025000000000000022,5340.979,1059.189,4.1419,26.289,0.799373237514306,0.0,Merge
22347675.79,E0,P107,0.3230391275391276,0.0025,5354.828,1059.189,3.067,19.521,0.9099174892587304,0.0,Hit+Run
22468084.382,E0,P272,0.3230391275391276,0.0025,5354.828,1059.189,2.1015,13.375,0.7723320206562543,0.0,Merge
22489467.795,E9,P285,0.5268396588983993,0.0025,6303.087,1059.189,3.5556,26.935,0.5946698702701452,0.0,Merge
22603683.963,E62,P278,0.025,0.0025,2281.955,1059.189,8.7589,22.450,0.961985762615119,0.0,Hit+Run
22912817.826,E32,P420,0.1335649132460374,0.0025,3989.250,1059.189,3.6488,16.923,0.7636440849330449,0.0,Merge
23119108.752,E72,P523,0.052500000000000005,0.0025,2922.224,1059.189,10.069,33.435,0.034202835861173495,0.0209000999000999,Fragment
24023341.224,E0,P123,0.3255391275391276,0.0025,5368.606,1059.189,3.6067,23.019,0.8839104223309464,0.0,Hit+Run
24310295.996,E0,P306,0.3255391275391276,0.0025,5368.606,1059.189,1.9181,12.242,0.9844705799881759,0.0,Hit+Run
24404023.796,E0,FRAG0001,0.3255391275391276,0.0069720279720279724,5368.606,1490.894,2.9088,18.093,0.07388240945111262,0.0,Merge
24423812.28,E9,P123,0.5293396588983993,0.0025,6313.041,1059.189,1.3242,10.048,0.734985544551376,0.0,Merge
25457389.667,E9,P243,0.5318396588983992,0.0025000000000000022,6322.964,1059.189,3.2839,24.961,0.40710405864742455,0.0,Merge
25547867.768,E45,P514,0.08750000000000002,0.0025,3464.680,1059.189,3.6241,14.441,0.9518188000510992,0.0,Hit+Run
25751745.008,E0,P4,0.33251115551115557,0.008027639027639028,5406.662,1562.631,3.2136,20.069,0.7323395579773402,0.0,Merge
26328672.555,E9,P306,0.5343396588983993,0.0025,6332.856,1059.189,1.3649,10.391,0.9133408954813552,0.0,Hit+Run
26680234.511,E9,P783,0.5343396588983993,0.0025,6332.856,1059.189,4.756,36.210,0.9437541792160781,0.0,Hit+Run
27047433.186,P3,P326,0.007500000000000003,0.0025,1527.616,1059.189,13.666,24.005,0.553042055576195,0.00993899433899434,Fragment
27287733.951,E37,P443,0.49741148755374837,0.0025,6183.472,1059.189,2.2653,16.814,0.6066796038230484,0.0,Merge
27984466.29,E9,P183,0.5343396588983993,0.0025,6332.856,1059.189,3.374,25.688,0.9751955176122565,0.0,Hit+Run
28121904.095,E37,E29,0.49991148755374837,0.014833666333666336,6193.814,1917.535,2.6136,18.601,0.517185272926459,0.005671528471528472,Fragment
28289517.882,E37,FRAG0021,0.509073825216086,0.005671328671328671,6231.426,1391.731,1.0377,7.6182,0.13929070595847315,0.0,Merge
28960188.841,E50,P11,0.19267590610700158,0.0049999999999999906,4507.506,1334.495,4.5209,23.495,0.5282159723434801,0.0,Merge
30086302.905,E9,P405,0.5343396588983993,0.0025,6332.856,1059.189,4.7633,36.266,0.9048594445243481,0.0,Hit+Run
30163991.137,P73,P254,0.0025,0.0025,1059.189,1059.189,33.415,45.865,0.83425,0.0,Graze+Frag
30495054.545,E74,P553,0.027500000000000004,0.0025,2355.617,1059.189,12.402,32.841,0.9394718330321622,0.0,Hit+Run
30505335.35,P73,P364,0.005,0.0025,1334.495,1059.189,11.025,17.436,0.8974184802208556,0.0,Hit+Run
30635970.248,P3,P405,0.01,0.0025,1681.359,1059.189,7.4703,14.253,0.9417405983187852,0.0,Hit+Run
31481461.467,E9,P258,0.5343396588983993,0.0024999999999999996,6332.856,1059.189,2.415,18.387,0.6868261850740104,0.0,Merge
32110437.543,E0,P271,0.3405387945387946,0.0025,5449.827,1059.189,4.2694,27.690,0.9878989284574806,0.0,Hit+Run
32593188.305,E0,P271,0.3405387945387946,0.0025,5449.827,1059.189,1.4793,9.5946,0.5629826591192559,0.0,Merge
33018837.171,E37,P17,0.5147451538874147,0.002500000000000014,6254.480,1059.189,2.6791,20.129,0.177962271206137,0.0,Merge
33533443.778,E37,P514,0.5172451538874148,0.0025,6264.590,1059.189,2.2547,16.969,0.5809717884957082,0.0,Merge
33678736.769,E9,P121,0.5368396588983992,0.0025,6342.717,1059.189,3.1227,23.814,0.5792665030782331,0.0,Merge
34871928.711,E0,P306,0.3430387945387946,0.0025,5463.130,1059.189,2.8183,18.327,0.84422243790949,0.0,Hit+Run
35359622.972,P1,P604,0.005000000000000004,0.0025,1334.495,1059.189,9.6081,15.194,0.47354616207963895,0.00743932067932068,Fragment
35443972.457,E9,P106,0.5393396588983992,0.0024999999999999905,6352.548,1059.189,4.4715,34.157,0.9016617380809074,0.0,Hit+Run
36574862.756,P3,P382,0.01,0.0025000000000000022,1681.359,1059.189,3.6067,6.8818,0.5505041295579451,0.0,Merge
38389486.496,E14,P84,0.03500000000000001,0.0025,2552.798,1059.189,6.0637,17.455,0.6288724693958757,0.006154512154512155,Fragment
40158674.655,E37,P375,0.5197451538874147,0.0025,6274.666,1059.189,4.127,31.114,0.9475496602502181,0.0,Hit+Run
40240173.568,E0,P364,0.3430387945387946,0.0025,5463.130,1059.189,5.2963,34.441,0.8026772122717177,0.0,Merge
40892016.953,E9,P302,0.5393396588983992,0.0025,6352.548,1059.189,4.2836,32.722,0.9704005892159727,0.0,Hit+Run
41432922.733,E9,P266,0.5393396588983992,0.0025,6352.548,1059.189,3.8085,29.092,0.9005475173019099,0.0,Hit+Run
41743088.709,E0,P375,0.3455387945387946,0.0025,5476.370,1059.189,1.5753,10.270,0.7831334190581951,0.0,Merge
41959758.58,E0,P341,0.3480387945387946,0.0025,5489.545,1059.189,6.4074,41.882,0.6017871329748924,0.0,Merge
42477371.302,E0,P83,0.3505387945387946,0.0025,5502.658,1059.189,2.8419,18.623,0.8791710416138965,0.0,Hit+Run
43132843.865,E50,P393,0.1976759061070016,0.0025,4546.164,1059.189,4.6497,24.824,0.9584865922282543,0.0,Hit+Run
43363650.55,E0,P86,0.3505387945387946,0.0025000000000000022,5502.658,1059.189,6.0199,39.449,0.7724193498956125,0.0,Merge
43427285.056,P104,FRAG0016,0.0024999999999999905,0.006455877455877456,1059.189,1453.156,13.022,21.966,0.4854232958804014,0.0,Graze+Frag
44205414.046,E9,P517,0.5393396588983992,0.0025,6352.548,1059.189,3.1011,23.689,0.36469303189489166,0.0,Merge
44743051.836,E14,P302,0.03134548784548786,0.0025,2460.663,1059.189,10.044,27.826,0.7893326046849642,0.0,Graze+Frag
44920263.916,E9,P183,0.5418396588983991,0.0025,6362.348,1059.189,2.76,21.118,0.6027547046982759,0.0,Merge
44955918.802,P83,P194,0.0025,0.0025,1059.189,1059.189,35.403,48.593,0.46355,0.0,Merge
45834884.346,E0,P602,0.3530387945387946,0.0025,5515.708,1059.189,3.3375,21.926,0.7236385813196916,0.0,Merge
46889698.216,E0,P394,0.3555387945387946,0.0025,5528.697,1059.189,3.3714,22.205,0.9740845272796658,0.0,Hit+Run
47456636.263,E62,FRAG1010,0.025,0.007191202179825551,2281.955,1506.356,8.2296,21.432,0.08951179778885346,0.03178322344322344,Fragment
47484248.533,E37,FRAG0026,0.5197451538874147,0.006666000666000667,6274.666,1468.753,1.7434,12.842,0.7096803269520556,0.0,Merge
50706490.444,E0,P824,0.3555387945387946,0.0025,5528.697,1059.189,5.5516,36.565,0.5611035710684797,0.0,Merge
51187616.936,E0,FRAG1005,0.3580387945387946,0.0055584990136493245,5541.626,1382.440,2.0507,13.276,0.6826923409367781,0.0,Merge
52068773.916,E9,P133,0.5443396588983991,0.0025,6372.118,1059.189,3.481,26.678,0.8287440315349869,0.0,Merge
53075527.723,E9,P543,0.546839658898399,0.0025,6381.858,1059.189,1.781,13.671,0.4344884394882493,0.0,Merge
55816494.237,E50,P496,0.1976759061070016,0.0025000000000000022,4546.164,1059.189,4.5533,24.310,0.350369104622276,0.0,Merge
58072796.123,E0,P368,0.3635972935524439,0.0025000000000000022,5570.156,1059.189,6.6509,44.157,0.9429868665711307,0.0,Hit+Run
58995986.311,E9,P266,0.549339658898399,0.0025,6391.569,1059.189,3.3795,25.984,0.4696681333458637,0.0,Merge
59635680.417,E26,P797,0.037500000000000006,0.0025,2612.187,1059.189,9.1529,26.991,0.3297805419689939,0.02233766233766234,Fragment
60498385.352,E45,E56,0.08750000000000002,0.005527805527805528,3464.680,1379.890,4.3625,17.079,0.6380725288355004,0.0064608991008991016,Fragment
61219863.426,P127,P495,0.0025,0.0025,1059.189,1059.189,12.446,17.083,0.9345,0.0,Hit+Run
62079654.583,E74,P670,0.027500000000000004,0.0025,2355.617,1059.189,8.4944,22.494,0.8425515066197833,0.0,Hit+Run
62761713.025,E0,P670,0.3635972935524439,0.0025,5570.156,1059.189,2.9986,19.908,0.9793686997017819,0.0,Hit+Run
63448616.754,E0,P670,0.3635972935524439,0.0025,5570.156,1059.189,1.9067,12.659,0.8900525597066725,0.0,Hit+Run
63454388.048,E0,P2,0.3635972935524439,0.0075001665001665,5570.156,1527.627,8.1931,52.928,0.9263472482252131,0.0,Hit+Run
64172926.946,E0,P405,0.3635972935524439,0.0025,5570.156,1059.189,5.29,35.121,0.27324185067177376,0.0,Merge
64905094.357,E37,P438,0.5264111545534154,0.0025,6301.378,1059.189,2.8829,21.833,0.38781304151594775,0.0,Merge
66787682.107,E9,P331,0.5518396588983989,0.0025,6401.250,1059.189,1.8804,14.481,0.8102337761747637,0.0,Merge
69885750.303,E9,P83,0.5543396588983989,0.005,6410.902,1334.495,3.36,25.510,0.7697653683403387,0.0,Merge
70096335.971,E74,FRAG0027,0.027500000000000004,0.005584415584415585,2355.617,1384.585,6.9665,18.511,0.9386059379838427,0.0,Hit+Run
70354341.683,E0,P670,0.3660972935524439,0.0025,5582.893,1059.189,2.8696,19.098,0.7338697822392587,0.0,Merge
70363614.712,E0,P371,0.3685972935524439,0.0025,5595.573,1059.189,3.7862,25.260,0.44673686403121154,0.0,Merge
70443995.006,E9,P220,0.5593396588983989,0.0025,6430.119,1059.189,3.057,23.655,0.16879546849442334,0.0,Merge
70662421.624,E37,FRAG0027,0.5289111545534153,0.005584415584415585,6311.337,1384.585,1.8285,13.614,0.8265671539063217,0.0,Hit+Run
71996729.752,E9,P425,0.5618396588983988,0.0025,6439.685,1059.189,5.2941,41.031,0.484165218469115,0.0,Merge
74177505.162,E9,P2,0.5643396588983988,0.0075001665001665,6449.222,1527.627,2.6705,20.200,0.9546678094049698,0.0,Hit+Run
74490474.558,E74,FRAG0023,0.027500000000000004,0.006666000666000667,2355.617,1468.753,7.3439,19.611,0.5063100449429673,0.03262566100566101,Fragment
74949688.053,E9,P354,0.5643396588983988,0.0025,6449.222,1059.189,3.4045,26.428,0.7980345629069159,0.0,Merge
76751518.264,E37,P2,0.5289111545534153,0.0075001665001665,6311.337,1527.627,2.7575,20.379,0.7811311381524522,0.0,Merge
79760128.62,E50,FRAG0018,0.2001759061070016,0.006966699966699966,4565.248,1490.514,2.5635,13.394,0.7026807625139427,0.0,Merge
80256882.33,E0,P93,0.3710972935524439,0.0025000000000000022,5608.195,1059.189,3.9298,26.281,0.5854324830968517,0.0,Merge
81200627.465,E0,P340,0.3735972935524439,0.0025,5620.760,1059.189,5.9616,39.965,0.4093593226778356,0.0,Merge
81420296.553,E37,FRAG1008,0.5364113210535818,0.00863259761236965,6341.030,1600.937,1.3484,9.9799,0.7737493652753701,0.0,Merge
82061673.544,E0,E74,0.3760972935524439,0.0055279720279720335,5633.270,1379.904,3.1408,20.699,0.895051525629235,0.0,Hit+Run
82147846.153,E0,P182,0.3760972935524439,0.0025,5633.270,1059.189,5.312,35.695,0.3606829518929986,0.0,Merge
87051160.078,E0,FRAG1007,0.3785972935524439,0.0061433625877198375,5645.724,1429.319,4.9784,32.799,0.6884150442651499,0.0,Merge
87648512.999,E0,FRAG1004,0.3847406561401638,0.006435086753962564,5676.097,1451.594,3.6773,24.338,0.6448796904449398,0.0,Merge
87670565.104,E50,P556,0.20714260607370155,0.0025,4617.607,1059.189,3.1431,17.064,0.6401597206236674,0.0,Merge
89761499.596,E9,FRAG0022,0.5668396588983987,0.006154512154512155,6458.731,1430.183,5.2622,40.067,0.6072370258523857,0.0,Merge
91463689.386,E9,FRAG0035,0.5729941710529108,0.005727605727605728,6482.023,1396.319,3.0272,23.180,0.577087224342574,0.0,Merge
92427581.802,E9,P576,0.5787217767805166,0.0025,6503.549,1059.189,3.2537,25.483,0.46669283591291366,0.0,Merge
92620843.341,E50,E45,0.20964260607370155,0.0865669330669331,4636.109,3452.321,1.1945,6.4581,0.5094405011967191,0.017786213786213784,Fragment
100071443.388,E37,P299,0.5450439186659515,0.0025,6374.865,1059.189,4.3427,33.297,0.9175484504784752,0.0,Hit+Run
102520359.623,E9,FRAG0005,0.5812217767805166,0.005939393939393939,6512.901,1413.322,5.5041,42.324,0.23656464299295296,0.0,Merge
107363191.263,E50,P373,0.2784233253544208,0.0025,5095.995,1059.189,2.5209,15.215,0.3551772896012349,0.0,Merge
107785021.953,E37,P262,0.5450439186659515,0.0025000000000000022,6374.865,1059.189,3.1931,24.483,0.4119535286073453,0.0,Merge
108948513.58,E37,P385,0.5475439186659514,0.0025,6384.597,1059.189,2.3315,17.905,0.9529995690067723,0.0,Hit+Run
109689548.342,E9,P278,0.5871611707199105,0.0025,6535.010,1059.189,4.7633,37.499,0.2722705749870959,0.0,Merge
111073505.001,E37,P127,0.5475439186659514,0.0025,6384.597,1059.189,4.4444,34.132,0.7834306600043074,0.0,Merge
114406362.082,E37,P385,0.5500439186659514,0.0025,6394.299,1059.189,2.9022,22.324,0.542874950921313,0.0,Merge
121582087.128,E0,P601,0.3911757428941263,0.0025,5707.568,1059.189,4.8664,33.162,0.5901770751447916,0.0,Merge
123695400.988,P3,FRAG0033,0.012500000000000002,0.005727605727605728,1811.189,1396.319,10.923,23.265,0.6067961142326831,0.012699966699966701,Graze+Frag
124179088.073,E0,P299,0.3936757428941263,0.0025,5719.702,1059.189,4.9536,33.833,0.8050235517142902,0.0,Merge
125556994.975,E37,FRAG0031,0.5525439186659513,0.006460872460872461,6403.972,1453.530,4.3349,32.666,0.15330406839223137,0.0,Merge
128286666.505,E14,P680,0.033846153846153845,0.0025,2524.431,1059.189,6.728,19.143,0.30579561867406435,0.013004995004995006,Fragment
128977113.118,E37,P3,0.5590047911268238,0.005527639027639029,6428.836,1379.877,3.7335,28.361,0.7794910476246504,0.0,Merge
129292386.164,E50,E27,0.2809233253544208,0.021324508824508818,5111.202,2164.147,3.7295,21.476,0.9136493725094007,0.015796869796869797,Hit+Run+Frag
133368201.076,E9,FRAG0041,0.5896611707199104,0.0063499833499833505,6544.272,1445.167,4.2698,32.948,0.5711691249715233,0.0,Merge
135879586.502,E9,P269,0.5960111540698938,0.0025,6567.679,1059.189,4.0884,32.357,0.4914434089683005,0.0,Merge
141386611.212,E37,FRAG0032,0.5645324301544627,0.005727605727605728,6449.957,1396.319,2.8395,21.627,0.8257396447125581,0.0,Hit+Run
151428811.211,P216,P952,0.0025,0.0025,1059.189,1059.189,11.411,15.663,0.9102,0.0,Hit+Run
156240424.4,E50,E64,0.28092315885425434,0.035,5111.201,2552.798,2.2594,12.960,0.7285329671320994,0.02947219447219447,Hit+Run+Frag
158204845.201,E37,FRAG0044,0.5645324301544627,0.007898434898434899,6449.957,1554.202,2.057,15.541,0.6843071594335797,0.0,Merge
159437330.806,E37,E14,0.5724308650528976,0.02334115884115884,6479.898,2230.324,1.1323,8.3665,0.6576445265926459,0.0,Merge
165120802.54,E50,FRAG0037,0.2809231588542544,0.0059287379287379285,5111.201,1412.476,2.3367,13.843,0.4990013642406089,0.0,Merge
168439009.206,E0,FRAG0032,0.3961757428941263,0.005727605727605728,5731.783,1396.319,3.1171,20.911,0.7581959090083463,0.0,Merge
171166341.284,E37,FRAG0025,0.5957720238940565,0.006666000666000667,6566.801,1468.753,1.5341,11.867,0.3613738633221047,0.0,Merge
174711000.314,E9,E62,0.5985111540698937,0.005527199515822884,6576.850,1379.840,4.9768,38.741,0.6520898277006312,0.0,Merge
175617499.78,E0,FRAG0047,0.40190334862173205,0.005894438894438895,5759.273,1409.747,2.974,20.039,0.8763003451078731,0.0,Hit+Run
175906559.873,E0,FRAG0047,0.40190334862173205,0.005894438894438895,5759.273,1409.747,1.3313,8.9706,0.2455858227901328,0.0,Merge
184168178.358,E0,P338,0.40779778751617096,0.0025,5787.293,1059.189,8.1427,56.317,0.2996568286674216,0.0,Merge
188458304.231,E9,P807,0.6040383535857167,0.0025,6597.033,1059.189,3.3918,26.971,0.24695070773258387,0.0,Merge
190628242.475,E50,FRAG0048,0.28685189678299233,0.005894438894438895,5146.908,1409.747,3.5541,21.217,0.7981776819388963,0.0,Hit+Run
196551949.719,E27,FRAG0028,0.005527805527805528,0.005584415584415585,1379.890,1384.585,10.572,18.937,0.7609056737947784,0.01059016983016983,Graze+Frag
197493778.94,E0,FRAG0046,0.41029778751617096,0.005894438894438895,5799.095,1409.747,3.7379,25.374,0.8077401218825426,0.0,Hit+Run
197510690.925,E0,FRAG0046,0.41029778751617096,0.005894438894438895,5799.095,1409.747,1.0418,7.0722,0.25999562532859055,0.0,Merge
