time_yr,target,projectile,Mt_Mearth,Mp_Mearth,Rt_km,Rp_km,vimp/vesc,vimp_km/s,b,m_frag_Mearth,Regime
73846.393,E84,P507,0.025,0.0025,2281.955,1059.189,2.3299,5.9719,0.4483120018321364,0.235448031968032,Merge
79469.61,E18,P28,0.21250000000000002,0.0025000000000000022,4657.077,1059.189,1.5376,8.4248,0.8069663218648696,0.0,Merge
93711.415,E23,P208,0.43060143121893074,0.0025,5893.215,1059.189,1.2262,8.6466,0.9962445753630008,0.0,Hit+Run
110961.147,E53,P545,0.03250000000000001,0.0025,2490.510,1059.189,2.0419,5.7283,0.4820070452476269,0.0,Merge
133949.641,E40,P143,0.11499999999999998,0.0025,3795.128,1059.189,1.1063,4.8627,0.9323801564451845,0.0,Hit+Run
188381.45,E37,P95,0.030000000000000002,0.0025000000000000022,2424.939,1059.189,5.6129,15.315,0.5429463413836144,0.007803603063603063,Fragment
215549.568,E23,P439,0.43060143121893074,0.0025,5893.215,1059.189,1.3955,9.8404,0.6273467286872771,0.0,Merge
250010.484,E18,FRAG0001,0.21500000000000002,0.007803196803196803,4675.269,1547.930,1.6609,8.8788,0.688684248231866,0.0,Merge
266091.476,NEPTUNE,K506,16.01442390942391,0.035,19671.20,2552.798,0.9999,24.006,0.614548032293209,0.0,Perfect
272993.06,E0,P474,0.33249999999999996,0.0025,5406.602,1059.189,1.8435,11.855,0.775311270247282,0.0,Merge
329258.402,NEPTUNE,K481,16.04942390942391,0.035,19685.52,2552.798,0.9999,24.025,0.6899305244071501,0.0,Perfect
391813.22,E83,P609,0.025,0.0025,2281.955,1059.189,5.536,14.189,0.7759403797707042,0.0,Hit+Run
408192.797,E48,P46,0.027500000000000004,0.0025000000000000022,2355.617,1059.189,4.196,11.111,0.5915244120897856,0.0,Merge
494564.258,E0,P151,0.33499999999999996,0.002500000000000014,5420.118,1059.189,1.6574,10.687,0.6602710102693726,0.0,Merge
767191.083,E18,P243,0.22280319680319682,0.0025000000000000022,4731.160,1059.189,1.832,10.209,0.8358694656687145,0.0,Hit+Run
887469.711,E18,P51,0.22280319680319682,0.0025000000000000022,4731.160,1059.189,1.2823,7.1462,0.7811253266659737,0.0,Merge
916631.686,E52,P588,0.05750000000000001,0.0025,3012.195,1059.189,1.5438,5.2948,0.67954792262206,0.0,Merge
1025910.13,E0,P14,0.33749999999999997,0.0025,5433.568,1059.189,1.4129,9.1346,0.7027163320167439,0.0,Merge
1029022.952,E19,P202,0.21127958677516984,0.0025,4648.145,1059.189,1.239,6.7747,0.69046190759199,0.0,Merge
1053318.822,E52,P198,0.06000000000000001,0.0025,3055.232,1059.189,2.2056,7.6801,0.9928857392682108,0.0,Hit+Run
1131793.74,E36,P283,0.10250000000000004,0.0025,3652.317,1059.189,1.6008,6.7516,0.9870504912214129,0.0,Hit+Run
1206857.0,E40,E35,0.11499999999999998,0.027500000000000004,3795.128,2355.617,1.2787,5.4988,0.436294291392345,0.007924109224109225,Fragment
1257336.4,E18,P30,0.22530319680319683,0.0025000000000000022,4748.790,1059.189,1.7066,9.5489,0.950578911345774,0.0,Hit+Run
1301713.323,E0,P362,0.33999999999999997,0.0025,5446.951,1059.189,2.7827,18.038,0.6319197010564193,0.0,Merge
1312097.723,E23,P345,0.43310143121893074,0.0025,5904.598,1059.189,1.231,8.6983,0.5293441768060436,0.0,Merge
1389772.709,E18,P26,0.22530319680319683,0.0025,4748.790,1059.189,2.4101,13.485,0.07595800865647892,0.0,Merge
1412293.2,E34,P438,0.02749999999999999,0.0025,2355.617,1059.189,4.8774,12.915,0.529854111867247,0.006333333333333333,Fragment
1548272.08,E0,P159,0.34249999999999997,0.0025000000000000022,5460.269,1059.189,1.7946,11.663,0.5660055260438072,0.0,Merge
1563202.719,URANUS,K872,15.909423909423909,0.035,19628.11,2552.798,1.0002,23.958,0.92481959384502,0.0,Graze+Merge
1607932.387,URANUS,K420,15.944423909423909,0.035,19642.50,2552.798,1.0033,24.051,0.9169326760127876,0.0,Graze+Merge
1649866.991,E18,P281,0.22780319680319683,0.002500000000000014,4766.289,1059.189,1.7577,9.8738,0.15038144598145348,0.0,Merge
1734931.685,E46,P538,0.027500000000000004,0.0025,2355.617,1059.189,4.153,10.997,0.8573137485075049,0.0,Hit+Run
1829287.939,NEPTUNE,K839,16.08442390942391,0.035,19699.82,2552.798,1.0008,24.065,0.35181067230260643,0.0,Merge
1830001.658,E48,P338,0.030000000000000006,0.0025,2424.939,1059.189,4.0943,11.172,0.9670165962291936,0.0,Hit+Run
1861734.984,E0,P152,0.345,0.0025,5473.522,1059.189,1.7921,11.677,0.5312055682710827,0.0,Merge
1882554.051,E0,P414,0.3475,0.0025,5486.711,1059.189,2.4821,16.215,0.9646732841322005,0.0,Hit+Run
2034805.142,E0,P24,0.3475,0.0025,5486.711,1059.189,1.951,12.745,0.700727140094291,0.0,Merge
2072033.03,E18,P252,0.23030319680319683,0.002500000000000014,4783.662,1059.189,2.295,12.942,0.9509437346739741,0.0,Hit+Run
2394347.761,E18,P569,0.23030319680319683,0.0025,4783.662,1059.189,2.5483,14.371,0.6630816450387016,0.0,Merge
2555706.539,E0,P81,0.35,0.0024999999999999905,5499.837,1059.189,1.8999,12.443,0.2543213502005056,0.0,Merge
2586306.544,E23,P85,0.43560143121893075,0.0024999999999999905,5915.938,1059.189,1.3768,9.7485,0.3917593745040106,0.0,Merge
2836870.716,E29,P371,0.03250000000000001,0.0025,2490.510,1059.189,2.7409,7.6893,0.7865064013429254,0.0,Hit+Run
2844496.284,E23,P347,0.43810143121893075,0.0025,5927.234,1059.189,2.3869,16.935,0.8315100949909978,0.0,Merge
3068841.634,E23,P2,0.44060143121893075,0.005,5938.487,1334.495,1.226,8.5736,0.8491738175734488,0.0,Hit+Run
3104872.677,E23,P447,0.44060143121893075,0.0025,5938.487,1059.189,2.009,14.282,0.6896023610635226,0.0,Merge
3109598.369,E23,P218,0.44310143121893075,0.0025,5949.697,1059.189,1.2794,9.1140,0.9056690293252773,0.0,Hit+Run
3139454.783,E36,P198,0.10250000000000004,0.0025,3652.317,1059.189,2.3225,9.7955,0.28705316649594687,0.0,Merge
3173011.364,E77,P187,0.025,0.0025000000000000022,2281.955,1059.189,11.473,29.409,0.5601168078953915,0.021972027972027974,Fragment
3374609.071,E0,P346,0.3525,0.0025,5512.901,1059.189,3.5704,23.444,0.8317889590120605,0.0,Merge
3383734.299,E40,E63,0.13457592407592406,0.027500000000000004,3999.290,2355.617,1.1405,5.1458,0.603143297454326,0.0,Merge
3400024.9,E23,P102,0.44310143121893075,0.0025,5949.697,1059.189,1.346,9.5885,0.7458251093496941,0.0,Merge
3422439.695,P20,P537,0.0025,0.0025,1059.189,1059.189,10.094,13.855,0.28055,0.0,Merge
3580327.024,E55,P497,0.030000000000000002,0.0025000000000000022,2424.939,1059.189,3.8874,10.607,0.9843468922174667,0.0,Hit+Run
3614738.458,E0,P22,0.355,0.002500000000000014,5525.903,1059.189,2.4773,16.307,0.43182833559923645,0.0,Merge
3622464.224,E18,P217,0.23280319680319683,0.0025,4800.909,1059.189,5.2554,29.752,0.35358999227115473,0.0,Merge
3750740.123,E0,P106,0.3575,0.0024999999999999905,5538.844,1059.189,2.2577,14.899,0.7868341755563895,0.0,Merge
3971005.437,E0,P64,0.36,0.0024999999999999905,5551.725,1059.189,1.8844,12.466,0.7792334040234979,0.0,Merge
4086029.718,E53,P283,0.03500000000000001,0.0025,2552.798,1059.189,2.2668,6.5254,0.7712840254570905,0.0,Hit+Run
4094208.334,E36,P215,0.10500000000000004,0.0025,3681.772,1059.189,1.3403,5.7020,0.9326040099902121,0.0,Hit+Run
4143675.025,E23,P218,0.44560143121893075,0.0025,5960.866,1059.189,1.244,8.8796,0.5004710024973285,0.0,Merge
4229591.409,E18,P30,0.23530319680319683,0.0025000000000000022,4818.033,1059.189,3.6825,20.927,0.9666032422835981,0.0,Hit+Run
4260262.249,E55,P73,0.030000000000000002,0.0025,2424.939,1059.189,6.1757,16.851,0.9682693887102735,0.0,Hit+Run
4434568.301,E36,E12,0.10500000000000004,0.07,3681.772,3216.324,1.1536,5.1911,0.6564970243608508,0.0062779287379287375,Hit+Run
4502825.752,P30,P138,0.0025000000000000022,0.0025,1059.189,1059.189,4.3724,6.0015,0.3400500000000001,0.0,Merge
4641898.121,P2,P243,0.005,0.0025000000000000022,1334.495,1059.189,15.161,23.977,0.6731892991654862,0.0,Graze+Frag
4839011.307,E53,P215,0.03500000000000001,0.0025,2552.798,1059.189,1.4862,4.2783,0.7180652156734207,0.0,Hit+Run
4865214.257,E77,P323,0.00552797202797203,0.0025,1379.904,1059.189,9.0209,14.621,0.9864889441975863,0.0,Hit+Run
5025527.626,E49,P59,0.027500000000000004,0.0025,2355.617,1059.189,12.073,31.971,0.7619110357471348,0.009946053946053947,Graze+Frag
5141199.036,E0,P216,0.3625,0.0025000000000000022,5564.547,1059.189,1.6643,11.037,0.6094025894269829,0.0,Merge
5159810.676,E19,P560,0.21377958677516984,0.0025,4666.406,1059.189,1.2273,6.7391,0.040831897625722646,0.0,Merge
5219698.226,E39,P388,0.037500000000000006,0.0025,2612.187,1059.189,4.2903,12.652,0.9033923498123658,0.0,Hit+Run
5278691.756,E19,P641,0.21627958677516984,0.0025,4684.526,1059.189,1.3113,7.2304,0.5187162127465732,0.0,Merge
5326461.833,E14,P266,0.035,0.0025,2552.798,1059.189,8.4595,24.352,0.941824514179528,0.0,Hit+Run
5352762.344,E18,P101,0.23530319680319683,0.0025,4818.033,1059.189,1.4283,8.1170,0.48408041266089785,0.0,Merge
5360145.753,E0,P43,0.365,0.0025000000000000022,5577.310,1059.189,2.9389,19.538,0.7066077474736071,0.0,Merge
5370272.687,P20,P241,0.005,0.0025,1334.495,1059.189,5.2428,8.2912,0.9180462268619514,0.0,Hit+Run
5406455.49,E23,P532,0.44810143121893076,0.0025,5971.993,1059.189,1.8225,13.034,0.9580760672746342,0.0,Hit+Run
5495505.766,E39,P75,0.037500000000000006,0.0025,2612.187,1059.189,2.9235,8.6213,0.799655557969692,0.0,Hit+Run
5508825.635,E25,P234,0.047508466964748884,0.0025,2826.512,1059.189,1.4052,4.5038,0.8958824604988134,0.0,Hit+Run
5514156.897,E19,E77,0.21877958677516984,0.00552797202797203,4702.507,1379.904,2.424,13.151,0.17859348394208663,0.0,Merge
5684458.216,E39,P6,0.037500000000000006,0.0025,2612.187,1059.189,3.8096,11.234,0.10409254215763497,0.0,Merge
5769274.99,E88,E82,0.027500000000000004,0.025,2355.617,2281.955,0.9998,3.0054,0.9745372276448413,0.0,Perfect
5867532.695,E38,P435,0.030000000000000002,0.0025,2424.939,1059.189,2.8102,7.6681,0.5718301680307366,0.0,Merge
5918341.785,E12,P520,0.07,0.0025,3216.324,1059.189,5.545,20.400,0.4308980119623525,0.0,Merge
5950676.297,E0,P128,0.3675,0.0025,5590.014,1059.189,2.2449,14.961,0.7976602092772885,0.0,Merge
6047766.249,E52,E76,0.06000000000000001,0.025,3055.232,2281.955,1.285,4.5815,0.8315870067762643,0.0,Hit+Run
6065591.879,E19,E59,0.22430755880314188,0.03250000000000001,4741.784,2490.510,1.1466,6.1042,0.46412784065451806,0.006327339327339327,Fragment
6067906.288,E36,P581,0.10500000000000004,0.0025,3681.772,1059.189,2.1461,9.1301,0.7752673687844356,0.0,Merge
6069446.661,E23,P277,0.44810143121893076,0.0025000000000000022,5971.993,1059.189,1.4257,10.196,0.8555585306433858,0.0,Hit+Run
6085436.409,P30,P302,0.005000000000000003,0.0025,1334.495,1059.189,4.7954,7.5836,0.5444052593251324,0.006805834165834166,Fragment
6142751.331,E40,P127,0.16207592407592405,0.0025000000000000022,4255.004,1059.189,2.1844,10.860,0.7019619754629015,0.0,Merge
6224919.694,E58,P113,0.030000000000000002,0.0025000000000000022,2424.939,1059.189,3.4208,9.3342,0.9601262375832536,0.0,Hit+Run
6385586.065,E23,P242,0.44810143121893076,0.0025,5971.993,1059.189,1.7928,12.822,0.04374194810695361,0.0,Merge
6394714.576,E23,P363,0.45060143121893076,0.0025,5983.078,1059.189,1.6053,11.504,0.1818983637621382,0.0,Merge
6399153.203,E40,P376,0.16457592407592406,0.0025,4276.770,1059.189,1.1947,5.9726,0.836204599248878,0.0,Hit+Run
6534245.303,E0,P45,0.37,0.002500000000000014,5602.662,1059.189,2.0516,13.706,0.6009833745294464,0.0,Merge
6570368.324,E23,P277,0.45310143121893076,0.0025000000000000022,5994.123,1059.189,1.115,8.0062,0.6638878688513575,0.0,Merge
6602915.159,P1,P73,0.005,0.0025,1334.495,1059.189,13.639,21.569,0.11072082386274582,0.0,Fragment
6685302.035,E23,P396,0.45560143121893076,0.0025,6005.127,1059.189,1.3626,9.8032,0.6768215767703725,0.0,Merge
6691353.54,E23,E55,0.45810143121893077,0.030000000000000002,6016.091,2424.939,1.4371,9.7634,0.584786725504055,0.0,Merge
6764579.025,E48,P229,0.030000000000000006,0.0025000000000000022,2424.939,1059.189,2.5737,7.0227,0.08880906699211535,0.0,Merge
6766912.75,E23,P427,0.4881014312189308,0.0025,6144.650,1059.189,1.2195,8.9912,0.8111732501071941,0.0,Merge
6915958.457,E34,P244,0.023666666666666655,0.0025000000000000022,2240.644,1059.189,2.6379,6.6365,0.5316704731802694,0.0,Merge
7192086.595,E40,P176,0.16457592407592406,0.0025,4276.770,1059.189,1.2277,6.1376,0.6355892333982175,0.0,Merge
7551002.018,E0,P361,0.3725,0.0025000000000000022,5615.252,1059.189,2.5925,17.361,0.5389410063538062,0.0,Merge
7609795.4,E36,P247,0.10750000000000004,0.0024999999999999905,3710.764,1059.189,2.3482,10.074,0.8686538968513673,0.0,Hit+Run
7686965.544,E18,P98,0.23780319680319684,0.0025,4835.036,1059.189,1.7776,10.140,0.7016029554525722,0.0,Merge
7892910.85,E53,P234,0.03500000000000001,0.0025,2552.798,1059.189,4.4819,12.902,0.4911255102081299,0.0,Merge
7909443.538,E18,P410,0.24030319680319684,0.0025,4851.920,1059.189,1.8949,10.850,0.9011713805216797,0.0,Hit+Run
7992263.04,NEPTUNE,K585,16.11942390942391,0.035,19714.10,2552.798,1.0004,24.073,0.56184601085158,0.0,Merge
8025505.358,E36,P585,0.10750000000000004,0.0025,3710.764,1059.189,4.241,18.195,0.6386932198772813,0.0,Merge
8080416.804,E23,E14,0.4906014312189308,0.035,6155.123,2552.798,1.263,8.7666,0.864467566789314,0.010500832500832502,Hit+Run+Frag
8084102.191,E39,P406,0.04000000000000001,0.0025,2668.991,1059.189,2.6272,7.9249,0.8859217288968956,0.0,Hit+Run
8089061.326,E23,E14,0.49060143121893085,0.0244991674991675,6155.123,2266.614,1.0565,7.3819,0.4822954751538546,0.0,Merge
8091061.683,E23,P497,0.5151005987180983,0.0025000000000000022,6255.920,1059.189,1.7928,13.473,0.5548571302710839,0.0,Merge
8112543.544,E18,P390,0.24030319680319684,0.0025,4851.920,1059.189,1.2333,7.0618,0.5318052076145334,0.0,Merge
8274066.754,E48,P267,0.03250000000000001,0.0025,2490.510,1059.189,2.5859,7.2544,0.746935517278928,0.0,Hit+Run
8318166.706,E18,P261,0.24280319680319684,0.0025,4868.688,1059.189,2.8989,16.660,0.7829648958652939,0.0,Merge
8420778.484,E23,P340,0.5176005987180983,0.0025,6266.024,1059.189,1.3194,9.9327,0.6278672166777421,0.0,Merge
8444319.254,E12,P487,0.07250000000000001,0.0025,3254.167,1059.189,2.2246,8.2876,0.6122276853113389,0.0,Merge
8493233.043,E18,P96,0.24530319680319684,0.002499999999999968,4885.341,1059.189,4.1636,24.017,0.7701285693838557,0.0,Merge
8555029.196,E0,P69,0.375,0.0025,5627.786,1059.189,2.7363,18.368,0.38654874147136536,0.0,Merge
8746864.195,E0,P179,0.3775,0.0025,5640.264,1059.189,6.1953,41.686,0.687326411736831,0.0,Merge
8875657.847,E12,FRAG0004,0.07500000000000001,0.007324009324009325,3291.149,1515.572,1.3193,4.8779,0.6332764711807355,0.0,Merge
8941108.223,E53,P677,0.03750000000000001,0.0025,2612.187,1059.189,2.3916,7.0527,0.7266555933396622,0.0,Hit+Run
9007257.736,E18,P292,0.24780319680319682,0.0025,4901.881,1059.189,2.5738,14.900,0.8535635006761582,0.0,Hit+Run
9035581.243,E65,P647,0.025,0.0025,2281.955,1059.189,9.0396,23.169,0.9971595409428994,0.0,Hit+Run
9077241.348,E19,E12,0.25048021947580257,0.08232400932400934,4919.470,3394.970,1.1813,6.6772,0.660963286102643,0.00823034965034965,Hit+Run
9171960.63,E38,P310,0.0325,0.0025,2490.510,1059.189,2.2175,6.2209,0.5086682791914547,0.0,Merge
9230952.956,P52,P350,0.0025,0.0025,1059.189,1059.189,24.846,34.104,0.73095,0.0,Graze+Frag
9366416.657,E23,P637,0.5201005987180982,0.0025,6276.096,1059.189,1.6785,12.657,0.9653773956034172,0.0,Hit+Run
9410775.771,E34,P279,0.026166666666666658,0.0025000000000000022,2316.914,1059.189,6.607,17.200,0.5177896550645407,0.012252414252414252,Fragment
9553399.014,E23,P287,0.5201005987180982,0.0025,6276.096,1059.189,1.2311,9.2838,0.6306653179998926,0.0,Merge
9684776.562,E18,P197,0.24780319680319682,0.0025,4901.881,1059.189,2.4601,14.242,0.6930475128804104,0.0,Merge
9693662.815,E18,P156,0.2503031968031968,0.0024999999999999905,4918.310,1059.189,2.9359,17.058,0.8499564102266374,0.0,Hit+Run
9708724.315,E23,P404,0.5226005987180982,0.0025,6286.136,1059.189,1.9595,14.801,0.4991886277903988,0.0,Merge
9775897.317,E48,P16,0.03250000000000001,0.0025,2490.510,1059.189,2.9597,8.3031,0.1015933335543761,0.0,Merge
9780059.085,E19,P241,0.25048021947580257,0.0025,4919.470,1059.189,1.0467,6.0830,0.5817466344948831,0.0,Merge
9840816.486,E29,P620,0.03250000000000001,0.0025,2490.510,1059.189,2.8763,8.0691,0.6454825060084668,0.0,Merge
9900033.01,E18,P122,0.2503031968031968,0.0024999999999999905,4918.310,1059.189,3.8995,22.656,0.6375907282522957,0.0,Merge
9936241.403,P1,P351,0.0075001665001665,0.0025,1527.627,1059.189,11.222,19.713,0.9995534645497404,0.0,Hit+Run
10636448.363,E0,P536,0.38,0.0025,5652.688,1059.189,2.6572,17.921,0.6483191895871979,0.0,Merge
10661789.669,E18,P528,0.2528031968031968,0.0025,4934.631,1059.189,5.9432,34.654,0.8321778538548099,0.0,Hit+Run
10671737.472,P1,P52,0.0075001665001665,0.005,1527.627,1334.495,3.8065,7.1071,0.8883556239074527,0.0,Hit+Run
10732004.661,E49,P380,0.020053946053946056,0.0025,2120.282,1059.189,3.9517,9.4031,0.31102638076488237,0.0063370762570762575,Fragment
10752494.693,E18,P351,0.2528031968031968,0.0025,4934.631,1059.189,2.4024,14.008,0.9727951643399718,0.0,Hit+Run
10811451.79,E23,P524,0.5251005987180981,0.0025,6296.144,1059.189,2.4059,18.204,0.9382583528035966,0.0,Hit+Run
10821015.227,E0,P175,0.3825,0.0025,5665.057,1059.189,2.3843,16.118,0.9012872550854145,0.0,Hit+Run
10843156.782,E23,E48,0.5251005987180981,0.03500000000000001,6296.144,2552.798,1.1039,7.8464,0.2645408082997843,0.0,Merge
10870590.956,E61,P469,0.030000000000000002,0.0025,2424.939,1059.189,2.0032,5.4660,0.40555676595850804,0.0,Merge
10886844.155,E23,P358,0.5601005987180981,0.0025,6433.034,1059.189,1.6391,12.689,0.41918223935889276,0.0,Merge
11114766.216,E0,FRAG0011,0.3825,0.006126207126207126,5665.057,1427.987,1.3208,8.7346,0.6176974035762742,0.0,Merge
11124766.383,E23,P523,0.5626005987180981,0.0025,6442.591,1059.189,1.3093,10.152,0.8567470657649577,0.0,Merge
11254191.647,E19,E53,0.25298021947580257,0.03750000000000001,4935.782,2612.187,1.0845,6.0107,0.2346925701562495,0.0078981018981019,Fragment
11362704.262,E36,P436,0.11000000000000004,0.0025,3739.309,1059.189,1.5086,6.5261,0.8956888248487688,0.0,Hit+Run
11465130.705,E23,P657,0.565100598718098,0.0025,6452.120,1059.189,1.3091,10.167,0.8720439272195398,0.0,Hit+Run
11514651.103,E12,P599,0.08232400932400934,0.0025,3394.970,1059.189,4.8834,19.039,0.9859846593455425,0.0,Hit+Run
11658769.291,P2,P377,0.0075001665001665,0.0025,1527.627,1059.189,15.503,27.233,0.30619666274904894,0.009983216783216783,Fragment
11686041.023,E61,P647,0.0325,0.0025,2490.510,1059.189,2.989,8.3853,0.6161551486702559,0.0,Merge
11728830.154,E52,P19,0.06000000000000001,0.0025,3055.232,1059.189,3.0669,10.679,0.6388300063513886,0.0,Merge
11889400.087,E12,P270,0.08232400932400934,0.0025,3394.970,1059.189,2.0164,7.8615,0.583160840186514,0.0,Merge
11967196.507,E18,P329,0.2528031968031968,0.0025,4934.631,1059.189,1.5213,8.8705,0.9847328165767097,0.0,Hit+Run
12099950.128,E34,P54,0.016414252414252407,0.0025,1983.356,1059.189,12.394,27.609,0.6430736151586331,0.018053812853812853,Fragment
12176337.051,E58,FRAG0010,0.030000000000000002,0.006126207126207126,2424.939,1427.987,2.6047,7.1257,0.3765556245412995,0.00796114552114552,Fragment
12300512.353,E23,P420,0.565100598718098,0.0025,6452.120,1059.189,3.4563,26.843,0.8139763843905002,0.0,Merge
12326684.738,E19,P598,0.2825821175777007,0.0025,5121.243,1059.189,2.5785,15.645,0.9792655437908973,0.0,Hit+Run
12513167.187,E34,P269,0.005527639027639019,0.0025,1379.877,1059.189,5.6134,9.0984,0.6035311285554407,0.0,Graze+Frag
12669489.217,E0,P156,0.38862620712620716,0.0024999999999999905,5695.141,1059.189,1.6986,11.548,0.9699984206323389,0.0,Hit+Run
12995426.368,E40,E52,0.16707592407592406,0.06250000000000001,4298.317,3097.090,1.1761,5.8544,0.35837679642632536,0.01821978021978022,Fragment
13039333.334,E0,P240,0.38862620712620716,0.0025,5695.141,1059.189,2.5109,17.070,0.07715129997206101,0.0,Merge
13129560.972,P30,P195,0.0075001665001665,0.0025,1527.627,1059.189,3.9159,6.8787,0.50922542389297,0.0,Fragment
13130234.222,E23,P471,0.567600598718098,0.0025000000000000022,6461.620,1059.189,1.9595,15.242,0.9980065926376408,0.0,Hit+Run
13163806.19,E12,P292,0.08482400932400934,0.0025,3428.994,1059.189,2.371,9.3437,0.7283257805134797,0.0,Merge
13308131.588,P30,P471,0.01,0.0025000000000000022,1681.359,1059.189,5.0369,9.6107,0.44375307802213504,0.0069720279720279724,Fragment
13363754.109,E18,P226,0.2528031968031968,0.0025,4934.631,1059.189,1.8406,10.732,0.6294847517386106,0.0,Merge
13458392.503,E18,E12,0.2553031968031968,0.08732400932400934,4950.844,3462.356,1.0333,5.8913,0.36478726461678906,0.01945854145854146,Fragment
13543154.033,E23,P436,0.567600598718098,0.0025,6461.620,1059.189,1.2472,9.7014,0.7091551666349077,0.0,Merge
13572646.239,E65,P598,0.025,0.0025,2281.955,1059.189,3.0042,7.7002,0.8057868674002963,0.0,Hit+Run
13918506.889,E18,P307,0.3231686646686647,0.0025,5355.544,1059.189,3.2588,20.745,0.7883787928806057,0.0,Merge
14053132.005,E18,P323,0.3256686646686647,0.0025,5369.318,1059.189,3.5473,22.643,0.25015303429021446,0.0,Merge
14100387.117,E19,E72,0.2825821175777007,0.06,5121.243,3055.232,1.3416,7.7585,0.5457289165762853,0.013475191475191476,Fragment
14146100.211,E34,FRAG0016,0.008027639027639028,0.007961038961038962,1562.631,1558.297,4.575,9.2515,0.7809828841720202,0.0,Hit+Run
14199793.603,E19,P334,0.3291069261025092,0.0025000000000000022,5388.148,1059.189,1.6289,10.436,0.4727649387148624,0.0,Merge
14256784.146,E40,P591,0.21135614385614387,0.0025,4648.706,1059.189,2.0297,11.099,0.948408717159599,0.0,Hit+Run
14287135.348,E23,FRAG0014,0.5701005987180979,0.006693306693306694,6471.093,1470.756,1.175,8.9463,0.8165204412989201,0.0,Hit+Run
14340922.795,E19,P406,0.3316069261025092,0.0025,5401.757,1059.189,1.7149,11.017,0.856379063866085,0.0,Hit+Run
14375444.682,E0,P144,0.39112620712620716,0.0025,5707.327,1059.189,3.6956,25.182,0.3929708195279948,0.0,Merge
14396844.216,P1,P351,0.0075001665001665,0.0025,1527.627,1059.189,7.9256,13.922,0.8586498507948258,0.0,Hit+Run
14448614.12,P13,P416,0.0025,0.0025,1059.189,1059.189,23.947,32.869,0.6269,0.0,Graze+Frag
14483590.704,E0,P385,0.39362620712620716,0.0025000000000000022,5719.462,1059.189,3.7306,25.478,0.5136727032487984,0.0,Merge
14617643.636,E0,P1,0.39612620712620716,0.0075001665001665,5731.545,1527.627,2.2139,14.748,0.29592671208291843,0.0,Merge
14853840.548,E25,P765,0.047508466964748884,0.0025,2826.512,1059.189,2.0243,6.4881,0.5879683280457867,0.0,Merge
15341501.572,E23,P257,0.5701005987180979,0.0025,6471.093,1059.189,3.3004,25.712,0.45046740162061116,0.0,Merge
15389480.691,E23,P275,0.5726005987180979,0.0025000000000000022,6480.538,1059.189,1.3672,10.668,0.545536598430395,0.0,Merge
15418292.729,E23,FRAG0015,0.5751005987180979,0.006693306693306694,6489.956,1470.756,1.0208,7.7966,0.7123638351098759,0.0,Merge
15612529.701,E18,P13,0.3281686646686647,0.005,5383.022,1334.495,2.8621,18.008,0.8749040703995854,0.0,Hit+Run
15998142.652,E0,P291,0.40362637362637366,0.0025,5767.492,1059.189,1.9038,13.119,0.8654598095685331,0.0,Hit+Run
16063102.594,E18,P145,0.3281686646686647,0.0025,5383.022,1059.189,1.6543,10.588,0.36439905563834923,0.0,Merge
16084566.964,E23,FRAG0016,0.5817939054114046,0.007961038961038962,6515.037,1558.297,1.0713,8.1804,0.807547043965755,0.0,Hit+Run
16147210.72,E23,P730,0.5817939054114046,0.0025,6515.037,1059.189,1.833,14.383,0.9233803404332142,0.0,Hit+Run
16190841.407,P134,P476,0.0025,0.0025,1059.189,1059.189,21.173,29.062,0.93505,0.0,Hit+Run
16482434.58,E25,P219,0.050008466964748886,0.0025,2875.246,1059.189,3.4389,11.224,0.7829682941961285,0.0,Hit+Run
16621416.199,E36,P429,0.11000000000000004,0.0025,3739.309,1059.189,1.978,8.5567,0.9320026400897228,0.0,Hit+Run
16633390.875,E0,P291,0.40362637362637366,0.0025,5767.492,1059.189,1.0159,7.0005,0.8060671654718249,0.0,Merge
16742149.582,E0,P131,0.40612637362637366,0.0025,5779.375,1059.189,3.1406,21.689,0.879849418387741,0.0,Hit+Run
16962927.861,E18,P337,0.3306686646686647,0.0025000000000000022,5396.657,1059.189,3.2623,20.938,0.7523399210710155,0.0,Merge
17066936.343,E0,P551,0.40612637362637366,0.0025000000000000022,5779.375,1059.189,3.3248,22.961,0.9318240022229596,0.0,Hit+Run
17200030.672,E0,P551,0.40612637362637366,0.0025000000000000022,5779.375,1059.189,1.0341,7.1416,0.6972200270578103,0.0,Merge
17462493.937,E0,P252,0.40862637362637366,0.002500000000000014,5791.210,1059.189,4.7959,33.193,0.792461796760014,0.0,Merge
17712717.781,P52,P360,0.005,0.0025,1334.495,1059.189,11.847,18.735,0.898644994886002,0.0,Hit+Run
18089188.015,P78,P333,0.0025,0.0025,1059.189,1059.189,11.448,15.714,0.10215,0.0,Merge
18480633.394,E18,P260,0.3331686646686647,0.0025,5410.223,1059.189,3.2574,20.962,0.6760465615578599,0.0,Merge
18664000.419,P113,P493,0.0025000000000000022,0.0024999999999999905,1059.189,1059.189,13.054,17.918,0.9939000000000009,0.0,Hit+Run
19037620.435,E18,P360,0.3356686646686647,0.0025,5423.722,1059.189,1.0548,6.8062,0.47670504421642484,0.0,Merge
19041360.38,E34,P373,0.008027639027639028,0.0025,1562.631,1059.189,8.1091,14.517,0.6367172920576937,0.0,Graze+Frag
19135879.852,E23,P466,0.5817939054114046,0.0025,6515.037,1059.189,2.0823,16.339,0.5374271417817161,0.0,Merge
19178364.135,E18,P131,0.3381686646686647,0.0025,5437.154,1059.189,2.7695,17.918,0.8886798737920584,0.0,Hit+Run
19429475.877,E0,P52,0.41112637362637366,0.005,5802.996,1334.495,1.2764,8.7073,0.5479823304489295,0.0,Merge
19501558.147,E23,P131,0.5842939054114046,0.0025,6524.355,1059.189,1.4426,11.337,0.6256323479344784,0.0,Merge
19505468.177,P20,P418,0.005,0.0025,1334.495,1059.189,14.805,23.414,0.2795338423201448,0.0,Fragment
19553802.354,E18,P542,0.3381686646686647,0.0025,5437.154,1059.189,2.5813,16.700,0.9410733189788948,0.0,Hit+Run
19603228.214,E0,P166,0.41612637362637367,0.0025,5826.426,1059.189,3.4516,24.044,0.8004801733914458,0.0,Merge
19656505.514,E19,FRAG0013,0.3316069261025092,0.0078981018981019,5401.757,1554.180,1.473,9.1940,0.9634100142189835,0.0,Hit+Run
19708730.949,P78,P531,0.005,0.0025,1334.495,1059.189,15.382,24.325,0.3872998808532201,0.007489070929070929,Fragment
19784782.725,E23,P493,0.5867939054114045,0.0024999999999999905,6533.647,1059.189,1.0925,8.5988,0.49891873251764723,0.0,Merge
20153261.321,E23,P105,0.5892939054114045,0.0024999999999999905,6542.913,1059.189,2.2116,17.433,0.4635576480490104,0.0,Merge
20234054.189,E23,P339,0.5917939054114044,0.0025,6552.152,1059.189,1.4844,11.718,0.9481298264848256,0.0,Hit+Run
20377272.002,E19,P169,0.3316069261025092,0.0025,5401.757,1059.189,1.0004,6.4272,0.6253749289971996,0.0,Merge
20396844.369,E25,P20,0.050008466964748886,0.007499833499833501,2875.246,1527.604,3.2278,10.422,0.8014129920983971,0.0,Hit+Run
20706261.552,E29,FRAG0002,0.03500000000000001,0.007924075924075924,2552.798,1555.882,2.9002,8.3749,0.49040652488820846,0.010113120213120212,Fragment
20943607.354,E18,P374,0.3381686646686647,0.0025,5437.154,1059.189,1.2105,7.8316,0.9391483201940748,0.0,Hit+Run
21313409.562,E0,P161,0.41862637362637367,0.0025,5838.071,1059.189,1.9964,13.937,0.8628540561638295,0.0,Hit+Run
21364399.795,E0,P542,0.41862637362637367,0.0025,5838.071,1059.189,2.1998,15.357,0.9766146851106791,0.0,Hit+Run
21465617.457,P2,P488,0.01,0.0024999999999999905,1681.359,1059.189,6.8826,13.132,0.8841318411968743,0.0,Hit+Run
21493817.687,E18,P280,0.3381686646686647,0.0025,5437.154,1059.189,2.355,15.236,0.447269282872929,0.0,Merge
21911338.711,E23,P339,0.5917939054114044,0.0025,6552.152,1059.189,1.1798,9.3139,0.6179113759313672,0.0,Merge
21934458.952,E23,P488,0.5942939054114044,0.0024999999999999905,6561.366,1059.189,1.4925,11.800,0.33501853875638943,0.0,Merge
22046361.526,E0,P161,0.41862637362637367,0.0025,5838.071,1059.189,1.0069,7.0292,0.9879568906753204,0.0,Graze+Merge
22109709.262,E23,P730,0.5967939054114043,0.0025,6570.553,1059.189,1.3325,10.550,0.4788139722171936,0.0,Merge
22183722.182,E19,E25,0.3341069261025092,0.050008466964748886,5415.297,2875.246,1.0977,6.6754,0.2044483715097825,0.010847485847485848,Fragment
22298097.081,E0,P444,0.4211263736263737,0.0025,5849.669,1059.189,2.1231,14.853,0.32098057903179766,0.0,Merge
22527926.15,E0,P374,0.4236263736263737,0.0025,5861.222,1059.189,1.4868,10.423,0.687890338793558,0.0,Merge
22833724.681,E0,P305,0.4261263736263737,0.0025,5872.729,1059.189,2.9152,20.480,0.12140391130633121,0.0,Merge
22980489.837,E0,P386,0.4286263736263737,0.0025,5884.191,1059.189,2.1185,14.914,0.8473685553674941,0.0,Merge
23188516.816,E23,P247,0.5992939054114043,0.0024999999999999905,6579.715,1059.189,1.2379,9.8163,0.3977680646946034,0.0,Merge
23338704.215,E23,P366,0.6017939054114042,0.0025000000000000022,6588.852,1059.189,2.1608,17.160,0.31419209763900474,0.0,Merge
23420716.017,E0,P294,0.4311263736263737,0.002500000000000014,5895.609,1059.189,4.066,28.684,0.7356373055460382,0.0,Merge
23465899.555,P118,FRAG0025,0.0025,0.006737595737595738,1059.189,1473.993,2.117,3.6118,0.3280199046985134,0.0,Merge
23482626.909,E58,FRAG0009,0.028165168165168168,0.010500832500832502,2374.458,1708.972,4.3063,11.838,0.3068502410400327,0.03313852813852814,Fragment
23505565.021,E19,FRAG1004,0.3732679072197722,0.010009083822219794,5619.108,1681.868,1.7777,11.507,0.38204825859545666,0.0,Merge
23528429.646,E0,P228,0.4336263736263737,0.0025,5906.983,1059.189,3.2902,23.258,0.4467861178371039,0.0,Merge
23671764.042,P113,P210,0.0025000000000000022,0.0025,1059.189,1059.189,11.675,16.026,0.9702000000000001,0.0,Hit+Run
23737663.4,E36,FRAG0026,0.11000000000000004,0.010112887112887112,3739.309,1687.662,1.4046,5.9037,0.6409293746726115,0.0,Merge
23757004.382,E0,P511,0.4361263736263737,0.0025,5918.313,1059.189,3.7196,26.348,0.8411592394596029,0.0,Merge
24079928.927,E23,FRAG0027,0.6042939054114043,0.010847485847485848,6597.963,1727.574,1.3869,10.650,0.9033672412833343,0.0,Hit+Run
24093371.715,E0,P542,0.4386263736263737,0.0025,5929.600,1059.189,2.1247,15.081,0.9260771202041604,0.0,Hit+Run
24296188.682,E18,P303,0.3406686646686647,0.0025,5450.519,1059.189,2.3881,15.491,0.6187578665022891,0.0,Merge
24364085.151,E19,P192,0.383276991041992,0.0025,5668.890,1059.189,1.0335,6.9918,0.7700263280405549,0.0,Merge
24858619.917,E23,P510,0.6042939054114043,0.0025,6597.963,1059.189,1.7782,14.142,0.4977885780155692,0.0,Merge
25068876.644,E18,E37,0.3431686646686647,0.0246968031968032,5463.820,2272.692,1.8051,11.120,0.9890158040123272,0.0,Hit+Run
25121018.737,P113,P196,0.0025000000000000022,0.0025000000000000022,1059.189,1059.189,16.749,22.989,0.9886,0.0,Hit+Run
25157093.669,E19,P772,0.385776991041992,0.0025,5681.189,1059.189,1.645,11.154,0.1684875154148031,0.0,Merge
25161172.464,E23,P529,0.6067939054114042,0.0025,6607.049,1059.189,2.1859,17.410,0.5495935166956243,0.0,Merge
25203941.996,E18,P208,0.3431686646686647,0.0025,5463.820,1059.189,2.326,15.127,0.6442992401532153,0.0,Merge
25275909.151,E73,P544,0.05,0.0025,2875.083,1059.189,3.652,11.918,0.909015738617374,0.0,Hit+Run
25559802.524,E19,P490,0.388276991041992,0.0025,5693.435,1059.189,1.393,9.4675,0.27309433478567224,0.0,Merge
25627121.052,E0,P336,0.4386263736263737,0.0025000000000000022,5929.600,1059.189,1.5991,11.350,0.9150473423180826,0.0,Hit+Run
25659323.894,E23,E37,0.6092939054114042,0.0246968031968032,6616.111,2272.692,1.0391,7.8403,0.3534773806972811,0.0,Merge
26024690.944,E18,FRAG0021,0.3456686646686647,0.006486180486180487,5477.056,1455.426,1.4401,9.1700,0.06257251342256522,0.0,Merge
26388266.282,E36,E76,0.12011288711288716,0.025,3850.558,2281.955,1.3083,5.6858,0.8934907675378987,0.0,Hit+Run
26405667.099,E36,FRAG0022,0.12011288711288716,0.006486180486180487,3850.558,1455.426,1.7117,7.4699,0.740650453877901,0.0,Hit+Run
26470744.437,E18,P335,0.3521548451548452,0.0025,5511.101,1059.189,2.166,14.217,0.6113947769602567,0.0,Merge
26575065.704,E19,P258,0.390776991041992,0.0025,5705.628,1059.189,1.4277,9.7255,0.7916403058940497,0.0,Merge
27028247.558,E65,P118,0.025,0.009237595737595737,2281.955,1637.495,3.7982,10.029,0.7720144696056768,0.0,Hit+Run
27208785.44,P188,P325,0.0025,0.0025,1059.189,1059.189,8.2508,11.324,0.707,0.0,Graze+Frag
27438907.595,E23,P267,0.6339907086082074,0.0025,6704.321,1059.189,1.1904,9.6297,0.9015651806844432,0.0,Hit+Run
27447899.157,E18,E34,0.3546548451548452,0.01052780552780553,5524.112,1710.434,1.3382,8.4943,0.7894592088977819,0.0,Hit+Run
27485800.986,E0,E34,0.4386263736263737,0.01052780552780553,5929.600,1710.434,1.0685,7.3195,0.41615669938093913,0.0,Merge
27562946.925,E19,P423,0.393276991041992,0.0025000000000000022,5717.770,1059.189,1.2283,8.3862,0.6282243946024678,0.0,Merge
27897960.495,E23,P573,0.6339907086082074,0.0025,6704.321,1059.189,1.4868,12.027,0.5854128697183755,0.0,Merge
27963441.87,P76,FRAG0017,0.0025,0.006073260073260074,1059.189,1423.861,11.807,19.602,0.337031241187764,0.0,Fragment
28109254.206,P75,FRAG0032,0.0025,0.006627705627705628,1059.189,1465.935,12.581,21.371,0.854818138128727,0.0,Hit+Run
28317828.144,E19,E36,0.395776991041992,0.12011288711288716,5729.860,3850.558,1.0227,6.7048,0.505198479957218,0.01857942057942058,Fragment
28697170.469,E0,P2,0.4491541791541792,0.01,5976.666,1681.359,1.9818,13.710,0.8438949698461315,0.0,Hit+Run
28719947.302,E0,FRAG0014,0.4491541791541792,0.006693306693306694,5976.666,1470.756,1.3494,9.4320,0.7815690726040836,0.0,Merge
28732924.714,P68,P657,0.0025,0.0025,1059.189,1059.189,16.341,22.429,0.947,0.0,Hit+Run
28789759.341,P196,P389,0.0025000000000000022,0.0025,1059.189,1059.189,23.076,31.674,0.7778000000000002,0.0,Graze+Frag
28883257.95,E0,P514,0.4558474858474859,0.0024999999999999905,6006.208,1059.189,2.0621,14.838,0.8970975663191917,0.0,Hit+Run
28934755.863,E0,P2,0.4558474858474859,0.01,6006.208,1681.359,1.0268,7.1411,0.4644760230513657,0.0,Merge
29064627.509,E19,P557,0.4973104575754586,0.0025,6183.054,1059.189,1.7221,12.781,0.6945243041211969,0.0,Merge
29319500.143,E0,FRAG0007,0.4658474858474859,0.009946053946053947,6049.810,1678.330,1.6045,11.247,0.15766170072341432,0.0,Merge
29406207.71,E18,P175,0.3546548451548452,0.0025,5524.112,1059.189,2.1244,13.979,0.1685771230884865,0.0,Merge
30653278.142,E18,P329,0.3571548451548452,0.0025,5537.061,1059.189,1.8088,11.932,0.7797423275823763,0.0,Merge
30893987.061,P164,P446,0.0025,0.0025,1059.189,1059.189,6.5642,9.0099,0.6946,0.0,Graze+Frag
30970531.623,E0,P320,0.4757935397935399,0.0025,6092.563,1059.189,3.2226,23.545,0.8444011542419996,0.0,Merge
30974406.335,E29,E58,0.03281118881118882,0.0055274725274725295,2498.433,1379.863,3.4081,9.5734,0.38897338185943303,0.011435231435231437,Fragment
31612424.141,P78,P425,0.007499833499833501,0.0025,1527.604,1059.189,7.0872,12.449,0.49020696135188835,0.009685820845820845,Fragment
31912636.443,E65,P657,0.025,0.0025,2281.955,1059.189,3.5805,9.1774,0.9048881341063338,0.0,Hit+Run
32273352.48,E0,P30,0.4782935397935399,0.00552797202797203,6103.215,1379.904,2.6839,19.280,0.6775169807937066,0.0,Merge
32789730.335,E23,P13,0.6364907086082073,0.005,6713.122,1334.495,1.9368,15.449,0.794885415348578,0.0,Merge
32989741.889,E19,P227,0.4998104575754586,0.0025,6193.397,1059.189,2.5556,19.001,0.9633488439970723,0.0,Hit+Run
33201969.823,E18,P639,0.3596548451548452,0.0025,5549.951,1059.189,3.7425,24.751,0.8666102728729631,0.0,Hit+Run
33246836.683,E0,P393,0.4838215118215119,0.0025,6126.638,1059.189,2.3276,17.107,0.9616477174609044,0.0,Hit+Run
33280061.872,E0,P393,0.4838215118215119,0.0025,6126.638,1059.189,1.0011,7.3579,0.2005315570057671,0.0,Merge
33951057.31,E23,FRAG0032,0.6414907086082073,0.006627705627705628,6730.654,1465.935,1.0806,8.5848,0.612333782593703,0.0,Merge
34334778.371,E18,P162,0.3596548451548452,0.0025,5549.951,1059.189,1.6311,10.787,0.9617526603889579,0.0,Hit+Run
34784233.946,E18,P524,0.3596548451548452,0.0025,5549.951,1059.189,2.6431,17.480,0.517027078496011,0.0,Merge
34797196.948,E19,P677,0.4998104575754586,0.0025,6193.397,1059.189,1.483,11.026,0.9123676136215513,0.0,Hit+Run
34968997.528,E18,P156,0.3621548451548452,0.0024999999999999905,5562.780,1059.189,1.7256,11.440,0.40599574711822706,0.0,Merge
35167156.925,E18,P113,0.3646548451548452,0.0025000000000000022,5575.551,1059.189,2.3939,15.910,0.9290146811397862,0.0,Hit+Run
35480156.819,E0,P336,0.4863215118215119,0.0025000000000000022,6137.172,1059.189,1.4181,10.441,0.2703426493140306,0.0,Merge
35864997.913,E49,P429,0.016216949716949716,0.0025,1975.378,1059.189,3.9505,8.7655,0.6941822287887618,0.0,Hit+Run
36048238.678,E23,FRAG0013,0.648118414235913,0.0078981018981019,6753.755,1554.180,1.9497,15.478,0.5275904044972013,0.0,Merge
36057565.041,E23,P384,0.6560165161340149,0.0025,6781.078,1059.189,1.8955,15.520,0.4244948180136582,0.0,Merge
36118787.671,URANUS,K871,15.97942390942391,0.035,19656.86,2552.798,1.0027,24.055,0.902583273250896,0.0,Graze+Merge
36780450.34,P189,P410,0.0025,0.0025,1059.189,1059.189,4.4566,6.1170,0.2063,0.0,Merge
37388307.759,E65,P526,0.025,0.0025,2281.955,1059.189,5.9027,15.129,0.7172718834919404,0.0,Graze+Frag
37929650.557,E23,E65,0.6585165161340149,0.0275001665001665,6789.681,2355.622,1.0731,8.3035,0.7042622263260374,0.0,Merge
37942817.326,E0,P68,0.4888215118215119,0.0025,6147.671,1059.189,1.3957,10.295,0.7284026020055937,0.0,Merge
38043811.113,E0,P558,0.4913215118215119,0.0025,6158.133,1059.189,3.0037,22.197,0.36228714286201796,0.0,Merge
38416418.795,E18,FRAG0036,0.3646548451548452,0.005717615717615718,5575.551,1395.507,1.606,10.458,0.9828116131721574,0.0,Hit+Run
38494479.028,E18,P599,0.3646548451548452,0.0025,5575.551,1059.189,2.4424,16.232,0.7702712408256247,0.0,Merge
38540552.597,E0,FRAG0036,0.4938215118215119,0.005717615717615718,6168.560,1395.507,1.1765,8.5419,0.7239267571985385,0.0,Merge
39265393.062,E0,P442,0.4995391275391276,0.0025,6192.276,1059.189,2.7732,20.615,0.7825454680281828,0.0,Merge
40627655.742,P214,P654,0.0025,0.0025,1059.189,1059.189,8.3653,11.482,0.61065,0.0,Graze+Frag
41005729.886,E19,P351,0.4998104575754586,0.0025,6193.397,1059.189,1.4121,10.499,0.7051122599843831,0.0,Merge
41025998.72,E0,P514,0.5020391275391276,0.0024999999999999905,6202.589,1059.189,1.2501,9.3095,0.8760078476378858,0.0,Hit+Run
41329796.784,E0,P494,0.5020391275391276,0.0025,6202.589,1059.189,1.7615,13.117,0.7895686957453797,0.0,Merge
41796531.032,E0,P514,0.5045391275391276,0.0024999999999999905,6212.868,1059.189,1.0679,7.9667,0.09534523444733393,0.0,Merge
42230687.767,E18,P134,0.3671548451548452,0.0025,5588.264,1059.189,3.3768,22.497,0.5523151427124166,0.0,Merge
42272695.772,E0,P677,0.5070391275391275,0.0025,6223.112,1059.189,1.7302,12.930,0.3855742602299282,0.0,Merge
42466385.531,E19,P76,0.5023104575754586,0.008573093573093573,6203.706,1597.250,2.0271,14.656,0.6148073260936191,0.0,Merge
42735275.829,E23,P619,0.6860166826341814,0.0025,6882.909,1059.189,2.3518,19.563,0.9483598068385929,0.0,Hit+Run
42977337.479,E23,P619,0.6860166826341814,0.0025,6882.909,1059.189,1.0474,8.7128,0.47448322602954357,0.0,Merge
44274003.991,E18,P429,0.3696548451548452,0.0025,5600.919,1059.189,3.2077,21.422,0.10983003932200557,0.0,Merge
44563016.783,E23,P318,0.6885166826341813,0.0025,6891.260,1059.189,1.8849,15.699,0.6463549446853218,0.0,Merge
44875012.686,E0,P215,0.5095391275391274,0.0025,6233.323,1059.189,4.665,34.923,0.6950025420328955,0.0,Merge
46994891.849,E23,FRAG0028,0.6910166826341813,0.006627705627705628,6899.591,1465.935,1.2265,10.006,0.25023360716132886,0.0,Merge
47133097.455,E0,P508,0.5120391275391274,0.0025,6243.501,1059.189,2.6943,20.205,0.9783295435299411,0.0,Hit+Run
47881902.09,P118,P189,0.009237595737595737,0.005,1637.495,1334.495,7.6045,14.870,0.5660726576719349,0.013881425241425242,Graze+Frag
48884951.969,E0,FRAG0016,0.5120391275391274,0.007961038961038962,6243.501,1558.297,2.7326,19.931,0.576590442065246,0.0,Merge
49637777.778,E23,P113,0.6976443882618869,0.0025000000000000022,6921.579,1059.189,1.1722,9.8091,0.1963526964653796,0.0,Merge
50084923.98,E18,P400,0.3721548451548452,0.0025,5613.517,1059.189,2.1671,14.507,0.8719715225601157,0.0,Hit+Run
51299711.544,E18,P508,0.3721548451548452,0.0025,5613.517,1059.189,1.0434,6.9851,0.8867777925042142,0.0,Hit+Run
51468243.073,E18,P196,0.3721548451548452,0.005,5613.517,1334.495,3.3617,22.128,0.8955918676533923,0.0,Hit+Run
51509560.349,E40,P457,0.21135614385614387,0.0025,4648.706,1059.189,1.3467,7.3646,0.994831471026578,0.0,Hit+Run
51678350.211,E0,P196,0.5200001665001663,0.005,6275.692,1334.495,1.2194,9.0486,0.663590656954472,0.0,Merge
52659447.561,P20,P664,0.007499833499833501,0.0025,1527.604,1059.189,8.4328,14.813,0.8771285383640042,0.0,Hit+Run
53808041.195,E18,P414,0.3721548451548452,0.0025,5613.517,1059.189,1.7881,11.970,0.46496735216495505,0.0,Merge
54778256.162,P118,P315,0.0055279720279720265,0.0025,1379.904,1059.189,20.665,33.495,0.18041596851787023,0.0,Fragment
55853002.826,E23,P606,0.700144388261887,0.0025,6929.837,1059.189,1.8569,15.558,0.871583026502675,0.0,Hit+Run
56604630.091,P78,P476,0.01,0.0025,1681.359,1059.189,17.056,32.544,0.6963358821445089,0.012317609057609057,Graze+Frag
56823850.125,E19,P561,0.5108835511485521,0.0025,6238.801,1059.189,1.1647,8.7275,0.43640886317605854,0.0,Merge
57602528.315,E19,P457,0.513383551148552,0.0025,6248.961,1059.189,1.8016,13.523,0.9336480051384629,0.0,Hit+Run
59039587.642,E0,P278,0.5250001665001663,0.0024999999999999905,6295.743,1059.189,3.1301,23.683,0.9834459664075778,0.0,Hit+Run
59284192.591,E18,P278,0.3746548451548452,0.0024999999999999905,5626.059,1059.189,1.4165,9.5055,0.4144698418497264,0.0,Merge
59610651.242,E19,P162,0.513383551148552,0.0025,6248.961,1059.189,1.7125,12.854,0.8465166453769376,0.0,Merge
59940888.713,E23,P118,0.700144388261887,0.008027639027639028,6929.837,1562.631,1.4729,12.016,0.8827466519047021,0.0,Hit+Run
59974010.444,E73,P775,0.05,0.0025,2875.083,1059.189,3.1916,10.416,0.46645610254801007,0.0,Merge
61499887.531,E19,FRAG0037,0.515883551148552,0.005717615717615718,6259.088,1395.507,1.1198,8.2585,0.37867235193031584,0.0,Merge
61886154.883,E23,E49,0.700144388261887,0.016216949716949716,6929.837,1975.378,1.5579,12.483,0.8886785870112159,0.01068931068931069,Hit+Run+Frag
61890018.102,E0,P450,0.5250001665001663,0.0025000000000000022,6295.743,1059.189,1.7109,12.945,0.48431867681556906,0.0,Merge
62073711.157,E88,P398,0.052500000000000005,0.0025,2922.224,1059.189,2.5839,8.5801,0.9483580303910358,0.0,Hit+Run
63482161.47,E23,P322,0.7001442217617205,0.0025,6929.837,1059.189,1.8528,15.524,0.6319150359615373,0.0,Merge
64951816.753,E23,FRAG0040,0.7026442217617205,0.01068931068931069,6938.075,1719.136,1.2187,9.8835,0.8784380377142889,0.0,Hit+Run
65625706.043,E23,FRAG0006,0.7026442217617205,0.007324009324009325,6938.075,1515.572,1.8175,14.880,0.7741848639528103,0.0,Merge
65678434.195,E0,FRAG0038,0.5275001665001664,0.00870962370962371,6305.720,1605.684,2.7771,20.426,0.8955561277302582,0.0,Hit+Run
65751893.135,E0,P353,0.5275001665001664,0.0025000000000000022,6305.720,1059.189,4.2978,32.573,0.8565267464240588,0.0,Hit+Run
65751999.841,E0,P353,0.5275001665001664,0.0025000000000000022,6305.720,1059.189,1.0474,7.9382,0.6093463468912462,0.0,Merge
65943969.349,E23,P606,0.7099682310857298,0.0025,6962.098,1059.189,1.8082,15.225,0.6684971226712347,0.0,Merge
66101645.358,E0,FRAG0038,0.5300001665001663,0.00870962370962371,6315.666,1605.684,1.0275,7.5703,0.3814266921044267,0.0,Merge
67078665.349,E0,P78,0.53870979020979,0.005527972027972028,6350.074,1379.904,2.0767,15.568,0.8259226328020182,0.0,Hit+Run
67085365.306,E0,P78,0.53870979020979,0.005527972027972028,6350.074,1379.904,1.0358,7.7649,0.6928418027702626,0.0,Merge
67318895.82,P20,P637,0.007499833499833501,0.0025,1527.604,1059.189,9.6483,16.948,0.986260265213575,0.0,Hit+Run
68810796.315,E18,FRAG0040,0.3771548451548452,0.01068931068931069,5638.545,1719.136,2.3423,15.193,0.7833609838414409,0.0,Hit+Run
68877031.08,E23,P527,0.7124682310857298,0.0025,6970.260,1059.189,2.6884,22.664,0.9963033015781548,0.0,Hit+Run
70449598.358,E23,P639,0.7124682310857298,0.0025,6970.260,1059.189,1.1263,9.4953,0.7430823613757084,0.0,Merge
70936984.627,E23,P596,0.7149682310857297,0.0025,6978.403,1059.189,1.16,9.7916,0.9114578988222225,0.0,Hit+Run
73103042.636,E18,P75,0.3771548451548452,0.0025,5638.545,1059.189,3.0522,20.530,0.17662191202543065,0.0,Merge
74073707.866,P57,P637,0.0025,0.0025,1059.189,1059.189,12.904,17.711,0.82415,0.0,Graze+Frag
74485880.571,E76,P297,0.025,0.0024999999999999905,2281.955,1059.189,20.159,51.672,0.8550301570591893,0.007882097902097901,Graze+Frag
74526819.445,E76,P232,0.019618215118215113,0.0025,2104.813,1059.189,7.0453,16.642,0.9827552887650771,0.0,Hit+Run
75266742.083,E0,FRAG0041,0.5442377622377621,0.007881784881784882,6371.720,1553.109,2.1188,15.800,0.9481806146943169,0.0,Hit+Run
75726362.56,E40,P227,0.21135614385614387,0.0025,4648.706,1059.189,2.488,13.606,0.23879213041751343,0.0,Merge
76383983.931,E0,P232,0.5442377622377621,0.0025,6371.720,1059.189,1.7375,13.315,0.8054994501414635,0.0,Merge
76615529.532,E18,P482,0.3796548451548452,0.0025,5650.976,1059.189,2.9456,19.860,0.8875434267287519,0.0,Hit+Run
76616840.168,E18,P482,0.3796548451548452,0.0025,5650.976,1059.189,1.0487,7.0706,0.5997802718628116,0.0,Merge
77136257.35,E0,P406,0.546737762237762,0.0025,6381.462,1059.189,3.471,26.643,0.8825200373313711,0.0,Hit+Run
77232518.313,E23,P460,0.7149682310857297,0.0025000000000000022,6978.403,1059.189,1.6214,13.686,0.7194943424975955,0.0,Merge
78272321.735,E0,P406,0.546737762237762,0.0025,6381.462,1059.189,1.2069,9.2641,0.6100451919862043,0.0,Merge
78491308.874,E18,FRAG0035,0.3821548451548452,0.006193140193140193,5663.353,1433.169,3.8098,25.179,0.45217300811447353,0.0,Merge
80323194.002,E0,P401,0.549237762237762,0.0025000000000000022,6391.174,1059.189,2.8006,21.532,0.4367231867970431,0.0,Merge
81113776.464,E18,P300,0.3883479853479854,0.0025,5693.782,1059.189,3.8063,25.871,0.48936544319488917,0.0,Merge
82150846.35,E0,E49,0.5517377622377619,0.005527805527805528,6400.856,1379.890,1.515,11.454,0.8883008829018598,0.0,Hit+Run
83471796.559,E0,E49,0.5517377622377619,0.005527805527805528,6400.856,1379.890,1.4818,11.203,0.5343954931774847,0.0,Merge
84741308.349,E19,FRAG0041,0.5216011668661678,0.007881784881784882,6282.126,1553.109,2.1366,15.692,0.2629834693385839,0.0,Merge
85106286.229,E18,E76,0.3908479853479854,0.019618215118215113,5705.974,2104.813,0.9959,6.4500,0.09767116378024018,0.0,Perfect
88041355.744,E0,P62,0.5572655677655675,0.002499999999999968,6422.162,1059.189,3.8298,29.596,0.9317319477168868,0.0,Hit+Run
88113846.86,E19,P542,0.5294829517479527,0.0025,6313.611,1059.189,1.4568,11.055,0.512518408760942,0.0,Merge
89566029.06,E23,FRAG0022,0.7174682310857297,0.006486180486180487,6986.528,1455.426,1.6284,13.472,0.5290821585721924,0.0,Merge
92123774.511,E0,P62,0.5572655677655675,0.002499999999999968,6422.162,1059.189,1.873,14.474,0.6463064155482257,0.0,Merge
93870040.474,E0,FRAG0023,0.5597655677655674,0.006486180486180487,6431.751,1455.426,1.8481,13.990,0.5087713100787562,0.0,Merge
99152458.106,E23,P527,0.7239544115719101,0.0025,7007.518,1059.189,2.0467,17.352,0.9321109596554584,0.0,Hit+Run
101496532.409,E19,FRAG0040,0.5319829517479526,0.01068931068931069,6323.532,1719.136,1.3686,10.043,0.47363578854268457,0.0,Merge
101986059.472,E23,P20,0.7239544115719101,0.007499833499833501,7007.518,1527.604,1.7319,14.324,0.6596085461237019,0.0,Merge
107064161.989,E0,P596,0.5662517482517478,0.0025,6456.498,1059.189,3.3606,26.118,0.9856103973127188,0.0,Hit+Run
107078532.177,E0,P596,0.5662517482517478,0.0025,6456.498,1059.189,1.0205,7.9313,0.9117304233138572,0.0,Graze+Merge
110861759.694,E23,P533,0.7314542450717436,0.0025,7031.633,1059.189,2.7539,23.433,0.9672943870160235,0.0,Hit+Run
111247845.414,E23,P533,0.7314542450717436,0.0025,7031.633,1059.189,1.0154,8.6403,0.5200619597397921,0.0,Merge
112498176.018,E23,P57,0.7339542450717436,0.005,7039.635,1334.495,2.6092,21.897,0.6479658503210529,0.0,Merge
125496665.435,P210,P359,0.0025,0.0025,1059.189,1059.189,8.759,12.022,0.5114,0.0,Graze+Frag
127258850.946,E0,P559,0.5687517482517478,0.0025,6465.986,1059.189,5.0674,39.445,0.7096522232509128,0.0,Merge
130400325.487,E23,P680,0.7389542450717436,0.0025,7055.585,1059.189,2.5577,21.842,0.5095117041701833,0.0,Merge
136007504.131,E0,P508,0.5712517482517477,0.0025,6475.446,1059.189,1.6151,12.591,0.9335062124041378,0.0,Hit+Run
136007611.554,E0,P508,0.5712517482517477,0.0025,6475.446,1059.189,1.0481,8.1712,0.3261513603455811,0.0,Merge
148409157.394,E18,P246,0.4104662004662005,0.0025000000000000022,5799.888,1059.189,5.7179,39.638,0.5690742561105837,0.0,Merge
161532342.314,E23,P491,0.7414542450717435,0.0025,7063.532,1059.189,2.1611,18.477,0.37697229905861057,0.0,Merge
165447629.086,E23,P437,0.7439542450717435,0.0025,7071.462,1059.189,1.6795,14.377,0.5336655865743053,0.0,Merge
166031590.344,E0,P598,0.5737517482517477,0.0025,6484.878,1059.189,1.5972,12.471,0.056819536219221874,0.0,Merge
170949878.034,E19,P308,0.5426722624372633,0.0025,6365.605,1059.189,1.0516,8.0506,0.5722772706506063,0.0,Merge
189813963.419,E18,P327,0.41296620046620053,0.0025,5811.639,1059.189,1.4441,10.032,0.94641316953739,0.0,Hit+Run
192846031.039,E0,P327,0.5762517482517476,0.0025,6494.283,1059.189,1.829,14.303,0.688507386865833,0.0,Merge
