time_yr,target,projectile,Mt_Mearth,Mp_Mearth,Rt_km,Rp_km,vimp/vesc,vimp_km/s,b,m_frag_Mearth,Regime
8866.751,E0,P459,0.4524555555544456,0.0024355585714285716,5991.273,1050.009,1.6696,11.989,0.650666452898714,0.0,Merge
64375.825,E1,M4,0.23462666666666668,0.05,4813.411,2875.083,1.1879,6.4573,0.21110532751063535,0.015018315018315019,Fragment
77517.23,E0,FRAG0001,0.4548911141258742,0.007509157509157509,6002.004,1528.237,1.041,7.2880,0.1488098540868222,0.0,Merge
178909.307,M1,P234,0.05,0.0024355585714285716,2875.083,1050.009,2.4564,8.0212,0.9787504029649069,0.0,Hit+Run
183196.847,M2,P343,0.05,0.0024355585714285716,2875.083,1050.009,4.0109,13.097,0.7942366875728548,0.0,Hit+Run
271688.033,M1,P363,0.05,0.0024355585714285716,2875.083,1050.009,2.1774,7.1102,0.9745752216320974,0.0,Hit+Run
417096.413,E9,P586,0.07894000000000001,0.0024355585714285716,3347.800,1050.009,2.0921,8.0402,0.1337503202831383,0.0,Merge
679133.855,M3,P684,0.05,0.0024355585714285716,2875.083,1050.009,7.3901,24.132,0.8362814960821989,0.0,Hit+Run
720101.114,E0,P343,0.46240027163503167,0.0024355585714285716,6034.850,1050.009,1.4533,10.517,0.28134797843512016,0.0,Merge
863559.803,E5,P715,0.0735,0.0024355585714285716,3269.060,1050.009,6.6171,24.788,0.30495092004267327,0.006549117549117549,Fragment
957446.736,E0,P485,0.46483583020646024,0.0024355585714285716,6045.428,1050.009,1.1134,8.0724,0.7856441368441776,0.0,Merge
1026963.719,E3,P220,0.40336,0.0024355585714285716,5766.223,1050.009,1.1097,7.6496,0.5109565351439115,0.0,Merge
1053826.522,M0,P425,0.05,0.0024355585714285716,2875.083,1050.009,6.2662,20.462,0.6808475524291879,0.0,Merge
1143407.421,M1,P489,0.05,0.0024355585714285716,2875.083,1050.009,5.0459,16.477,0.9362661016836881,0.0,Hit+Run
1284674.712,M2,P604,0.05,0.0024355585714285716,2875.083,1050.009,7.6474,24.972,0.7172522036994736,0.0,Merge
1298256.501,E0,P293,0.4672713887778888,0.0024355585714285716,6055.968,1050.009,2.4054,17.472,0.38700023161781627,0.0,Merge
1421116.129,M1,P141,0.05,0.0024355585714285716,2875.083,1050.009,4.4025,14.376,0.31152712646383396,0.0,Merge
1470572.956,E0,M2,0.4697069473493174,0.05243555857142857,6066.471,2921.028,1.0074,6.8601,0.45035324259358417,0.007383616383616383,Fragment
1470705.603,P5,P441,0.0024355585714285716,0.0024355585714285716,1050.009,1050.009,2.3514,3.1995,0.63625,0.0,Hit+Run
1470852.03,P5,P505,0.0024355585714285716,0.0024355585714285716,1050.009,1050.009,0.9782,1.3310,0.3539,0.0,Perfect
1471128.858,P5,P370,0.004871117142857143,0.0024355585714285716,1322.929,1050.009,1.9934,3.1251,0.14506323448684014,0.0,Merge
1471232.029,P5,P813,0.007306675714285714,0.0024355585714285716,1514.376,1050.009,1.0934,1.9040,0.5452469086102517,0.0,Merge
1472007.818,P5,P561,0.009742234285714286,0.0024355585714285716,1666.786,1050.009,0.9807,1.8550,0.9760359074041401,0.0,Perfect
1472283.616,P5,P463,0.012177792857142858,0.0024355585714285716,1795.491,1050.009,1.5972,3.2337,0.8918455553071297,0.0,Hit+Run
1472510.489,P5,P215,0.012177792857142858,0.0024355585714285716,1795.491,1050.009,1.058,2.1420,0.5920607645002688,0.0,Merge
1473061.153,P5,P612,0.01461335142857143,0.0024355585714285716,1907.994,1050.009,1.5245,3.2698,0.7037896367957457,0.0,Hit+Run
1473289.653,P5,P620,0.01461335142857143,0.0024355585714285716,1907.994,1050.009,1.305,2.7990,0.6117441953414767,0.0,Merge
1473295.569,P5,P225,0.01704891,0.0024355585714285716,2008.596,1050.009,1.0976,2.4750,0.7234242275975948,0.0,Hit+Run
1473650.79,P5,P463,0.01704891,0.0024355585714285716,2008.596,1050.009,1.3009,2.9334,0.32769488886274495,0.0,Merge
1474214.843,P5,P441,0.019484468571428572,0.0024355585714285716,2100.019,1050.009,2.1598,5.0901,0.39926666666666666,0.0,Merge
1474584.624,P5,P338,0.021920027142857144,0.0024355585714285716,2184.108,1050.009,1.0965,2.6883,0.8367382203928673,0.0,Hit+Run
1475036.663,P5,P338,0.021920027142857144,0.0024355585714285716,2184.108,1050.009,1.0769,2.6403,0.840992821513509,0.0,Hit+Run
1478002.002,P5,P821,0.021920027142857144,0.0024355585714285716,2184.108,1050.009,1.291,3.1652,0.7697451360805407,0.0,Hit+Run
1479221.248,P5,P543,0.021920027142857144,0.0024355585714285716,2184.108,1050.009,1.1569,2.8364,0.9217627094545798,0.0,Hit+Run
1479827.354,P5,P543,0.021920027142857144,0.0024355585714285716,2184.108,1050.009,1.0879,2.6672,0.8094547465398633,0.0,Hit+Run
1479884.357,P5,P543,0.021920027142857144,0.0024355585714285716,2184.108,1050.009,1.0272,2.5184,0.6144184285015583,0.0,Merge
1480157.251,P5,P98,0.024355585714285716,0.0024355585714285716,2262.177,1050.009,1.2024,3.0552,0.7557239945570672,0.0,Hit+Run
1480176.985,P5,P98,0.024355585714285716,0.0024355585714285716,2262.177,1050.009,1.065,2.7061,0.9207334090035088,0.0,Hit+Run
1480462.284,M0,P152,0.05243555857142857,0.0024355585714285716,2921.028,1050.009,6.6732,22.162,0.37720699225297444,0.00876875790875791,Fragment
1480707.872,P5,P713,0.024355585714285716,0.0024355585714285716,2262.177,1050.009,1.5542,3.9491,0.2764044289175283,0.0,Merge
1481011.322,P5,P72,0.02679114428571429,0.0024355585714285716,2335.201,1050.009,1.1098,2.9133,0.9713417197243464,0.0,Hit+Run
1481040.067,P5,P72,0.02679114428571429,0.0024355585714285716,2335.201,1050.009,1.0596,2.7816,0.47121903894872597,0.0,Merge
1485241.552,P5,P652,0.02922670285714286,0.0024355585714285716,2403.922,1050.009,1.1293,3.0547,0.9600566380009714,0.0,Hit+Run
1485244.222,P5,P652,0.02922670285714286,0.0024355585714285716,2403.922,1050.009,1.0472,2.8327,0.06542360734528876,0.0,Merge
1485283.96,P5,P256,0.03166226142857143,0.0024355585714285716,2468.924,1050.009,1.224,3.4040,0.801380563437903,0.0,Hit+Run
1490287.461,P5,P794,0.03166226142857143,0.0024355585714285716,2468.924,1050.009,1.1369,3.1618,0.6188914332065962,0.0,Merge
1490574.62,P5,P23,0.03409782,0.0024355585714285716,2530.673,1050.009,1.468,4.1893,0.19605442010610913,0.0,Merge
1498032.833,P5,P98,0.03653337857142857,0.0024355585714285716,2589.547,1050.009,1.2108,3.5396,0.9588893989463062,0.0,Hit+Run
1499537.514,P5,P98,0.03653337857142857,0.0024355585714285716,2589.547,1050.009,1.1974,3.5005,0.8722286222217681,0.0,Hit+Run
1503783.189,P5,P98,0.03653337857142857,0.0024355585714285716,2589.547,1050.009,1.5077,4.4076,0.5199646603472291,0.0,Merge
1513242.38,P5,P256,0.03896893714285714,0.0024355585714285716,2645.859,1050.009,1.8348,5.4867,0.35043126165254973,0.0,Merge
1528463.399,E0,M3,0.5147588895371296,0.05,6254.536,2875.083,1.2355,8.6817,0.9346570640331203,0.0,Hit+Run
1541489.286,P5,P673,0.041404495714285706,0.0024355585714285716,2699.871,1050.009,1.1798,3.6040,0.40211356397632564,0.0,Merge
1542908.937,P5,P338,0.043840054285714275,0.0024355585714285716,2751.804,1050.009,1.1915,3.7139,0.6526626063208487,0.0,Merge
1545241.191,P5,P22,0.046275612857142844,0.0024355585714285716,2801.848,1050.009,2.1771,6.9169,0.7850119302786844,0.0,Hit+Run
1548113.272,P5,P22,0.046275612857142844,0.0024355585714285716,2801.848,1050.009,1.1423,3.6292,0.701433473283669,0.0,Merge
1555681.686,E0,E4,0.5147588895371296,0.0574,6254.536,3010.448,1.1333,7.9567,0.4247556297010906,0.010632034632034633,Fragment
1562090.543,E0,FRAG0006,0.5615268549050949,0.010632034632034633,6438.490,1716.060,1.062,7.9476,0.6576227833701315,0.0,Merge
1572888.692,E0,M3,0.5721588895371296,0.05,6478.872,2875.083,1.0777,7.8525,0.643872976892386,0.0,Merge
1598068.56,P5,P821,0.04871117142857141,0.0024355585714285716,2850.165,1050.009,1.2639,4.0891,0.7750639861545032,0.0,Hit+Run
1598070.567,P5,P821,0.04871117142857141,0.0024355585714285716,2850.165,1050.009,1.05,3.3971,0.9984630626842332,0.0,Hit+Run
1598184.536,P5,P821,0.04871117142857141,0.0024355585714285716,2850.165,1050.009,1.0564,3.4178,0.659308625597391,0.0,Merge
1630176.216,E17,P163,0.040959999999999996,0.0024355585714285716,2690.174,1050.009,3.4781,10.584,0.7655111446781959,0.0,Hit+Run
1762313.999,E3,E10,0.40579555857142857,0.14002,5777.805,4052.507,1.0758,7.1618,0.43317466880331734,0.02938415584415584,Fragment
1781458.326,E0,P458,0.6221588895371296,0.0024355585714285716,6662.352,1050.009,1.743,14.013,0.8641128262185257,0.0,Hit+Run
1786678.622,M1,P405,0.05243555857142857,0.0024355585714285716,2921.028,1050.009,6.6048,21.934,0.5237351374495276,0.00825080253080253,Fragment
1787141.274,M1,FRAG0012,0.04662036789210789,0.008250749250749251,2808.788,1576.975,1.0457,3.3045,0.8905222540056404,0.0,Hit+Run
1799658.804,M1,FRAG0012,0.04662036789210789,0.008250749250749251,2808.788,1576.975,1.1139,3.5200,0.9106318539882201,0.0,Hit+Run
1800235.679,P5,P742,0.05114672999999998,0.0024355585714285716,2896.897,1050.009,1.203,3.9600,0.802959279659309,0.0,Hit+Run
1800252.003,P5,P742,0.05114672999999998,0.0024355585714285716,2896.897,1050.009,1.0466,3.4452,0.3616252624206047,0.0,Merge
1827467.926,M1,FRAG0012,0.04662036789210789,0.008250749250749251,2808.788,1576.975,1.0459,3.3051,0.6754007688416744,0.0,Graze+Merge
1847076.956,P5,P225,0.05358228857142855,0.0024355585714285716,2942.168,1050.009,2.4771,8.2900,0.25772304511149824,0.0,Merge
1917474.801,P11,P324,0.0024355585714285716,0.0024355585714285716,1050.009,1050.009,28.340,38.563,0.96505,0.0,Hit+Run
1920788.708,P5,P329,0.05601784714285712,0.0024355585714285716,2986.088,1050.009,2.7323,9.2898,0.08826354618270195,0.0,Merge
1934339.942,E0,P458,0.6221588895371296,0.0024355585714285716,6662.352,1050.009,1.0972,8.8216,0.6257755986331102,0.0,Merge
1936200.626,E15,P54,0.11428,0.0024355585714285716,3787.191,1050.009,1.7677,7.7577,0.8644333397544526,0.0,Hit+Run
1939813.42,E0,P634,0.6245944481085581,0.0024355585714285716,6671.035,1050.009,1.7164,13.819,0.9837581054266268,0.0,Hit+Run
1979141.447,E14,E17,0.044980000000000006,0.040959999999999996,2775.451,2690.174,1.4476,5.1284,0.5209024682553909,0.009615617715617716,Hit+Run
2067508.083,M0,P699,0.04610255237429237,0.0024355585714285716,2798.350,1050.009,7.7473,24.581,0.7108657464076975,0.0,Merge
2107122.166,E1,P166,0.2696083516483517,0.0024355585714285716,5041.637,1050.009,1.5408,9.1993,0.6233718342380857,0.0,Merge
2219878.62,P5,P324,0.058453405714285686,0.0024355585714285716,3028.752,1050.009,8.2168,28.363,0.9748413720075587,0.0,Hit+Run
2220047.715,P5,P324,0.058453405714285686,0.0024355585714285716,3028.752,1050.009,1.041,3.5934,0.7987788420692651,0.0,Graze+Merge
2261055.051,E3,FRAG0004,0.5164316091874792,0.007383616383616383,6261.304,1519.673,1.2149,8.9057,0.9121203972034204,0.0,Hit+Run
2280779.403,E0,FRAG0002,0.6245944481085581,0.007509157509157509,6671.035,1528.237,1.3346,10.469,0.8774002745840415,0.0,Hit+Run
2281766.187,M0,P827,0.04853811094572094,0.0024355585714285716,2846.785,1050.009,10.630,34.349,0.687370091031487,0.011841112221112221,Fragment
2299906.227,M0,FRAG0014,0.03913284367632367,0.00592041292041292,2649.563,1411.815,1.0314,3.0690,0.8341334598611285,0.0,Graze+Merge
2342535.628,M1,P512,0.05487111714285714,0.0024355585714285716,2965.571,1050.009,6.086,20.540,0.7175422690785239,0.0,Merge
2346170.169,M0,P711,0.04505325659673659,0.0024355585714285716,2776.957,1050.009,7.913,24.903,0.7713433566408449,0.0,Graze+Frag
2369927.845,M0,P469,0.04748917748917749,0.0024355585714285716,2826.129,1050.009,8.0714,25.880,0.99931729849892,0.0,Hit+Run
2370044.872,M0,P469,0.04748917748917749,0.0024355585714285716,2826.129,1050.009,1.0426,3.3429,0.9198443774888644,0.0,Hit+Run
2400694.676,M1,FRAG0005,0.05730667571428571,0.008768564768564769,3008.815,1609.298,4.7104,15.918,0.389546623261403,0.03349050949050949,Fragment
2529817.27,M1,FRAG0015,0.032584730992340986,0.005581751581751582,2492.672,1384.365,3.4053,9.5456,0.8502135803735621,0.0,Hit+Run
2535274.052,M1,P188,0.032584730992340986,0.0024355585714285716,2492.672,1050.009,5.9614,16.745,0.09175095673839181,0.010031635031635032,Fragment
2613034.04,M0,P234,0.04748917748917749,0.0024355585714285716,2826.129,1050.009,13.861,44.444,0.6290755619034497,0.027814259074259072,Fragment
2616531.729,M0,FRAG0025,0.022110883246753248,0.005562770562770563,2190.429,1382.794,1.1816,2.9378,0.8541710502330612,0.0,Hit+Run
2649202.539,E1,P423,0.27204391021978025,0.0024355585714285716,5056.773,1050.009,3.5239,21.107,0.2354170161783778,0.0,Merge
2685904.035,E8,FRAG0007,0.11363999999999999,0.005876789876789877,3780.108,1408.339,1.6472,7.0631,0.16735081185731215,0.0,Merge
2712457.359,P5,P159,0.060888964285714255,0.0024355585714285716,3070.247,1050.009,27.505,96.336,0.8372608254702419,0.01630902430902431,Graze+Frag
2713382.076,P5,FRAG0028,0.04701549854811851,0.008154512154512156,2816.701,1570.820,1.1136,3.5279,0.6223996836583893,0.0,Merge
2713620.523,P5,FRAG0027,0.05517001070263067,0.008154512154512156,2970.946,1570.820,1.2038,4.0159,0.9101689403872084,0.0,Hit+Run
2713684.139,P5,FRAG0027,0.05517001070263067,0.008154512154512156,2970.946,1570.820,1.0498,3.5021,0.3303401716943656,0.0,Merge
2718909.689,P5,P612,0.06332452285714282,0.0024355585714285716,3110.650,1050.009,3.3147,11.773,0.41605822027511263,0.0,Merge
2805256.219,P50,P469,0.0024355585714285716,0.0024355585714285716,1050.009,1050.009,35.564,48.392,0.81535,0.0,Graze+Frag
2824841.801,E0,P162,0.6245944481085581,0.0024355585714285716,6671.035,1050.009,1.4427,11.615,0.8177824053981224,0.0,Merge
2880939.794,P50,FRAG0023,0.004871128871128871,0.005562770562770563,1322.930,1382.794,13.188,23.138,0.32925057374430483,0.0,Fragment
2900540.906,E0,P634,0.6270300066799867,0.0024355585714285716,6679.694,1050.009,1.5455,12.460,0.49481751481707054,0.0,Merge
2904305.03,P5,P480,0.0657600814285714,0.0024355585714285716,3150.029,1050.009,2.7552,9.9188,0.8594999999999999,0.0,Hit+Run
2911267.627,P50,P287,0.010433899433899434,0.0024355585714285716,1705.333,1050.009,35.875,69.270,0.5445246991147031,0.012863203463203464,Fragment
2912391.954,P5,P480,0.0657600814285714,0.0024355585714285716,3150.029,1050.009,1.5345,5.5242,0.43155000000000004,0.0,Merge
3026183.334,P49,P531,0.0024355585714285716,0.0024355585714285716,1050.009,1050.009,25.657,34.912,0.63605,0.0,Graze+Frag
3029349.461,E6,FRAG0004,0.08018000000000002,0.007383616383616383,3365.238,1519.673,3.0739,11.627,0.7996805439933826,0.0,Hit+Run
3048700.413,E0,P363,0.6294655652514152,0.0024355585714285716,6688.332,1050.009,2.8591,23.082,0.39576789164217085,0.0,Merge
3084632.914,P49,P417,0.004871128871128871,0.0024355585714285716,1322.930,1050.009,38.319,60.074,0.902213357953389,0.0,Graze+Frag
3087810.49,P5,P526,0.06819563999999997,0.0024355585714285716,3188.448,1050.009,24.866,90.689,0.888952829497053,0.0,Graze+Frag
3134363.132,P49,P111,0.0073066933066933066,0.0024355585714285716,1514.377,1050.009,10.345,18.015,0.9280361729238743,0.0,Hit+Run
3134383.699,P49,P111,0.0073066933066933066,0.0024355585714285716,1514.377,1050.009,1.0604,1.8465,0.7639837078661257,0.0,Graze+Merge
3142967.579,E3,P52,0.5164316091874792,0.0024355585714285716,6261.304,1050.009,1.6833,12.669,0.886273470556888,0.0,Hit+Run
3149749.35,M0,FRAG0025,0.022110883246753248,0.005562770562770563,2190.429,1382.794,3.8337,9.5318,0.5520786908568213,0.010119214119214119,Fragment
3171470.766,P5,P347,0.07063270063270063,0.0024355585714285716,3225.985,1050.009,34.341,126.82,0.36952512907749097,0.07148392274392273,Fragment
3171669.948,P5,FRAG0042,0.005527799663669675,0.005628371628371629,1379.890,1388.208,1.2957,2.3239,0.818881806380892,0.0,Hit+Run
3171672.903,P5,FRAG0042,0.005527799663669675,0.005628371628371629,1379.890,1388.208,1.0675,1.9146,0.9982910485532199,0.0,Hit+Run
3173155.784,P5,FRAG0034,0.005527799663669675,0.005628371628371629,1379.890,1388.208,2.2983,4.1222,0.9723691797203189,0.0,Hit+Run
3173787.321,P5,FRAG0040,0.005527799663669675,0.005628371628371629,1379.890,1388.208,2.6034,4.6694,0.9932562240299064,0.0,Hit+Run
3174373.389,P5,FRAG0036,0.005527799663669675,0.005628371628371629,1379.890,1388.208,1.1418,2.0479,0.5903207129215634,0.0,Hit+Run
3175599.166,P11,FRAG0030,0.0024355585714285716,0.010119214119214119,1050.009,1688.014,16.703,31.956,0.21107389855667186,0.012524348984348984,Fragment
3175622.232,P5,FRAG0040,0.005527799663669675,0.005628371628371629,1379.890,1388.208,1.4206,2.5479,0.46360265412688234,0.0,Merge
3176824.318,P5,FRAG0039,0.011156171292041304,0.005628371628371629,1743.808,1388.208,2.0071,4.1511,0.5455218305494138,0.0,Merge
3177229.323,P5,FRAG0035,0.016784542920412933,0.005628371628371629,1998.160,1388.208,1.4955,3.4373,0.7579908659617391,0.0,Hit+Run
3177318.436,P5,FRAG0035,0.016784542920412933,0.005628371628371629,1998.160,1388.208,1.142,2.6248,0.7793510320428655,0.0,Hit+Run
3178252.384,P5,FRAG0034,0.016784542920412933,0.005628371628371629,1998.160,1388.208,1.3468,3.0955,0.3193403835112044,0.0,Merge
3178365.778,P5,FRAG0033,0.022412914548784562,0.005628371628371629,2200.357,1388.208,1.2368,3.0888,0.6512349635211386,0.0,Hit+Run
3178550.139,P5,FRAG0032,0.022412914548784562,0.005628371628371629,2200.357,1388.208,1.082,2.7022,0.7535096946343351,0.0,Hit+Run
3179009.398,P5,FRAG0033,0.022412914548784562,0.005628371628371629,2200.357,1388.208,1.2505,3.1230,0.9127467909778431,0.0,Hit+Run
3180156.714,P5,FRAG0032,0.022412914548784562,0.005628371628371629,2200.357,1388.208,1.4761,3.6864,0.6554044369717966,0.0,Hit+Run
3180484.195,P5,FRAG0041,0.022412914548784562,0.005628371628371629,2200.357,1388.208,0.9984,2.4934,0.8114531124412719,0.0,Perfect
3180888.33,P5,FRAG0031,0.02804128617715619,0.005628371628371629,2370.972,1388.208,1.1853,3.1692,0.7060855800749699,0.0,Hit+Run
3181853.999,P5,FRAG0033,0.02804128617715619,0.005628371628371629,2370.972,1388.208,1.1271,3.0136,0.7714276668063383,0.0,Hit+Run
3185029.365,P5,FRAG0033,0.02804128617715619,0.005628371628371629,2370.972,1388.208,1.3533,3.6184,0.7391350525143879,0.0,Hit+Run
3186162.777,P5,FRAG0033,0.02804128617715619,0.005628371628371629,2370.972,1388.208,1.1856,3.1700,0.8299580302104984,0.0,Hit+Run
3186183.167,P5,FRAG0033,0.02804128617715619,0.005628371628371629,2370.972,1388.208,1.052,2.8128,0.623461898976425,0.0,Merge
3187143.7,P5,FRAG0037,0.03366965780552782,0.005628371628371629,2520.036,1388.208,1.2087,3.4242,0.8236674576434079,0.0,Hit+Run
3189109.164,P5,FRAG0036,0.03366965780552782,0.005628371628371629,2520.036,1388.208,1.2305,3.4860,0.9535946478071363,0.0,Hit+Run
3189144.662,P5,FRAG0036,0.03366965780552782,0.005628371628371629,2520.036,1388.208,1.0557,2.9908,0.49165996277837676,0.0,Merge
3191824.201,P5,FRAG0038,0.03929802943389944,0.005628371628371629,2653.286,1388.208,1.0024,2.9859,0.8411220013579882,0.0,Graze+Merge
3193550.236,P49,P853,0.009742251878121878,0.0024355585714285716,1666.787,1050.009,11.743,22.212,0.38043874975378866,0.00665001665001665,Fragment
3203829.388,P11,FRAG0043,0.005527799663669664,0.007026973026973027,1379.890,1494.800,1.0314,1.9257,0.4007632486006074,0.0,Merge
3207669.515,P49,FRAG0044,0.0055277937995338,0.00665001665001665,1379.889,1467.578,1.0701,1.9771,0.7385339394003707,0.0,Graze+Merge
3213368.449,P5,FRAG0031,0.04492640106227107,0.005628371628371629,2774.348,1388.208,2.0708,6.4475,0.4223616898193201,0.0,Merge
3220741.906,P5,FRAG0032,0.050554772690642694,0.005628371628371629,2885.678,1388.208,1.1821,3.8291,0.9056975102855626,0.0,Hit+Run
3225166.304,P11,FRAG0021,0.012554772690642691,0.010031635031635032,1813.830,1683.130,10.174,23.101,0.57444666240457,0.02238042624042624,Graze+Frag
3234239.769,P5,FRAG0037,0.050554772690642694,0.005628371628371629,2885.678,1388.208,2.117,6.8575,0.5724921119510427,0.0,Merge
3243686.509,P5,FRAG0032,0.05618314431901432,0.005628371628371629,2989.022,1388.208,1.8242,6.1244,0.4584701193656131,0.0,Merge
3256204.096,P49,P44,0.01217781044955045,0.0024355585714285716,1795.492,1050.009,6.6292,13.421,0.8845261932779473,0.0,Hit+Run
3261957.165,P49,P44,0.01217781044955045,0.0024355585714285716,1795.492,1050.009,1.083,2.1927,0.944028847027491,0.0,Hit+Run
3267701.161,P49,P44,0.01217781044955045,0.0024355585714285716,1795.492,1050.009,1.1403,2.3087,0.693398369091979,0.0,Hit+Run
3269439.264,M1,P502,0.024988654532134523,0.0024355585714285716,2281.610,1050.009,6.7622,17.333,0.5670434344332718,0.010743290043290043,Fragment
3273685.887,P49,P44,0.01217781044955045,0.0024355585714285716,1795.492,1050.009,1.0603,2.1467,0.35588013483290215,0.0,Merge
3274702.777,P5,FRAG0042,0.061811515947385945,0.005628371628371629,3085.675,1388.208,1.035,3.5901,0.5334204943801354,0.0,Merge
3324230.258,M0,P858,0.01755443969030969,0.0024355585714285716,2028.256,1050.009,18.002,40.987,0.9223880799381716,0.0,Hit+Run
3369075.838,P5,P358,0.06743988757575757,0.0024355585714285716,3176.626,1050.009,25.62,93.068,0.14437720453405148,0.06665538461538462,Fragment
3369180.379,P49,P835,0.014613369020979022,0.0024355585714285716,1907.995,1050.009,20.294,43.530,0.7523603237943645,0.016515977355977356,Graze+Frag
3370158.076,P5,FRAG0049,0.005527460799200787,0.0058498168498168504,1379.862,1406.181,2.8281,5.1059,0.24521147250398234,0.008375730935730937,Fragment
3370306.026,P5,FRAG0062,0.005527460799200786,0.0058498168498168504,1379.862,1406.181,1.2331,2.2262,0.5337101247632626,0.0,Hit+Run
3370653.796,M1,FRAG0048,0.016681289360639354,0.010742923742923743,1994.054,1722.006,1.2332,2.9930,0.78955975683763,0.0,Hit+Run
3373960.146,P5,FRAG0062,0.005527460799200786,0.0058498168498168504,1379.862,1406.181,1.7575,3.1730,0.721816198802876,0.0,Hit+Run
3376769.024,P49,FRAG0060,0.005527782071262071,0.005760572760572761,1379.889,1398.993,1.5558,2.8015,0.40618815264272623,0.0,Merge
3378663.264,P5,FRAG0054,0.005527460799200786,0.0058498168498168504,1379.862,1406.181,1.8857,3.4045,0.6338055369891865,0.0,Hit+Run
3379764.502,P5,FRAG0050,0.005527460799200786,0.0058498168498168504,1379.862,1406.181,2.0571,3.7139,0.8152253761695717,0.0,Hit+Run
3392766.386,P49,FRAG0061,0.011288354831834832,0.005760572760572761,1750.669,1398.993,1.6695,3.4702,0.6208592954074051,0.0,Hit+Run
3433738.778,P5,FRAG0052,0.005527460799200786,0.0058498168498168504,1379.862,1406.181,2.4193,4.3678,0.8053693707104135,0.0,Hit+Run
3434277.572,P5,FRAG0052,0.005527460799200786,0.0058498168498168504,1379.862,1406.181,1.0469,1.8901,0.27730539982827657,0.0,Merge
3435512.113,P5,FRAG0051,0.011377277649017636,0.0058498168498168504,1755.254,1406.181,1.8218,3.7994,0.3875351633843007,0.0,Merge
3453116.323,P5,FRAG0050,0.017227094498834486,0.0058498168498168504,2015.569,1406.181,2.0937,4.8577,0.600709446039239,0.0,Hit+Run
3453199.745,P5,FRAG0050,0.017227094498834486,0.0058498168498168504,2015.569,1406.181,1.05,2.4361,0.3099561781779246,0.0,Merge
3454720.302,M1,FRAG0048,0.016681289360639354,0.010742923742923743,1994.054,1722.006,1.5006,3.6420,0.4098048024309488,0.0,Merge
3470605.98,P49,FRAG0061,0.011288354831834832,0.005760572760572761,1750.669,1398.993,2.8008,5.8217,0.8682581068539906,0.0,Hit+Run
3470800.831,P49,FRAG0061,0.011288354831834832,0.005760572760572761,1750.669,1398.993,1.0524,2.1875,0.4084220324667514,0.0,Merge
3474565.053,P5,FRAG0059,0.023076911348651336,0.0058498168498168504,2221.875,1406.181,1.4673,3.7015,0.9986647950854644,0.0,Hit+Run
3475590.25,P5,FRAG0057,0.023076911348651336,0.0058498168498168504,2221.875,1406.181,1.9548,4.9314,0.773479877471602,0.0,Hit+Run
3476253.756,P5,FRAG0057,0.023076911348651336,0.0058498168498168504,2221.875,1406.181,2.1296,5.3723,0.8093061425801441,0.0,Hit+Run
3476433.935,P5,FRAG0056,0.023076911348651336,0.0058498168498168504,2221.875,1406.181,1.2459,3.1430,0.6012075975565098,0.0,Merge
3477210.757,P5,FRAG0053,0.028926728198468185,0.0058498168498168504,2395.669,1406.181,1.3407,3.6227,0.9188591913148848,0.0,Hit+Run
3477630.708,P5,FRAG0054,0.028926728198468185,0.0058498168498168504,2395.669,1406.181,1.3524,3.6543,0.9585575379428083,0.0,Hit+Run
3486849.019,P50,FRAG0054,0.005527799663669664,0.0058498168498168504,1379.890,1406.181,68.707,124.04,0.9598065312882135,0.0,Hit+Run
3486895.417,P50,FRAG0054,0.005527799663669664,0.0058498168498168504,1379.890,1406.181,1.058,1.9101,0.5750221285028205,0.0,Graze+Merge
3492904.868,P5,FRAG0062,0.028926728198468185,0.0058498168498168504,2395.669,1406.181,0.9737,2.6310,0.210779316619688,0.0,Perfect
3497408.766,P5,FRAG0057,0.034776545048285035,0.0058498168498168504,2547.354,1406.181,1.6118,4.6161,0.8367179867852964,0.0,Hit+Run
3497457.313,P5,FRAG0057,0.034776545048285035,0.0058498168498168504,2547.354,1406.181,1.0911,3.1248,0.34870766552302673,0.0,Merge
3555264.97,P49,P574,0.017048927592407594,0.0024355585714285716,2008.597,1050.009,14.026,31.629,0.9996337048642895,0.0,Hit+Run
3564788.875,P5,P50,0.040626361898101884,0.011377616513486514,2682.850,1755.271,18.617,56.937,0.6928189619498257,0.051515830835830834,Graze+Frag
3565150.331,P5,FRAG0069,0.005527787935397918,0.0058095238095238096,1379.889,1402.945,3.4483,6.2183,0.9957314882934016,0.0,Hit+Run
3565167.284,P5,FRAG0069,0.005527787935397918,0.0058095238095238096,1379.889,1402.945,1.0689,1.9275,0.9495175673188758,0.0,Hit+Run
3565940.415,P5,FRAG0070,0.005527787935397918,0.0058095238095238096,1379.889,1402.945,13.702,24.709,0.47349434698041387,0.011312654012654013,Fragment
3575886.58,P5,FRAG0067,0.005527787935397918,0.0058095238095238096,1379.889,1402.945,6.2905,11.343,0.971731984268004,0.0,Hit+Run
3576417.889,P5,FRAG0069,0.005527787935397918,0.0058095238095238096,1379.889,1402.945,10.414,18.780,0.13755087637696806,0.01131044289044289,Fragment
3576474.44,P5,FRAG0066,0.005527787935397918,0.0058095238095238096,1379.889,1402.945,9.0462,16.313,0.4372967479338434,0.011262350982350981,Fragment
3577470.447,P5,FRAG0063,0.005527787935397918,0.0058095238095238096,1379.889,1402.945,8.1981,14.783,0.26731678967131756,0.011272301032301034,Fragment
3577479.304,P5,FRAG0074,0.005527787935397918,0.0058095238095238096,1379.889,1402.945,1.0493,1.8922,0.6612260045013947,0.0,Graze+Merge
3578076.311,P5,FRAG0072,0.011337311744921728,0.0058095238095238096,1753.196,1402.945,4.1508,8.6437,0.9633815161867412,0.0,Hit+Run
3588712.558,P5,FRAG0065,0.011337311744921728,0.0058095238095238096,1753.196,1402.945,10.552,21.975,0.5219913571819643,0.017017349317349318,Fragment
3592177.518,P5,FRAG0067,0.005527787935397918,0.0058095238095238096,1379.889,1402.945,5.8103,10.477,0.7068448964504973,0.00815019647019647,Graze+Frag
3593289.92,P5,FRAG0077,0.005527787935397918,0.0058095238095238096,1379.889,1402.945,8.5563,15.429,0.9803599051366387,0.0,Hit+Run
3593298.441,P5,FRAG0077,0.005527787935397918,0.0058095238095238096,1379.889,1402.945,1.0707,1.9307,0.4465692835800196,0.0,Merge
3601490.714,P5,FRAG0072,0.011337311744921728,0.0058095238095238096,1753.196,1402.945,6.3247,13.170,0.7182449982295198,0.010631368631368631,Graze+Frag
3606628.514,P5,FRAG0078,0.006515466923076906,0.010631368631368631,1457.613,1716.024,2.5554,5.3067,0.7639334436004054,0.0,Hit+Run
3607660.644,P5,FRAG0071,0.006515466923076906,0.0058095238095238096,1457.613,1402.945,8.4959,15.755,0.24244651906950357,0.012264542124542125,Fragment
3622902.206,P49,P574,0.017048927592407594,0.0024355585714285716,2008.597,1050.009,1.1334,2.5557,0.618680142788495,0.0,Merge
3637805.208,P5,FRAG0076,0.005528120935730918,0.0058095238095238096,1379.917,1402.945,4.0215,7.2520,0.9685683009189332,0.0,Hit+Run
3646578.56,P157,P580,0.0024355585714285716,0.0024355585714285716,1050.009,1050.009,11.699,15.919,0.63485,0.0,Graze+Frag
3647035.332,P5,FRAG0078,0.005528120935730918,0.010631368631368631,1379.917,1716.024,7.587,15.486,0.7136837116690221,0.01497040293040293,Graze+Frag
3647129.271,P5,FRAG0080,0.005528120935730919,0.010631368631368631,1379.917,1716.024,1.0021,2.0454,0.8208788981893819,0.0,Graze+Merge
3649181.213,P5,FRAG0068,0.01615948956709955,0.0058095238095238096,1973.042,1402.945,2.663,6.0692,0.6867685481034429,0.0,Hit+Run
3650304.896,P5,FRAG0075,0.01615948956709955,0.0058095238095238096,1973.042,1402.945,2.7808,6.3377,0.19035019667882844,0.01109043623043623,Fragment
3651122.047,P5,FRAG0068,0.01087877028638027,0.0058095238095238096,1729.234,1402.945,2.6145,5.3917,0.5329291615026716,0.0,Merge
3652309.843,P5,FRAG0082,0.01668829409590408,0.005545121545121545,1994.333,1381.330,2.1873,5.0152,0.46094017519020636,0.0,Merge
3656827.613,P5,FRAG0064,0.022233415641025624,0.0058095238095238096,2194.467,1402.945,2.8407,7.0859,0.6919374913166124,0.0,Hit+Run
3656853.765,P5,FRAG0064,0.022233415641025624,0.0058095238095238096,2194.467,1402.945,1.0497,2.6184,0.3531363957711249,0.0,Merge
3664759.947,P5,FRAG0076,0.028042939450549434,0.0058095238095238096,2371.018,1402.945,4.4554,11.921,0.9124174817876637,0.0,Hit+Run
3665176.326,P5,FRAG0076,0.028042939450549434,0.0058095238095238096,2371.018,1402.945,1.0739,2.8735,0.4140212907099569,0.0,Merge
3708721.974,P5,FRAG0081,0.03385246326007324,0.005545121545121545,2524.588,1381.330,3.685,10.456,0.1835632471957839,0.01420845820845821,Fragment
3709529.703,P5,FRAG0083,0.025189126596736576,0.007104229104229105,2287.695,1500.258,1.2768,3.3306,0.8732966336723932,0.0,Hit+Run
3710842.346,P5,FRAG0083,0.025189126596736576,0.007104229104229105,2287.695,1500.258,1.798,4.6903,0.12646494819571172,0.0,Merge
3750737.79,P5,FRAG0084,0.032293355700965684,0.007104229104229105,2485.220,1500.258,3.2312,9.0764,0.6949674119809218,0.0,Hit+Run
3750765.297,P5,FRAG0084,0.032293355700965684,0.007104229104229105,2485.220,1500.258,1.0542,2.9612,0.9902895890236894,0.0,Hit+Run
3750807.573,P5,FRAG0084,0.032293355700965684,0.007104229104229105,2485.220,1500.258,1.0478,2.9432,0.5895219302707612,0.0,Merge
3761453.882,P5,FRAG0073,0.039397584805194785,0.0058095238095238096,2655.524,1402.945,5.4726,16.318,0.8771115936515264,0.0,Hit+Run
3763477.296,P5,FRAG0073,0.039397584805194785,0.0058095238095238096,2655.524,1402.945,1.8827,5.6138,0.8699141094813161,0.0,Hit+Run
3763523.324,P5,FRAG0073,0.039397584805194785,0.0058095238095238096,2655.524,1402.945,1.0411,3.1043,0.9369161439385457,0.0,Hit+Run
3765992.833,P5,FRAG0073,0.039397584805194785,0.0058095238095238096,2655.524,1402.945,1.9508,5.8169,0.9333828335277153,0.0,Hit+Run
3766162.483,P5,FRAG0073,0.039397584805194785,0.0058095238095238096,2655.524,1402.945,1.1392,3.3968,0.497477019510075,0.0,Merge
3772204.992,P5,FRAG0079,0.04520710861471859,0.006796869796869797,2780.115,1478.303,3.0732,9.5949,0.9115113713549263,0.0,Hit+Run
3776073.222,P5,FRAG0079,0.04520710861471859,0.006796869796869797,2780.115,1478.303,1.8071,5.6420,0.8759309604260883,0.0,Hit+Run
3779473.629,M1,FRAG0022,0.0274242131035631,0.005562770562770563,2353.451,1382.794,5.4827,14.554,0.8574163380050426,0.0,Hit+Run
3791462.658,M1,FRAG0022,0.0274242131035631,0.005562770562770563,2353.451,1382.794,1.048,2.7820,0.6321020387805321,0.0,Graze+Merge
3824794.791,P49,P430,0.019484486163836166,0.0024355585714285716,2100.020,1050.009,36.765,86.649,0.6606000662723782,0.016392274392274392,Fragment
3824829.132,P49,FRAG0085,0.005527770342990346,0.008196137196137196,1379.888,1573.488,1.1886,2.2891,0.9447266580433497,0.0,Hit+Run
3824920.096,P49,FRAG0085,0.005527770342990346,0.008196137196137196,1379.888,1573.488,1.0303,1.9842,0.4849783734169125,0.0,Graze+Merge
3848139.547,P49,FRAG0086,0.013723907539127542,0.008196137196137196,1868.471,1573.488,1.2815,2.8893,0.978977479552912,0.0,Hit+Run
3849416.452,P49,FRAG0086,0.013723907539127542,0.008196137196137196,1868.471,1573.488,1.1303,2.5484,0.6398584646495606,0.0,Hit+Run
3849437.382,P49,FRAG0086,0.013723907539127542,0.008196137196137196,1868.471,1573.488,1.0474,2.3614,0.9777832073698044,0.0,Hit+Run
3849733.418,P49,FRAG0086,0.013723907539127542,0.008196137196137196,1868.471,1573.488,1.0121,2.2819,0.6913207387216556,0.0,Graze+Merge
3887550.247,P49,P681,0.021920044735264738,0.0024355585714285716,2184.109,1050.009,18.169,44.548,0.373864664279914,0.01882817182817183,Fragment
3889082.538,P51,P678,0.0024355585714285716,0.0024355585714285716,1050.009,1050.009,7.3651,10.021,0.93355,0.0,Hit+Run
3891051.945,P49,FRAG0087,0.005527431478521479,0.006276057276057277,1379.859,1439.536,1.6313,2.9820,0.8802648537881855,0.0,Hit+Run
3891872.537,P49,FRAG0088,0.005527431478521479,0.006276057276057277,1379.859,1439.536,1.1947,2.1839,0.8467887523764698,0.0,Hit+Run
3894408.684,P49,FRAG0088,0.005527431478521479,0.006276057276057277,1379.859,1439.536,1.1844,2.1651,0.6514136108040003,0.0,Hit+Run
3894413.021,P49,FRAG0088,0.005527431478521479,0.006276057276057277,1379.859,1439.536,1.0482,1.9161,0.21886714256314718,0.0,Merge
3908680.822,P49,FRAG0087,0.011803488754578755,0.006276057276057277,1776.904,1439.536,1.6285,3.4494,0.8868938596022983,0.0,Hit+Run
3911427.572,P49,FRAG0089,0.011803488754578755,0.006276057276057277,1776.904,1439.536,1.3371,2.8322,0.2671619973238268,0.0,Merge
3941177.569,P11,FRAG0019,0.005527466663336662,0.005581751581751582,1379.862,1384.365,14.307,25.625,0.9412144143334521,0.0,Hit+Run
3955456.373,P177,FRAG0019,0.0024355585714285716,0.005581751581751582,1050.009,1384.365,7.6707,12.436,0.6965056133742425,0.007492387612387612,Graze+Frag
4019581.235,P49,FRAG0087,0.01807954603063603,0.006276057276057277,2048.281,1439.536,1.0316,2.4355,0.1474628097206985,0.0,Merge
4025461.716,P5,FRAG0079,0.04520710861471859,0.006796869796869797,2780.115,1478.303,0.968,3.0222,0.5212366988180583,0.0,Perfect
4036560.421,P65,P539,0.0024355585714285716,0.0024355585714285716,1050.009,1050.009,10.083,13.720,0.4618,0.0,Merge
4054021.909,P49,FRAG0026,0.024355603306693306,0.005562770562770563,2262.178,1382.794,38.581,98.754,0.7346393895450801,0.024390276390276393,Graze+Frag
4069516.345,P49,FRAG0093,0.005528097479187474,0.006097569097569098,1379.915,1425.758,7.1667,13.033,0.27990056032649213,0.011522157842157842,Fragment
4070532.593,P49,FRAG0094,0.0055280974791874745,0.006097569097569098,1379.915,1425.758,0.999,1.8168,0.7965189904212862,0.0,Perfect
4074191.876,P49,FRAG0035,0.011625666576756573,0.005628371628371629,1767.935,1388.208,23.870,49.864,0.5020125084330336,0.011725607725607726,Fragment
4075829.685,P49,FRAG0096,0.005528430479520476,0.005862803862803863,1379.942,1407.221,1.0438,1.8852,0.38984684937172637,0.0,Merge
4081214.407,P49,FRAG0095,0.011391234342324339,0.005862803862803863,1755.971,1407.221,1.7312,3.6123,0.7269379412647088,0.0,Hit+Run
4089740.754,P49,FRAG0095,0.011391234342324339,0.005862803862803863,1755.971,1407.221,2.3891,4.9851,0.5836043204670396,0.0,Hit+Run
4090082.936,P49,FRAG0095,0.011391234342324339,0.005862803862803863,1755.971,1407.221,1.026,2.1408,0.8118167585379993,0.0,Graze+Merge
4091498.135,P49,FRAG0058,0.017254038205128202,0.0058498168498168504,2016.620,1406.181,14.160,32.868,0.31939037231107,0.017575424575424575,Fragment
4093143.039,P49,FRAG0097,0.005528430479520476,0.005858474858474859,1379.942,1406.874,2.2395,4.0444,0.941859124841393,0.0,Hit+Run
4093324.643,P49,FRAG0097,0.005528430479520476,0.005858474858474859,1379.942,1406.874,1.0517,1.8993,0.7736010255715832,0.0,Graze+Merge
4093843.203,P49,FRAG0092,0.011386905337995336,0.006097569097569098,1755.748,1425.758,14.627,30.635,0.42316673698076435,0.011956043956043957,Fragment
4093888.076,P49,FRAG0101,0.005528430479520478,0.0059780219780219785,1379.942,1416.379,1.169,2.1186,0.7526138007605381,0.0,Hit+Run
4094244.095,P49,FRAG0100,0.005528430479520478,0.0059780219780219785,1379.942,1416.379,1.3469,2.4410,0.6199157147173221,0.0,Hit+Run
4094991.711,P49,FRAG0100,0.005528430479520478,0.0059780219780219785,1379.942,1416.379,1.2593,2.2822,0.5750579385130516,0.0,Hit+Run
4100482.287,P49,FRAG0053,0.005528430479520478,0.0058498168498168504,1379.942,1406.181,19.128,34.535,0.9491761951767873,0.0,Hit+Run
4100487.677,P49,FRAG0053,0.005528430479520478,0.0058498168498168504,1379.942,1406.181,1.0504,1.8964,0.6507136741928945,0.0,Graze+Merge
4107895.984,P49,FRAG0099,0.01137824732933733,0.005858474858474859,1755.303,1406.874,3.7616,7.8462,0.6855401508307397,0.0,Hit+Run
4108703.273,P49,FRAG0099,0.01137824732933733,0.005858474858474859,1755.303,1406.874,0.9808,2.0458,0.9262840888188303,0.0,Perfect
4112342.606,P49,FRAG0059,0.01723672218781219,0.0058498168498168504,2015.945,1406.181,3.605,8.3655,0.5118615267270389,0.01099100899100899,Fragment
4129994.494,P49,FRAG0102,0.012095530046620048,0.01099100899100899,1791.439,1735.160,4.1405,9.4648,0.7841674734315977,0.0,Hit+Run
4130033.763,P49,FRAG0102,0.012095530046620048,0.01099100899100899,1791.439,1735.160,1.0528,2.4066,0.6939503695374136,0.0,Graze+Merge
4145893.56,P49,FRAG0100,0.02308653903762904,0.0059780219780219785,2222.184,1416.379,9.9411,25.102,0.5758584126772647,0.023536463536463537,Fragment
4165259.478,P49,FRAG0105,0.0055280974791874805,0.005884115884115884,1379.915,1408.924,4.2842,7.7428,0.27946254456258507,0.010940632700632702,Fragment
4169172.081,P49,FRAG0107,0.00552809747918748,0.005884115884115884,1379.915,1408.924,1.4103,2.5488,0.5597167677216649,0.0,Hit+Run
4171459.714,P49,FRAG0107,0.00552809747918748,0.005884115884115884,1379.915,1408.924,1.7796,3.2162,0.8257207761438422,0.0,Hit+Run
4171759.157,P49,FRAG0107,0.00552809747918748,0.005884115884115884,1379.915,1408.924,1.089,1.9681,0.48975217175645674,0.0,Merge
4175638.515,P49,FRAG0104,0.011412213363303364,0.005884115884115884,1757.048,1408.924,1.5513,3.2394,0.2995222206331025,0.0,Merge
4197517.738,P49,FRAG0098,0.017296329247419247,0.005858474858474859,2018.266,1406.874,5.2485,12.191,0.2631593251102354,0.017626373626373627,Fragment
4204871.396,P49,FRAG0109,0.00552843047952048,0.005875457875457875,1379.942,1408.232,1.6196,2.9263,0.4899775692873866,0.0,Merge
4210869.543,P49,FRAG0108,0.011403888354978355,0.005875457875457875,1756.621,1408.232,2.1686,4.5271,0.11389425883995669,0.006967365967365968,Fragment
4214105.588,E1,P332,0.2744794687912088,0.0024355585714285716,5071.819,1050.009,2.2057,13.253,0.8162195172425769,0.0,Merge
4229648.071,P49,FRAG0055,0.010311980263070262,0.0058498168498168504,1698.665,1406.181,7.1607,14.596,0.6062429054491982,0.010633366633366633,Graze+Frag
4239674.453,P49,FRAG0111,0.005528430479520478,0.006967365967365968,1379.942,1490.562,4.7572,8.8677,0.7283567088302987,0.0,Hit+Run
4240190.566,P49,FRAG0111,0.005528430479520478,0.006967365967365968,1379.942,1490.562,1.288,2.4009,0.9433399575854368,0.0,Hit+Run
4240918.098,P49,FRAG0112,0.005528430479520478,0.010633366633366633,1379.942,1716.132,1.5233,3.1094,0.4518133553829131,0.0,Hit+Run
4241050.158,P49,FRAG0112,0.005528430479520478,0.010633366633366633,1379.942,1716.132,1.0386,2.1200,0.7974592635406019,0.0,Graze+Merge
4270027.031,P49,FRAG0111,0.01616179711288711,0.006967365967365968,1973.136,1490.562,4.1416,9.5617,0.29964205050826676,0.0176003996003996,Fragment
4275857.005,P49,FRAG0110,0.005528763479853479,0.005875457875457875,1379.970,1408.232,5.3723,9.7070,0.9152774822429691,0.0,Hit+Run
4278227.023,P49,FRAG0103,0.005528763479853479,0.005884115884115884,1379.970,1408.924,10.822,19.559,0.7803635274199284,0.010741631701631702,Graze+Frag
4286048.851,P49,FRAG0114,0.005528763479853478,0.005866799866799867,1379.970,1407.540,3.6254,6.5489,0.8166917943770835,0.0,Hit+Run
4286756.793,E15,P372,0.11428,0.0024355585714285716,3787.191,1050.009,2.2909,10.053,0.7445667114450543,0.0,Merge
4288120.178,P49,FRAG0114,0.005528763479853478,0.005866799866799867,1379.970,1407.540,1.7094,3.0878,0.438321461321131,0.0,Merge
4294668.985,P49,FRAG0113,0.011395563346653346,0.005866799866799867,1756.193,1407.540,1.3697,2.8584,0.8594636959013682,0.0,Hit+Run
4307433.059,P49,FRAG0115,0.011395563346653346,0.005866799866799867,1756.193,1407.540,1.5078,3.1466,0.9469476967242422,0.0,Hit+Run
4307576.99,P49,FRAG0115,0.011395563346653346,0.005866799866799867,1756.193,1407.540,1.095,2.2851,0.9620464582875808,0.0,Hit+Run
4307602.517,P49,FRAG0115,0.011395563346653346,0.005866799866799867,1756.193,1407.540,1.0524,2.1962,0.9476693287107253,0.0,Hit+Run
4326325.744,P49,FRAG0110,0.011395563346653346,0.005875457875457875,1756.193,1408.232,5.5396,11.562,0.12342758038000147,0.016924482184482184,Fragment
4331936.183,P49,FRAG0115,0.005528763479853479,0.005866799866799867,1379.970,1407.540,2.0826,3.7620,0.5568870700701831,0.0,Hit+Run
4331975.259,P49,FRAG0115,0.005528763479853479,0.005866799866799867,1379.970,1407.540,0.9824,1.7746,0.5526295993593613,0.0,Perfect
4335540.297,P49,FRAG0118,0.011395563346653346,0.005871128871128872,1756.193,1407.886,3.147,6.5680,0.9452344930927675,0.0,Hit+Run
4339311.892,P49,FRAG0113,0.011395563346653346,0.005866799866799867,1756.193,1407.540,2.7023,5.6395,0.955551770409233,0.0,Hit+Run
4340333.613,P49,FRAG0113,0.011395563346653346,0.005866799866799867,1756.193,1407.540,1.2457,2.5996,0.9000416176028408,0.0,Hit+Run
4352837.97,P49,FRAG0118,0.011395563346653346,0.005871128871128872,1756.193,1407.886,1.6373,3.4171,0.9705998579397077,0.0,Hit+Run
4359115.673,P49,FRAG0113,0.011395563346653346,0.005866799866799867,1756.193,1407.540,2.007,4.1884,0.8022882385107843,0.0,Hit+Run
4362537.21,P49,FRAG0118,0.011395563346653346,0.005871128871128872,1756.193,1407.886,1.381,2.8822,0.5527096348924121,0.0,Merge
4389234.031,P49,FRAG0090,0.017266692217782216,0.006097569097569098,2017.113,1425.758,9.9372,23.127,0.6939173780253528,0.017836163836163835,Graze+Frag
4397434.149,P49,FRAG0101,0.0055280974791874805,0.0059780219780219785,1379.915,1416.379,24.578,44.543,0.6866772362170309,0.011488991008991008,Graze+Frag
4397610.845,P49,FRAG0122,0.005528097479187481,0.0059780219780219785,1379.915,1416.379,1.0493,1.9016,0.29199203785096456,0.0,Merge
4423103.26,P49,FRAG0091,0.01150611945720946,0.006097569097569098,1761.854,1425.758,10.711,22.488,0.8664976705975231,0.0,Hit+Run
4423195.264,P49,FRAG0091,0.01150611945720946,0.006097569097569098,1761.854,1425.758,1.0505,2.2055,0.9139209659584131,0.0,Hit+Run
4423275.836,P49,FRAG0091,0.01150611945720946,0.006097569097569098,1761.854,1425.758,1.0685,2.2433,0.2372270206164808,0.0,Merge
4463449.534,P49,FRAG0106,0.01760368855477856,0.005884115884115884,2030.151,1408.924,7.5932,17.728,0.4442740295119372,0.01796003996003996,Fragment
4463636.009,P49,FRAG0124,0.005527764478854481,0.005986679986679987,1379.887,1417.063,1.3262,2.4040,0.12925881738644,0.0,Merge
4463684.858,P49,FRAG0123,0.011514444465534467,0.005986679986679987,1762.279,1417.063,1.303,2.7312,0.8370896025738922,0.0,Hit+Run
4465167.538,P49,FRAG0125,0.011514444465534467,0.005986679986679987,1762.279,1417.063,1.1272,2.3627,0.9024958885649659,0.0,Hit+Run
4465327.845,P49,FRAG0125,0.011514444465534467,0.005986679986679987,1762.279,1417.063,1.0526,2.2064,0.4015280811180821,0.0,Merge
4465999.512,P49,FRAG0123,0.017501124452214453,0.005986679986679987,2026.200,1417.063,1.2673,2.9571,0.7939415113821896,0.0,Hit+Run
4466437.808,P49,FRAG0119,0.017501124452214453,0.005945387945387945,2026.200,1413.797,6.3517,14.815,0.522277064153703,0.022270975690975692,Fragment
4466444.184,P49,FRAG0128,0.00552843047952048,0.0059726939726939725,1379.942,1415.958,1.186,2.1490,0.19115547022568974,0.0,Merge
4467298.348,P49,FRAG0120,0.011501124452214451,0.005945387945387945,1761.599,1413.797,4.1329,8.6550,0.032398285238224835,0.011918081918081918,Fragment
4475054.79,P49,FRAG0129,0.005528430479520478,0.005959040959040959,1379.942,1414.879,1.2546,2.2724,0.5164623524842745,0.0,Hit+Run
4482360.789,P49,FRAG0129,0.005528430479520478,0.005959040959040959,1379.942,1414.879,1.5059,2.7276,0.9056359913256753,0.0,Hit+Run
4482844.408,P49,P725,0.005528430479520478,0.0024355585714285716,1379.942,1050.009,90.547,146.45,0.5857204953147447,0.007963356643356644,Graze+Frag
4734067.803,P114,P513,0.0024355585714285716,0.0024355585714285716,1050.009,1050.009,2.1779,2.9634,0.7595,0.0,Hit+Run
4856117.401,E0,P638,0.6319011238228437,0.0024355585714285716,6696.947,1050.009,2.4398,19.724,0.8579781821149972,0.0,Merge
5062545.768,P157,P630,0.004871128871128871,0.0024355585714285716,1322.930,1050.009,17.376,27.242,0.5800858919548298,0.0,Graze+Frag
5139458.616,M0,FRAG0018,0.01755443969030969,0.005581751581751582,2028.256,1384.365,22.273,51.813,0.9671094900580828,0.0,Hit+Run
5180997.097,M0,FRAG0126,0.01755443969030969,0.0059726939726939725,2028.256,1415.958,41.541,97.002,0.9517016133295715,0.0,Hit+Run
5188617.395,M0,FRAG0129,0.01755443969030969,0.005959040959040959,2028.256,1414.879,33.835,78.996,0.9975353630364147,0.0,Hit+Run
5189105.441,M0,FRAG0129,0.01755443969030969,0.005959040959040959,2028.256,1414.879,1.176,2.7456,0.6643559598632741,0.0,Hit+Run
5194207.908,M0,FRAG0129,0.01755443969030969,0.005959040959040959,2028.256,1414.879,4.8286,11.273,0.6230619779636328,0.012428238428238429,Graze+Frag
5194357.016,M0,FRAG0131,0.011085242221112221,0.006214119214119214,1740.105,1434.785,1.187,2.4754,0.3267673846925963,0.0,Merge
5195017.266,M0,FRAG0132,0.017299361435231433,0.006214119214119214,2018.384,1434.785,2.9383,6.8501,0.8372989281252631,0.0,Hit+Run
5195017.297,M0,FRAG0132,0.017299361435231433,0.006214119214119214,2018.384,1434.785,1.0553,2.4602,0.9829567940162338,0.0,Hit+Run
5195311.618,M0,FRAG0132,0.017299361435231433,0.006214119214119214,2018.384,1434.785,1.0697,2.4938,0.734134348150318,0.0,Graze+Merge
5232907.435,M0,FRAG0113,0.023513480649350646,0.005866799866799867,2235.799,1407.540,17.417,44.189,0.5519325512764052,0.023852147852147853,Fragment
5232977.096,M0,FRAG0134,0.00552813266400266,0.005963036963036963,1379.918,1415.195,1.3965,2.5297,0.19767328237387857,0.0,Merge
5236429.89,M0,FRAG0117,0.011491169627039624,0.005871128871128872,1761.091,1407.886,14.601,30.535,0.675321267579667,0.011834165834165834,Graze+Frag
5236463.702,M0,FRAG0137,0.0055281326640026635,0.005917082917082917,1379.918,1411.550,1.1217,2.0292,0.9147158522850622,0.0,Hit+Run
5245873.002,M0,FRAG0138,0.0055281326640026635,0.005917082917082917,1379.918,1411.550,3.1183,5.6411,0.24573349014856488,0.010223676323676323,Fragment
5245956.37,M0,FRAG0139,0.0055281326640026635,0.005917082917082917,1379.918,1411.550,1.0113,1.8295,0.9950945799015513,0.0,Graze+Merge
5251579.206,M0,FRAG0121,0.01144521558108558,0.005945387945387945,1758.740,1413.797,21.431,44.828,0.5355155364585934,0.011862137862137863,Fragment
5272600.775,M0,FRAG0116,0.005528465664335663,0.005884115884115884,1379.945,1408.924,21.809,39.416,0.7936172137950055,0.011308784548784548,Graze+Frag
5272640.006,M0,FRAG0142,0.005528465664335662,0.005884115884115884,1379.945,1408.924,1.0518,1.9009,0.6018804033045979,0.0,Graze+Merge
5273736.9,M0,FRAG0130,0.011412581548451546,0.005959040959040959,1757.067,1414.879,9.2194,19.276,0.6450075556694238,0.011842823842823843,Graze+Frag
5288103.489,M0,FRAG0144,0.0055287986646686636,0.005921411921411921,1379.973,1411.894,3.4781,6.2930,0.3953277180993319,0.010203223443223443,Fragment
5291011.296,P5,FRAG0137,0.05200397841158839,0.005917082917082917,2912.992,1411.550,9.5676,31.283,0.9969886484303242,0.0,Hit+Run
5302394.043,M0,FRAG0123,0.005528798664668664,0.005986679986679987,1379.973,1417.063,14.507,26.298,0.8811092176265279,0.0,Hit+Run
5302834.809,M0,FRAG0123,0.005528798664668664,0.005986679986679987,1379.973,1417.063,1.1589,2.1008,0.5488246227043786,0.0,Hit+Run
5302842.216,M0,FRAG0123,0.005528798664668664,0.005986679986679987,1379.973,1417.063,1.0553,1.9130,0.7877143047553137,0.0,Graze+Merge
5304011.875,P5,FRAG0137,0.05200397841158839,0.005917082917082917,2912.992,1411.550,2.103,6.8761,0.7085550701194906,0.0,Hit+Run
5304650.273,P5,FRAG0137,0.05200397841158839,0.005917082917082917,2912.992,1411.550,1.1339,3.7074,0.8188900073621682,0.0,Hit+Run
5309413.551,P5,FRAG0145,0.05200397841158839,0.005921411921411921,2912.992,1411.894,4.5421,14.851,0.0873583798028769,0.01877022977022977,Fragment
5310143.34,P5,FRAG0146,0.03915516056277053,0.006256743256743257,2650.067,1438.058,2.4057,7.1634,0.1490292717223318,0.006746919746919747,Fragment
5320002.122,P5,FRAG0133,0.03866498407259405,0.005963036963036963,2638.961,1415.195,14.425,42.761,0.7843024153157404,0.02896936396936397,Graze+Frag
5320047.753,P5,FRAG0154,0.01565865706626704,0.005793872793872794,1952.444,1401.684,1.1314,2.5563,0.8972517812531949,0.0,Hit+Run
5320641.99,P5,FRAG0154,0.01565865706626704,0.005793872793872794,1952.444,1401.684,1.7088,3.8609,0.8158157333763804,0.0,Hit+Run
5321070.456,P5,FRAG0152,0.01565865706626704,0.005793872793872794,1952.444,1401.684,1.0239,2.3134,0.5363486384109859,0.0,Merge
5321167.069,P5,FRAG0153,0.021452529860139832,0.005793872793872794,2168.469,1401.684,1.4387,3.5509,0.6451071146536485,0.0,Hit+Run
5321636.109,P5,FRAG0150,0.021452529860139832,0.005793872793872794,2168.469,1401.684,1.8432,4.5492,0.5912925111715722,0.0,Merge
5329453.644,P5,FRAG0153,0.027246402654012625,0.005793872793872794,2348.354,1401.684,2.2443,5.9517,0.34179162043999367,0.005904428904428904,Fragment
5334121.911,P5,FRAG0154,0.027135846543456514,0.005793872793872794,2345.173,1401.684,3.0389,8.0488,0.5476034774062482,0.006633366633366633,Fragment
5334208.62,P5,FRAG0156,0.026296685704295674,0.006633033633033633,2320.745,1466.328,1.0997,2.8971,0.8363590321867348,0.0,Hit+Run
5335604.341,P5,FRAG0151,0.026296685704295674,0.005793872793872794,2320.745,1401.684,4.1202,10.808,0.8202720099559383,0.0,Hit+Run
5335860.585,P5,FRAG0156,0.026296685704295674,0.006633033633033633,2320.745,1466.328,1.8932,4.9876,0.8182812248526868,0.0,Hit+Run
5335992.037,P5,FRAG0156,0.026296685704295674,0.006633033633033633,2320.745,1466.328,1.0604,2.7936,0.868408839765403,0.0,Hit+Run
5337644.213,P5,FRAG0155,0.026296685704295674,0.005904428904428904,2320.745,1410.543,3.1051,8.1496,0.9154137473069309,0.0,Hit+Run
5337703.568,M0,FRAG0156,0.011515478651348651,0.006633033633033633,1762.332,1466.328,11.657,24.693,0.7381395256441482,0.01754691308691309,Graze+Frag
5339641.794,M0,FRAG0158,0.0055291316650016645,0.00630969030969031,1380.001,1442.103,1.2248,2.2412,0.9079209625191662,0.0,Hit+Run
5340911.282,M0,FRAG0143,0.0055291316650016645,0.005921411921411921,1380.001,1411.894,2.0208,3.6563,0.8084084112874587,0.0,Hit+Run
5342909.765,P5,FRAG0137,0.026296685704295674,0.005917082917082917,2320.745,1411.550,1.5121,3.9689,0.5165923068929927,0.0,Merge
5353988.472,P5,FRAG0155,0.03221376862137859,0.005904428904428904,2483.177,1410.543,1.4165,3.9596,0.6234535515675536,0.0,Merge
5354039.834,P5,FRAG0151,0.038118197525807494,0.005793872793872794,2626.463,1401.684,4.4945,13.258,0.9328558517264995,0.0,Hit+Run
5354053.113,P5,FRAG0151,0.038118197525807494,0.005793872793872794,2626.463,1401.684,1.0433,3.0775,0.9162291485608982,0.0,Hit+Run
5354060.365,P5,FRAG0151,0.038118197525807494,0.005793872793872794,2626.463,1401.684,1.0464,3.0866,0.8945818330668607,0.0,Hit+Run
5354239.511,P5,FRAG0151,0.038118197525807494,0.005793872793872794,2626.463,1401.684,1.0598,3.1262,0.31675499599408224,0.0,Merge
5359250.78,P5,FRAG0141,0.04391207031968029,0.005931068931068931,2753.310,1412.661,11.042,34.125,0.40361447210623097,0.04431568431568433,Fragment
5359278.356,P5,FRAG0165,0.005527454935064895,0.00553946053946054,1379.861,1380.860,1.2506,2.2370,0.6139279193149303,0.0,Hit+Run
5359694.231,P5,FRAG0165,0.005527454935064895,0.00553946053946054,1379.861,1380.860,2.1692,3.8802,0.8580895969061894,0.0,Hit+Run
5359694.795,P5,FRAG0159,0.005527454935064895,0.00553946053946054,1379.861,1380.860,1.3587,2.4304,0.1469468438317915,0.0,Merge
5360308.82,P5,FRAG0148,0.011066915474525435,0.006256743256743257,1739.146,1438.058,4.6785,9.7602,0.3300168584583211,0.011796203796203797,Fragment
5361631.963,P5,FRAG0167,0.005527454935064893,0.005898101898101899,1379.861,1410.039,2.5329,4.5795,0.6326815987307802,0.0,Hit+Run
5361724.633,P5,FRAG0167,0.005527454935064893,0.005898101898101899,1379.861,1410.039,1.5169,2.7425,0.580403264626775,0.0,Hit+Run
5363936.44,P5,FRAG0168,0.005527454935064893,0.005898101898101899,1379.861,1410.039,6.9955,12.647,0.9612882702416702,0.0,Hit+Run
5364161.861,P5,FRAG0160,0.005527454935064893,0.00553946053946054,1379.861,1380.860,2.327,4.1625,0.9097209199259991,0.0,Hit+Run
5366459.276,P5,FRAG0163,0.005527454935064893,0.00553946053946054,1379.861,1380.860,2.5198,4.5073,0.8393963589493559,0.0,Hit+Run
5368154.224,P5,FRAG0135,0.005527454935064893,0.005963036963036963,1379.861,1415.195,7.9696,14.436,0.8629020503206837,0.0,Hit+Run
5368157.8,P5,FRAG0135,0.005527454935064893,0.005963036963036963,1379.861,1415.195,1.0455,1.8938,0.19687930526225103,0.0,Merge
5368661.521,P5,FRAG0160,0.011490491898101855,0.00553946053946054,1761.056,1380.860,6.2483,12.996,0.5523766508939093,0.011502497502497502,Fragment
5369248.387,P5,FRAG0170,0.005527454935064895,0.005751248751248751,1379.861,1398.238,1.2566,2.2620,0.8269931587960236,0.0,Hit+Run
5369674.187,P5,FRAG0168,0.005527454935064895,0.005898101898101899,1379.861,1410.039,4.8581,8.7835,0.8466419330107486,0.0,Hit+Run
5370622.574,M0,FRAG0167,0.0055291316650016645,0.005898101898101899,1380.001,1410.039,3.7832,6.8404,0.2552223156556329,0.010769270729270728,Fragment
5370626.328,M0,FRAG0171,0.005529131665001664,0.005898101898101899,1380.001,1410.039,1.064,1.9238,0.5831533142596729,0.0,Graze+Merge
5376380.516,P5,FRAG0165,0.005527454935064895,0.00553946053946054,1379.861,1380.860,1.9763,3.5351,0.3684667118122336,0.0,Merge
5376796.67,P5,FRAG0162,0.011066915474525435,0.00553946053946054,1739.146,1380.860,3.7511,7.7317,0.47430655644940134,0.01107892107892108,Fragment
5377358.977,P5,FRAG0164,0.005527454935064895,0.00553946053946054,1379.861,1380.860,3.8342,6.8585,0.8812312257137128,0.0,Hit+Run
5377599.365,M0,FRAG0168,0.011427233563103562,0.005898101898101899,1757.819,1410.039,6.0041,12.544,0.765195974446894,0.0062851148851148855,Graze+Frag
5377631.062,M0,FRAG0174,0.011040287176157175,0.006285048285048286,1737.750,1440.224,1.0132,2.1135,0.8171538194794583,0.0,Graze+Merge
5379001.482,M0,P5,0.01732533546120546,0.005527454935064895,2019.394,1379.861,1.7804,4.1243,0.03433721416019766,0.0,Merge
5380047.774,M0,FRAG0140,0.022852790396270355,0.005931068931068931,2214.659,1412.661,10.763,27.089,0.8545251880892992,0.005952047952047952,Graze+Frag
5380054.552,M0,FRAG0175,0.022831811375291333,0.005952047952047952,2213.981,1414.325,1.0508,2.6442,0.9814406415396607,0.0,Hit+Run
5383194.677,M0,FRAG0161,0.022831811375291333,0.00553946053946054,2213.981,1380.860,3.7992,9.5356,0.684978777883052,0.0,Hit+Run
5383219.394,E1,P847,0.2769150273626374,0.0024355585714285716,5086.776,1050.009,4.6622,28.102,0.9576271080625016,0.0,Hit+Run
5383692.986,M0,FRAG0161,0.022831811375291333,0.00553946053946054,2213.981,1380.860,1.118,2.8060,0.3102790040437705,0.0,Merge
5388374.972,M0,FRAG0158,0.028371271914751875,0.00630969030969031,2380.236,1442.103,3.6368,9.7871,0.3264282803762946,0.01735964035964036,Fragment
5390640.668,M0,FRAG0178,0.01732132186480182,0.005786546786546787,2019.238,1401.093,1.0421,2.4199,0.5425438870912895,0.0,Merge
5392176.921,M0,FRAG0175,0.023107868651348607,0.005952047952047952,2222.868,1414.325,2.9341,7.4096,0.5331666760825176,0.006828837828837829,Fragment
5392446.607,M0,FRAG0179,0.02223107877455873,0.006828837828837829,2194.391,1480.617,1.0503,2.6386,0.9463029036686813,0.0,Hit+Run
5392563.283,M0,FRAG0172,0.02223107877455873,0.00553946053946054,2194.391,1380.860,1.6062,3.9994,0.8900929759321361,0.0,Hit+Run
5392612.165,M0,FRAG0172,0.02223107877455873,0.00553946053946054,2194.391,1380.860,1.0894,2.7125,0.41325306902158826,0.0,Merge
5392827.256,M0,FRAG0176,0.027770539314019273,0.005786546786546787,2363.316,1401.093,1.4347,3.8270,0.6023792654524058,0.0,Merge
5392916.62,M0,FRAG0179,0.03355708610056606,0.006828837828837829,2517.224,1480.617,1.2478,3.5432,0.6744766448142523,0.0,Hit+Run
5395206.453,M0,FRAG0179,0.03355708610056606,0.006828837828837829,2517.224,1480.617,1.4377,4.0825,0.7207556154955886,0.0,Hit+Run
5395483.429,M0,FRAG0179,0.03355708610056606,0.006828837828837829,2517.224,1480.617,1.3079,3.7139,0.8348474452569242,0.0,Hit+Run
5397620.988,M0,FRAG0179,0.03355708610056606,0.006828837828837829,2517.224,1480.617,1.2819,3.6401,0.27244776345325517,0.0,Merge
5398724.205,M0,FRAG0177,0.04038592392940389,0.005786546786546787,2677.547,1401.093,1.0786,3.2422,0.8645846470075803,0.0,Hit+Run
5401284.043,M0,FRAG0147,0.04038592392940389,0.006256743256743257,2677.547,1438.058,3.2514,9.7791,0.9260412449575424,0.0,Hit+Run
5401430.068,M0,FRAG0164,0.04038592392940389,0.00553946053946054,2677.547,1380.860,3.6505,10.971,0.26878346645380846,0.012664202464202464,Fragment
5402523.719,M0,FRAG0166,0.03326138180486177,0.00553946053946054,2509.808,1380.860,1.9623,5.5364,0.7992592368058122,0.0,Hit+Run
5402813.496,M0,FRAG0147,0.03326138180486177,0.006256743256743257,2509.808,1438.058,1.3632,3.8533,0.8885707647776722,0.0,Hit+Run
5402844.935,M0,FRAG0147,0.03326138180486177,0.006256743256743257,2509.808,1438.058,1.048,2.9623,0.4104323429494635,0.0,Merge
5402941.013,M0,FRAG0180,0.03951812506160503,0.006332001332001332,2658.230,1443.801,1.4713,4.3947,0.7611733531649215,0.0,Hit+Run
5402945.132,M0,FRAG0180,0.03951812506160503,0.006332001332001332,2658.230,1443.801,1.1146,3.3292,0.26044233835942615,0.0,Merge
5403087.764,M0,FRAG0166,0.04585012639360636,0.00553946053946054,2793.234,1380.860,0.9898,3.1028,0.7118102864663967,0.0,Perfect
5408349.701,E3,FRAG0004,0.5164316091874792,0.007383616383616383,6261.304,1519.673,1.3941,10.219,0.4742865126702215,0.0,Merge
5411915.217,M0,FRAG0169,0.0513895869330669,0.005751248751248751,2901.475,1398.238,4.435,14.444,0.960317315204101,0.0,Hit+Run
5412726.533,M0,FRAG0169,0.0513895869330669,0.005751248751248751,2901.475,1398.238,1.1161,3.6350,0.9578880113359717,0.0,Hit+Run
5413658.714,M0,FRAG0169,0.0513895869330669,0.005751248751248751,2901.475,1398.238,1.0406,3.3891,0.10682188953468427,0.0,Merge
5415659.045,M0,FRAG0136,0.057140835684315654,0.005963036963036963,3005.910,1415.195,5.0306,16.980,0.6503245074019255,0.010028971028971028,Fragment
5415707.715,M0,FRAG0163,0.05307490161838159,0.00553946053946054,2932.852,1380.860,1.8544,6.1071,0.44043311949341235,0.0,Merge
5417891.379,M0,FRAG0170,0.05861436215784213,0.005751248751248751,3031.529,1398.238,1.6585,5.6481,0.4791162739040759,0.0,Merge
5421351.028,M0,FRAG0157,0.06436561090909088,0.00630969030969031,3127.604,1442.103,2.9862,10.492,0.9652389735393219,0.0,Hit+Run
5421390.157,M0,FRAG0157,0.06436561090909088,0.00630969030969031,3127.604,1442.103,1.0471,3.6790,0.9868666779737276,0.0,Hit+Run
5436407.748,M0,FRAG0173,0.06436561090909088,0.00553946053946054,3127.604,1380.860,4.1718,14.676,0.9889648354454688,0.0,Hit+Run
5437843.407,M0,FRAG0173,0.06436561090909088,0.00553946053946054,3127.604,1380.860,1.5297,5.3815,0.672559910188259,0.0,Merge
5451976.935,M0,FRAG0177,0.06990507144855142,0.005786546786546787,3214.869,1401.093,1.9946,7.2161,0.9007418890431398,0.0,Hit+Run
5452173.051,M0,FRAG0177,0.06990507144855142,0.005786546786546787,3214.869,1401.093,1.0391,3.7593,0.5198436139965975,0.0,Merge
5457401.291,M0,FRAG0181,0.07569161823509821,0.006332001332001332,3301.235,1443.801,3.3186,12.327,0.5830165666144418,0.0060189810189810195,Fragment
5457557.432,M0,FRAG0183,0.07600463854811852,0.0060189810189810195,3305.779,1419.607,1.092,4.0647,0.8615310802980696,0.0,Hit+Run
5458097.159,M0,FRAG0183,0.07600463854811852,0.0060189810189810195,3305.779,1419.607,1.009,3.7557,0.6843977717057259,0.0,Merge
5462178.556,M0,FRAG0157,0.08202361956709954,0.00630969030969031,3390.836,1442.103,2.2471,8.5829,0.616995320840526,0.0,Merge
5463290.374,P104,P830,0.0024355585714285716,0.0024355585714285716,1050.009,1050.009,12.329,16.776,0.708,0.0,Graze+Frag
5498849.401,E0,P351,0.6343366823942722,0.0024355585714285716,6705.540,1050.009,2.2849,18.497,0.5868985030176412,0.0,Merge
5621236.633,E9,P857,0.08137555857142859,0.0024355585714285716,3381.882,1050.009,2.2604,8.7821,0.8047427577922626,0.0,Hit+Run
5659260.369,E8,P444,0.11951678987678988,0.0024355585714285716,3844.178,1050.009,2.6985,12.034,0.6528725191050148,0.0,Merge
5694026.24,P281,FRAG0126,0.0024355585714285716,0.0059726939726939725,1050.009,1415.958,36.703,60.551,0.5866674748355472,0.0,Graze+Frag
5716573.827,M0,FRAG0143,0.08833330987678985,0.005921411921411921,3475.644,1411.894,2.2624,8.8763,0.8332235488304456,0.0,Hit+Run
5843097.799,M0,FRAG0182,0.08833330987678985,0.010028971028971028,3475.644,1682.981,4.0589,15.834,0.5537583632851145,0.017535464535464534,Fragment
5843162.758,M0,FRAG0186,0.08082681637029634,0.0058451548451548445,3374.263,1405.807,1.0637,4.0466,0.7898341807987922,0.0,Hit+Run
5844024.791,M0,FRAG0184,0.08082681637029634,0.0058451548451548445,3374.263,1405.807,1.5608,5.9378,0.9033432846261635,0.0,Hit+Run
5846093.96,M0,FRAG0186,0.08082681637029634,0.0058451548451548445,3374.263,1405.807,1.0732,4.0828,0.5357799117224804,0.0,Merge
5847066.632,M0,FRAG0185,0.08667197121545119,0.0058451548451548445,3453.716,1405.807,1.1702,4.5617,0.7360121975766926,0.0,Hit+Run
5848029.107,M0,FRAG0185,0.08667197121545119,0.0058451548451548445,3453.716,1405.807,1.444,5.6290,0.7748170121650348,0.0,Hit+Run
5848167.872,M0,FRAG0185,0.08667197121545119,0.0058451548451548445,3453.716,1405.807,1.0533,4.1060,0.334460544785237,0.0,Merge
5871409.423,M0,FRAG0184,0.09251712606060603,0.0058451548451548445,3529.673,1405.807,1.7837,7.1142,0.6078170615031883,0.0,Merge
6049371.194,P306,P579,0.0024355585714285716,0.0024355585714285716,1050.009,1050.009,4.034,5.4890,0.4648,0.0,Merge
6050871.806,E8,P525,0.12195234844821845,0.0024355585714285716,3870.115,1050.009,1.5453,6.9417,0.4808417285826541,0.0,Merge
6056374.944,P38,P489,0.0024355585714285716,0.0024355585714285716,1050.009,1050.009,15.944,21.695,0.80485,0.0,Graze+Frag
6264543.486,E0,P175,0.6367722409657007,0.0024355585714285716,6714.111,1050.009,2.0758,16.827,0.7295126152372394,0.0,Merge
6343550.199,M0,FRAG0018,0.09836228090576087,0.005581751581751582,3602.494,1384.365,13.097,53.423,0.8752567182330064,0.0,Hit+Run
6345126.932,M0,FRAG0018,0.09836228090576087,0.005581751581751582,3602.494,1384.365,1.2442,5.0749,0.6708182474010975,0.0,Merge
6397359.12,E11,P764,0.020565714285714288,0.0024355585714285716,2138.167,1050.009,5.52,13.246,0.5967489612583043,0.006693639693639694,Fragment
6471711.44,E11,P421,0.016307633163503164,0.0024355585714285716,1979.053,1050.009,2.6625,5.9171,0.8985590165793187,0.0,Hit+Run
7032430.0,E3,P228,0.5238152255710956,0.0024355585714285716,6291.003,1050.009,1.6665,12.606,0.6330412440322414,0.0,Merge
7283081.243,M0,FRAG0127,0.10394403248751245,0.0059726939726939725,3669.388,1415.958,5.3031,22.027,0.5022786484710725,0.015316017316017318,Fragment
7283141.969,M0,FRAG0189,0.09460070914418911,0.007658008658008659,3555.974,1538.269,1.0637,4.2578,0.5061471452247968,0.0,Merge
7283524.885,M0,FRAG0188,0.10225871780219777,0.007658008658008659,3649.449,1538.269,1.0781,4.4336,0.8912370269488881,0.0,Hit+Run
7283554.536,M0,FRAG0188,0.10225871780219777,0.007658008658008659,3649.449,1538.269,1.0491,4.3143,0.8917998098216953,0.0,Hit+Run
7283687.455,M0,FRAG0188,0.10225871780219777,0.007658008658008659,3649.449,1538.269,1.0434,4.2909,0.6900421499204077,0.0,Merge
7349353.049,E0,P692,0.6392077995371293,0.0024355585714285716,6722.660,1050.009,2.9519,23.961,0.3606674826112197,0.0,Merge
7425703.579,P306,P145,0.004871117142857143,0.0024355585714285716,1322.929,1050.009,11.705,18.351,0.8426155749554582,0.0,Graze+Frag
7623374.002,E3,P677,0.5262507841425241,0.0024355585714285716,6300.738,1050.009,1.7501,13.260,0.6967821565922321,0.0,Merge
7798823.489,E0,FRAG0020,0.6416433581085578,0.005581751581751582,6731.188,1384.365,2.9755,23.740,0.8793492441136213,0.0,Hit+Run
7946028.683,P71,FRAG0016,0.0024355585714285716,0.005581751581751582,1050.009,1384.365,12.426,20.147,0.3134879116920977,0.007993759573759574,Fragment
7998713.465,E0,E1,0.6416433581085578,0.2769150273626374,6731.188,5086.776,1.0551,8.3106,0.6681085806442694,0.02077791541791542,Graze+Merge
8137821.625,P121,P187,0.0024355585714285716,0.0024355585714285716,1050.009,1050.009,13.748,18.707,0.37845,0.02077791541791542,Merge
8221257.468,E0,P379,0.9185583854711952,0.0024355585714285716,7586.290,1050.009,2.9507,27.223,0.40662016112194005,0.0,Merge
8310852.543,E0,P51,0.9209939440426237,0.0024355585714285716,7592.989,1050.009,1.6615,15.343,0.5946656183878177,0.0,Merge
8565925.797,P281,P157,0.00840825840825841,0.0073066933066933066,1586.947,1514.377,25.750,51.787,0.20831299924053992,0.010187146187146187,Fragment
8617144.799,P281,FRAG0190,0.00552780552780553,0.010187146187146187,1379.890,1691.783,1.1055,2.2340,0.5555189437203287,0.0,Graze+Merge
9122311.917,P288,P784,0.0024355585714285716,0.0024355585714285716,1050.009,1050.009,15.772,21.461,0.68555,0.0,Graze+Frag
9208134.876,E15,P509,0.11671555857142858,0.0024355585714285716,3813.907,1050.009,2.5888,11.447,0.6960656086442333,0.0,Merge
9314588.876,P179,P498,0.0024355585714285716,0.0024355585714285716,1050.009,1050.009,53.568,72.890,0.79075,0.0,Graze+Frag
9587812.318,P252,P857,0.0024355585714285716,0.0024355585714285716,1050.009,1050.009,11.644,15.844,0.77045,0.0,Graze+Frag
9795991.191,P283,P499,0.0024355585714285716,0.0024355585714285716,1050.009,1050.009,8.9108,12.124,0.76405,0.0,Graze+Frag
9993798.259,P120,P154,0.0024355585714285716,0.0024355585714285716,1050.009,1050.009,18.740,25.500,0.64995,0.0,Graze+Frag
10241073.677,E8,P217,0.12438790701964703,0.0024355585714285716,3895.709,1050.009,2.6751,12.102,0.6912007837489138,0.0,Merge
10496477.531,E3,P507,0.5286863427139527,0.0024355585714285716,6310.443,1050.009,3.8456,29.185,0.7775256398709001,0.0,Merge
10528334.991,E6,P194,0.08018000000000002,0.0024355585714285716,3365.238,1050.009,2.3812,9.2025,0.37941597092668433,0.0,Merge
10904930.537,P282,P297,0.0024355585714285716,0.0024355585714285716,1050.009,1050.009,3.1414,4.2744,0.88875,0.0,Hit+Run
11022533.852,P309,P396,0.0024355585714285716,0.0024355585714285716,1050.009,1050.009,9.0024,12.249,0.74745,0.0,Graze+Frag
11157199.829,E0,M1,0.9234295026140522,0.03298698366633366,7599.676,2502.887,3.4843,30.288,0.11170945511149583,0.026176490176490177,Fragment
11177989.959,P101,P637,0.0024355585714285716,0.0024355585714285716,1050.009,1050.009,12.313,16.754,0.8755,0.0,Hit+Run
11180911.174,M0,FRAG0149,0.10991672646020642,0.006746919746919747,3738.365,1474.672,3.1694,13.395,0.4025185354586649,0.006797542457542457,Fragment
11183653.17,M0,FRAG0195,0.10986611040959038,0.006797535797535797,3737.791,1478.351,1.2875,5.4399,0.7635892557526553,0.0,Hit+Run
11183797.628,M0,FRAG0195,0.10986611040959038,0.006797535797535797,3737.791,1478.351,1.0343,4.3701,0.8402634771917827,0.0,Graze+Merge
11278309.882,E0,FRAG0193,0.9302399961038957,0.006544122544122544,7618.313,1459.747,1.3015,11.812,0.4978137651792476,0.0,Merge
11346378.215,P26,FRAG0009,0.0024355585714285716,0.005876789876789877,1050.009,1408.339,10.837,17.804,0.24409904499455048,0.0,Fragment
11368825.665,E0,FRAG0194,0.9367841186480182,0.006544122544122544,7636.136,1459.747,1.2006,10.923,0.05750682039139322,0.0,Merge
11370593.072,M0,P281,0.11666364620712617,0.015714951714951717,3813.341,1954.781,25.669,109.86,0.9849159335598044,0.0,Hit+Run
11371701.618,M0,P281,0.11666364620712617,0.015714951714951717,3813.341,1954.781,2.0726,8.8708,0.79511235957335,0.010187146187146187,Hit+Run+Frag
11371915.467,M0,P281,0.11666364620712619,0.005527805527805528,3813.341,1379.890,1.2128,5.2559,0.7209264581731968,0.0,Merge
11371923.372,M0,FRAG0196,0.12219145173493172,0.010187146187146187,3872.642,1691.783,1.0342,4.5067,0.7258213620592774,0.0,Graze+Merge
11379682.686,M0,FRAG0143,0.1323785979220779,0.005921411921411921,3977.404,1411.894,3.8994,17.648,0.8147728550554725,0.0,Hit+Run
11379895.978,M0,FRAG0143,0.1323785979220779,0.005921411921411921,3977.404,1411.894,1.1966,5.4156,0.7743294198588783,0.0,Hit+Run
11383769.161,M0,FRAG0143,0.1323785979220779,0.005921411921411921,3977.404,1411.894,1.847,8.3592,0.7602332590513063,0.0,Hit+Run
11394124.758,M0,FRAG0143,0.1323785979220779,0.005921411921411921,3977.404,1411.894,6.8188,30.861,0.6935901532437799,0.010958874458874458,Fragment
11400453.26,M0,FRAG0197,0.12734130188478188,0.01095870795870796,3926.301,1733.459,2.2929,10.126,0.6953870859857785,0.0,Hit+Run
11400770.456,M0,FRAG0197,0.12734130188478188,0.01095870795870796,3926.301,1733.459,1.1051,4.8805,0.9773851411067072,0.0,Hit+Run
11401116.0,M0,FRAG0197,0.12734130188478188,0.01095870795870796,3926.301,1733.459,1.1999,5.2992,0.6787377543181221,0.0,Merge
11477729.65,E8,P816,0.1268234655910756,0.0024355585714285716,3920.971,1050.009,5.4258,24.718,0.992827484243021,0.0,Hit+Run
11623381.866,E3,E8,0.5311219012853812,0.1268234655910756,6320.119,3920.971,1.6024,11.474,0.9587784174911314,0.0,Hit+Run
12133231.842,E0,P237,0.9433282411921408,0.0024355585714285716,7653.876,1050.009,3.6915,34.379,0.7968788449860396,0.0,Merge
12683437.458,P279,P513,0.0024355585714285716,0.0024355585714285716,1050.009,1050.009,24.940,33.936,0.4901,0.0,Merge
12894562.18,E3,P53,0.5311219012853812,0.0024355585714285716,6320.119,1050.009,4.1842,31.807,0.8145693447614053,0.0,Merge
13315186.333,E8,P26,0.1268234655910756,0.008312354312354312,3920.971,1580.890,3.6098,15.983,0.9676533079784162,0.0,Hit+Run
13500916.484,P36,FRAG0002,0.0024355585714285716,0.007509157509157509,1050.009,1528.237,4.6618,8.1798,0.2901300177983946,0.009177262737262737,Fragment
13534503.514,P26,P678,0.008312354312354312,0.0024355585714285716,1580.890,1050.009,6.9617,12.571,0.09626311961412698,0.01052936396936397,Fragment
14036804.207,E3,P500,0.5335574598568097,0.0024355585714285716,6329.764,1050.009,1.3059,9.9431,0.883792523852564,0.0,Hit+Run
14444940.874,E3,P628,0.5335574598568097,0.0024355585714285716,6329.764,1050.009,2.3848,18.157,0.8257250220427634,0.0,Merge
15756365.137,E9,P331,0.08137555857142859,0.0024355585714285716,3381.882,1050.009,3.0063,11.680,0.8126787758854158,0.0,Hit+Run
15962102.857,P14,P70,0.0024355585714285716,0.0024355585714285716,1050.009,1050.009,32.973,44.866,0.99375,0.0,Hit+Run
16242937.014,P126,P694,0.0024355585714285716,0.0024355585714285716,1050.009,1050.009,14.784,20.116,0.5934,0.0,Graze+Frag
16598233.97,E0,P859,0.9457637997635693,0.0024355585714285716,7660.458,1050.009,1.6467,15.349,0.822201783102768,0.0,Merge
16740980.386,P202,P438,0.0024355585714285716,0.0024355585714285716,1050.009,1050.009,14.221,19.350,0.7123,0.0,Graze+Frag
17597872.187,P306,P101,0.0073066933066933066,0.0024355585714285716,1514.377,1050.009,16.336,28.447,0.9090797865727092,0.0,Hit+Run
18312967.526,P71,P339,0.008016983016983018,0.0024355585714285716,1561.939,1050.009,10.749,19.211,0.48395945769482124,0.010350815850815851,Fragment
19288413.121,E12,P581,0.09854,0.0024355585714285716,3604.663,1050.009,1.5311,6.3712,0.4341388053355816,0.0,Merge
19974843.719,E12,E17,0.10097555857142858,0.040959999999999996,3634.120,2690.174,2.5312,10.713,0.3454666537900846,0.05626706626706626,Fragment
21245042.932,E15,P330,0.11915111714285716,0.0024355585714285716,3840.253,1050.009,2.0149,8.9761,0.7138246285628363,0.0,Merge
22375967.672,E0,P415,0.9481993583349978,0.0024355585714285716,7667.028,1050.009,4.6167,43.073,0.7582558414200812,0.0,Merge
22907711.83,P202,P500,0.004871128871128871,0.0024355585714285716,1322.930,1050.009,2.9013,4.5484,0.8358142904552436,0.0,Hit+Run
22996406.351,P413,FRAG0206,0.0024355585714285716,0.005626706626706626,1050.009,1388.071,9.508,15.447,0.82438946935616,0.0,Hit+Run
23435461.502,E3,E8,0.5359930184282382,0.1268234655910756,6339.381,3920.971,1.1286,8.1042,0.9890577481383135,0.0,Hit+Run
23561557.471,E0,P121,0.9506349169064263,0.004871117142857143,7673.587,1322.929,3.8111,35.090,0.9335547816646095,0.0,Hit+Run
23990835.194,E0,P121,0.9506349169064263,0.004871117142857143,7673.587,1322.929,1.0876,10.013,0.9352606835041063,0.0,Hit+Run
24001284.353,E0,P121,0.9506349169064263,0.004871117142857143,7673.587,1322.929,1.0368,9.5462,0.04136811960779676,0.0,Merge
24015184.14,E3,P120,0.5359930184282382,0.004871128871128871,6339.381,1322.930,2.5119,18.854,0.8371084533930372,0.0,Hit+Run
24519024.063,E19,FRAG0003,0.041620000000000004,0.006549117549117549,2704.547,1460.118,4.1575,12.632,0.43367144072064484,0.018322677322677325,Fragment
25374444.78,E5,P575,0.06938644102231102,0.0024355585714285716,3206.899,1050.009,4.2241,15.501,0.9840125463635441,0.0,Hit+Run
25422552.961,E8,P341,0.1268234655910756,0.0024355585714285716,3920.971,1050.009,1.9157,8.7275,0.5827448521162659,0.0,Merge
25737338.916,E0,P544,0.9555060340492835,0.0024355585714285716,7686.671,1050.009,4.1933,39.229,0.5652817409787003,0.0,Merge
25740459.46,P202,P331,0.004871128871128871,0.0024355585714285716,1322.930,1050.009,15.318,24.014,0.7934995194803549,0.0,Graze+Frag
29144383.365,E0,P279,0.957941592620712,0.004871117142857143,7693.197,1322.929,4.4403,40.994,0.8635953235837178,0.0,Hit+Run
29145107.08,E0,P279,0.957941592620712,0.004871117142857143,7693.197,1322.929,1.0622,9.8067,0.8867189608420112,0.0,Hit+Run
29721561.463,E0,P279,0.957941592620712,0.004871117142857143,7693.197,1322.929,1.2412,11.459,0.6555679153338311,0.0,Merge
31466514.004,P71,P551,0.010452547452547452,0.0024355585714285716,1706.349,1050.009,25.420,49.109,0.8391965268186975,0.007360306360306361,Graze+Frag
32222036.192,P168,P750,0.0024355585714285716,0.0024355585714285716,1050.009,1050.009,12.541,17.065,0.54375,0.0,Graze+Frag
32942513.615,P126,FRAG0205,0.004871128871128871,0.005626706626706626,1322.930,1388.071,6.7937,11.943,0.1913880165441315,0.0104005661005661,Fragment
35052833.492,E0,P467,0.9628127097635691,0.0024355585714285716,7706.215,1050.009,5.8921,55.269,0.4935512098707609,0.0,Merge
35722200.434,E8,P815,0.12925902416250418,0.0024355585714285716,3945.912,1050.009,3.5923,16.478,0.943368933149517,0.0,Hit+Run
38189998.191,E0,P126,0.9652482683349977,0.010497835497835497,7712.707,1708.809,3.4461,31.332,0.4221658842042017,0.0,Merge
38669944.939,E3,P283,0.5359930184282382,0.004871128871128871,6339.381,1322.930,2.828,21.227,0.8996557938521335,0.0,Hit+Run
39221812.212,E0,P283,0.9757461038328331,0.004871128871128871,7740.567,1322.930,1.2296,11.426,0.8303806858335044,0.0,Merge
42342716.491,E5,P822,0.06938644102231102,0.0024355585714285716,3206.899,1050.009,2.9294,10.750,0.06350655156824894,0.0,Merge
42402202.941,P153,FRAG0206,0.0024355585714285716,0.005626706626706626,1050.009,1388.071,5.6688,9.2098,0.6795980475624389,0.0,Graze+Frag
44619036.868,E0,FRAG0211,0.980617232703962,0.007360306360306361,7753.426,1518.072,4.7537,43.841,0.09424702333107528,0.0,Merge
49652983.494,E0,P203,0.9879775390642683,0.0024355585714285716,7772.777,1050.009,7.4369,70.397,0.1684450713942517,0.0,Merge
54124710.333,E15,P252,0.12158667571428573,0.004871128871128871,3866.243,1322.930,7.8827,34.766,0.9741652952924643,0.0,Hit+Run
54957334.674,E15,FRAG0210,0.12158667571428573,0.006107559107559108,3866.243,1426.537,6.3076,27.679,0.7187142631155218,0.008406260406260408,Fragment
56014227.807,E3,P465,0.5359930184282382,0.0024355585714285716,6339.381,1050.009,2.9792,22.720,0.2851669796645502,0.0,Merge
69869265.055,E0,E5,0.9904130976356968,0.0718219995937396,7779.158,3243.991,6.0503,53.062,0.7674607662303696,0.06629304029304031,Hit+Run+Frag
69874002.985,E0,FRAG0223,0.9904142514085907,0.006026640026640028,7779.161,1420.209,1.0443,9.7102,0.7060917797509169,0.0,Merge
69885950.347,E0,FRAG0217,0.9964408914352307,0.006026640026640028,7794.908,1420.209,1.0457,9.7442,0.9883293510274794,0.0,Hit+Run
70013337.783,E0,FRAG0220,0.9964408914352307,0.006026640026640028,7794.908,1420.209,1.0841,10.102,0.9557628669342253,0.0,Hit+Run
70018787.975,E0,FRAG0222,0.9964408914352307,0.006026640026640028,7794.908,1420.209,1.0577,9.8560,0.7149400611848901,0.0,Merge
70502003.059,E0,FRAG0214,1.0024675314618707,0.006026640026640028,7810.592,1420.209,1.2017,11.222,0.727938159248534,0.0,Merge
70836165.577,E0,FRAG0216,1.0084941714885107,0.006026640026640028,7826.212,1420.209,1.2154,11.374,0.7525382166427824,0.0,Merge
70869885.291,E0,FRAG0221,1.0145208115151507,0.006026640026640028,7841.771,1420.209,1.1556,10.837,0.7085718353866752,0.0,Merge
71083204.557,E0,FRAG0217,1.0205474515417907,0.006026640026640028,7857.268,1420.209,1.1742,11.035,0.3323308670059326,0.0,Merge
71984455.024,E0,FRAG0220,1.0265740915684307,0.006026640026640028,7872.704,1420.209,4.288,40.383,0.9120663441253606,0.0,Hit+Run
72404872.502,E0,E5,1.0265740915684307,0.005527805527805528,7872.704,1379.890,1.8102,17.081,0.5814807616627865,0.0,Merge
74381894.184,E0,FRAG0220,1.0321018970962363,0.006026640026640028,7886.810,1420.209,1.303,12.294,0.48454590482643456,0.0,Merge
74548369.09,E0,FRAG0215,1.0381285371228763,0.006026640026640028,7902.131,1420.209,1.0125,9.5735,0.7083007754878505,0.0,Merge
79296859.127,E3,FRAG0219,0.5384285769996667,0.006026640026640028,6348.969,1420.209,4.1436,30.990,0.741772060188968,0.0,Merge
79725751.927,E8,E14,0.12925902416250418,0.044980000000000006,3945.912,2775.451,4.595,20.901,0.8038165156915761,0.03945221445221446,Hit+Run+Frag
80601501.465,E0,FRAG0213,1.0441551771495163,0.006026640026640028,7917.393,1420.209,2.2827,21.628,0.687226442313734,0.0,Merge
81985149.989,E0,FRAG0218,1.0501818171761563,0.006026640026640028,7932.596,1420.209,1.3931,13.226,0.5032083118158526,0.0,Merge
89629035.624,E0,FRAG0227,1.0562084572027963,0.005636030636030636,7947.741,1388.838,1.9304,18.392,0.4241767051530728,0.0,Merge
89767545.75,E0,E14,1.061844487838827,0.005527805527805528,7961.853,1379.890,3.1168,29.765,0.5850954715577921,0.0,Merge
98423562.318,E19,FRAG0229,0.02984644022644023,0.005636030636030636,2420.795,1388.838,10.154,27.686,0.8967335787120644,0.0,Hit+Run
99100767.917,E0,FRAG0226,1.0673722933666325,0.005636030636030636,7975.645,1388.838,4.0743,38.964,0.46451221460973435,0.0,Merge
165026496.94,E8,E15,0.1292590041824842,0.11928797441558442,3945.912,3841.723,5.0916,25.698,0.5537608510045102,0.23306293706293707,Graze+Frag
165026497.051,FRAG0231,FRAG0272,0.005549117549117549,0.005549117549117549,1381.662,1381.662,0.9938,1.7793,0.76965,0.0,Perfect
165026500.481,FRAG0255,FRAG0256,0.005549117549117549,0.005549117549117549,1381.662,1381.662,0.9938,1.7793,0.8196,0.0,Perfect
165102609.437,FRAG0237,FRAG0246,0.005549117549117549,0.005549117549117549,1381.662,1381.662,1.6872,3.0208,0.602,0.0,Hit+Run
165197608.894,E3,FRAG0247,0.5444552170263067,0.005549117549117549,6372.569,1381.662,1.1914,8.9645,0.7389790264769657,0.0,Merge
165438725.103,E3,FRAG0245,0.5500043345754243,0.005549117549117549,6394.146,1381.662,1.2322,9.3052,0.6469134327687331,0.0,Merge
165579982.642,E3,FRAG0262,0.5555534521245419,0.005549117549117549,6415.578,1381.662,1.1247,8.5240,0.933467898694366,0.0,Hit+Run
165595065.046,E8,FRAG0244,0.015484041535131554,0.005549117549117549,1945.159,1381.662,7.4826,16.809,0.4903211230187273,0.020517002997002997,Fragment
165600660.416,E3,FRAG0252,0.5555534521245419,0.005549117549117549,6415.578,1381.662,1.5518,11.760,0.3687794730672673,0.0,Merge
165638577.743,P828,FRAG0263,0.0024355585714285716,0.005549117549117549,1050.009,1381.662,14.623,23.674,0.6316886022560785,0.0,Graze+Frag
165914864.535,E3,FRAG0262,0.5611025696736595,0.005549117549117549,6436.868,1381.662,1.0909,8.2973,0.6564040594327222,0.0,Merge
165975003.674,E3,FRAG0257,0.566651687222777,0.005549117549117549,6458.017,1381.662,1.4021,10.701,0.4156694992454206,0.0,Merge
166741404.427,E3,FRAG0249,0.5722008047718946,0.005549117549117549,6479.030,1381.662,1.2357,9.4647,0.8947032998484683,0.0,Hit+Run
166837255.8,E3,FRAG0249,0.5722008047718946,0.005549117549117549,6479.030,1381.662,1.0587,8.1090,0.7629086820264783,0.0,Merge
167501936.648,E3,FRAG0232,0.5777499223210122,0.005549117549117549,6499.907,1381.662,1.1228,8.6297,0.976441349403407,0.0,Hit+Run
167899525.954,FRAG0236,FRAG0232,0.005549117549117549,0.005549117549117549,1381.662,1381.662,10.694,19.148,0.35695,0.011063349983349983,Fragment
169259226.839,E0,FRAG0264,1.073008324002663,0.005549117549117549,7989.658,1381.662,2.8291,27.116,0.22857263639338124,0.0,Merge
171487557.757,E0,FRAG0260,1.0785574415517807,0.005549117549117549,8003.407,1381.662,3.3603,32.266,0.46587417597092695,0.0,Merge
174022017.934,E0,FRAG0238,1.0841065591008983,0.005549117549117549,8017.110,1381.662,3.9705,38.195,0.9800917979801266,0.0,Hit+Run
174368425.54,E0,FRAG0238,1.0841065591008983,0.005549117549117549,8017.110,1381.662,1.1476,11.039,0.5077029052722117,0.0,Merge
174712866.472,E3,FRAG0248,0.5777499223210122,0.005549117549117549,6499.907,1381.662,2.8673,22.037,0.6642935024868618,0.0,Merge
177271131.54,E3,FRAG0255,0.5832990398701298,0.011098235098235099,6520.650,1740.785,2.9678,22.490,0.6768143121129218,0.0,Merge
178602836.86,FRAG0250,FRAG0268,0.005549117549117549,0.005549117549117549,1381.662,1381.662,10.083,18.054,0.91515,0.0,Hit+Run
178870155.125,E0,FRAG0237,1.0896556766500158,0.005549117549117549,8030.765,1381.662,2.9692,28.614,0.9094352030525078,0.0,Hit+Run
179042369.873,E3,FRAG0270,0.5943972749683648,0.005549117549117549,6561.746,1381.662,3.5383,27.472,0.6557278727200782,0.0,Merge
179474966.034,E0,FRAG0237,1.0896556766500158,0.005549117549117549,8030.765,1381.662,1.426,13.742,0.6996311722516712,0.0,Merge
180739524.622,E3,FRAG0271,0.5999463925174824,0.005549117549117549,6582.102,1381.662,3.1611,24.625,0.32151099966970226,0.0,Merge
180764186.401,E0,FRAG0251,1.0952047941991334,0.005549117549117549,8044.374,1381.662,2.6773,25.848,0.9165738136246411,0.0,Hit+Run
180796186.139,E0,FRAG0251,1.0952047941991334,0.005549117549117549,8044.374,1381.662,1.0212,9.8593,0.5351801103575534,0.0,Merge
180866572.417,E0,FRAG0274,1.100753911748251,0.007754578754578754,8057.938,1544.708,2.1905,21.026,0.9374001632229382,0.0,Hit+Run
180875165.358,E0,FRAG0274,1.100753911748251,0.007754578754578754,8057.938,1544.708,1.0507,10.085,0.42091121821916194,0.0,Merge
181681318.792,E3,FRAG0236,0.6054955100666,0.005528138528138528,6602.334,1379.918,3.1758,24.824,0.7960266997506849,0.0,Merge
182673148.843,E0,FRAG0234,1.1085084905028297,0.005549117549117549,8076.816,1381.662,3.7549,36.408,0.4444671451924755,0.0,Merge
183439481.015,E3,FRAG0231,0.6110236485947385,0.011098235098235099,6622.366,1740.785,1.3695,10.552,0.3062878041739834,0.0,Merge
183523971.895,E0,FRAG0241,1.1140576080519473,0.005549117549117549,8090.271,1381.662,1.6422,15.951,0.9594452757699973,0.0,Hit+Run
185333520.541,P211,P336,0.0024355585714285716,0.0024355585714285716,1050.009,1050.009,6.2979,8.5695,0.40605,0.0,Merge
186047368.946,E3,FRAG0268,0.6221218836929736,0.005549117549117549,6662.220,1381.662,1.9173,15.131,0.5820831618074448,0.0,Merge
186935659.947,E0,P828,1.1140576080519473,0.007984681984681986,8090.271,1559.838,4.0705,39.214,0.8333303469530416,0.0,Merge
187589231.707,E0,FRAG0250,1.1220422900366294,0.005549117549117549,8109.553,1381.662,2.1136,20.582,0.7793231197878779,0.0,Merge
205833227.049,E3,FRAG0235,0.6276710012420912,0.005549117549117549,6681.970,1381.662,3.852,30.496,0.9634773182360447,0.0,Hit+Run
