time_yr,target,projectile,Mt_Mearth,Mp_Mearth,Rt_km,Rp_km,vimp/vesc,vimp_km/s,b,m_frag_Mearth,Regime
17463.819,E10,E8,0.14002,0.11363999999999999,4052.507,3780.108,1.0193,5.1824,0.8490867495360903,0.0,Graze+Merge
81066.691,E17,P479,0.040959999999999996,0.0024355585714285716,2690.174,1050.009,1.389,4.2270,0.7622025368932484,0.0,Hit+Run
132822.046,E3,P346,0.40336,0.0024355585714285716,5766.223,1050.009,1.2991,8.9553,0.8630428098573154,0.0,Hit+Run
164823.679,E1,P371,0.23462666666666668,0.0024355585714285716,4813.411,1050.009,1.2102,6.8749,0.6598570868286767,0.0,Merge
212207.073,M1,P274,0.05,0.0024355585714285716,2875.083,1050.009,3.1474,10.277,0.5237288864839907,0.0,Merge
235549.93,E17,P499,0.040959999999999996,0.0024355585714285716,2690.174,1050.009,1.2653,3.8505,0.9214472681078988,0.0,Hit+Run
237472.39,M0,P410,0.05,0.0024355585714285716,2875.083,1050.009,5.2613,17.180,0.968422322825852,0.0,Hit+Run
293675.586,M3,P523,0.05,0.0024355585714285716,2875.083,1050.009,4.0885,13.350,0.08958327666712178,0.0,Merge
325771.774,E6,P580,0.08018000000000002,0.0024355585714285716,3365.238,1050.009,2.7689,10.700,0.8922906331134379,0.0,Hit+Run
413793.694,M1,P350,0.05243555857142857,0.0024355585714285716,2921.028,1050.009,1.677,5.5694,0.6943904069555534,0.0,Merge
478714.708,M0,P410,0.05,0.0024355585714285716,2875.083,1050.009,1.079,3.5234,0.5421143341074147,0.0,Merge
533784.529,M0,P653,0.05243555857142857,0.0024355585714285716,2921.028,1050.009,7.473,24.818,0.8493041990157648,0.0,Hit+Run
622094.945,M0,P681,0.05243555857142857,0.0024355585714285716,2921.028,1050.009,3.6147,12.004,0.938456865671499,0.0,Hit+Run
637217.626,E6,P770,0.08018000000000002,0.0024355585714285716,3365.238,1050.009,1.6259,6.2835,0.8855071816444794,0.0,Hit+Run
665032.366,M0,P681,0.05243555857142857,0.0024355585714285716,2921.028,1050.009,1.1972,3.9759,0.2612055439723697,0.0,Merge
768228.545,M1,P530,0.05487111714285714,0.0024355585714285716,2965.571,1050.009,1.9531,6.5918,0.40470683764412424,0.0,Merge
783176.191,E12,P91,0.09854,0.0024355585714285716,3604.663,1050.009,1.6914,7.0382,0.986144050507188,0.0,Hit+Run
797391.572,E0,E6,0.4524555555544456,0.08018000000000002,5991.273,3365.238,0.9979,6.7267,0.9467948051795436,0.0,Perfect
981396.933,E0,P377,0.5326355555544456,0.0024355585714285716,6326.117,1050.009,1.8434,14.027,0.9041320333955074,0.0,Hit+Run
1040970.319,M0,P812,0.05487111714285714,0.0024355585714285716,2965.571,1050.009,4.3089,14.542,0.9469992297647088,0.0,Hit+Run
1057959.116,E0,P438,0.5326355555544456,0.0024355585714285716,6326.117,1050.009,1.8337,13.953,0.6950375639003218,0.0,Merge
1071018.523,M2,P767,0.05,0.0024355585714285716,2875.083,1050.009,5.5912,18.257,0.9574350035289849,0.0,Hit+Run
1075947.29,M2,P767,0.05,0.0024355585714285716,2875.083,1050.009,1.372,4.4802,0.8007558303556624,0.0,Hit+Run
1136609.046,E0,P580,0.5350711141258742,0.0024355585714285716,6335.745,1050.009,1.4371,10.953,0.560422364813499,0.0,Merge
1181712.8,M1,M0,0.05730667571428571,0.05487111714285714,3008.815,2965.571,2.5436,9.8472,0.6536975974683963,0.020420579420579423,Hit+Run+Frag
1182186.877,P0,P193,0.0024355585714285716,0.0024355585714285716,1050.009,1050.009,2.7518,3.7443,0.92425,0.0,Hit+Run
1182443.122,P0,P193,0.0024355585714285716,0.0024355585714285716,1050.009,1050.009,1.1821,1.6084,0.3243,0.0,Merge
1182648.75,P0,P768,0.004871117142857143,0.0024355585714285716,1322.929,1050.009,1.026,1.6085,0.4160672248175588,0.0,Merge
1183517.558,P0,P476,0.007306675714285714,0.0024355585714285716,1514.376,1050.009,1.9032,3.3142,0.9448662989022018,0.0,Hit+Run
1183921.757,P0,P680,0.007306675714285714,0.0024355585714285716,1514.376,1050.009,2.7304,4.7546,0.3329472620756633,0.0,Merge
1184971.499,P0,P807,0.009742234285714286,0.0024355585714285716,1666.786,1050.009,1.3285,2.5128,0.20883941346430906,0.0,Merge
1185707.978,P0,P736,0.012177792857142858,0.0024355585714285716,1795.491,1050.009,1.4952,3.0272,0.9801845801712857,0.0,Hit+Run
1186121.823,P0,P292,0.012177792857142858,0.0024355585714285716,1795.491,1050.009,0.9631,1.9499,0.9099550554042817,0.0,Perfect
1186306.75,E3,P779,0.40336,0.0024355585714285716,5766.223,1050.009,1.451,10.002,0.7089944902385964,0.0,Merge
1188230.249,P0,P149,0.01461335142857143,0.0024355585714285716,1907.994,1050.009,1.6834,3.6107,0.6612178138386204,0.0,Hit+Run
1188255.249,P0,P149,0.01461335142857143,0.0024355585714285716,1907.994,1050.009,1.0406,2.2319,0.7134650511041832,0.0,Graze+Merge
1188364.469,P0,P478,0.01704891,0.0024355585714285716,2008.596,1050.009,1.4551,3.2811,0.7626294076879874,0.0,Hit+Run
1189602.551,P0,P38,0.01704891,0.0024355585714285716,2008.596,1050.009,1.146,2.5841,0.9109786569747491,0.0,Hit+Run
1189619.425,P0,P38,0.01704891,0.0024355585714285716,2008.596,1050.009,1.0549,2.3787,0.764008484374584,0.0,Graze+Merge
1190751.186,P0,P478,0.019484468571428572,0.0024355585714285716,2100.019,1050.009,1.5324,3.6115,0.3188,0.0,Merge
1193055.151,P0,P476,0.021920027142857144,0.0024355585714285716,2184.108,1050.009,0.9747,2.3897,0.6905285152152596,0.0,Perfect
1193802.215,P0,P835,0.024355585714285716,0.0024355585714285716,2262.177,1050.009,1.1178,2.8402,0.8999023364016194,0.0,Hit+Run
1194614.055,P0,P60,0.024355585714285716,0.0024355585714285716,2262.177,1050.009,1.407,3.5751,0.7883707247331431,0.0,Hit+Run
1195039.574,P0,P60,0.024355585714285716,0.0024355585714285716,2262.177,1050.009,1.0062,2.5567,0.8197197815340189,0.0,Graze+Merge
1204728.05,P0,P835,0.02679114428571429,0.0024355585714285716,2335.201,1050.009,1.1863,3.1142,0.9639605987804853,0.0,Hit+Run
1205253.232,P0,P612,0.02679114428571429,0.0024355585714285716,2335.201,1050.009,1.6354,4.2931,0.5693810492582029,0.0,Merge
1205668.881,P0,P835,0.02922670285714286,0.0024355585714285716,2403.922,1050.009,1.1288,3.0534,0.6770647364414564,0.0,Merge
1206113.067,M1,M0,0.05730832898767898,0.03444888444888445,3008.844,2539.328,1.1608,4.2175,0.5570635746755134,0.0,Hit+Run
1209744.237,M1,M0,0.05730832898767898,0.03444888444888445,3008.844,2539.328,1.0351,3.7608,0.7423175827646445,0.0,Graze+Merge
1227444.911,P0,P432,0.03166226142857143,0.0024355585714285716,2468.924,1050.009,1.4707,4.0901,0.358874241112316,0.0,Merge
1282541.02,P0,P152,0.03409782,0.0024355585714285716,2530.673,1050.009,1.0486,2.9924,0.7996956609591294,0.0,Graze+Merge
1326191.533,E9,P676,0.07894000000000001,0.0024355585714285716,3347.800,1050.009,2.8033,10.773,0.5643091202384202,0.0,Merge
1434773.514,E0,M2,0.5375066726973027,0.05,6345.343,2875.083,1.1527,8.2206,0.9300796365369952,0.0,Hit+Run
1506818.624,E10,P668,0.25366,0.0024355585714285716,4940.199,1050.009,1.604,9.3700,0.9179048296955288,0.0,Hit+Run
1556217.504,E0,P831,0.5375066726973027,0.0024355585714285716,6345.343,1050.009,1.5885,12.126,0.33522748478759146,0.0,Merge
1592668.706,M1,P88,0.09175721343656343,0.0024355585714285716,3519.983,1050.009,1.5142,6.1417,0.7095434237913729,0.0,Merge
1653937.889,P3,P702,0.0024355585714285716,0.0024355585714285716,1050.009,1050.009,2.907,3.9555,0.7099,0.0,Hit+Run
1686925.701,E3,P470,0.40579555857142857,0.0024355585714285716,5777.805,1050.009,1.5125,10.448,0.9848260032141352,0.0,Hit+Run
1693041.652,P3,P525,0.0024355585714285716,0.0024355585714285716,1050.009,1050.009,2.1183,2.8823,0.98245,0.0,Hit+Run
1694556.431,P3,P525,0.0024355585714285716,0.0024355585714285716,1050.009,1050.009,1.0934,1.4877,0.7632,0.0,Hit+Run
1694563.753,P3,P525,0.0024355585714285716,0.0024355585714285716,1050.009,1050.009,1.0469,1.4245,0.9783,0.0,Hit+Run
1718694.854,P3,P755,0.0024355585714285716,0.0024355585714285716,1050.009,1050.009,2.0923,2.8469,0.8259,0.0,Hit+Run
1718885.545,P3,P755,0.0024355585714285716,0.0024355585714285716,1050.009,1050.009,1.0436,1.4200,0.6403,0.0,Graze+Merge
1802506.255,P3,P272,0.004871117142857143,0.0024355585714285716,1322.929,1050.009,10.851,17.012,0.4039693301658892,0.0,Fragment
1806169.836,E4,P384,0.0574,0.0024355585714285716,3010.448,1050.009,2.0726,7.1082,0.5126081447431265,0.0,Merge
1823626.252,M1,FRAG0003,0.094192772007992,0.0068068598068598074,3550.855,1479.027,4.2737,17.109,0.5690678998351616,0.010707958707958709,Fragment
1825731.947,M1,FRAG0004,0.09029167310689311,0.010707958707958709,3501.142,1720.135,1.0376,4.0771,0.4646930356700057,0.0,Merge
1931027.462,M1,P719,0.10099963181485182,0.0024355585714285716,3634.408,1050.009,2.4185,10.153,0.37434789218720144,0.0,Merge
1966467.82,P3,P90,0.0073066933066933066,0.0024355585714285716,1514.377,1050.009,4.8329,8.4159,0.9709094953255755,0.0,Hit+Run
1966765.744,P3,P90,0.0073066933066933066,0.0024355585714285716,1514.377,1050.009,1.0524,1.8326,0.4192255037598845,0.0,Merge
2037818.636,M1,FRAG0001,0.10343519038628039,0.0068068598068598074,3663.391,1479.027,2.395,9.9072,0.5826612104499636,0.0,Merge
2155634.308,M1,P442,0.1102420501931402,0.0024355585714285716,3742.050,1050.009,3.4676,15.022,0.6028436041421404,0.0,Merge
2214494.289,E1,FRAG0002,0.23706222523809525,0.0068068598068598074,4830.009,1479.027,2.2617,12.562,0.6465239107692059,0.0,Merge
2304058.936,P0,P736,0.03653337857142857,0.0024355585714285716,2589.547,1050.009,1.2819,3.7475,0.11263054971670274,0.0,Merge
2379813.094,E1,P855,0.24386908504495505,0.0024355585714285716,4875.802,1050.009,2.1666,12.479,0.502817625811722,0.0,Merge
2443193.553,P0,P261,0.03896893714285714,0.0024355585714285716,2645.859,1050.009,1.0244,3.0633,0.9962413559053896,0.0,Hit+Run
2443885.351,P0,P261,0.03896893714285714,0.0024355585714285716,2645.859,1050.009,1.2548,3.7522,0.640297692384148,0.0,Merge
2500449.727,E3,E11,0.40579555857142857,0.020565714285714288,5777.805,2138.167,1.4028,9.1979,0.27356352286573143,0.0,Merge
2809592.564,M2,P115,0.05,0.0024355585714285716,2875.083,1050.009,2.7816,9.0832,0.3781102814028476,0.0,Merge
2828218.058,P6,P78,0.0024355585714285716,0.0024355585714285716,1050.009,1050.009,2.6147,3.5578,0.9242999999999999,0.0,Hit+Run
2860546.656,P3,P178,0.009742251878121878,0.0024355585714285716,1666.787,1050.009,6.3383,11.989,0.600260075405752,0.009786426906426907,Fragment
2861101.402,P3,FRAG0005,0.0055277937995338,0.00665001665001665,1379.889,1467.578,1.0801,1.9956,0.6932236222521196,0.0,Graze+Merge
2864214.384,P3,P525,0.01217781044955045,0.0024355585714285716,1795.492,1050.009,5.0237,10.171,0.7992159198215495,0.0,Hit+Run
2885554.66,P3,P223,0.01217781044955045,0.0024355585714285716,1795.492,1050.009,5.9667,12.080,0.7125174614420445,0.0,Graze+Frag
2994019.867,E5,P639,0.0735,0.0024355585714285716,3269.060,1050.009,2.9191,10.935,0.2389501252357209,0.0,Merge
3004023.301,E15,P426,0.11428,0.0024355585714285716,3787.191,1050.009,1.2796,5.6156,0.8382051748402471,0.0,Hit+Run
3345138.413,P3,P737,0.014613386613386613,0.0024355585714285716,1907.996,1050.009,17.156,36.797,0.6767631722976145,0.0166995004995005,Graze+Frag
3560834.679,P3,FRAG0006,0.005527799663669661,0.005760572760572761,1379.890,1398.993,2.3522,4.2355,0.9631828612049308,0.0,Hit+Run
3569170.09,P3,FRAG0006,0.005527799663669661,0.005760572760572761,1379.890,1398.993,1.0831,1.9503,0.4193472837488086,0.0,Merge
3715940.827,E10,M4,0.25366,0.05,4940.199,2875.083,1.1043,6.1498,0.9417960993507355,0.0,Hit+Run
3735063.357,E10,M4,0.25366,0.05,4940.199,2875.083,1.055,5.8753,0.9038688787580486,0.0,Hit+Run
3870514.511,M1,P509,0.11267760876456878,0.0024355585714285716,3769.407,1050.009,3.5849,15.653,0.9279963931895299,0.0,Hit+Run
3917149.757,P3,P385,0.011288372424242422,0.0024355585714285716,1750.670,1050.009,6.2066,12.274,0.41612075708860197,0.012872600732600733,Fragment
3919569.551,P3,FRAG0008,0.005527793799533798,0.008196137196137196,1379.889,1573.488,1.0011,1.9280,0.7386347671637669,0.0,Graze+Merge
3973357.315,P0,P702,0.041404495714285706,0.0024355585714285716,2699.871,1050.009,8.8887,27.153,0.4145693646151626,0.018689310689310693,Fragment
3974800.576,P0,FRAG0010,0.025150743596403582,0.0062297702297702305,2286.532,1435.989,1.2781,3.3153,0.19612776665716625,0.0,Merge
4025911.872,P0,FRAG0011,0.031380513826173816,0.0062297702297702305,2461.579,1435.989,2.1253,5.8983,0.909142059006115,0.0,Hit+Run
4025970.204,P0,FRAG0011,0.031380513826173816,0.0062297702297702305,2461.579,1435.989,1.0571,2.9337,0.683988086074069,0.0,Graze+Merge
4045774.332,P0,FRAG0009,0.03761028405594405,0.0062297702297702305,2614.745,1435.989,2.7599,8.1118,0.7011410628062597,0.0,Hit+Run
4048612.925,P0,FRAG0009,0.03761028405594405,0.0062297702297702305,2614.745,1435.989,1.0715,3.1493,0.811779599139341,0.0,Hit+Run
4055956.69,P0,FRAG0009,0.03761028405594405,0.0062297702297702305,2614.745,1435.989,1.0588,3.1120,0.9113801018009188,0.0,Hit+Run
4057701.908,P0,FRAG0009,0.03761028405594405,0.0062297702297702305,2614.745,1435.989,1.1194,3.2901,0.8439900014906873,0.0,Hit+Run
4067616.433,P0,FRAG0009,0.03761028405594405,0.0062297702297702305,2614.745,1435.989,1.0773,3.1663,0.8192028381581882,0.0,Hit+Run
4067617.776,P0,FRAG0009,0.03761028405594405,0.0062297702297702305,2614.745,1435.989,1.038,3.0508,0.7119208968597163,0.0,Graze+Merge
4113431.915,E1,P463,0.24630464361638363,0.0024355585714285716,4891.980,1050.009,2.9518,17.062,0.7337982656538174,0.0,Merge
4245571.566,E1,P262,0.2487402021878122,0.0024355585714285716,4908.052,1050.009,2.3123,13.413,0.854904922767494,0.0,Hit+Run
4251352.091,M1,P561,0.11267760876456878,0.0024355585714285716,3769.407,1050.009,3.8753,16.921,0.3397569601361414,0.0,Merge
4348720.008,P3,FRAG0007,0.013723930995670994,0.005760572760572761,1868.472,1398.993,2.1962,4.7914,0.6890689078553419,0.0,Hit+Run
4350734.544,E3,P139,0.42636127285714287,0.0024355585714285716,5873.808,1050.009,1.6887,11.873,0.5888384480714277,0.0,Merge
4386648.547,M1,P268,0.11511316733599736,0.0024355585714285716,3796.372,1050.009,3.4199,15.047,0.4374179093014437,0.0,Merge
4394191.383,E15,P710,0.11428,0.0024355585714285716,3787.191,1050.009,1.2344,5.4172,0.20246577453174663,0.0,Merge
4406908.835,M1,P127,0.11754872590742593,0.0024355585714285716,3822.960,1050.009,3.5934,15.930,0.8029599635311765,0.0,Hit+Run
4406976.122,M1,P127,0.11754872590742593,0.0024355585714285716,3822.960,1050.009,1.0493,4.6518,0.882824471872626,0.0,Hit+Run
4482223.448,P3,FRAG0007,0.013723930995670994,0.005760572760572761,1868.472,1398.993,1.0053,2.1932,0.6674533022811244,0.0,Graze+Merge
4635894.873,M1,P850,0.11754872590742593,0.0024355585714285716,3822.960,1050.009,3.8506,17.070,0.694617246419642,0.0,Merge
4656138.506,M2,P832,0.05243555857142857,0.0024355585714285716,2921.028,1050.009,4.4825,14.886,0.6247306913425333,0.0,Merge
4734913.65,M1,P408,0.11998428447885451,0.0024355585714285716,3849.183,1050.009,3.7035,16.539,0.3573259000526695,0.0,Merge
4750886.482,M1,P394,0.12241984305028308,0.0024355585714285716,3875.054,1050.009,2.0266,9.1163,0.991528895018711,0.0,Hit+Run
4764122.022,M1,P242,0.12241984305028308,0.0024355585714285716,3875.054,1050.009,2.1666,9.7461,0.7629626801298556,0.0,Merge
4775695.58,M1,P394,0.12485540162171166,0.0024355585714285716,3900.583,1050.009,1.0099,4.5751,0.534749250110383,0.0,Merge
4788297.578,P0,P540,0.04384005428571428,0.0024355585714285716,2751.804,1050.009,11.280,35.160,0.4513700801837432,0.028809523809523813,Fragment
4788302.554,P0,FRAG0014,0.017466089047619038,0.005761904761904762,2024.847,1399.101,1.1794,2.7444,0.9318341208942904,0.0,Hit+Run
4789416.569,E12,P7,0.09854,0.0024355585714285716,3604.663,1050.009,2.704,11.251,0.9698812697150951,0.0,Hit+Run
4789528.138,P0,FRAG0016,0.017466089047619038,0.005761904761904762,2024.847,1399.101,1.2877,2.9964,0.92148500804562,0.0,Hit+Run
4790023.86,P0,FRAG0012,0.017466089047619038,0.005761904761904762,2024.847,1399.101,1.3976,3.2522,0.6311776081934861,0.0,Hit+Run
4798558.386,P0,FRAG0014,0.017466089047619038,0.005761904761904762,2024.847,1399.101,1.8185,4.2316,0.739577173059846,0.0,Hit+Run
4798837.642,P0,FRAG0014,0.017466089047619038,0.005761904761904762,2024.847,1399.101,1.1115,2.5864,0.8218969735475564,0.0,Hit+Run
4798837.673,P0,FRAG0014,0.017466089047619038,0.005761904761904762,2024.847,1399.101,1.052,2.4480,0.6466125707849317,0.0,Graze+Merge
4799965.299,P0,FRAG0012,0.0232279938095238,0.005761904761904762,2226.713,1399.101,1.5977,4.0362,0.7586934454148887,0.0,Hit+Run
4800021.024,P0,FRAG0012,0.0232279938095238,0.005761904761904762,2226.713,1399.101,1.0512,2.6556,0.6041174860406556,0.0,Merge
4826847.115,P0,FRAG0015,0.028989898571428564,0.005761904761904762,2397.412,1399.101,1.2528,3.3863,0.9692545415615732,0.0,Hit+Run
4859026.073,P3,P525,0.019484503756243755,0.0024355585714285716,2100.020,1050.009,13.627,32.116,0.8973335133768824,0.0,Hit+Run
4869776.201,P0,FRAG0015,0.028989898571428564,0.005761904761904762,2397.412,1399.101,1.9361,5.2333,0.9570038815144727,0.0,Hit+Run
4871656.814,P0,FRAG0015,0.028989898571428564,0.005761904761904762,2397.412,1399.101,1.1382,3.0766,0.8248988257488324,0.0,Hit+Run
4872934.634,P0,FRAG0015,0.028989898571428564,0.005761904761904762,2397.412,1399.101,1.075,2.9057,0.6750492572345571,0.0,Graze+Merge
4875094.458,P0,P723,0.034751803333333324,0.0024355585714285716,2546.749,1050.009,3.3721,9.6872,0.727256475401481,0.0,Hit+Run
4877216.853,P0,P723,0.034751803333333324,0.0024355585714285716,2546.749,1050.009,1.0747,3.0873,0.7772460646949719,0.0,Hit+Run
4877487.136,P0,P723,0.034751803333333324,0.0024355585714285716,2546.749,1050.009,1.0378,2.9813,0.7438960695714106,0.0,Graze+Merge
4893485.697,P3,P525,0.019484503756243755,0.0024355585714285716,2100.020,1050.009,1.0807,2.5469,0.4222667513914689,0.0,Merge
5040067.826,M1,P509,0.12729096019314023,0.0024355585714285716,3925.783,1050.009,2.1946,10.011,0.4964239532379413,0.0,Merge
5317091.097,E1,P767,0.2487402021878122,0.0024355585714285716,4908.052,1050.009,3.8602,22.392,0.12298834550894859,0.0,Merge
5333043.448,E0,P461,0.5399422312687312,0.0024355585714285716,6354.913,1050.009,1.2413,9.4912,0.8478168762576249,0.0,Merge
5597639.62,M2,P625,0.05487111714285714,0.0024355585714285716,2965.571,1050.009,1.5336,5.1760,0.7186500432691556,0.0,Merge
5729466.725,P0,FRAG0016,0.03718736190476189,0.005761904761904762,2604.907,1399.101,1.4322,4.1907,0.48669504068652014,0.0,Merge
5983304.027,E3,P741,0.42879683142857145,0.0024355585714285716,5884.971,1050.009,1.8075,12.734,0.6985611501775261,0.0,Merge
5986576.794,M1,P425,0.1297265187645688,0.0024355585714285716,3950.664,1050.009,4.8912,22.465,0.8668958927219099,0.0,Hit+Run
5990806.444,M1,P425,0.1297265187645688,0.0024355585714285716,3950.664,1050.009,1.037,4.7629,0.42416513697475033,0.0,Merge
6126342.352,E15,P574,0.11671555857142858,0.0024355585714285716,3813.907,1050.009,2.9351,12.978,0.5945217353543514,0.0,Merge
6182510.109,M1,P812,0.13216207733599739,0.0024355585714285716,3975.234,1050.009,4.2636,19.713,0.7462793945291819,0.0,Merge
6231493.167,E0,P382,0.5423777898401597,0.0024355585714285716,6364.454,1050.009,2.0613,15.786,0.5210388301636069,0.0,Merge
6629863.21,P3,P98,0.021920062327672327,0.0024355585714285716,2184.109,1050.009,21.581,52.912,0.7939222136958158,0.01882817182817183,Graze+Frag
6666263.15,P3,FRAG0019,0.005527449070929068,0.006276057276057277,1379.861,1439.536,1.347,2.4623,0.47302148450941406,0.0,Merge
6668974.52,P3,FRAG0018,0.011803506346986344,0.006276057276057277,1776.904,1439.536,1.3044,2.7629,0.6410563495179763,0.0,Hit+Run
6669282.028,P3,FRAG0018,0.011803506346986344,0.006276057276057277,1776.904,1439.536,1.0566,2.2380,0.8866178346616685,0.0,Hit+Run
6671048.057,P3,FRAG0018,0.011803506346986344,0.006276057276057277,1776.904,1439.536,1.0392,2.2012,0.8623102860760161,0.0,Graze+Merge
6688008.757,M1,P64,0.13459763590742596,0.0024355585714285716,3999.505,1050.009,2.696,12.547,0.97335922947033,0.0,Hit+Run
6710815.497,M1,P685,0.13459763590742596,0.0024355585714285716,3999.505,1050.009,2.263,10.532,0.1496988317762978,0.0,Merge
6765421.036,P3,P653,0.01807956362304362,0.0024355585714285716,2048.282,1050.009,9.9635,22.905,0.8959894361459178,0.0,Hit+Run
6766101.755,P3,P653,0.01807956362304362,0.0024355585714285716,2048.282,1050.009,1.0527,2.4201,0.072456609017629,0.0,Merge
6832322.359,E10,P293,0.25366,0.0024355585714285716,4940.199,1050.009,1.0568,6.1734,0.9433059696367887,0.0,Hit+Run
6934858.996,P3,FRAG0017,0.020515122194472192,0.006276057276057277,2136.413,1439.536,2.5253,6.1754,0.8207023591366593,0.0,Hit+Run
6944755.712,P3,FRAG0017,0.020515122194472192,0.006276057276057277,2136.413,1439.536,1.0911,2.6682,0.9282414321836121,0.0,Hit+Run
6945671.53,P3,FRAG0017,0.020515122194472192,0.006276057276057277,2136.413,1439.536,1.0631,2.5997,0.877100628556839,0.0,Hit+Run
6945676.197,P3,FRAG0017,0.020515122194472192,0.006276057276057277,2136.413,1439.536,1.053,2.5750,0.9457464035184772,0.0,Hit+Run
6948071.494,P3,FRAG0017,0.020515122194472192,0.006276057276057277,2136.413,1439.536,1.0727,2.6232,0.8425088933934025,0.0,Hit+Run
7024862.544,P3,FRAG0017,0.020515122194472192,0.006276057276057277,2136.413,1439.536,0.9967,2.4373,0.8107251229150811,0.0,Perfect
7058132.581,P31,P827,0.0024355585714285716,0.0024355585714285716,1050.009,1050.009,2.4775,3.3711,0.84935,0.0,Hit+Run
7089315.81,E0,P192,0.5448133484115882,0.0024355585714285716,6373.966,1050.009,2.317,17.772,0.37751104301173183,0.0,Merge
7120035.468,E0,P186,0.5472489069830168,0.0024355585714285716,6383.450,1050.009,2.3568,18.106,0.10004384834683407,0.0,Merge
7197143.023,P39,P84,0.0024355585714285716,0.0024355585714285716,1050.009,1050.009,17.419,23.702,0.99965,0.0,Hit+Run
7595101.096,E12,P405,0.09854,0.0024355585714285716,3604.663,1050.009,1.2715,5.2909,0.8085699726201939,0.0,Hit+Run
7813116.415,E1,P594,0.25117576075924075,0.0024355585714285716,4924.019,1050.009,9.2397,53.785,0.8394035496337885,0.0,Hit+Run
7851072.188,M1,P539,0.13703319447885454,0.0024355585714285716,4023.485,1050.009,3.2062,15.018,0.6143682023241321,0.0,Merge
7978675.838,E0,P64,0.5496844655544453,0.0024355585714285716,6392.906,1050.009,1.3038,10.032,0.7949350299739407,0.0,Merge
8097873.922,E3,P770,0.43123239,0.0024355585714285716,5896.092,1050.009,1.3941,9.8414,0.46821720699545827,0.0,Merge
8530223.329,E0,P535,0.5521200241258738,0.0024355585714285716,6402.334,1050.009,2.4166,18.624,0.6784339657151197,0.0,Merge
8574258.855,E10,E20,0.25366,0.02242,4940.199,2200.589,1.195,6.6384,0.5666765165922776,0.0,Merge
8604247.716,M1,P368,0.1394687530502831,0.0024355585714285716,4047.182,1050.009,6.5482,30.868,0.5537372191462319,0.0,Merge
8752183.289,M1,P102,0.1419043116217117,0.0024355585714285716,4070.605,1050.009,2.5971,12.319,0.82467553509409,0.0,Hit+Run
8855751.925,M1,P102,0.1419043116217117,0.0024355585714285716,4070.605,1050.009,1.105,5.2414,0.36956974770121687,0.0,Merge
9072237.996,M1,P84,0.14433987019314026,0.0024355585714285716,4093.762,1050.009,4.1428,19.771,0.47744105423197225,0.0,Merge
9289989.901,E1,P141,0.25117576075924075,0.0024355585714285716,4924.019,1050.009,3.8057,22.153,0.45580338074183535,0.0,Merge
9440982.827,E13,P697,0.02222,0.0024355585714285716,2194.026,1050.009,3.2769,8.0711,0.9978515467883412,0.0,Hit+Run
9584147.004,E1,P824,0.2536113193306693,0.0024355585714285716,4939.883,1050.009,3.378,19.731,0.6098679327647292,0.0,Merge
9676467.26,E0,P600,0.5545555826973023,0.0024355585714285716,6411.734,1050.009,2.3992,18.519,0.8508599632328993,0.0,Merge
9685911.717,M1,P127,0.14677542876456884,0.0024355585714285716,4116.659,1050.009,4.6485,22.318,0.5107311083508542,0.0,Merge
10859702.034,E1,P826,0.2560468779020979,0.0024355585714285716,4955.646,1050.009,1.3865,8.1266,0.09184066292247048,0.0,Merge
10893467.548,E12,P802,0.09854,0.0024355585714285716,3604.663,1050.009,2.3743,9.8799,0.21668219360131238,0.0,Merge
10949253.034,E3,P694,0.4336679485714286,0.0024355585714285716,5907.172,1050.009,2.4658,17.441,0.860198294995698,0.0,Hit+Run
11055681.277,E3,E12,0.4336679485714286,0.10097555857142858,5907.172,3634.120,1.2148,8.1243,0.698734964365184,0.008125874125874125,Hit+Run
11202762.755,E12,P426,0.10097555857142858,0.0024355585714285716,3634.120,1050.009,2.7693,11.625,0.34198883276494146,0.0,Merge
11406435.981,M1,P39,0.1492109873359974,0.0024355585714285716,4139.305,1050.009,2.8076,13.559,0.5056362044471071,0.0,Merge
12137238.558,P3,P766,0.026791179470529468,0.0024355585714285716,2335.202,1050.009,23.782,62.432,0.4557670345598018,0.0236989676989677,Fragment
12137754.028,P3,FRAG0022,0.005527770342990339,0.005924741924741925,1379.888,1412.159,1.4369,2.5999,0.39537670004447945,0.0,Merge
12148629.252,P3,FRAG0020,0.011452512267732265,0.005924741924741925,1759.114,1412.159,2.3172,4.8461,0.661483122153833,0.0,Hit+Run
12149198.767,P3,FRAG0021,0.011452512267732265,0.005924741924741925,1759.114,1412.159,1.0117,2.1158,0.6734647032343551,0.0,Graze+Merge
12607265.151,E3,P329,0.4336679485714286,0.0024355585714285716,5907.172,1050.009,2.1058,14.895,0.8376977967059084,0.0,Merge
12752815.116,E15,P859,0.11915111714285716,0.0024355585714285716,3840.253,1050.009,4.0829,18.188,0.6625454775780694,0.0,Merge
12802364.08,P3,FRAG0023,0.01737725419247419,0.005924741924741925,2021.409,1412.159,2.3725,5.5218,0.7478505719677899,0.0,Hit+Run
12804055.74,P3,FRAG0023,0.01737725419247419,0.005924741924741925,2021.409,1412.159,1.0519,2.4482,0.8886723123556475,0.0,Hit+Run
12806855.113,P3,FRAG0023,0.01737725419247419,0.005924741924741925,2021.409,1412.159,1.0442,2.4303,0.9221115885012591,0.0,Hit+Run
12809444.086,P3,FRAG0023,0.01737725419247419,0.005924741924741925,2021.409,1412.159,1.064,2.4764,0.5033553011355274,0.0,Merge
13080606.007,E5,P587,0.07593555857142857,0.0024355585714285716,3304.777,1050.009,1.1302,4.2835,0.7185111737823638,0.0,Merge
13129190.712,M1,P185,0.151646545907426,0.0024355585714285716,4161.705,1050.009,3.123,15.171,0.26614969479028716,0.0,Merge
13374472.632,M1,P143,0.15408210447885456,0.0024355585714285716,4183.867,1050.009,6.5885,32.189,0.6463803069343911,0.0,Merge
13925665.471,E0,P671,0.5569911412687308,0.0024355585714285716,6421.107,1050.009,2.796,21.615,0.2702993696447187,0.0,Merge
14109153.128,P0,FRAG0013,0.04294926666666665,0.005761904761904762,2733.038,1399.101,2.1993,6.7463,0.7535443716952698,0.0,Hit+Run
14109636.923,P0,FRAG0013,0.04294926666666665,0.005761904761904762,2733.038,1399.101,1.0683,3.2770,0.9097032641355869,0.0,Hit+Run
14114152.574,P0,FRAG0013,0.04294926666666665,0.005761904761904762,2733.038,1399.101,1.1951,3.6659,0.7280800880910674,0.0,Hit+Run
14186952.431,P0,FRAG0013,0.04294926666666665,0.005761904761904762,2733.038,1399.101,2.4175,7.4156,0.9798127202926119,0.0,Hit+Run
14187044.751,P0,FRAG0013,0.04294926666666665,0.005761904761904762,2733.038,1399.101,1.044,3.2024,0.7432263762608396,0.0,Graze+Merge
14557834.852,P0,FRAG0020,0.04871117142857141,0.005924741924741925,2850.165,1412.159,23.720,75.874,0.5960684901380264,0.04910822510822511,Fragment
14558826.581,P0,FRAG0024,0.00552768824508823,0.006138528138528139,1379.881,1428.944,1.1072,2.0159,0.7284496392036006,0.0,Hit+Run
14564880.558,P0,FRAG0027,0.00552768824508823,0.006138528138528139,1379.881,1428.944,4.1329,7.5251,0.6773088195103887,0.0,Hit+Run
14566378.262,P0,FRAG0024,0.00552768824508823,0.006138528138528139,1379.881,1428.944,2.3625,4.3016,0.8446832409270779,0.0,Hit+Run
14571498.001,P0,FRAG0029,0.00552768824508823,0.006138528138528139,1379.881,1428.944,2.6941,4.9053,0.655840483097388,0.0,Hit+Run
14577010.138,P0,FRAG0029,0.00552768824508823,0.006138528138528139,1379.881,1428.944,2.325,4.2333,0.6916046682430732,0.0,Hit+Run
14577134.086,P0,FRAG0031,0.00552768824508823,0.006138528138528139,1379.881,1428.944,5.8506,10.652,0.9773251363849766,0.0,Hit+Run
14579504.043,P0,FRAG0030,0.00552768824508823,0.006138528138528139,1379.881,1428.944,2.5606,4.6623,0.3766047298445375,0.005813040293040294,Fragment
14579527.642,P0,FRAG0032,0.005853362570762556,0.0058128538128538135,1406.465,1403.213,1.0331,1.8807,0.27271528717086635,0.0,Merge
14583016.682,P0,FRAG0031,0.01166621638361637,0.006138528138528139,1769.988,1428.944,2.9159,6.1460,0.7155353178685874,0.0,Hit+Run
14583159.082,P0,FRAG0031,0.01166621638361637,0.006138528138528139,1769.988,1428.944,1.0374,2.1865,0.3526219131438685,0.0,Merge
14584253.653,P0,FRAG0027,0.01780474452214451,0.006138528138528139,2037.851,1428.944,4.3542,10.223,0.4705497856820699,0.01841558441558442,Fragment
14584391.338,E0,P224,0.5594266998401594,0.0024355585714285716,6430.453,1050.009,2.8797,22.297,0.47933138295359706,0.0,Merge
14596185.072,P0,FRAG0034,0.00552768824508823,0.006138528138528139,1379.881,1428.944,2.6125,4.7568,0.6559878629812301,0.0,Hit+Run
14597550.785,P0,FRAG0033,0.00552768824508823,0.006138528138528139,1379.881,1428.944,1.1054,2.0127,0.5914354738583861,0.0,Graze+Merge
14602507.674,P0,FRAG0028,0.01166621638361637,0.006138528138528139,1769.988,1428.944,9.0515,19.078,0.8154623812826508,0.008045621045621046,Graze+Frag
14602866.504,P0,FRAG0034,0.009759123476523463,0.006138528138528139,1667.749,1428.944,3.7873,7.6666,0.19161896901666411,0.014992514152514154,Fragment
14614677.591,P0,FRAG0035,0.005527688245088232,0.006138528138528139,1379.881,1428.944,1.2224,2.2257,0.8598633689628151,0.0,Hit+Run
14623680.529,P0,FRAG0029,0.005527688245088232,0.006138528138528139,1379.881,1428.944,2.1384,3.8935,0.859421229311289,0.0,Hit+Run
14625473.052,P0,FRAG0037,0.005527688245088232,0.01036996336996337,1379.881,1701.843,2.4787,5.0298,0.608464679403128,0.0,Hit+Run
14629697.836,P0,FRAG0035,0.005527688245088232,0.006138528138528139,1379.881,1428.944,2.5595,4.6603,0.8715555064142894,0.0,Hit+Run
14635226.811,P0,FRAG0035,0.005527688245088232,0.006138528138528139,1379.881,1428.944,1.9329,3.5194,0.28552396163011384,0.0,Merge
14709413.231,P0,FRAG0036,0.011666216383616371,0.008045621045621046,1769.988,1563.797,1.6618,3.6101,0.7355429094446305,0.0,Hit+Run
14719140.405,P0,FRAG0036,0.011666216383616371,0.008045621045621046,1769.988,1563.797,1.3454,2.9228,0.48999029242561687,0.0,Merge
14732745.749,P0,FRAG0024,0.01971183742923742,0.006138528138528139,2108.156,1428.944,2.2045,5.3244,0.5065511079331086,0.0,Merge
14752848.333,P0,FRAG0029,0.025850365567765557,0.006138528138528139,2307.540,1428.944,1.7965,4.6962,0.9490814996477853,0.0,Hit+Run
14752921.68,P0,FRAG0029,0.025850365567765557,0.006138528138528139,2307.540,1428.944,1.0312,2.6956,0.4706500591368931,0.0,Merge
14774549.038,P0,FRAG0026,0.031988893706293695,0.006138528138528139,2477.385,1428.944,1.1501,3.2101,0.441528473111983,0.0,Merge
14833251.776,P0,FRAG0037,0.03812742184482183,0.01036996336996337,2626.674,1701.843,2.307,6.8991,0.9604299006515609,0.0,Hit+Run
14843146.939,P0,FRAG0037,0.03812742184482183,0.01036996336996337,2626.674,1701.843,1.273,3.8069,0.39007034822696873,0.0,Merge
15125006.738,P0,FRAG0025,0.0484973852147852,0.006138528138528139,2845.989,1428.944,2.1198,6.7705,0.9224477688874493,0.0,Hit+Run
15125533.682,P0,FRAG0025,0.0484973852147852,0.006138528138528139,2845.989,1428.944,1.0831,3.4593,0.9192522223439593,0.0,Hit+Run
15125787.244,P0,FRAG0025,0.0484973852147852,0.006138528138528139,2845.989,1428.944,1.0408,3.3242,0.3809357775385382,0.0,Merge
15152702.663,E3,E15,0.43610350714285717,0.12158667571428573,5918.210,3866.243,1.6811,11.339,0.575643862862557,0.03874358974358974,Fragment
15271945.981,E12,P628,0.10341111714285715,0.0024355585714285716,3663.106,1050.009,4.6505,19.689,0.624337126611187,0.0,Merge
15361074.543,E3,P760,0.5189465931135532,0.0024355585714285716,6271.451,1050.009,1.7203,12.970,0.18408004403428405,0.0,Merge
15417857.694,E3,E12,0.5213821516849817,0.10584667571428573,6281.247,3691.642,1.0323,7.3141,0.6394686818061613,0.0,Graze+Merge
16110447.221,E3,M4,0.6272288273992674,0.05,6680.400,2875.083,1.0322,7.7635,0.9061254117973745,0.008994845154845155,Hit+Run
16166830.407,E0,P565,0.5618622584115879,0.0024355585714285716,6439.771,1050.009,3.2989,25.582,0.20927718910359025,0.0,Merge
16173851.581,M1,P145,0.15651766305028314,0.0024355585714285716,4205.796,1050.009,3.0511,14.990,0.38914654434369433,0.0,Merge
16925446.408,P91,P716,0.0024355585714285716,0.0024355585714285716,1050.009,1050.009,8.8232,12.005,0.92325,0.0,Hit+Run
16967514.609,E21,P769,0.02186,0.0024355585714285716,2182.113,1050.009,3.5631,8.7278,0.6591999209944412,0.0,Merge
17373213.468,E3,P346,0.6272288273992674,0.0024355585714285716,6680.400,1050.009,2.0712,16.700,0.9886122298059976,0.0,Hit+Run
17599918.484,M1,P594,0.15895322162171172,0.0024355585714285716,4227.500,1050.009,8.1316,40.174,0.6220080789673216,0.0,Merge
18356804.144,E3,FRAG0040,0.6272288273992674,0.005534798534798535,6680.400,1380.472,1.1007,8.7127,0.8885793623029616,0.0,Hit+Run
18528031.375,E9,FRAG0043,0.08137555857142859,0.005534798534798535,3381.882,1380.472,2.5897,9.8839,0.22326429561844793,0.0,Merge
18833987.313,E4,P472,0.05983555857142857,0.0024355585714285716,3052.438,1050.009,7.7462,26.962,0.952685327495016,0.0,Hit+Run
19046466.758,E0,P346,0.5642978169830164,0.0024355585714285716,6449.063,1050.009,1.5359,11.929,0.672677437356218,0.0,Merge
19382407.233,M3,P279,0.05243555857142857,0.0024355585714285716,2921.028,1050.009,4.7773,15.865,0.42082706760516114,0.0,Merge
19461453.931,M4,P78,0.05,0.0024355585714285716,2875.083,1050.009,3.5169,11.484,0.6259842047401657,0.0,Merge
19571186.338,E0,FRAG0044,0.5667333755544449,0.005534798534798535,6458.328,1380.472,2.0266,15.470,0.9349530674168325,0.0,Hit+Run
19584187.922,E3,E9,0.6272288273992674,0.08691035710622712,6680.400,3456.880,1.3604,10.201,0.8216328925422071,0.015567765567765568,Hit+Run+Frag
20097122.341,E10,P301,0.27608,0.0024355585714285716,5081.658,1050.009,2.7909,16.804,0.8400273468582985,0.0,Hit+Run
20296261.096,M3,P791,0.05487111714285714,0.0024355585714285716,2965.571,1050.009,5.6023,18.908,0.4560337084767276,0.005960705960705961,Fragment
20365048.45,E3,P697,0.6272294275957376,0.0024355585714285716,6680.403,1050.009,2.4654,19.879,0.7329039059648716,0.0,Merge
20407938.536,E0,FRAG0039,0.5667333755544449,0.005534798534798535,6458.328,1380.472,1.6104,12.293,0.20135929650746728,0.0,Merge
21026862.277,E3,P75,0.6296649861671662,0.0024355585714285716,6689.038,1050.009,1.8869,15.235,0.5937899908335661,0.0,Merge
21380938.401,E10,P605,0.27608,0.0024355585714285716,5081.658,1050.009,2.5849,15.564,0.6578667205368166,0.0,Merge
21391943.023,E0,P569,0.5722681740892435,0.0024355585714285716,6479.284,1050.009,1.8699,14.595,0.8372226648711735,0.0,Merge
21460338.922,E1,P852,0.2584824364735265,0.0024355585714285716,4971.310,1050.009,2.7681,16.279,0.48075735915294127,0.0,Merge
21677457.319,M4,P621,0.05243555857142857,0.0024355585714285716,2921.028,1050.009,4.7231,15.685,0.3546981506715761,0.0,Merge
21769564.48,E3,P550,0.6321005447385947,0.0024355585714285716,6697.651,1050.009,1.9226,15.544,0.5765176890171058,0.0,Merge
22039817.801,E0,E1,0.574703732660672,0.26091799504495505,6488.463,4986.875,1.0649,8.1187,0.9613950717790627,0.0,Hit+Run
22355624.28,E1,M4,0.26091799504495505,0.05487111714285714,4986.875,2965.571,1.1483,6.4648,0.19690528462659374,0.015318681318681318,Fragment
22397617.602,M1,FRAG0045,0.1613887801931403,0.007783882783882784,4248.982,1546.652,3.7217,17.964,0.5549098869652777,0.00804861804861805,Fragment
22397918.502,M1,FRAG0050,0.161124044928405,0.00804861804861805,4246.658,1563.991,1.0521,5.0718,0.4763618731600673,0.0,Merge
23083112.549,E0,P411,0.574703732660672,0.0024355585714285716,6488.463,1050.009,2.7665,21.626,0.5528360843591715,0.0,Merge
23084957.586,E0,E1,0.5771392912321005,0.3004704308691309,6497.616,5227.103,1.1605,8.9701,0.7122333544715761,0.0,Hit+Run
23734902.772,E1,M1,0.3004704308691309,0.16917266297702307,5227.103,4316.223,1.9018,11.919,0.5653600981935154,0.0679488911088911,Hit+Run+Frag
23735934.931,E1,M1,0.30047093267399283,0.14316350316350315,5227.106,4082.610,1.0565,6.5158,0.8471987769128431,0.0,Hit+Run
23737445.356,E1,M1,0.30047093267399283,0.14316350316350315,5227.106,4082.610,1.0433,6.4344,0.8724086815343466,0.0,Hit+Run
23739352.062,E1,M1,0.30047093267399283,0.14316350316350315,5227.106,4082.610,1.068,6.5867,0.77353420037963,0.0,Hit+Run
23759674.021,E1,FRAG0054,0.30047093267399283,0.006502164502164502,5227.106,1456.620,1.0177,6.1619,0.3150156191850715,0.0,Merge
23780567.108,E1,M1,0.30697309717615734,0.14316350316350315,5264.542,4082.610,1.0223,6.3382,0.586428994215236,0.0,Graze+Merge
23814392.212,E1,P243,0.4501366003396605,0.0024355585714285716,5981.020,1050.009,5.6559,40.540,0.7688270503349197,0.01566027306027306,Merge
24121641.499,P50,P810,0.0024355585714285716,0.0024355585714285716,1050.009,1050.009,23.461,31.924,0.6376,0.0,Graze+Frag
24389214.554,E1,P586,0.4525721589110891,0.0024355585714285716,5991.788,1050.009,2.5733,18.480,0.7829880198122422,0.0,Merge
24972751.078,E3,E4,0.6345361033100232,0.05983555857142857,6706.243,3052.438,1.2843,9.6788,0.9155670598703165,0.0,Hit+Run
25197928.681,E0,FRAG0052,0.5771392912321005,0.006502164502164502,6497.616,1456.620,1.7963,13.747,0.6767808221448757,0.0,Merge
25458000.618,E3,E4,0.6345361033100232,0.05983555857142857,6706.243,3052.438,1.1271,8.4941,0.9410624722558066,0.0,Hit+Run
25460561.177,E3,E4,0.6345361033100232,0.05983555857142857,6706.243,3052.438,1.0623,8.0058,0.23901090101545902,0.00918947718947719,Fragment
25746056.275,E0,P318,0.583641455734265,0.0024355585714285716,6521.926,1050.009,3.0294,23.811,0.36933776855263095,0.0,Merge
25835109.038,E0,P50,0.5860770143056935,0.004871128871128871,6530.985,1322.930,1.5401,11.935,0.8968351406090883,0.0,Hit+Run
25878763.871,E3,M3,0.6851821846919746,0.051345969753579745,6880.117,2900.654,1.081,8.3809,0.9925439536168353,0.0,Hit+Run
25881927.312,E0,P50,0.5860770143056935,0.004871128871128871,6530.985,1322.930,1.0292,7.9760,0.5136532835922428,0.0,Merge
26308342.636,E1,P255,0.45500771748251767,0.0024355585714285716,6002.517,1050.009,4.6063,33.144,0.8824368676349155,0.0,Hit+Run
26329194.252,E1,P255,0.45500771748251767,0.0024355585714285716,6002.517,1050.009,1.0539,7.5832,0.9391211803128529,0.0,Hit+Run
26354199.279,E1,P255,0.45500771748251767,0.0024355585714285716,6002.517,1050.009,1.0568,7.6040,0.9970821666997527,0.0,Hit+Run
26443383.247,E0,FRAG0055,0.5909481431768223,0.00918947718947719,6549.029,1634.647,1.5311,11.714,0.9887152238015878,0.0,Hit+Run
26660880.566,E1,P255,0.45500771748251767,0.0024355585714285716,6002.517,1050.009,1.0703,7.7012,0.9805705200638369,0.0,Hit+Run
26693976.894,E1,P255,0.45500771748251767,0.0024355585714285716,6002.517,1050.009,1.049,7.5479,0.9480578962755907,0.0,Hit+Run
26756002.959,E1,P255,0.45500771748251767,0.0024355585714285716,6002.517,1050.009,1.1369,8.1804,0.7637062127013983,0.0,Merge
27218967.462,E1,FRAG0055,0.45744327605394625,0.00918947718947719,6013.208,1634.647,1.2071,8.4240,0.2788080390226924,0.0,Merge
27770367.573,E1,FRAG0053,0.46663275324342346,0.006502164502164502,6053.207,1456.620,2.6879,19.061,0.8470654195390542,0.0,Hit+Run
27774496.035,E1,FRAG0053,0.46663275324342346,0.006502164502164502,6053.207,1456.620,1.0632,7.5396,0.8198213323943021,0.0,Hit+Run
27776169.888,E1,FRAG0053,0.46663275324342346,0.006502164502164502,6053.207,1456.620,1.0541,7.4750,0.6210523415689803,0.0,Merge
27805683.864,E0,M3,0.5909481431768223,0.051345969753579745,6549.029,2900.654,2.2159,16.321,0.9101723196253831,0.015394605394605394,Hit+Run+Frag
27823647.405,E0,FRAG0056,0.5909487915850807,0.007697302697302697,6549.032,1540.896,1.0783,8.2872,0.6846187388914463,0.0,Merge
27888710.87,E0,FRAG0057,0.5986460942823835,0.007697302697302697,6577.344,1540.896,1.1276,8.7064,0.21551142600273374,0.0,Merge
29100233.928,E0,P692,0.6063433969796862,0.0024355585714285716,6605.414,1050.009,1.6414,13.077,0.39578519520745653,0.0,Merge
29175930.935,M2,P496,0.05730667571428571,0.0024355585714285716,3008.815,1050.009,5.8815,20.159,0.9246260463346456,0.0,Hit+Run
29341891.802,E1,P269,0.47313491774558797,0.0024355585714285716,6081.193,1050.009,2.9328,21.397,0.9430655133177048,0.0,Hit+Run
29375372.251,E1,P269,0.47313491774558797,0.0024355585714285716,6081.193,1050.009,1.0408,7.5936,0.5315243100198258,0.0,Merge
29388230.413,E0,P529,0.6087789555511147,0.0024355585714285716,6614.246,1050.009,5.2742,42.080,0.8072493823476015,0.0,Merge
29907278.482,E0,FRAG0051,0.6112145141225432,0.006502164502164502,6623.055,1456.620,2.6734,20.884,0.5169141273586191,0.0,Merge
30807385.449,E9,P496,0.07134199134199135,0.0024355585714285716,3236.748,1050.009,2.6552,9.8412,0.8795663181156885,0.0,Hit+Run
30935371.471,E0,FRAG0040,0.6177166786247077,0.005534798534798535,6646.458,1380.472,3.4172,26.902,0.7824787826238976,0.0,Merge
31308879.869,E10,P428,0.27851555857142857,0.0024355585714285716,5096.558,1050.009,1.677,10.129,0.6357256862312225,0.0,Merge
31582072.174,P231,P599,0.0024355585714285716,0.0024355585714285716,1050.009,1050.009,17.736,24.133,0.25945,0.0,Merge
31860286.519,P45,P405,0.0024355585714285716,0.0024355585714285716,1050.009,1050.009,4.809,6.5435,0.643,0.0,Graze+Frag
32134755.499,E10,P377,0.28095111714285714,0.0024355585714285716,5111.371,1050.009,2.7281,16.529,0.4463981102153649,0.0,Merge
34631976.73,E10,P694,0.2833866757142857,0.0024355585714285716,5126.099,1050.009,3.452,20.980,0.7600204219410601,0.0,Merge
34650837.302,E0,P446,0.6232514771595062,0.0024355585714285716,6666.250,1050.009,4.2089,33.861,0.9439216593400251,0.0,Hit+Run
34652653.466,E0,P446,0.6232514771595062,0.0024355585714285716,6666.250,1050.009,1.0441,8.3999,0.9281982709087707,0.0,Hit+Run
35047379.893,E1,FRAG0049,0.47557047631701654,0.007659340659340659,6091.610,1538.358,3.5601,25.312,0.9749809595354079,0.0,Hit+Run
35398339.934,P0,P3,0.05463591335331334,0.023301996117216117,2961.328,2229.076,9.6673,33.468,0.7561924567470778,0.07043356643356642,Graze+Frag
35398465.916,P0,FRAG0062,0.0075043430369630265,0.005869463869463869,1527.911,1407.753,1.4953,2.8514,0.3553215323834831,0.0,Merge
35402583.037,P0,FRAG0066,0.013373806906426896,0.005869463869463869,1852.445,1407.753,1.0818,2.3481,0.8820739257752552,0.0,Hit+Run
35410220.243,P0,FRAG0064,0.013373806906426896,0.005869463869463869,1852.445,1407.753,1.4269,3.0971,0.8028668237055112,0.0,Hit+Run
35410222.218,P0,FRAG0064,0.013373806906426896,0.005869463869463869,1852.445,1407.753,1.0516,2.2825,0.5843938628316477,0.0,Graze+Merge
35410949.294,P0,FRAG0069,0.019243270775890765,0.005869463869463869,2091.318,1407.753,2.354,5.6342,0.556318680963582,0.0,Merge
35411059.932,P0,FRAG0066,0.025112734645354635,0.005869463869463869,2285.380,1407.753,1.2352,3.1963,0.8477816307424575,0.0,Hit+Run
35415710.826,P0,FRAG0067,0.025112734645354635,0.005869463869463869,2285.380,1407.753,4.3853,11.347,0.8617050516853082,0.0,Hit+Run
35416984.924,P0,FRAG0068,0.025112734645354635,0.005869463869463869,2285.380,1407.753,1.1977,3.0993,0.6377545610534135,0.0,Hit+Run
35433199.726,E1,P446,0.47557047631701654,0.0024355585714285716,6091.610,1050.009,2.5357,18.534,0.8420551111398074,0.0,Merge
35434439.192,P0,FRAG0063,0.025112734645354635,0.005869463869463869,2285.380,1407.753,2.4803,6.4183,0.9496391901732666,0.0,Hit+Run
35434509.173,P0,FRAG0063,0.025112734645354635,0.005869463869463869,2285.380,1407.753,1.0229,2.6469,0.8451207102956017,0.0,Graze+Merge
35440127.093,P0,FRAG0068,0.030982198514818503,0.005869463869463869,2451.120,1407.753,1.4326,3.9553,0.5629693770691648,0.0,Merge
35440967.175,P0,FRAG0067,0.03685166238428237,0.005869463869463869,2597.045,1407.753,2.6554,7.7485,0.7069116736112331,0.0,Hit+Run
35449897.531,P0,FRAG0061,0.03685166238428237,0.005869463869463869,2597.045,1407.753,1.7276,5.0411,0.8344034954917655,0.0,Hit+Run
35459211.951,P0,FRAG0059,0.03685166238428237,0.005869463869463869,2597.045,1407.753,2.4776,7.2296,0.9028184863788266,0.0,Hit+Run
35459582.576,P0,FRAG0059,0.03685166238428237,0.005869463869463869,2597.045,1407.753,1.0142,2.9594,0.7510733881079994,0.0,Graze+Merge
35463725.612,P0,FRAG0060,0.04272112625374624,0.005869463869463869,2728.190,1407.753,1.1686,3.5785,0.9291540622077652,0.0,Hit+Run
35477151.366,P0,FRAG0066,0.04272112625374624,0.005869463869463869,2728.190,1407.753,7.8017,23.891,0.930935061759065,0.0,Hit+Run
35508459.065,P0,FRAG0058,0.04272112625374624,0.005869463869463869,2728.190,1407.753,2.2521,6.8965,0.9461725023646305,0.0,Hit+Run
35508909.507,P0,FRAG0058,0.04272112625374624,0.005869463869463869,2728.190,1407.753,1.0713,3.2806,0.5470966769807756,0.0,Merge
35557514.007,P0,FRAG0060,0.048590590123210105,0.005869463869463869,2847.811,1407.753,4.0152,12.832,0.19420097443879208,0.015072261072261072,Fragment
35559656.716,P0,FRAG0070,0.039387792920412903,0.007536130536130536,2655.304,1530.065,1.1394,3.4085,0.8813436636603602,0.0,Hit+Run
35574150.419,P0,FRAG0070,0.039387792920412903,0.007536130536130536,2655.304,1530.065,2.1137,6.3231,0.9486561908086213,0.0,Hit+Run
35575487.02,P0,FRAG0070,0.039387792920412903,0.007536130536130536,2655.304,1530.065,1.0078,3.0148,0.5092532096315657,0.0,Merge
35590158.476,P0,FRAG0066,0.04692392345654344,0.005869463869463869,2814.871,1407.753,2.7718,8.7562,0.4204350278388942,0.006878454878454878,Fragment
35590369.251,P0,FRAG0072,0.04591493244755243,0.006878454878454878,2794.549,1484.194,1.014,3.1821,0.7716657771128335,0.0,Graze+Merge
35649038.327,P0,FRAG0071,0.05279338732600731,0.007536130536130536,2927.658,1530.065,2.0431,6.7151,0.5690175704998623,0.0,Merge
35656699.11,P0,FRAG0065,0.060329517862137846,0.005869463869463869,3060.815,1407.753,2.7318,9.3939,0.6727045651967218,0.0,Merge
35685335.004,P0,FRAG0061,0.06619898173160171,0.005869463869463869,3157.022,1407.753,8.3696,29.711,0.26758200535746635,0.053688311688311695,Fragment
35685338.739,P0,FRAG0075,0.018380133912753886,0.005965367965367966,2059.570,1415.379,1.2401,2.9325,0.34476818821307414,0.0,Merge
35685340.695,P0,FRAG0077,0.02434550187812185,0.005965367965367966,2261.865,1415.379,1.1775,3.0203,0.21645292562553486,0.0,Merge
35691038.813,P0,FRAG0081,0.030310869843489817,0.005965367965367966,2433.286,1415.379,1.0465,2.8704,0.21932459629513634,0.0,Merge
35692508.28,P0,FRAG0080,0.03627623780885778,0.005965367965367966,2583.457,1415.379,1.3066,3.7940,0.8447778166072528,0.0,Hit+Run
35692513.176,P0,FRAG0080,0.03627623780885778,0.005965367965367966,2583.457,1415.379,1.0587,3.0742,0.861058331274202,0.0,Hit+Run
35692520.386,P0,FRAG0080,0.03627623780885778,0.005965367965367966,2583.457,1415.379,1.049,3.0460,0.6744138595566773,0.0,Graze+Merge
35695455.848,P0,FRAG0076,0.04224160577422575,0.005965367965367966,2717.944,1415.379,1.0839,3.3071,0.7966445108012252,0.0,Hit+Run
35695567.903,P0,FRAG0076,0.04224160577422575,0.005965367965367966,2717.944,1415.379,1.0518,3.2091,0.4391901516831518,0.0,Merge
35698296.458,P0,FRAG0074,0.04820697373959371,0.005965367965367966,2840.297,1415.379,1.142,3.6402,0.49321876794647423,0.0,Merge
35701088.079,P0,FRAG0073,0.05417234170496168,0.005965367965367966,2952.929,1415.379,1.3598,4.5076,0.8403896811734421,0.0,Hit+Run
35702890.967,P0,FRAG0079,0.05417234170496168,0.005965367965367966,2952.929,1415.379,1.7017,5.6410,0.5797282742715122,0.0,Merge
35707539.695,P0,FRAG0078,0.060137709670329643,0.005965367965367966,3057.568,1415.379,1.3502,4.6373,0.8073632753317513,0.0,Hit+Run
35707639.241,P0,FRAG0078,0.060137709670329643,0.005965367965367966,3057.568,1415.379,1.0482,3.6001,0.9578851559752629,0.0,Hit+Run
35716500.919,P0,FRAG0073,0.060137709670329643,0.005965367965367966,3057.568,1415.379,1.3464,4.6242,0.8664236317695325,0.0,Hit+Run
35716502.838,P0,FRAG0073,0.060137709670329643,0.005965367965367966,3057.568,1415.379,1.0481,3.5997,0.639683814287912,0.0,Merge
35739953.594,P0,FRAG0078,0.06610307763569762,0.005965367965367966,3155.496,1415.379,1.3374,4.7445,0.22871239553915232,0.0,Merge
36180373.605,E1,FRAG0049,0.4780060348884451,0.007659340659340659,6101.992,1538.358,2.0822,14.831,0.41010851205444576,0.0,Merge
36359698.854,E3,P392,0.6851821846919746,0.0024355585714285716,6880.117,1050.009,1.1318,9.4158,0.7272158763911243,0.0,Merge
36477026.607,E3,M2,0.6876177432634031,0.05730667571428571,6888.260,3008.815,1.1314,8.7695,0.675875331881463,0.0,Merge
36676268.292,P45,P742,0.004871128871128871,0.0024355585714285716,1322.930,1050.009,14.346,22.492,0.8369293041831721,0.0,Graze+Frag
36686548.785,E1,P435,0.48566537554778577,0.0024355585714285716,6134.411,1050.009,2.9715,21.882,0.5956451102223786,0.0,Merge
36780555.149,E1,P7,0.48810093411921435,0.0024355585714285716,6144.648,1050.009,3.93,28.992,0.6361016749008285,0.0,Merge
37333040.946,P0,FRAG0067,0.07206844560106558,0.005869463869463869,3247.697,1407.753,2.8126,10.281,0.2182129602513212,0.0057179487179487174,Fragment
37333146.314,P0,FRAG0082,0.07221996075258073,0.0057179487179487174,3249.971,1395.534,1.0543,3.8581,0.6630059326179198,0.0,Merge
39836186.734,E1,P342,0.4905364926906429,0.0024355585714285716,6154.852,1050.009,3.5584,26.297,0.7848120703376653,0.0,Merge
41829432.811,E0,P147,0.6232514771595062,0.0024355585714285716,6666.250,1050.009,1.775,14.280,0.9341593357535869,0.0,Hit+Run
42305397.686,E1,P147,0.4929720512620715,0.0024355585714285716,6165.021,1050.009,1.6869,12.488,0.824819047944023,0.0,Merge
42801734.707,P299,P340,0.0024355585714285716,0.0024355585714285716,1050.009,1050.009,6.4946,8.8371,0.12595,0.0,Merge
45150899.399,E10,P514,0.2858222342857143,0.0024355585714285716,5140.742,1050.009,6.0173,36.684,0.543324563364728,0.0,Merge
45370227.913,E0,FRAG0041,0.6232514771595062,0.005534798534798535,6666.250,1380.472,1.3225,10.444,0.4234171576796954,0.0,Merge
45629694.689,P82,P649,0.0024355585714285716,0.0024355585714285716,1050.009,1050.009,16.871,22.956,0.96775,0.0,Hit+Run
49629340.148,E1,P354,0.4954076098335001,0.0024355585714285716,6175.158,1050.009,3.5265,26.153,0.40314939204133377,0.0,Merge
50284260.39,E1,P496,0.49784316840492865,0.0024355585714285716,6185.261,1050.009,5.2913,39.309,0.8837710371877898,0.0,Hit+Run
50286040.546,E1,P496,0.49784316840492865,0.0024355585714285716,6185.261,1050.009,1.0773,8.0033,0.17473669955618518,0.0,Merge
53278555.844,E1,FRAG0048,0.5002787269763572,0.007659340659340659,6195.331,1538.358,4.429,32.068,0.49907499898592184,0.0,Merge
53469934.191,E0,P717,0.6287862756943048,0.0024355585714285716,6685.925,1050.009,4.1735,33.681,0.1801135623041307,0.0,Merge
53522524.019,E3,P427,0.7449244189776888,0.0024355585714285716,7074.535,1050.009,1.0286,8.8139,0.5543263146553009,0.0,Merge
54855632.892,E0,E13,0.6312218342657333,0.02222,6694.546,2194.026,2.633,20.169,0.6477957180361115,0.007199134199134199,Fragment
55444497.355,E0,FRAG0083,0.6462427000665991,0.007199134199134199,6747.233,1506.909,1.2079,9.6018,0.10528574984155539,0.0,Merge
59672322.212,E1,P262,0.5079380676356979,0.0024355585714285716,6226.788,1050.009,4.8361,36.184,0.4936558767816947,0.0,Merge
59706932.791,E3,E10,0.7473599775491173,0.28825779285714287,7082.237,5155.303,1.1859,9.7467,0.7590049817350576,0.0,Hit+Run
60642833.963,E1,P620,0.5103736262071265,0.0024355585714285716,6236.725,1050.009,3.7199,27.880,0.23246276161438326,0.0,Merge
82403835.143,E0,P231,0.6534418342657333,0.004871117142857143,6772.195,1322.929,3.7779,30.437,0.9741102754639716,0.0,Hit+Run
102555723.115,P0,P231,0.07793790947052945,0.004871117142857143,3333.574,1322.929,24.806,93.462,0.5728602810272416,0.08137814185814186,Fragment
102555744.13,P0,FRAG0096,0.005527641332001301,0.005944721944721945,1379.877,1413.744,1.8543,3.3572,0.6613341470083105,0.0,Hit+Run
102555761.592,P0,FRAG0084,0.005527641332001301,0.005944721944721945,1379.877,1413.744,1.5012,2.7179,0.43254187208542644,0.0,Merge
102555824.311,P0,FRAG0095,0.011472363276723246,0.005944721944721945,1760.130,1413.744,1.0723,2.2442,0.5281707740336097,0.0,Merge
102555989.829,P0,FRAG0087,0.01741708522144519,0.005944721944721945,2022.952,1413.744,1.1148,2.5967,0.5991103764085957,0.0,Graze+Merge
102559069.279,P0,FRAG0086,0.023361807166167134,0.005944721944721945,2230.981,1413.744,1.8614,4.7157,0.6779142903618857,0.0,Hit+Run
102562324.55,P0,FRAG0093,0.023361807166167134,0.005944721944721945,2230.981,1413.744,1.6546,4.1917,0.9105781474874415,0.0,Hit+Run
102567848.955,P0,FRAG0092,0.023361807166167134,0.005944721944721945,2230.981,1413.744,1.6751,4.2437,0.7378400772931983,0.0,Hit+Run
102568567.266,P0,FRAG0094,0.023361807166167134,0.005944721944721945,2230.981,1413.744,2.6004,6.5879,0.47450939764201705,0.006468638028638028,Fragment
102568567.298,P0,FRAG0097,0.02283799764235761,0.006468531468531469,2214.181,1454.104,1.0449,2.6386,0.8521639248120663,0.0,Hit+Run
102569599.041,P0,FRAG0091,0.02283799764235761,0.005944721944721945,2214.181,1413.744,1.7704,4.4551,0.9774210549113503,0.0,Hit+Run
102571923.113,P0,FRAG0091,0.02283799764235761,0.005944721944721945,2214.181,1413.744,1.5147,3.8117,0.9256052275232931,0.0,Hit+Run
102572652.801,P0,FRAG0090,0.02283799764235761,0.005944721944721945,2214.181,1413.744,1.3165,3.3129,0.618005969530586,0.0,Hit+Run
102572737.791,P0,FRAG0091,0.02283799764235761,0.005944721944721945,2214.181,1413.744,1.8051,4.5425,0.7558763512380315,0.0,Hit+Run
102573086.17,P0,FRAG0090,0.02283799764235761,0.005944721944721945,2214.181,1413.744,1.1833,2.9777,0.6328366480409486,0.0,Hit+Run
102574194.915,P0,FRAG0092,0.02283799764235761,0.005944721944721945,2214.181,1413.744,1.2377,3.1146,0.7461112954287392,0.0,Hit+Run
102577028.367,P0,FRAG0090,0.02283799764235761,0.005944721944721945,2214.181,1413.744,2.1688,5.4577,0.6430289250418976,0.0,Hit+Run
102577267.108,P0,FRAG0090,0.02283799764235761,0.005944721944721945,2214.181,1413.744,0.988,2.4862,0.9342717145540401,0.0,Perfect
102578599.57,P0,FRAG0085,0.028782719587079557,0.005944721944721945,2391.687,1413.744,18.936,51.107,0.39425365321082384,0.0291991341991342,Fragment
102578826.31,P0,FRAG0102,0.005528307332667303,0.00583982683982684,1379.932,1405.380,0.9761,1.7618,0.9536072024571405,0.0,Perfect
102581563.814,P0,FRAG0097,0.011368134172494142,0.006468531468531469,1754.783,1454.104,24.835,52.311,0.5815212606412712,0.012308358308358308,Graze+Frag
102599659.875,P0,FRAG0101,0.005528307332667305,0.00583982683982684,1379.932,1405.380,15.624,28.202,0.9399332837186652,0.0,Hit+Run
102603729.282,P0,FRAG0093,0.005528307332667305,0.005944721944721945,1379.932,1413.744,4.3927,7.9531,0.38523040063527364,0.01091078255078255,Fragment
102606409.389,P0,FRAG0101,0.005528307332667305,0.00583982683982684,1379.932,1405.380,24.514,44.248,0.9287860673557778,0.0,Hit+Run
102616670.62,P0,FRAG0103,0.005528307332667305,0.006154179154179154,1379.932,1430.157,13.185,24.019,0.16283664867980469,0.011668091908091907,Fragment
102616788.601,P0,FRAG0106,0.005528307332667304,0.006154179154179154,1379.932,1430.157,1.1413,2.0790,0.5427233538025336,0.0,Graze+Merge
102628648.754,P0,FRAG0104,0.011682486486846458,0.006154179154179154,1770.811,1430.157,11.735,24.749,0.3549955167288726,0.012308358308358308,Fragment
102629924.6,P0,FRAG0105,0.005528307332667305,0.005944721944721945,1379.932,1413.744,11.344,20.540,0.6390705120424631,0.011359087579087579,Graze+Frag
102631768.658,P0,FRAG0109,0.005528307332667305,0.005944721944721945,1379.932,1413.744,2.0517,3.7146,0.6159043294680377,0.0,Hit+Run
102637198.718,P0,FRAG0107,0.005528307332667305,0.006154179154179154,1379.932,1430.157,2.0666,3.7646,0.5148309483591894,0.0,Hit+Run
102638841.085,P0,FRAG0107,0.005528307332667305,0.006154179154179154,1379.932,1430.157,1.4174,2.5820,0.9533997388776863,0.0,Hit+Run
102638936.049,P0,FRAG0107,0.005528307332667305,0.006154179154179154,1379.932,1430.157,1.105,2.0129,0.8054423135241726,0.0,Hit+Run
102638942.181,P0,FRAG0107,0.005528307332667305,0.006154179154179154,1379.932,1430.157,1.0488,1.9105,0.37561445288052653,0.0,Merge
102639500.457,P0,FRAG0089,0.011682486486846458,0.005944721944721945,1770.811,1413.744,3.3172,6.9726,0.9807825073759566,0.0,Hit+Run
102645384.068,P0,FRAG0109,0.011682486486846458,0.005944721944721945,1770.811,1413.744,1.9981,4.1999,0.9910140518456911,0.0,Hit+Run
102647151.068,P0,FRAG0101,0.011682486486846458,0.00583982683982684,1770.811,1405.380,8.8416,18.553,0.05290927509339591,0.017433040293040294,Fragment
102650015.418,P0,FRAG0098,0.005528307332667303,0.00583982683982684,1379.932,1405.380,17.542,31.663,0.3431856344254266,0.01136019314019314,Fragment
102650097.396,P0,FRAG0111,0.005528307332667302,0.005997002997002997,1379.932,1417.877,8.466,15.351,0.8699888215675353,0.0,Hit+Run
102650630.296,P0,FRAG0111,0.005528307332667302,0.005997002997002997,1379.932,1417.877,1.3298,2.4113,0.8557841171845516,0.0,Hit+Run
102665807.886,P0,FRAG0089,0.005528307332667302,0.005944721944721945,1379.932,1413.744,23.808,43.106,0.3573717077312738,0.01146909090909091,Fragment
102665819.579,P0,FRAG0113,0.005528307332667301,0.005944721944721945,1379.932,1413.744,1.0427,1.8878,0.37204197686689067,0.0,Merge
102666588.631,P0,FRAG0109,0.011473029277389246,0.005944721944721945,1760.164,1413.744,12.100,25.326,0.9280779177155727,0.0,Hit+Run
102674276.573,P0,FRAG0092,0.011473029277389246,0.005944721944721945,1760.164,1413.744,24.159,50.563,0.538767670786184,0.017405401265401264,Fragment
102674295.236,P0,FRAG0114,0.005528307332667303,0.005944721944721945,1379.932,1413.744,1.0841,1.9628,0.7722390157112279,0.0,Hit+Run
102674478.449,P0,FRAG0099,0.005528307332667303,0.00583982683982684,1379.932,1405.380,6.4803,11.696,0.960345075458708,0.0,Hit+Run
102675298.158,P0,FRAG0115,0.005528307332667303,0.005944721944721945,1379.932,1413.744,3.1554,5.7129,0.8430218294194401,0.0,Hit+Run
102675886.236,P0,FRAG0109,0.005528307332667303,0.005944721944721945,1379.932,1413.744,6.425,11.632,0.8018265282103341,0.0,Hit+Run
102676386.92,P0,FRAG0109,0.005528307332667303,0.005944721944721945,1379.932,1413.744,1.8462,3.3426,0.9266966978225885,0.0,Hit+Run
102677710.105,P0,FRAG0115,0.005528307332667303,0.005944721944721945,1379.932,1413.744,3.9996,7.2414,0.9307964700052692,0.0,Hit+Run
102679186.404,P0,FRAG0110,0.005528307332667303,0.005997002997002997,1379.932,1417.877,8.9089,16.154,0.7999024155667718,0.007984362304362305,Graze+Frag
102679343.544,P0,FRAG0116,0.005528307332667303,0.005997002997002997,1379.932,1417.877,1.0008,1.8147,0.15304582534860606,0.0,Merge
102696206.353,P0,FRAG0108,0.0115253103296703,0.006154179154179154,1762.833,1430.157,2.7199,5.7180,0.5295140929168473,0.005877122877122878,Fragment
102701132.186,FRAG0086,FRAG0099,0.005944721944721945,0.00583982683982684,1413.744,1405.380,10.963,20.025,0.9760374268509178,0.0,Hit+Run
102702163.18,FRAG0086,FRAG0100,0.005944721944721945,0.00583982683982684,1413.744,1405.380,10.130,18.504,0.9772911357175506,0.0,Hit+Run
102702365.494,P0,FRAG0099,0.011802366606726575,0.00583982683982684,1776.847,1405.380,5.645,11.874,0.9197962299885952,0.0,Hit+Run
102702438.545,FRAG0086,FRAG0100,0.005944721944721945,0.00583982683982684,1413.744,1405.380,1.0862,1.9841,0.616624168964645,0.0,Graze+Merge
102702520.837,FRAG0086,FRAG0096,0.011784548784548786,0.005944721944721945,1775.953,1413.744,8.6875,18.298,0.8056575303185163,0.008249084249084248,Graze+Frag
102704434.899,P0,FRAG0086,0.011802366606726575,0.009480186480186484,1776.847,1651.706,4.3325,9.6438,0.10142150467774823,0.020593286713286713,Fragment
102705190.897,FRAG0099,P0,0.00583982683982684,0.005527641332001305,1405.380,1379.877,3.0401,5.4871,0.6468187954306936,0.0,Hit+Run
102705285.483,FRAG0099,P0,0.00583982683982684,0.005527641332001305,1405.380,1379.877,1.1489,2.0736,0.6930886164315475,0.0,Hit+Run
102710067.796,FRAG0099,FRAG0119,0.00583982683982684,0.007877455877455877,1405.380,1552.824,2.9528,5.6808,0.6247759730464263,0.0,Hit+Run
102710302.728,FRAG0099,FRAG0119,0.00583982683982684,0.007877455877455877,1405.380,1552.824,1.0685,2.0556,0.5372189721853082,0.0,Graze+Merge
102714698.173,P0,FRAG0111,0.005527641332001305,0.005997002997002997,1379.877,1417.877,5.1804,9.3935,0.5043060636263691,0.005997002997002997,Graze+Frag
102714756.933,P0,FRAG0121,0.005527641332001305,0.005997002997002997,1379.877,1417.877,1.0857,1.9686,0.9441004078176974,0.0,Hit+Run
102715142.258,FRAG0109,FRAG0118,0.005944721944721945,0.008249084249084248,1413.744,1576.869,4.629,9.0097,0.6271199382305783,0.01041991341991342,Graze+Frag
102715150.099,FRAG0109,FRAG0122,0.005527805527805527,0.008666000666000666,1379.890,1602.999,1.0535,2.0531,0.9203928090026035,0.0,Hit+Run
102715985.177,FRAG0091,FRAG0121,0.005944721944721945,0.005997002997002997,1413.744,1417.877,10.117,18.562,0.712658464289369,0.01160120546120546,Graze+Frag
102716927.248,FRAG0091,FRAG0122,0.005527805527805528,0.008666000666000666,1379.890,1602.999,1.7776,3.4643,0.4564955890248136,0.0,Merge
102719603.837,FRAG0114,FRAG0112,0.005944721944721945,0.00583982683982684,1413.744,1405.380,6.3676,11.631,0.7324668682415097,0.006256743256743257,Graze+Frag
102724642.406,FRAG0091,FRAG0109,0.014193806193806193,0.005527805527805527,1889.557,1379.890,3.3937,7.4467,0.7009302726682681,0.0,Hit+Run
102724652.463,FRAG0091,FRAG0109,0.014193806193806193,0.005527805527805527,1889.557,1379.890,1.0131,2.2230,0.5351181888716602,0.0,Merge
102725898.379,FRAG0114,FRAG0124,0.005527805527805529,0.006256743256743257,1379.890,1438.058,1.0444,1.9081,0.9368050062011226,0.0,Hit+Run
102727372.682,FRAG0114,FRAG0124,0.005527805527805529,0.006256743256743257,1379.890,1438.058,1.4279,2.6088,0.6954421984249827,0.0,Hit+Run
102728942.014,FRAG0091,FRAG0123,0.019721611721611722,0.006413919413919414,2108.505,1450.001,2.0004,4.8434,0.86650904062733,0.0,Hit+Run
102728962.57,FRAG0091,FRAG0123,0.019721611721611722,0.006413919413919414,2108.505,1450.001,1.0524,2.5481,0.836171743800115,0.0,Hit+Run
102729177.544,FRAG0091,FRAG0123,0.019721611721611722,0.006413919413919414,2108.505,1450.001,1.1758,2.8469,0.90046074195935,0.0,Hit+Run
102730064.344,FRAG0091,FRAG0123,0.019721611721611722,0.006413919413919414,2108.505,1450.001,1.1288,2.7331,0.4285735702172784,0.0,Merge
102731140.162,FRAG0091,FRAG0099,0.026135531135531135,0.013717282717282717,2315.995,1868.170,3.1408,8.6600,0.39980329209320664,0.025265401265401267,Fragment
102731154.718,FRAG0125,FRAG0127,0.006316350316350317,0.006316350316350317,1442.611,1442.611,1.6311,3.0492,0.2689,0.0,Merge
102732009.403,FRAG0120,FRAG0088,0.007877455877455877,0.005944721944721945,1552.824,1413.744,25.851,49.853,0.9913977071873394,0.0,Hit+Run
102732027.229,FRAG0120,FRAG0088,0.007877455877455877,0.005944721944721945,1552.824,1413.744,1.0375,2.0008,0.8028018286764639,0.0,Graze+Merge
102732449.659,FRAG0125,FRAG0128,0.012632700632700633,0.006316350316350317,1817.576,1442.611,1.9195,4.1344,0.6779281058262784,0.0,Hit+Run
102732716.06,FRAG0115,FRAG0117,0.005944721944721945,0.005877122877122878,1413.744,1408.365,9.9778,18.245,0.5842615235898411,0.011705128205128206,Graze+Frag
102733236.104,FRAG0091,FRAG0125,0.014587412587412581,0.012632700632700633,1906.864,1817.576,1.1928,2.8809,0.9093399179900421,0.0,Hit+Run
102734532.555,FRAG0115,FRAG0129,0.005527805527805528,0.006294039294039295,1379.890,1440.910,1.7198,3.1455,0.7335314224176921,0.0,Hit+Run
102734869.009,FRAG0115,FRAG0129,0.005527805527805528,0.006294039294039295,1379.890,1440.910,0.9934,1.8169,0.5325746312678501,0.0,Perfect
102737480.128,FRAG0091,FRAG0128,0.014587412587412581,0.006316350316350317,1906.864,1442.611,2.2687,5.0635,0.8751886862881102,0.0,Hit+Run
102737821.696,FRAG0091,FRAG0120,0.014587412587412581,0.013822177822177822,1906.864,1872.920,6.9997,17.144,0.3935024057855781,0.02806135198135198,Fragment
102738657.495,FRAG0132,FRAG0133,0.005720612720612721,0.005720612720612721,1395.751,1395.751,1.9038,3.4434,0.23964999999999997,0.0,Merge
102739040.683,FRAG0128,FRAG0131,0.006316350316350317,0.005720612720612721,1442.611,1395.751,7.8093,14.367,0.9946544870347283,0.0,Hit+Run
102740006.388,FRAG0128,P0,0.006316350316350317,0.005527641332001305,1442.611,1379.877,6.8309,12.501,0.30017678190457897,0.01172005328005328,Fragment
102740437.334,FRAG0131,FRAG0128,0.005720612720612721,0.005527641332001304,1395.751,1379.877,2.3392,4.2071,0.689068411928293,0.0,Hit+Run
102741565.588,FRAG0091,FRAG0128,0.005527139527139516,0.005527641332001304,1379.835,1379.877,4.9776,8.9006,0.4870926297604798,0.010527152847152848,Fragment
102741796.619,FRAG0115,FRAG0091,0.011821844821844823,0.005526975331335293,1777.824,1379.821,4.6973,9.8369,0.3155175658898058,0.016585074925074925,Fragment
102742216.232,FRAG0137,FRAG0115,0.005910755910755911,0.005527308331668293,1411.047,1379.849,1.0164,1.8383,0.5003815962207678,0.0,Merge
102745334.543,FRAG0130,FRAG0131,0.005720612720612721,0.005720612720612721,1395.751,1395.751,3.5118,6.3519,0.47455,0.005913086913086914,Fragment
102745388.481,FRAG0138,FRAG0130,0.005913086913086914,0.005528138528138529,1411.232,1379.918,1.0668,1.9296,0.5835239283226255,0.0,Graze+Merge
102747394.176,FRAG0132,FRAG0136,0.011441225441225443,0.005910755910755911,1758.536,1411.047,3.7055,7.7460,0.9928991305893009,0.0,Hit+Run
102748723.39,FRAG0132,FRAG0135,0.011441225441225443,0.005527805527805528,1758.536,1379.890,5.3311,11.075,0.4745384585666521,0.016143956043956045,Fragment
102748754.878,FRAG0125,FRAG0126,0.012632700632700633,0.006316350316350317,1817.576,1442.611,4.5699,9.8432,0.9720686227949827,0.0,Hit+Run
102748921.566,FRAG0134,FRAG0124,0.006316350316350317,0.006256743256743257,1442.611,1438.058,3.5009,6.5344,0.6979512260921379,0.0,Hit+Run
102748993.68,FRAG0137,FRAG0136,0.011438064242424203,0.005910755910755911,1758.374,1411.047,2.5004,5.2265,0.7969608362862105,0.0,Hit+Run
102749047.411,FRAG0137,FRAG0134,0.011438064242424203,0.006316350316350317,1758.374,1442.611,4.6299,9.7418,0.5970589946457393,0.013105321345321346,Graze+Frag
102749074.522,FRAG0141,FRAG0137,0.006113553113553114,0.005527308331668292,1427.003,1379.849,1.1588,2.1083,0.43803727389228075,0.0,Merge
102749134.662,FRAG0126,FRAG0140,0.006316350316350317,0.005720612720612721,1442.611,1395.751,1.5869,2.9196,0.7498790138840256,0.0,Hit+Run
102749174.799,FRAG0126,FRAG0139,0.006316350316350317,0.005720612720612721,1442.611,1395.751,1.0282,1.8917,0.7774772451798793,0.0,Graze+Merge
102749568.77,FRAG0126,FRAG0140,0.012036963036963038,0.005720612720612721,1788.543,1395.751,1.3731,2.8969,0.9842818601320005,0.0,Hit+Run
102751039.926,FRAG0136,FRAG0140,0.005910755910755911,0.005720612720612721,1411.047,1395.751,1.1062,2.0118,0.9961994446217651,0.0,Hit+Run
102751095.989,FRAG0126,FRAG0136,0.012036963036963038,0.005910755910755911,1788.543,1411.047,1.3452,2.8464,0.4357337518205116,0.0,Merge
102751353.591,FRAG0125,FRAG0140,0.012632700632700633,0.005720612720612721,1817.576,1395.751,1.9383,4.1386,0.23490894415592503,0.0,Merge
102752666.239,FRAG0141,FRAG0142,0.011640861445221405,0.006113553113553114,1768.705,1427.003,2.8818,6.0686,0.79859121609585,0.0,Hit+Run
102752719.016,FRAG0126,FRAG0132,0.01794771894771895,0.005527805527805527,2043.291,1379.890,1.3885,3.2485,0.8231225945878641,0.0,Hit+Run
102753330.755,FRAG0126,FRAG0132,0.01794771894771895,0.005527805527805527,2043.291,1379.890,1.1412,2.6700,0.9248340449995915,0.0,Hit+Run
102753903.461,FRAG0124,FRAG0114,0.006256743256743257,0.005527805527805529,1438.058,1379.890,5.1894,9.4812,0.3537544768707238,0.011466327006327007,Fragment
102754838.607,FRAG0141,FRAG0138,0.011640861445221405,0.011441225441225443,1768.705,1758.536,2.1773,4.9761,0.8922650495487182,0.0,Hit+Run
102754949.418,FRAG0126,FRAG0132,0.01794771894771895,0.005527805527805527,2043.291,1379.890,1.7266,4.0396,0.6510368483806985,0.0,Hit+Run
102755693.481,FRAG0125,FRAG0138,0.018353313353313354,0.011441225441225443,2058.568,1758.536,1.1471,2.8632,0.9315346398177012,0.0,Hit+Run
102756360.735,FRAG0143,FRAG0124,0.006256743256743257,0.005527805527805529,1438.058,1379.890,2.9602,5.4083,0.8648409001050428,0.0,Hit+Run
102757214.747,FRAG0125,FRAG0142,0.018353313353313354,0.006113553113553114,2058.568,1427.003,1.3292,3.1462,0.776162612118611,0.0,Hit+Run
102759772.38,FRAG0142,FRAG0132,0.006113553113553114,0.005527805527805527,1427.003,1379.890,4.0003,7.2784,0.9899923522832977,0.0,Hit+Run
102760828.181,FRAG0138,FRAG0124,0.011441225441225443,0.005527805527805529,1758.536,1379.890,2.4041,4.9943,0.8872731717325464,0.0,Hit+Run
102761132.994,FRAG0126,FRAG0138,0.01794771894771895,0.011441225441225443,2043.291,1758.536,1.46,3.6266,0.6321483693273571,0.0,Hit+Run
102761418.443,FRAG0126,FRAG0124,0.01794771894771895,0.005527805527805529,2043.291,1379.890,1.1202,2.6208,0.5748726402085366,0.0,Merge
102763439.6,FRAG0126,FRAG0143,0.02347552447552448,0.006256743256743257,2234.595,1438.058,2.8557,7.2592,0.5148024232236696,0.007271728271728272,Fragment
102763584.348,FRAG0126,FRAG0142,0.022460539460539462,0.006113553113553114,2201.915,1427.003,1.5983,4.0069,0.6384422614732002,0.0,Hit+Run
102763831.082,FRAG0144,FRAG0142,0.007271728271728272,0.006113553113553114,1511.958,1427.003,1.5664,2.9865,0.3218418765954291,0.0,Merge
102764802.449,FRAG0126,FRAG0144,0.022460539460539462,0.013385281385281386,2201.915,1852.975,1.1765,3.1252,0.38109635241706247,0.0,Merge
102765817.344,FRAG0125,FRAG0138,0.018353313353313354,0.011441225441225443,2058.568,1758.536,1.3538,3.3791,0.26005094848613186,0.0,Merge
102776797.52,FRAG0125,FRAG0132,0.029794538794538798,0.005527805527805527,2419.391,1379.890,2.5404,6.9204,0.7771533774869369,0.0,Hit+Run
102782593.498,FRAG0141,FRAG0132,0.011640861445221405,0.005527805527805527,1768.705,1379.890,2.806,5.8540,0.8767140521176585,0.0,Hit+Run
102783043.788,FRAG0141,FRAG0132,0.011640861445221405,0.005527805527805527,1768.705,1379.890,1.0193,2.1265,0.7135273845068558,0.0,Graze+Merge
102905769.841,FRAG0125,FRAG0141,0.029794538794538798,0.017168666973026932,2419.391,2013.288,1.6625,4.8346,0.8949064352696641,0.0,Hit+Run
102905848.114,FRAG0125,FRAG0141,0.029794538794538798,0.017168666973026932,2419.391,2013.288,1.0515,3.0578,0.9598575610302704,0.0,Hit+Run
102911839.158,FRAG0126,FRAG0125,0.035845820845820844,0.029794538794538798,2573.198,2419.391,1.237,4.0072,0.6596650848581588,0.0,Hit+Run
102911844.826,FRAG0126,FRAG0125,0.035845820845820844,0.029794538794538798,2573.198,2419.391,1.0435,3.3804,0.6151857530171876,0.0,Graze+Merge
107697899.929,E0,E1,0.6534418342657333,0.512809184778555,6772.195,6246.630,1.3247,11.201,0.2754378690575358,0.1816317016317016,Fragment
107699991.465,E0,FRAG0150,0.9846193174125867,0.005675990675990676,7763.960,1392.112,1.0455,9.7142,0.5687250572417603,0.0,Merge
107700857.88,E0,FRAG0167,0.9902953080885774,0.005675990675990676,7778.850,1392.112,1.0351,9.6373,0.7209736588939839,0.0,Merge
107701989.644,E0,FRAG0153,0.995971298764568,0.005675990675990676,7793.684,1392.112,1.0756,10.034,0.7518958836185641,0.0,Merge
107706956.14,E0,FRAG0165,1.0016472894405588,0.005675990675990676,7808.461,1392.112,1.0381,9.7045,0.6755594983788926,0.0,Merge
107741423.428,E0,FRAG0159,1.0073232801165495,0.005675990675990676,7823.182,1392.112,1.1226,10.515,0.9912159825467513,0.0,Hit+Run
107742415.131,E0,FRAG0151,1.0073232801165495,0.005675990675990676,7823.182,1392.112,1.0027,9.3924,0.9214335623982903,0.0,Graze+Merge
107750632.758,E0,FRAG0163,1.0129992707925402,0.005675990675990676,7837.849,1392.112,1.0031,9.4149,0.9540476554442126,0.0,Graze+Merge
107763519.446,E0,FRAG0169,1.0186752614685308,0.005675990675990676,7852.460,1392.112,1.1148,10.484,0.7565721433406889,0.0,Merge
107765324.426,E0,FRAG0158,1.0243512521445215,0.005675990675990676,7867.018,1392.112,1.0055,9.4749,0.9239940915157595,0.0,Graze+Merge
107778613.718,E0,FRAG0176,1.0300272428205122,0.005675990675990676,7881.521,1392.112,1.0026,9.4662,0.8560040553252559,0.0,Graze+Merge
107788102.696,E0,FRAG0160,1.0357032334965028,0.005675990675990676,7895.972,1392.112,1.0398,9.8366,0.8823379251190472,0.0,Hit+Run
107789001.66,E0,FRAG0172,1.0357032334965028,0.005675990675990676,7895.972,1392.112,1.1145,10.543,0.17690964661072717,0.0,Merge
107835294.222,E0,FRAG0159,1.0413792241724935,0.005675990675990676,7910.370,1392.112,1.0184,9.6529,0.9405725942705155,0.0,Graze+Merge
107837354.569,E0,FRAG0161,1.0470552148484842,0.005675990675990676,7924.716,1392.112,1.0752,10.211,0.5874961858851787,0.0,Merge
107857042.367,E0,FRAG0174,1.0527312055244749,0.005675990675990676,7939.010,1392.112,1.0075,9.5865,0.4334024754356509,0.0,Merge
108019685.951,E0,FRAG0147,1.0584071962004655,0.005675990675990676,7953.252,1392.112,1.1429,10.895,0.5185369042601593,0.0,Merge
108079358.442,E0,FRAG0146,1.0640831868764562,0.005675990675990676,7967.444,1392.112,1.0473,10.003,0.5264210204955246,0.0,Merge
108138360.424,E0,FRAG0157,1.0697591775524469,0.005675990675990676,7981.585,1392.112,1.3452,12.873,0.9852560227158759,0.0,Hit+Run
108200150.483,E0,FRAG0173,1.0697591775524469,0.005675990675990676,7981.585,1392.112,1.3389,12.812,0.9712916300337047,0.0,Hit+Run
108230092.52,E0,FRAG0162,1.0697591775524469,0.005675990675990676,7981.585,1392.112,1.3453,12.873,0.6966869568629589,0.0,Merge
108234568.161,FRAG0126,FRAG0152,0.06564035964035964,0.005675990675990676,3148.116,1392.112,9.7407,34.490,0.42823317954070944,0.06475824175824177,Fragment
108234579.958,FRAG0126,FRAG0181,0.0065581085581085385,0.005887112887112887,1460.786,1409.163,1.5762,2.9324,0.1150834846961899,0.0,Merge
108234757.625,FRAG0183,FRAG0184,0.005887112887112887,0.005887112887112887,1409.163,1409.163,1.2116,2.2125,0.9622,0.0,Hit+Run
108234929.238,FRAG0126,FRAG0180,0.012445221445221425,0.005887112887112887,1808.539,1409.163,1.7094,3.6453,0.543230272393816,0.0,Merge
108234959.163,FRAG0126,FRAG0179,0.01833233433233431,0.005887112887112887,2057.783,1409.163,0.9898,2.3372,0.6873233654590672,0.0,Perfect
108235079.492,FRAG0126,FRAG0178,0.024219447219447198,0.005887112887112887,2257.954,1409.163,1.1465,2.9349,0.5874064826974937,0.0,Merge
108235891.317,FRAG0177,FRAG0184,0.005887112887112887,0.005887112887112887,1409.163,1409.163,4.3979,8.0310,0.60875,0.006246420246420247,Graze+Frag
108235965.661,FRAG0188,FRAG0177,0.006246420246420247,0.005527805527805528,1437.267,1379.890,1.0545,1.9260,0.9241462004927096,0.0,Hit+Run
108235971.585,FRAG0126,FRAG0183,0.030106560106560085,0.005887112887112887,2427.807,1409.163,1.4626,4.0022,0.6499512228329878,0.0,Hit+Run
108236344.797,FRAG0126,FRAG0183,0.030106560106560085,0.005887112887112887,2427.807,1409.163,1.257,3.4396,0.9312044535078934,0.0,Hit+Run
108237072.846,FRAG0183,FRAG0177,0.005887112887112887,0.005527805527805528,1409.163,1379.890,1.2377,2.2370,0.8061227168895287,0.0,Hit+Run
108238261.669,FRAG0186,FRAG0177,0.005887112887112887,0.005527805527805528,1409.163,1379.890,2.0411,3.6891,0.413595773140563,0.0,Merge
108242422.522,FRAG0126,FRAG0186,0.030106560106560085,0.011414918414918415,2427.807,1757.187,1.5704,4.4193,0.7438323512467655,0.0,Hit+Run
108243630.385,FRAG0126,FRAG0188,0.030106560106560085,0.006246420246420247,2427.807,1437.267,1.3853,3.7957,0.3121226753153383,0.0,Merge
108246708.999,FRAG0182,FRAG0187,0.005887112887112887,0.005887112887112887,1409.163,1409.163,2.5366,4.6321,0.9803,0.0,Hit+Run
108246729.798,FRAG0182,FRAG0187,0.005887112887112887,0.005887112887112887,1409.163,1409.163,1.2682,2.3158,0.9737499999999999,0.0,Hit+Run
108246923.893,FRAG0182,FRAG0187,0.005887112887112887,0.005887112887112887,1409.163,1409.163,1.5047,2.7477,0.74605,0.0,Hit+Run
108247691.71,FRAG0126,FRAG0185,0.03635298035298033,0.005887112887112887,2585.277,1409.163,1.3114,3.8100,0.7903837239557684,0.0,Hit+Run
108249215.69,FRAG0186,FRAG0182,0.011414918414918415,0.005887112887112887,1757.187,1409.163,2.2682,4.7370,0.24884258027865108,0.007136949716949717,Fragment
108250318.585,FRAG0185,FRAG0187,0.005887112887112887,0.005887112887112887,1409.163,1409.163,4.0494,7.3946,0.74685,0.0,Hit+Run
108250334.72,FRAG0185,FRAG0187,0.005887112887112887,0.005887112887112887,1409.163,1409.163,1.0738,1.9608,0.4628,0.0,Merge
108250561.685,FRAG0126,FRAG0185,0.03635298035298033,0.011774225774225775,2585.277,1775.434,1.0769,3.1963,0.6498302984727132,0.0,Graze+Merge
108252962.721,FRAG0186,FRAG0189,0.010165168165168164,0.007136863136863137,1690.565,1502.552,2.3799,4.9494,0.27620904465529356,0.008515484515484515,Fragment
108253372.311,FRAG0186,FRAG0190,0.008786546786546787,0.008515484515484515,1610.398,1593.664,1.1811,2.4521,0.4697404959531741,0.0,Merge
108253895.528,FRAG0126,FRAG0183,0.048127206127206106,0.005887112887112887,2838.729,1409.163,1.0698,3.4082,0.49084264505019376,0.0,Merge
108300376.483,FRAG0186,FRAG0141,0.0173020313020313,0.017168666973026932,2018.488,2013.288,3.21,8.3856,0.6901889524949032,0.010562104562104562,Hit+Run+Frag
108300397.562,FRAG0186,FRAG0141,0.017301534105894068,0.006607059607059607,2018.468,1464.411,1.2184,2.8520,0.8031265830188271,0.0,Hit+Run
108303879.875,FRAG0186,FRAG0141,0.017301534105894068,0.006607059607059607,2018.468,1464.411,1.4521,3.3990,0.26595092289460226,0.0,Merge
108305011.565,FRAG0186,FRAG0191,0.023908593712953674,0.010562104562104562,2248.253,1712.290,1.0891,2.8706,0.879707064791079,0.0,Hit+Run
108305339.533,FRAG0186,FRAG0191,0.023908593712953674,0.010562104562104562,2248.253,1712.290,1.0421,2.7467,0.3604658876829936,0.0,Merge
108483895.767,E0,FRAG0173,1.0754351682284375,0.005675990675990676,7995.677,1392.112,1.4355,13.763,0.7887688929178578,0.0,Merge
108599932.117,E0,FRAG0145,1.0811111589044282,0.005675990675990676,8009.719,1392.112,1.0586,10.168,0.8011566263933496,0.0,Merge
108930263.892,E3,FRAG0155,0.7473599775491173,0.005675990675990676,7082.237,1392.112,1.7162,14.453,0.5931985331417131,0.0,Merge
108930748.107,E0,FRAG0164,1.0867871495804189,0.005675990675990676,8023.712,1392.112,1.6058,15.453,0.9786111325242569,0.0,Hit+Run
109597456.106,FRAG0126,FRAG0171,0.054014319014318996,0.005675990675990676,2950.055,1392.112,9.4177,31.196,0.6949550378876919,0.02511621711621712,Graze+Frag
109598168.485,FRAG0126,FRAG0193,0.03457409257409255,0.00627905427905428,2542.401,1439.766,1.2193,3.4891,0.4381020772818045,0.0,Merge
109598363.614,FRAG0126,FRAG0194,0.04085314685314683,0.00627905427905428,2687.833,1439.766,1.2729,3.8429,0.4430666976200503,0.0,Merge
109625164.201,E0,FRAG0157,1.0867871495804189,0.005675990675990676,8023.712,1392.112,1.2596,12.121,0.741372070094134,0.0,Merge
109639051.338,FRAG0126,FRAG0195,0.04713220113220111,0.00627905427905428,2819.030,1439.766,1.7106,5.4122,0.8474043673796186,0.0,Hit+Run
109639090.965,FRAG0126,FRAG0195,0.04713220113220111,0.00627905427905428,2819.030,1439.766,1.0497,3.3212,0.3870311932564154,0.0,Merge
109721947.583,E0,FRAG0166,1.0924631402564096,0.005675990675990676,8037.656,1392.112,2.2852,22.032,0.20542127499943852,0.0,Merge
109726209.647,FRAG0126,FRAG0192,0.05341125541125539,0.00627905427905428,2939.035,1439.766,1.913,6.3102,0.42379334118297635,0.0,Merge
110497374.165,E0,FRAG0160,1.0981391309324002,0.005675990675990676,8051.552,1392.112,1.4428,13.936,0.7402166136876241,0.0,Merge
110525600.616,E0,FRAG0154,1.103815121608391,0.005675990675990676,8065.401,1392.112,2.035,19.692,0.6602404842076619,0.0,Merge
110583027.32,E0,FRAG0149,1.1094911122843816,0.005675990675990676,8079.201,1392.112,1.1817,11.455,0.9515415817184715,0.0,Hit+Run
113326358.757,E0,FRAG0156,1.1094911122843816,0.005675990675990676,8079.201,1392.112,3.1327,30.369,0.02047243205848796,0.0,Merge
114064415.077,E0,FRAG0170,1.1151671029603722,0.005675990675990676,8092.955,1392.112,4.5428,44.119,0.36006353892655807,0.0,Merge
117984882.731,E0,FRAG0175,1.120843093636363,0.005675990675990676,8106.663,1392.112,2.1669,21.082,0.7080162557994277,0.0,Merge
127331561.449,E3,FRAG0168,0.753035968225108,0.005675990675990676,7100.121,1392.112,2.1471,18.131,0.809485157942431,0.0,Merge
143381462.848,FRAG0126,FRAG0186,0.05969030969030967,0.034470698275058234,3049.966,2539.864,13.613,49.919,0.7413989351210081,0.08863136863136865,Graze+Frag
143381552.391,FRAG0199,FRAG0209,0.00553946053946054,0.00553946053946054,1380.860,1380.860,2.9946,5.3586,0.8036,0.0,Hit+Run
143381563.885,FRAG0201,FRAG0209,0.00553946053946054,0.00553946053946054,1380.860,1380.860,1.5242,2.7274,0.49544999999999995,0.0,Merge
143381563.917,FRAG0201,FRAG0202,0.01107892107892108,0.00553946053946054,1739.774,1380.860,0.9878,2.0365,0.41924501281361953,0.0,Perfect
143381611.246,FRAG0201,FRAG0208,0.016618381618381618,0.00553946053946054,1991.544,1380.860,1.5853,3.6304,0.7759123938297519,0.0,Hit+Run
143381619.426,FRAG0199,FRAG0210,0.00553946053946054,0.00553946053946054,1380.860,1380.860,1.5869,2.8396,0.44915,0.0,Merge
143381662.986,FRAG0199,FRAG0206,0.01107892107892108,0.00553946053946054,1739.774,1380.860,1.4928,3.0777,0.9022130375482453,0.0,Hit+Run
143381673.021,FRAG0206,FRAG0126,0.00553946053946054,0.005529639333999248,1380.860,1380.043,1.2411,2.2202,0.582522232623545,0.0,Hit+Run
143381840.845,FRAG0199,FRAG0196,0.01107892107892108,0.00553946053946054,1739.774,1380.860,1.5149,3.1233,0.6313762992173194,0.0,Hit+Run
143381848.789,FRAG0201,FRAG0208,0.016618381618381618,0.00553946053946054,1991.544,1380.860,1.1121,2.5468,0.9002213662790727,0.0,Hit+Run
143382486.204,FRAG0201,FRAG0198,0.016618381618381618,0.00553946053946054,1991.544,1380.860,1.1692,2.6775,0.22275222996619404,0.0,Merge
143382757.307,FRAG0201,FRAG0196,0.02215784215784216,0.00553946053946054,2191.978,1380.860,1.0261,2.5524,0.6325920071182405,0.0,Graze+Merge
143382769.713,FRAG0197,FRAG0207,0.00553946053946054,0.00553946053946054,1380.860,1380.860,1.7351,3.1048,0.5279,0.0,Hit+Run
143383401.242,FRAG0203,FRAG0208,0.00553946053946054,0.00553946053946054,1380.860,1380.860,1.5182,2.7167,0.31255,0.0,Merge
143384023.289,FRAG0201,FRAG0203,0.0276973026973027,0.01107892107892108,2361.237,1739.774,1.2589,3.4584,0.5969577610136065,0.0,Hit+Run
143385660.483,FRAG0203,FRAG0205,0.01107892107892108,0.00553946053946054,1739.774,1380.860,25.449,52.470,0.2262362050528814,0.016614925074925076,Fragment
143385718.256,FRAG0197,FRAG0204,0.00553946053946054,0.00553946053946054,1380.860,1380.860,10.204,18.260,0.90665,0.0,Hit+Run
143386270.886,FRAG0201,FRAG0199,0.0276973026973027,0.01107892107892108,2361.237,1739.774,1.0571,2.9040,0.672268404474814,0.0,Graze+Merge
143386366.72,FRAG0201,FRAG0207,0.03877622377622378,0.00553946053946054,2641.490,1380.860,2.445,7.2506,0.6418616921331601,0.0,Merge
143386746.493,FRAG0201,FRAG0204,0.04431568431568432,0.00553946053946054,2761.720,1380.860,4.2398,13.140,0.31993333333333335,0.01618914418914419,Fragment
143386943.245,FRAG0212,FRAG0203,0.005545454545454546,0.005527472527472526,1381.357,1379.863,2.4876,4.4505,0.43428496048674,0.0,Merge
143386946.237,FRAG0201,FRAG0215,0.03366600066600067,0.008094572094572094,2519.944,1566.962,1.0405,2.9715,0.7256644525717935,0.0,Graze+Merge
143386965.911,FRAG0201,FRAG0212,0.04176057276057277,0.011072927072927072,2707.588,1739.460,4.9962,15.385,0.5802345864449775,0.030462870462870467,Fragment
143386972.632,FRAG0201,FRAG0217,0.02237062937062937,0.006092574092574093,2198.973,1425.369,1.1209,2.8064,0.3867861053730891,0.0,Merge
143387202.75,FRAG0201,FRAG0214,0.028463203463203465,0.008094572094572094,2382.804,1566.962,1.3463,3.6593,0.8308938461774398,0.0,Hit+Run
143387351.908,FRAG0201,FRAG0214,0.028463203463203465,0.008094572094572094,2382.804,1566.962,0.9701,2.6368,0.993537410346058,0.0,Perfect
143387395.16,FRAG0201,FRAG0219,0.03655777555777556,0.006092574092574093,2590.123,1425.369,1.0493,3.0552,0.7316603502064759,0.0,Graze+Merge
143388395.309,FRAG0201,FRAG0220,0.04265034965034965,0.006092574092574093,2726.683,1425.369,1.4157,4.3336,0.8531284421507183,0.0,Hit+Run
143388425.543,FRAG0201,FRAG0218,0.04265034965034965,0.006092574092574093,2726.683,1425.369,1.2461,3.8144,0.7252675325311779,0.0,Hit+Run
143388492.572,FRAG0201,FRAG0220,0.04265034965034965,0.006092574092574093,2726.683,1425.369,1.1604,3.5521,0.44156998268196673,0.0,Merge
143388563.094,FRAG0201,FRAG0216,0.048742923742923744,0.006092574092574093,2850.784,1425.369,1.3175,4.2151,0.463802464498724,0.0,Merge
143390324.705,FRAG0201,FRAG0200,0.054835497835497835,0.00553946053946054,2964.930,1380.860,1.6361,5.4483,0.5364558390199777,0.0,Merge
143394978.214,FRAG0201,FRAG0211,0.060374958374958376,0.00553946053946054,3061.583,1380.860,9.2709,31.904,0.3755957740224559,0.05998001998001997,Fragment
143395004.096,FRAG0221,FRAG0224,0.005998001998001998,0.005998001998001998,1417.955,1417.955,1.8,3.3075,0.763,0.0,Hit+Run
143395090.019,FRAG0227,FRAG0201,0.005998001998001998,0.0059343989343989476,1417.955,1412.926,1.7037,3.1250,0.8710449064465172,0.0,Hit+Run
143395236.878,FRAG0228,FRAG0229,0.005998001998001998,0.005998001998001998,1417.955,1417.955,0.993,1.8246,0.7181,0.0,Perfect
143395270.165,FRAG0228,FRAG0230,0.011996003996003996,0.005998001998001998,1786.512,1417.955,1.2167,2.5758,0.7331212657578585,0.0,Hit+Run
143395409.06,FRAG0227,FRAG0201,0.005998001998001998,0.0059343989343989476,1417.955,1412.926,1.0564,1.9377,0.622604266079943,0.0,Graze+Merge
143395415.65,FRAG0230,FRAG0197,0.005998001998001998,0.00553946053946054,1417.955,1380.860,15.316,27.784,0.6523329934154694,0.00600999000999001,Graze+Frag
143395565.536,FRAG0231,FRAG0230,0.00600999000999001,0.005527472527472528,1418.899,1379.863,1.0272,1.8633,0.9331868876749132,0.0,Graze+Merge
143395928.092,FRAG0224,FRAG0126,0.005998001998001998,0.005529639333999248,1417.955,1380.043,4.8043,8.7123,0.44504972039705,0.005998001998001998,Fragment
143395931.357,FRAG0232,FRAG0224,0.005998001998001998,0.005529639333999248,1417.955,1380.043,1.0156,1.8417,0.03294036873811006,0.0,Merge
143396871.108,FRAG0227,FRAG0225,0.011932400932400946,0.005998001998001998,1783.349,1417.955,2.5363,5.3627,0.9017840599329087,0.0,Hit+Run
143397156.393,FRAG0228,FRAG0227,0.011996003996003996,0.011932400932400946,1786.512,1783.349,2.1828,5.0489,0.6859572343869659,0.0,Hit+Run
143397209.041,FRAG0228,FRAG0227,0.011996003996003996,0.011932400932400946,1786.512,1783.349,1.0635,2.4599,0.7864461908799275,0.0,Hit+Run
143397740.203,FRAG0232,FRAG0223,0.011527641332001246,0.005998001998001998,1762.952,1417.955,2.2409,4.6993,0.7798006152122962,0.0,Hit+Run
143397743.862,FRAG0232,FRAG0223,0.011527641332001246,0.005998001998001998,1762.952,1417.955,1.0356,2.1717,0.7701570255145747,0.0,Graze+Merge
143400010.824,FRAG0226,FRAG0213,0.005998001998001998,0.005545454545454546,1417.955,1381.357,3.725,6.7581,0.6528754697264192,0.0,Hit+Run
143400603.297,FRAG0232,FRAG0222,0.017525643330003244,0.005998001998001998,2027.146,1417.955,1.832,4.2769,0.4457824679319202,0.0,Merge
143400811.1,FRAG0231,FRAG0221,0.011537462537462538,0.005998001998001998,1763.453,1417.955,3.7151,7.7924,0.9475748659521924,0.0,Hit+Run
143401817.244,FRAG0232,FRAG0225,0.023523645328005244,0.005998001998001998,2236.121,1417.955,2.4956,6.3374,0.9840806822429943,0.0,Hit+Run
143402433.583,FRAG0232,FRAG0231,0.023523645328005244,0.011537462537462538,2236.121,1763.453,2.1544,5.6988,0.8847037142982811,0.0,Hit+Run
143402553.438,FRAG0232,FRAG0225,0.023523645328005244,0.005998001998001998,2236.121,1417.955,1.9725,5.0090,0.6073015789179451,0.0,Merge
143403565.181,FRAG0231,FRAG0221,0.011537462537462538,0.005998001998001998,1763.453,1417.955,5.1323,10.765,0.6143854819663118,0.012007992007992008,Graze+Frag
143403835.041,FRAG0232,FRAG0234,0.02952164732600724,0.006003996003996004,2411.981,1418.428,1.3976,3.8026,0.7797487004720469,0.0,Hit+Run
143404013.075,FRAG0232,FRAG0228,0.02952164732600724,0.011996003996003996,2411.981,1786.512,1.7189,4.8292,0.937620804747511,0.0,Hit+Run
143404750.763,FRAG0234,FRAG0231,0.006003996003996004,0.005527472527472526,1418.428,1379.863,1.0544,1.9123,0.747309075594538,0.0,Graze+Merge
143404915.6,FRAG0232,FRAG0234,0.02952164732600724,0.01153146853146853,2411.981,1763.147,1.1839,3.3167,0.9423479392341968,0.0,Hit+Run
143405067.274,FRAG0232,FRAG0213,0.02952164732600724,0.005545454545454546,2411.981,1381.357,2.0899,5.6770,0.6383898945724392,0.0,Hit+Run
143405216.445,FRAG0232,FRAG0234,0.02952164732600724,0.01153146853146853,2411.981,1763.147,1.3456,3.7697,0.9922036449452752,0.0,Hit+Run
143405269.356,FRAG0232,FRAG0234,0.02952164732600724,0.01153146853146853,2411.981,1763.147,1.0217,2.8623,0.9808229102696292,0.0,Graze+Merge
143406210.838,FRAG0218,FRAG0226,0.006092574092574093,0.005998001998001998,1425.369,1417.955,4.8798,8.9902,0.8005819847891917,0.0,Hit+Run
143406924.156,FRAG0232,FRAG0213,0.04105311585747577,0.005545454545454546,2692.211,1381.357,1.2706,3.8394,0.8538133963863453,0.0,Hit+Run
143407092.647,FRAG0232,FRAG0213,0.04105311585747577,0.005545454545454546,2692.211,1381.357,1.0874,3.2858,0.892674165569345,0.0,Hit+Run
143409709.156,FRAG0232,FRAG0226,0.04105311585747577,0.005998001998001998,2692.211,1417.955,1.2386,3.7440,0.9559909546868567,0.0,Hit+Run
143409719.372,FRAG0232,FRAG0226,0.04105311585747577,0.005998001998001998,2692.211,1417.955,1.0272,3.1050,0.754836571552678,0.0,Graze+Merge
143410016.279,FRAG0227,FRAG0233,0.011932400932400946,0.006003996003996004,1783.349,1418.428,4.9047,10.371,0.33836979553721624,0.01240892440892441,Fragment
143412232.316,FRAG0228,FRAG0213,0.011996003996003996,0.005545454545454546,1786.512,1381.357,4.4708,9.3992,0.9485596210000556,0.0,Hit+Run
143412269.725,FRAG0228,FRAG0213,0.011996003996003996,0.005545454545454546,1786.512,1381.357,0.9924,2.0863,0.8635163446345334,0.0,Perfect
143412313.461,FRAG0232,FRAG0228,0.04705111785547777,0.01754145854145854,2817.412,2027.756,2.8914,9.4319,0.31888860506769373,0.032815517815517815,Fragment
143412406.75,FRAG0241,FRAG0235,0.006563103563103564,0.006204462204462205,1461.157,1434.042,3.9811,7.4692,0.8972754921277205,0.0,Hit+Run
143412435.836,FRAG0232,FRAG0238,0.03177705858141849,0.006563103563103564,2471.904,1461.157,1.2171,3.3950,0.9835298472167127,0.0,Hit+Run
143412438.09,FRAG0232,FRAG0239,0.03177705858141849,0.006563103563103564,2471.904,1461.157,1.026,2.8619,0.7586547885330015,0.0,Graze+Merge
143412599.68,FRAG0240,FRAG0218,0.006563103563103564,0.006092574092574093,1461.157,1425.369,2.7721,5.1858,0.9082730325046544,0.0,Hit+Run
143412604.266,FRAG0232,FRAG0238,0.03834016214452205,0.006563103563103564,2631.551,1461.157,1.2094,3.5789,0.17752823407420515,0.0,Merge
143412709.176,FRAG0232,FRAG0218,0.044903265707625616,0.006092574092574093,2773.872,1425.369,1.279,3.9820,0.4262626273429156,0.0,Merge
143413327.259,FRAG0232,FRAG0236,0.050995839800199706,0.006204462204462205,2894.046,1434.042,2.3796,7.7288,0.6519494979627489,0.0,Merge
143413605.74,FRAG0237,FRAG0240,0.006563103563103564,0.006563103563103564,1461.157,1461.157,3.2217,6.1002,0.6035,0.0,Hit+Run
143414200.464,FRAG0232,FRAG0240,0.05720030200466191,0.006563103563103564,3006.952,1461.157,1.5788,5.3285,0.8344963590566236,0.0,Hit+Run
143414246.063,FRAG0241,FRAG0227,0.006563103563103564,0.00552747252747254,1461.157,1379.863,7.1996,13.269,0.9710119386685796,0.0,Hit+Run
143414500.277,FRAG0232,FRAG0240,0.05720030200466191,0.006563103563103564,3006.952,1461.157,1.0689,3.6075,0.9854459827150112,0.0,Hit+Run
143414514.565,FRAG0232,FRAG0240,0.05720030200466191,0.006563103563103564,3006.952,1461.157,1.0853,3.6629,0.815585594790905,0.0,Hit+Run
143414848.14,FRAG0241,FRAG0235,0.006563103563103564,0.006204462204462205,1461.157,1434.042,2.5065,4.7026,0.290343996074626,0.007057349317349317,Fragment
143415106.215,FRAG0232,FRAG0227,0.05720030200466191,0.00552747252747254,3006.952,1379.863,1.5757,5.3233,0.8602425444507658,0.0,Hit+Run
143418549.306,FRAG0232,FRAG0241,0.05720030200466191,0.005710289710289712,3006.952,1394.911,1.2246,4.1361,0.9401628875323774,0.0,Hit+Run
143421986.67,FRAG0242,FRAG0237,0.0070572760572760575,0.006563103563103564,1496.946,1461.157,3.755,7.1987,0.6061964975979361,0.00732933732933733,Graze+Frag
143422680.502,FRAG0232,FRAG0241,0.05720030200466191,0.005710289710289712,3006.952,1394.911,1.2169,4.1101,0.8294992329656077,0.0,Hit+Run
143423038.748,FRAG0243,FRAG0242,0.00732933732933733,0.006291042291042291,1515.940,1440.681,2.4074,4.6163,0.8342070115221556,0.0,Hit+Run
143427456.023,FRAG0243,FRAG0240,0.00732933732933733,0.006563103563103564,1515.940,1461.157,9.6095,18.546,0.46754813222519387,0.013806799866799868,Fragment
143428340.324,FRAG0244,FRAG0243,0.008364635364635366,0.005527805527805529,1584.198,1379.890,1.4535,2.8113,0.7239845973262474,0.0,Hit+Run
143428952.055,FRAG0232,FRAG0243,0.05720030200466191,0.005527805527805529,3006.952,1379.890,2.9063,9.8186,0.36088831779164454,0.0064592407592407594,Fragment
143429057.229,FRAG0232,FRAG0227,0.05626890007325998,0.00552747252747254,2990.542,1379.863,2.1545,7.2380,0.7765793181326106,0.0,Hit+Run
143429645.257,FRAG0245,FRAG0242,0.00645920745920746,0.006291042291042291,1453.405,1440.681,3.0952,5.8042,0.7608806560625752,0.0,Hit+Run
143430033.275,FRAG0232,FRAG0227,0.05626890007325998,0.00552747252747254,2990.542,1379.863,1.3365,4.4900,0.9312930231548887,0.0,Hit+Run
143432689.032,FRAG0232,FRAG0245,0.05626890007325998,0.00645920745920746,2990.542,1453.405,1.2182,4.0890,0.9851273654428413,0.0,Hit+Run
143432741.578,FRAG0232,FRAG0245,0.05626890007325998,0.00645920745920746,2990.542,1453.405,1.0261,3.4442,0.49589477122401104,0.0,Merge
143439047.04,FRAG0242,FRAG0227,0.006291042291042291,0.00552747252747254,1440.681,1379.863,5.3776,9.8346,0.5310082778387549,0.006291042291042292,Graze+Frag
143440151.865,FRAG0232,FRAG0246,0.06272810753246744,0.006291042291042292,3100.853,1440.681,1.2147,4.2306,0.3884315454609813,0.0,Merge
143440963.814,FRAG0232,FRAG0242,0.06901914982350973,0.005527472527472539,3201.231,1379.863,1.237,4.4581,0.7995575747332325,0.0,Hit+Run
143442529.916,FRAG0232,FRAG0242,0.06901914982350973,0.005527472527472539,3201.231,1379.863,1.4278,5.1458,0.7006086562030579,0.0,Hit+Run
143443279.696,FRAG0232,FRAG0244,0.06901914982350973,0.008364635364635366,3201.231,1584.198,2.0557,7.3855,0.9012814633491436,0.0,Hit+Run
143443462.916,FRAG0244,FRAG0241,0.008364635364635366,0.005710289710289712,1584.198,1394.911,4.1456,8.0505,0.7952606290237013,0.0,Hit+Run
143443654.924,FRAG0244,FRAG0242,0.008364635364635366,0.005527472527472539,1584.198,1379.863,2.4069,4.6553,0.6171510627851069,0.0,Hit+Run
143444566.133,FRAG0244,FRAG0241,0.008364635364635366,0.005710289710289712,1584.198,1394.911,1.6675,3.2381,0.9067194239707878,0.0,Hit+Run
143445595.669,FRAG0232,FRAG0242,0.06901914982350973,0.005527472527472539,3201.231,1379.863,1.1381,4.1017,0.9973156534340756,0.0,Hit+Run
143446875.079,FRAG0232,FRAG0242,0.06901914982350973,0.005527472527472539,3201.231,1379.863,1.289,4.6455,0.4762964891960944,0.0,Merge
143447584.884,FRAG0244,FRAG0241,0.008364635364635366,0.005710289710289712,1584.198,1394.911,1.6057,3.1181,0.9988218251388954,0.0,Hit+Run
143447704.242,FRAG0244,FRAG0241,0.008364635364635366,0.005710289710289712,1584.198,1394.911,1.0557,2.0501,0.9498458947256002,0.0,Hit+Run
143468961.12,FRAG0232,FRAG0241,0.07454662235098228,0.005710289710289712,3284.504,1394.911,3.571,13.212,0.41475555959569754,0.008575837495837495,Fragment
143471152.002,FRAG0232,FRAG0247,0.07168115448551442,0.008575757575757575,3241.869,1597.415,1.468,5.3411,0.7226952856897555,0.0,Hit+Run
143477760.803,FRAG0232,FRAG0247,0.07168115448551442,0.008575757575757575,3241.869,1597.415,1.5791,5.7453,0.25108100952588097,0.0,Merge
143486385.532,FRAG0244,FRAG0206,0.008364635364635366,0.00553946053946054,1584.198,1380.860,20.945,40.522,0.3804672417531035,0.008376290376290377,Fragment
143540482.231,FRAG0232,FRAG0244,0.08025691206127199,0.005527805527805529,3366.314,1379.890,3.8308,14.550,0.34165264965786657,0.008861625041625042,Fragment
143540483.93,FRAG0232,FRAG0249,0.07692324572760566,0.008861471861471862,3319.044,1614.962,1.0495,3.9097,0.677328948263305,0.0,Graze+Merge
143560466.668,FRAG0232,FRAG0248,0.08578471758907752,0.008376290376290377,3441.891,1584.933,5.4423,21.044,0.7166120717293245,0.010335997335997335,Graze+Frag
143561106.145,FRAG0232,FRAG0250,0.08382501062937056,0.010335997335997335,3415.479,1699.983,1.0313,3.9530,0.7197563897431822,0.0,Graze+Merge
178427098.91,E0,FRAG0047,1.1265190843123536,0.005960705960705961,8120.324,1415.010,5.1052,49.706,0.8855824308070627,0.0,Hit+Run
197193666.521,E21,P188,0.024295558571428573,0.0024355585714285716,2260.317,1050.009,6.9237,17.577,0.861020716864111,0.0,Hit+Run
