time_yr,target,projectile,Mt_Mearth,Mp_Mearth,Rt_km,Rp_km,vimp/vesc,vimp_km/s,b,m_frag_Mearth,Regime
338326.407,E3,P471,0.40336,0.0024355585714285716,5766.223,1050.009,1.4889,10.263,0.9744550212454829,0.0,Hit+Run
347000.198,E10,E5,0.14002,0.0735,4052.507,3269.060,1.0445,5.0394,0.9200321923999569,0.0,Hit+Run
608946.807,E9,E11,0.07894000000000001,0.020565714285714288,3347.800,2138.167,1.7182,6.5377,0.8021098001498651,0.0,Hit+Run
942490.585,M3,P664,0.05,0.0024355585714285716,2875.083,1050.009,3.8402,12.540,0.685608724124497,0.0,Merge
1290373.699,M2,P693,0.05,0.0024355585714285716,2875.083,1050.009,11.288,36.860,0.4079957898903257,0.02605128205128205,Fragment
1318190.621,E5,P83,0.0735,0.0024355585714285716,3269.060,1050.009,1.8907,7.0828,0.24500524402534957,0.0,Merge
1318386.434,P7,P572,0.0024355585714285716,0.0024355585714285716,1050.009,1050.009,12.366,16.827,0.75165,0.0,Graze+Frag
1981506.595,E15,P511,0.11428,0.0024355585714285716,3787.191,1050.009,1.5723,6.9001,0.8637287024881007,0.0,Hit+Run
2017593.515,E12,E4,0.09854,0.0574,3604.663,3010.448,1.8363,7.9654,0.22237918540766494,0.04559174159174159,Fragment
2027480.152,E14,P518,0.044980000000000006,0.0024355585714285716,2775.451,1050.009,2.2818,7.1771,0.8657638953861821,0.0,Hit+Run
2091727.224,E10,P175,0.14002,0.0024355585714285716,4052.507,1050.009,1.0973,5.1800,0.5206888660012798,0.0,Merge
2349263.42,E3,P421,0.40336,0.0024355585714285716,5766.223,1050.009,1.9813,13.658,0.9022950999743311,0.0,Hit+Run
2454748.895,E3,P421,0.40336,0.0024355585714285716,5766.223,1050.009,1.0981,7.5697,0.9465385218088123,0.0,Hit+Run
2877128.581,E8,P631,0.11363999999999999,0.0024355585714285716,3780.108,1050.009,3.2445,14.210,0.8679949459658534,0.0,Hit+Run
3435307.908,E11,P355,0.020565714285714288,0.0024355585714285716,2138.167,1050.009,6.5951,15.826,0.08758756387989947,0.016673519813519815,Fragment
3769548.524,E3,P716,0.40336,0.0024355585714285716,5766.223,1050.009,2.6833,18.497,0.20472099586891818,0.0,Merge
4017919.807,P26,P626,0.0024355585714285716,0.0024355585714285716,1050.009,1050.009,22.441,30.536,0.69765,0.0,Graze+Frag
4198661.113,E13,P201,0.02222,0.0024355585714285716,2194.026,1050.009,1.6568,4.0807,0.3045496485826149,0.0,Merge
4224155.622,E12,P171,0.1103482584082584,0.0024355585714285716,3743.251,1050.009,2.4588,10.655,0.15884328014761454,0.0,Merge
4569655.66,M0,M2,0.05,0.02638427652014652,2875.083,2323.319,3.6335,12.443,0.8762297121644212,0.0,Hit+Run
4616088.008,M0,M2,0.05,0.02638427652014652,2875.083,2323.319,1.2896,4.4165,0.5388566613405261,0.0,Merge
4737614.107,P27,P214,0.0024355585714285716,0.0024355585714285716,1050.009,1050.009,22.311,30.358,0.67875,0.0,Graze+Frag
5351699.214,M0,P669,0.07638427652014652,0.0024355585714285716,3311.274,1050.009,9.8403,37.374,0.6812687150693213,0.008934731934731936,Fragment
5431874.019,M0,FRAG0016,0.06988510315684317,0.008934731934731936,3214.563,1619.400,1.628,5.8732,0.9457563293286438,0.0,Hit+Run
5633076.494,E6,P299,0.08018000000000002,0.0024355585714285716,3365.238,1050.009,4.8006,18.552,0.7631001809799044,0.0,Hit+Run
5759247.687,E3,P718,0.40579555857142857,0.0024355585714285716,5777.805,1050.009,5.1415,35.518,0.96367060702892,0.0,Hit+Run
5823183.782,M0,FRAG0016,0.06988510315684317,0.008934731934731936,3214.563,1619.400,1.2412,4.4778,0.5452961538809507,0.0,Merge
6111113.593,E3,P570,0.40579555857142857,0.0024355585714285716,5777.805,1050.009,1.9694,13.605,0.5269386081813386,0.0,Merge
6674999.179,M3,P317,0.05243555857142857,0.0024355585714285716,2921.028,1050.009,5.3477,17.760,0.8888785675477656,0.0,Hit+Run
6678188.419,M3,P317,0.05243555857142857,0.0024355585714285716,2921.028,1050.009,1.0542,3.5010,0.541683364069989,0.0,Merge
6768012.727,E3,P668,0.40823111714285715,0.0024355585714285716,5789.342,1050.009,2.6772,18.534,0.5684081257418854,0.0,Merge
6806795.389,E19,P526,0.041620000000000004,0.0024355585714285716,2704.547,1050.009,8.7593,26.806,0.846972492865472,0.0,Hit+Run
7203165.261,E13,P206,0.024655558571428572,0.0024355585714285716,2271.427,1050.009,9.3987,23.981,0.9079726004702099,0.0,Hit+Run
7210222.864,E10,P199,0.14245555857142858,0.0024355585714285716,4075.869,1050.009,4.5829,21.768,0.8544737702726799,0.0,Hit+Run
7235285.837,E3,P791,0.4106666757142857,0.0024355585714285716,5800.832,1050.009,3.1841,22.090,0.6397912588716121,0.0,Merge
7259259.671,M1,FRAG0003,0.05,0.0065128205128205125,2875.083,1457.416,6.2782,20.258,0.12509020595011713,0.04275524475524475,Fragment
7318309.949,M1,FRAG0022,0.01375757575757576,0.006107892107892108,1869.998,1426.563,1.8254,4.0034,0.9680244303241866,0.0,Hit+Run
7357815.863,M0,FRAG0023,0.0788198350915751,0.006107892107892108,3346.100,1426.563,5.1307,19.336,0.933861345511221,0.0,Hit+Run
7731179.386,M0,FRAG0023,0.0788198350915751,0.006107892107892108,3346.100,1426.563,2.1615,8.1462,0.8256119523078183,0.0,Hit+Run
7731757.196,M0,FRAG0023,0.0788198350915751,0.006107892107892108,3346.100,1426.563,1.0589,3.9907,0.15928926253764975,0.0,Merge
7781736.106,E3,P765,0.4131022342857143,0.0024355585714285716,5812.277,1050.009,2.7569,19.166,0.7708441109549686,0.0,Merge
8107721.211,P38,FRAG0009,0.0024355585714285716,0.005698967698967699,1050.009,1393.988,6.4039,10.438,0.7894411880429353,0.0,Hit+Run
8480946.195,E3,P152,0.4155377928571429,0.0024355585714285716,5823.678,1050.009,1.0978,7.6482,0.5620604358088178,0.0,Merge
8497940.763,E19,P414,0.041620000000000004,0.0024355585714285716,2704.547,1050.009,7.0294,21.512,0.926857889581564,0.0,Hit+Run
8628227.112,P26,P384,0.004871128871128871,0.0024355585714285716,1322.930,1050.009,7.0651,11.076,0.7786140862125088,0.0,Graze+Frag
8850279.639,M1,FRAG0021,0.01375757575757576,0.006107892107892108,1869.998,1426.563,21.96,48.162,0.6771349325977039,0.019806679986679985,Graze+Frag
8966860.973,M1,FRAG0025,0.00552780552780553,0.007168831168831169,1379.890,1504.792,1.1329,2.1234,0.4759113112392914,0.0,Merge
9069147.236,M4,P269,0.05,0.0024355585714285716,2875.083,1050.009,8.4965,27.745,0.5596940449824018,0.013036963036963039,Fragment
9208224.506,E13,P271,0.024655558571428572,0.0024355585714285716,2271.427,1050.009,3.4834,8.8881,0.5835452436403027,0.0,Merge
9299498.61,P46,FRAG0002,0.0024355585714285716,0.0065128205128205125,1050.009,1457.416,24.629,41.568,0.9615149979099268,0.0,Hit+Run
9311185.249,P46,FRAG0002,0.0024355585714285716,0.0065128205128205125,1050.009,1457.416,1.1146,1.8811,0.6397397597260551,0.0,Graze+Merge
9412458.297,E12,P233,0.11278381697968698,0.0024355585714285716,3770.591,1050.009,2.5576,11.171,0.4567165321964819,0.0,Merge
9585060.426,M0,FRAG0022,0.0849277271994672,0.006107892107892108,3430.391,1426.563,4.9816,19.268,0.09033378176780622,0.017086913086913087,Fragment
9586839.876,M0,FRAG0028,0.07394870622044622,0.005695637695637696,3275.699,1393.717,1.0622,3.9193,0.8434401550299798,0.0,Hit+Run
9595200.813,M0,FRAG0030,0.07394870622044622,0.005695637695637696,3275.699,1393.717,1.0599,3.9108,0.7100807826011358,0.0,Graze+Merge
9664295.773,M0,FRAG0001,0.07964434391608391,0.0065128205128205125,3357.727,1457.416,6.3113,23.851,0.9686563574309573,0.0,Hit+Run
9670421.34,M0,FRAG0001,0.07964434391608391,0.0065128205128205125,3357.727,1457.416,1.0542,3.9840,0.6218061146938196,0.0,Merge
9932885.139,E3,P388,0.41797335142857145,0.0024355585714285716,5835.033,1050.009,1.5795,11.027,0.2861140048678533,0.0,Merge
9970006.502,M0,FRAG0029,0.08615716442890442,0.005695637695637696,3446.865,1393.717,1.9067,7.4205,0.5495094860838197,0.0,Merge
10323279.205,E6,P718,0.08018000000000002,0.0024355585714285716,3365.238,1050.009,6.1176,23.642,0.36645881643541545,0.0,Merge
10427308.996,M0,FRAG0024,0.09185280212454211,0.007168831168831169,3521.205,1504.792,7.5323,29.870,0.9174333906727253,0.0,Hit+Run
10499520.8,M0,FRAG0028,0.09185280212454211,0.005695637695637696,3521.205,1393.717,1.3319,5.3012,0.7665817039850705,0.0,Hit+Run
10518913.583,M0,FRAG0028,0.09185280212454211,0.005695637695637696,3521.205,1393.717,1.1893,4.7336,0.6247282671728799,0.0,Merge
10793544.602,E10,E8,0.14245555857142858,0.11363999999999999,4075.869,3780.108,1.3067,6.6655,0.7844618516528331,0.0,Hit+Run
10882087.859,E13,P847,0.027091117142857144,0.0024355585714285716,2343.884,1050.009,7.478,19.706,0.668656313238851,0.007815211455211454,Fragment
11064880.034,E3,FRAG0011,0.42040891,0.005698967698967699,5846.345,1393.988,3.1626,21.676,0.5097551903732498,0.0,Merge
11280332.798,E14,P493,0.044980000000000006,0.0024355585714285716,2775.451,1050.009,3.897,12.257,0.5259299822051817,0.0,Merge
11298852.448,E6,P421,0.08261555857142859,0.0024355585714285716,3398.973,1050.009,7.0897,27.694,0.2314886118026872,0.006815184815184816,Fragment
11574924.907,E6,FRAG0014,0.07823593232767236,0.0055577755577755576,3337.817,1382.380,4.982,18.753,0.7311069875530767,0.0,Hit+Run
11727003.177,P3,P563,0.0024355585714285716,0.0024355585714285716,1050.009,1050.009,14.669,19.961,0.73705,0.0,Graze+Frag
12315000.112,M0,FRAG0024,0.0975484398201798,0.007168831168831169,3592.531,1504.792,1.8729,7.5842,0.7671614760951027,0.0,Hit+Run
13001531.62,M0,FRAG0024,0.0975484398201798,0.007168831168831169,3592.531,1504.792,1.1423,4.6256,0.939200168161997,0.0,Hit+Run
13001843.011,M0,FRAG0024,0.0975484398201798,0.007168831168831169,3592.531,1504.792,1.0622,4.3013,0.4828500939575148,0.0,Merge
13026888.163,M3,P471,0.05487111714285714,0.0024355585714285716,2965.571,1050.009,3.3852,11.425,0.773004830222819,0.0,Hit+Run
13080531.608,P27,FRAG0015,0.004871128871128871,0.0055577755577755576,1322.930,1382.380,12.671,22.227,0.9334268997775437,0.0,Hit+Run
13276814.829,E3,P731,0.42610787769896774,0.0024355585714285716,5872.644,1050.009,3.669,25.790,0.5389393791790817,0.0,Merge
13328082.143,E3,FRAG0013,0.4285434362703963,0.0055577755577755576,5883.812,1382.380,3.2678,22.566,0.8952615569202422,0.0,Hit+Run
13550956.804,E3,E8,0.4285434362703963,0.11363999999999999,5883.812,3780.108,1.053,7.0466,0.8828226126124455,0.0,Hit+Run
14082094.831,E9,FRAG0012,0.07894000000000001,0.005698967698967699,3347.800,1393.988,2.6392,9.9619,0.7501468037873991,0.0,Hit+Run
14382404.294,E9,P206,0.07894000000000001,0.0024355585714285716,3347.800,1050.009,5.8707,22.561,0.7565989944758745,0.0,Merge
15136029.863,E12,P804,0.11521937555111555,0.0024355585714285716,3797.540,1050.009,5.3728,23.648,0.8213099505561551,0.0,Hit+Run
15585561.848,E8,P554,0.11363999999999999,0.0024355585714285716,3780.108,1050.009,7.2661,31.823,0.6913594222939634,0.0,Merge
16257802.133,E6,P755,0.07823593232767236,0.0024355585714285716,3337.817,1050.009,5.9641,22.847,0.5029744271752126,0.0,Merge
16418439.362,E10,P283,0.14245555857142858,0.0024355585714285716,4075.869,1050.009,5.0935,24.194,0.6956812782538317,0.0,Merge
16433964.515,E3,P411,0.4285434362703963,0.0024355585714285716,5883.812,1050.009,3.4907,24.587,0.8080054441128526,0.0,Merge
16516342.012,E3,E6,0.4309789948418249,0.08067149089910093,5894.937,3372.100,1.3379,8.8817,0.8835054463270343,0.0,Hit+Run
16541676.479,E3,E6,0.4309789948418249,0.08067149089910093,5894.937,3372.100,1.0465,6.9472,0.6375819057193365,0.007052927072927073,Graze+Merge
17160605.27,P26,P373,0.0073066933066933066,0.0024355585714285716,1514.377,1050.009,5.2826,9.1990,0.7995933682080344,0.007052927072927073,Hit+Run
17664440.481,E11,P75,0.0063279461838161855,0.0024355585714285716,1443.493,1050.009,11.234,18.816,0.6921928048820535,0.008502317682317682,Graze+Frag
18397502.403,E3,P637,0.5116504857409259,0.0024355585714285716,6241.921,1050.009,3.59,26.930,0.8633655117792806,0.0,Hit+Run
18967693.191,M1,FRAG0017,0.0126966366966367,0.006107892107892108,1820.637,1426.563,7.1947,15.468,0.49704199318339615,0.01839100899100899,Fragment
19324130.806,M0,FRAG0033,0.10471727098901097,0.0066383616383616385,3678.464,1466.720,5.2492,21.817,0.4184504874642528,0.018794205794205796,Fragment
19387603.579,M0,FRAG0036,0.09256142683316682,0.006264735264735265,3530.237,1438.670,1.2217,4.8677,0.7321345834542872,0.0,Hit+Run
19420605.392,M0,FRAG0036,0.09256142683316682,0.006264735264735265,3530.237,1438.670,1.1592,4.6187,0.5874127836972387,0.0,Merge
19450426.187,M0,FRAG0037,0.09882616209790208,0.006264735264735265,3608.149,1438.670,1.1642,4.7463,0.6539512198541492,0.0,Merge
19644600.412,E9,P172,0.08137555857142859,0.0024355585714285716,3381.882,1050.009,8.1499,31.664,0.531942135840116,0.009115884115884116,Fragment
19769094.413,M0,P44,0.10509089736263735,0.0024355585714285716,3682.834,1050.009,7.5217,32.030,0.8551024617739833,0.0,Hit+Run
20764773.325,P27,P236,0.004871128871128871,0.0024355585714285716,1322.930,1050.009,23.652,37.081,0.6874059632679531,0.007288964368964369,Graze+Frag
21514424.117,M1,FRAG0004,0.005527805527805532,0.0065128205128205125,1379.890,1457.416,10.307,18.971,0.9424262772715302,0.0,Hit+Run
21558860.209,M1,FRAG0019,0.005527805527805532,0.006107892107892108,1379.890,1426.563,9.9343,18.072,0.9889257695581192,0.0,Hit+Run
21748242.597,M0,P44,0.10509089736263735,0.0024355585714285716,3682.834,1050.009,3.2655,13.906,0.9761038566287056,0.0,Hit+Run
21776299.691,M0,P44,0.10509089736263735,0.0024355585714285716,3682.834,1050.009,1.118,4.7609,0.8389170661921298,0.0,Hit+Run
21797246.744,M0,P44,0.10509089736263735,0.0024355585714285716,3682.834,1050.009,1.2892,5.4900,0.7417268782991728,0.0,Merge
21823846.474,E15,P40,0.11428,0.0024355585714285716,3787.191,1050.009,3.7103,16.282,0.14852187714103762,0.0,Merge
21939282.106,E3,P366,0.5116504857409259,0.0024355585714285716,6241.921,1050.009,2.6021,19.519,0.7552522219342249,0.0,Merge
22248682.036,M0,FRAG0035,0.10752645593406593,0.006264735264735265,3711.068,1438.670,5.7803,24.275,0.8883234387239041,0.0,Hit+Run
22343455.395,P46,FRAG0034,0.008948379084249085,0.0066383616383616385,1620.224,1466.720,4.0908,8.2125,0.5954050528685999,0.010044022644022644,Graze+Frag
22457007.557,M3,FRAG0004,0.05487111714285714,0.0065128205128205125,2965.571,1457.416,5.9315,19.742,0.9698646619448299,0.0,Hit+Run
22482146.587,M3,FRAG0004,0.05487111714285714,0.0065128205128205125,2965.571,1457.416,1.0642,3.5420,0.382648988988534,0.0,Merge
22497114.171,M0,FRAG0035,0.10752645593406593,0.006264735264735265,3711.068,1438.670,1.7315,7.2717,0.7870025370571719,0.0,Hit+Run
22700560.945,M3,P809,0.06138393765567765,0.0024355585714285716,3078.544,1050.009,9.4385,33.154,0.7271786512321551,0.006547132867132866,Fragment
22952276.174,M0,P827,0.10752645593406593,0.0024355585714285716,3711.068,1050.009,19.007,81.610,0.4178683196060022,0.03908624708624709,Fragment
22953849.785,M0,FRAG0045,0.07087576741924742,0.005583749583749585,3229.682,1384.530,1.1099,4.0365,0.5507845259014176,0.0,Merge
23090899.726,P183,P296,0.0024355585714285716,0.0024355585714285716,1050.009,1050.009,38.351,52.184,0.23705,0.0,Merge
23109888.208,M0,FRAG0044,0.07645951700299701,0.005583749583749585,3312.361,1384.530,1.771,6.6129,0.8417555054530479,0.0,Hit+Run
23133576.442,M0,FRAG0042,0.07645951700299701,0.005583749583749585,3312.361,1384.530,1.5218,5.6823,0.466294185829051,0.0,Merge
23149240.548,M0,FRAG0041,0.0820432665867466,0.005583749583749585,3391.107,1384.530,1.2467,4.7711,0.6431237058449363,0.0,Merge
23216842.233,M0,FRAG0043,0.08762701617049619,0.005583749583749585,3466.356,1384.530,1.0116,3.9617,0.5705222624632531,0.0,Merge
23453462.311,M0,FRAG0047,0.09321076575424578,0.005583749583749585,3538.472,1384.530,2.1917,8.7718,0.9732051806652577,0.0,Hit+Run
23453678.411,M0,FRAG0047,0.09321076575424578,0.005583749583749585,3538.472,1384.530,1.0492,4.1992,0.6317927280685094,0.0,Merge
23559013.974,M3,P0,0.05727237667998668,0.0024355585714285716,3008.215,1050.009,6.9964,23.976,0.9359937703553673,0.0,Hit+Run
23738418.308,E13,P205,0.0217118238994339,0.0024355585714285716,2177.171,1050.009,10.625,25.967,0.6620199246566075,0.017324675324675326,Fragment
23831720.668,M3,P0,0.05727237667998668,0.0024355585714285716,3008.215,1050.009,1.4451,4.9522,0.5858207624232572,0.0,Merge
24043803.29,E8,P433,0.11607555857142857,0.0024355585714285716,3806.923,1050.009,4.4528,19.651,0.9110248736885588,0.0,Hit+Run
24631669.782,P183,FRAG0046,0.004871117142857143,0.005583749583749585,1322.929,1384.530,16.638,29.211,0.8581700894034276,0.009556470196470195,Graze+Frag
24635189.09,E18,FRAG0013,0.0728,0.0055577755577755576,3258.649,1382.380,6.4297,23.603,0.6820581388428053,0.01158974358974359,Fragment
24765388.971,M1,FRAG0031,0.005527805527805532,0.007814851814851816,1379.890,1548.700,28.118,53.621,0.7504468875353829,0.013314825174825176,Graze+Frag
24829158.114,M1,FRAG0053,0.005527805527805532,0.007814851814851816,1379.890,1548.700,1.0746,2.0492,0.24765171349820883,0.0,Merge
24974604.231,E19,P38,0.041620000000000004,0.0024355585714285716,2704.547,1050.009,1.6415,5.0236,0.35743132417064744,0.0,Merge
25073404.76,P141,FRAG0035,0.0024355585714285716,0.006264735264735265,1050.009,1438.670,14.638,24.452,0.2644136681679118,0.0,Fragment
25155321.784,E9,P631,0.07469523302697305,0.0024355585714285716,3286.685,1050.009,3.2784,12.352,0.6313122760608174,0.0,Merge
25179234.945,P46,FRAG0039,0.005542784678654678,0.010043956043956045,1381.136,1683.819,18.930,38.139,0.9636100133060989,0.0,Hit+Run
25518462.338,M1,P46,0.013342657342657348,0.005542784678654678,1851.006,1381.136,9.3948,20.289,0.7182641925534853,0.017675158175158173,Graze+Frag
25742115.145,P183,FRAG0019,0.010454878454878455,0.006107892107892108,1706.475,1426.563,12.566,25.814,0.796472628134964,0.015463483183483184,Graze+Frag
25759703.964,P183,FRAG0056,0.005527805527805527,0.011034965034965037,1379.890,1737.470,1.2754,2.6264,0.452650870261367,0.0,Hit+Run
25783656.817,P183,FRAG0056,0.005527805527805527,0.011034965034965037,1379.890,1737.470,1.489,3.0663,0.5007666042701785,0.0,Hit+Run
25783682.851,P183,FRAG0056,0.005527805527805527,0.011034965034965037,1379.890,1737.470,1.0485,2.1592,0.4599545465368536,0.0,Graze+Merge
25914432.155,P183,P310,0.016562770562770564,0.0024355585714285716,1989.320,1050.009,31.106,69.483,0.3588111345729857,0.01347052947052947,Fragment
25970357.114,P151,P229,0.0024355585714285716,0.0024355585714285716,1050.009,1050.009,14.373,19.558,0.7799,0.0,Graze+Frag
26083219.004,M0,FRAG0057,0.09879451533799537,0.006735264735264735,3607.764,1473.823,7.7008,31.353,0.24444196026464093,0.04330769230769232,Fragment
26083622.589,M0,FRAG0064,0.06222208776556778,0.0061868131868131875,3092.492,1432.681,1.1347,3.9416,0.7557010361150083,0.0,Hit+Run
26106430.792,M0,FRAG0065,0.06222208776556778,0.0061868131868131875,3092.492,1432.681,1.1469,3.9840,0.9902430831349676,0.0,Hit+Run
26108671.954,M0,FRAG0065,0.06222208776556778,0.0061868131868131875,3092.492,1432.681,1.0546,3.6633,0.6892064522716458,0.0,Graze+Merge
26161261.867,E3,FRAG0009,0.5140860443123544,0.005698967698967699,6251.810,1393.988,2.3749,17.494,0.6034472007272248,0.0,Merge
26192635.381,P299,P826,0.0024355585714285716,0.0024355585714285716,1050.009,1050.009,30.057,40.898,0.89845,0.0,Graze+Frag
26276611.582,M0,FRAG0061,0.06840890095238096,0.0061868131868131875,3191.768,1432.681,1.2938,4.6424,0.6394649759800847,0.0,Merge
26291929.471,M0,FRAG0062,0.07459571413919415,0.0061868131868131875,3285.225,1432.681,1.7198,6.3579,0.97667410221895,0.0,Hit+Run
26323833.997,M0,FRAG0059,0.07459571413919415,0.0061868131868131875,3285.225,1432.681,1.2647,4.6755,0.8120614130954936,0.0,Hit+Run
26381327.075,M3,P141,0.059707935251415246,0.0087002997002997,3050.267,1605.111,4.3569,14.921,0.7363944697016829,0.006256370296370296,Hit+Run
26448392.322,M0,FRAG0063,0.07459571413919415,0.0061868131868131875,3285.225,1432.681,1.1562,4.2743,0.8074656273585444,0.0,Hit+Run
26489434.797,M0,FRAG0063,0.07459571413919415,0.0061868131868131875,3285.225,1432.681,1.1524,4.2603,0.7261341464379873,0.0,Hit+Run
26505079.401,M0,FRAG0062,0.07459571413919415,0.0061868131868131875,3285.225,1432.681,1.8878,6.9790,0.8471565041776519,0.0,Hit+Run
26532562.307,M0,FRAG0063,0.07459571413919415,0.0061868131868131875,3285.225,1432.681,1.4511,5.3646,0.5324844474310788,0.0,Merge
26568741.688,M0,FRAG0062,0.08078252732600734,0.0061868131868131875,3373.647,1432.681,0.9948,3.7806,0.711183081555968,0.0,Perfect
26732520.013,P27,P348,0.0073066933066933066,0.0024355585714285716,1514.377,1050.009,34.047,59.290,0.4297371447895027,0.0,Fragment
27139663.71,P26,FRAG0060,0.0073066933066933066,0.0061868131868131875,1514.377,1432.681,13.497,25.803,0.9204272368664136,0.0,Hit+Run
27206517.896,M0,FRAG0058,0.08696934051282053,0.006735264735264735,3457.662,1473.823,5.7075,22.227,0.9721307548532946,0.0,Hit+Run
27218402.315,M0,FRAG0058,0.08696934051282053,0.006735264735264735,3457.662,1473.823,1.023,3.9840,0.6543039454951998,0.0,Merge
27568419.313,M3,FRAG0054,0.059707935251415246,0.0066789876789876785,3050.267,1469.706,6.0149,20.594,0.6656638880023101,0.014879120879120881,Fragment
27689807.46,P286,FRAG0026,0.0024355585714285716,0.0065184815184815195,1050.009,1457.838,9.7513,16.461,0.6694427709291088,0.008702424242424242,Graze+Frag
27753190.355,M0,FRAG0020,0.09370460524808526,0.006107892107892108,3544.710,1426.563,7.0132,28.075,0.7891912795270838,0.0056847952047952045,Hit+Run
27776103.089,M0,FRAG0059,0.09370460524808526,0.0061868131868131875,3544.710,1432.681,7.9117,31.665,0.6027741735834488,0.028376989676989674,Fragment
27781885.816,M0,FRAG0072,0.07151479505827507,0.005675324675324675,3239.359,1392.058,1.1809,4.3071,0.8764576158561775,0.0,Hit+Run
27787880.387,M0,FRAG0068,0.07151479505827507,0.005675324675324675,3239.359,1392.058,1.0733,3.9147,0.7467830152818138,0.0,Graze+Merge
27810499.815,M0,FRAG0072,0.07719011973359975,0.005675324675324675,3322.878,1392.058,1.064,3.9851,0.5791682050036397,0.0,Merge
27832231.067,M0,FRAG0071,0.08286544440892443,0.005675324675324675,3402.397,1392.058,1.1952,4.5888,0.5574320156060525,0.0,Merge
27835331.132,M0,FRAG0070,0.08854076908424911,0.005675324675324675,3478.363,1392.058,1.1276,4.4308,0.36873173023868044,0.0,Merge
28268699.758,M0,FRAG0069,0.0942160937595738,0.005675324675324675,3551.148,1392.058,1.2384,4.9736,0.1680313398362101,0.0,Merge
28622585.257,M4,FRAG0060,0.039398595534465536,0.0061868131868131875,2655.547,1432.681,6.5239,19.463,0.4747630124235457,0.03886946386946386,Fragment
28868931.651,E9,P141,0.07713079159840162,0.0087002997002997,3322.026,1605.111,1.6238,6.0550,0.5514530784133437,0.0,Merge
29062401.938,M0,FRAG0064,0.09989141843489847,0.0061868131868131875,3621.067,1432.681,6.907,28.271,0.7472495213970181,0.008513819513819514,Graze+Frag
29342786.576,P462,P637,0.0024355585714285716,0.0024355585714285716,1050.009,1050.009,49.294,67.074,0.9038000000000002,0.0,Graze+Frag
29622436.443,M0,FRAG0020,0.09756441210789216,0.006107892107892108,3592.727,1426.563,2.8928,11.745,0.8655259533277543,0.0,Hit+Run
29759338.817,M0,FRAG0020,0.09756441210789216,0.006107892107892108,3592.727,1426.563,1.0898,4.4250,0.9805524342240245,0.0,Hit+Run
29951467.769,M0,FRAG0020,0.09756441210789216,0.006107892107892108,3592.727,1426.563,1.6264,6.6038,0.8046843175083207,0.0,Hit+Run
30153768.994,M0,FRAG0020,0.09756441210789216,0.006107892107892108,3592.727,1426.563,1.0319,4.1899,0.5608167254650144,0.0,Merge
30194480.475,M0,FRAG0055,0.10367230421578426,0.0066789876789876785,3666.188,1469.706,8.0808,33.465,0.5577202827610717,0.037156843156843165,Fragment
30197099.156,M0,FRAG0085,0.07319444873792877,0.006192807192807194,3264.524,1433.143,1.2243,4.4965,0.89269995223613,0.0,Hit+Run
30204814.669,M0,FRAG0082,0.07319444873792877,0.006192807192807194,3264.524,1433.143,1.22,4.4807,0.4230005144995581,0.0,Merge
30208863.509,M0,FRAG0086,0.07938725593073596,0.006192807192807194,3354.111,1433.143,1.0645,4.0211,0.8558238467956814,0.0,Hit+Run
30209352.93,M0,FRAG0084,0.07938725593073596,0.006192807192807194,3354.111,1433.143,1.252,4.7293,0.7728688378226083,0.0,Hit+Run
30240265.445,M0,FRAG0084,0.07938725593073596,0.006192807192807194,3354.111,1433.143,1.1951,4.5144,0.7085506805276075,0.0,Hit+Run
30265443.59,M0,FRAG0085,0.07938725593073596,0.006192807192807194,3354.111,1433.143,1.0767,4.0671,0.906269460360388,0.0,Hit+Run
30324936.327,M0,FRAG0085,0.07938725593073596,0.006192807192807194,3354.111,1433.143,1.2289,4.6421,0.3245334472662788,0.0,Merge
30457148.366,M0,FRAG0083,0.08558006312354316,0.006192807192807194,3439.152,1433.143,1.2523,4.8557,0.8827468404637426,0.0,Hit+Run
30472173.561,M0,FRAG0083,0.08558006312354316,0.006192807192807194,3439.152,1433.143,1.1031,4.2772,0.9593325050969717,0.0,Hit+Run
30642270.957,P90,P120,0.0024355585714285716,0.0024355585714285716,1050.009,1050.009,15.785,21.478,0.8096,0.0,Graze+Frag
30794491.734,M0,FRAG0081,0.08558006312354316,0.006192807192807194,3439.152,1433.143,1.7457,6.7688,0.9627206266659992,0.0,Hit+Run
30909153.362,M0,FRAG0081,0.08558006312354316,0.006192807192807194,3439.152,1433.143,1.2778,4.9546,0.35709389620230886,0.0,Merge
31000728.241,E3,P796,0.5197850120113221,0.0024355585714285716,6274.827,1050.009,4.3275,32.645,0.6852349387849095,0.0,Merge
31087516.745,P26,P723,0.0073066933066933066,0.0024355585714285716,1514.377,1050.009,26.734,46.555,0.8930761083759309,0.0,Graze+Frag
31294424.716,M0,FRAG0080,0.09177287031635036,0.008513819513819514,3520.183,1593.560,1.3296,5.2605,0.932475335794648,0.0,Hit+Run
31296766.37,M0,FRAG0080,0.09177287031635036,0.008513819513819514,3520.183,1593.560,1.0329,4.0866,0.49494298422881433,0.0,Merge
31403975.75,M3,FRAG0079,0.05150780205128204,0.0055527805527805525,2903.698,1381.965,6.6003,21.516,0.8644701274175864,0.0,Hit+Run
31651384.003,M0,FRAG0083,0.10028668983016986,0.006192807192807194,3625.837,1433.143,1.4285,5.8551,0.8527450954887326,0.0,Hit+Run
31654171.562,M0,FRAG0083,0.10028668983016986,0.006192807192807194,3625.837,1433.143,1.0133,4.1533,0.5362446465327532,0.0,Merge
31779464.037,M3,FRAG0074,0.05150780205128204,0.0055527805527805525,2903.698,1381.965,3.7933,12.366,0.6963053138545761,0.0,Hit+Run
31838475.239,P374,FRAG0077,0.0024355585714285716,0.0055527805527805525,1050.009,1381.965,23.084,37.378,0.7295309538957303,0.00796114552114552,Graze+Frag
31864127.037,P104,P319,0.0024355585714285716,0.0024355585714285716,1050.009,1050.009,27.684,37.670,0.61225,0.0,Graze+Frag
31962145.342,P123,FRAG0040,0.0024355585714285716,0.006547119547119547,1050.009,1459.970,21.293,35.988,0.6947272285179277,0.008952281052281052,Graze+Frag
32265228.894,P462,FRAG0067,0.004871128871128871,0.007439560439560441,1322.930,1523.501,13.529,25.138,0.7046347357740949,0.012176097236097236,Graze+Frag
32544798.764,M1,FRAG0078,0.005527466663336667,0.0055527805527805525,1379.862,1381.965,26.232,46.943,0.6226254886587003,0.011072747252747253,Graze+Frag
32754687.553,P53,FRAG0005,0.0024355585714285716,0.005698967698967699,1050.009,1393.988,12.734,20.756,0.7250399722129294,0.007976623376623377,Graze+Frag
33016155.897,M0,FRAG0088,0.10647949702297706,0.0055527805527805525,3698.984,1381.965,4.957,20.795,0.8329894345038187,0.0,Hit+Run
33093922.215,E9,M4,0.08583109129870133,0.006715944851814863,3442.511,1472.412,3.0705,11.903,0.6541222901558988,0.0,Merge
33243361.177,P500,P605,0.0024355585714285716,0.0024355585714285716,1050.009,1050.009,12.114,16.484,0.74025,0.0,Graze+Frag
33550192.222,E9,FRAG0038,0.09254703615051618,0.009115884115884116,3530.054,1630.272,3.482,13.807,0.6967995628195258,0.0,Hit+Run
34149470.474,M0,FRAG0007,0.10647949702297706,0.005698967698967699,3698.984,1393.988,10.144,42.534,0.7593380447742746,0.014553446553446554,Graze+Frag
34205181.63,M0,FRAG0090,0.09762501816849821,0.007276723276723277,3593.471,1512.304,1.3216,5.3520,0.9813860029214286,0.0,Hit+Run
34303518.502,M0,FRAG0084,0.09762501816849821,0.006192807192807194,3593.471,1433.143,1.1452,4.6498,0.16656912406036808,0.0,Merge
34306557.927,M0,FRAG0090,0.1038178253613054,0.007276723276723277,3667.902,1512.304,1.03,4.2615,0.8615687008352453,0.0,Graze+Merge
34410905.148,M0,FRAG0086,0.11109454863802869,0.006192807192807194,3751.671,1433.143,1.9254,8.1815,0.44840765505158026,0.0,Merge
34554056.232,M0,FRAG0089,0.11728735583083588,0.007276723276723277,3820.125,1512.304,1.5707,6.7824,0.5196012196880466,0.0,Merge
34559371.601,P299,FRAG0015,0.004871128871128871,0.0055577755577755576,1322.930,1382.380,12.486,21.903,0.5946390979303715,0.0,Graze+Frag
34561564.09,P299,FRAG0066,0.01042890442890443,0.007439560439560441,1705.061,1523.501,16.534,34.752,0.47060573431468333,0.017845414585414585,Fragment
34629375.625,M0,FRAG0073,0.12456407910755916,0.0055527805527805525,3897.547,1381.965,10.188,45.188,0.8192986596114865,0.006825181485181485,Graze+Frag
35040698.489,P374,FRAG0076,0.007988344988344989,0.0055527805527805525,1560.077,1381.965,2.6419,5.0638,0.7882463614697336,0.0,Hit+Run
35224138.154,E3,E13,0.5222205705827506,0.0068227071461871465,6284.612,1480.173,3.1839,23.479,0.7038312083920525,0.0,Merge
35244633.488,M0,FRAG0093,0.1232920178354979,0.006824841824841825,3884.235,1480.328,2.5907,11.399,0.8843598942278934,0.0,Hit+Run
35353181.049,E9,FRAG0075,0.09254703615051618,0.0055527805527805525,3530.054,1381.965,3.1856,12.718,0.805469959661512,0.0,Hit+Run
35519116.478,E9,M3,0.09254703615051618,0.05150780205128204,3530.054,2903.698,1.8592,7.8598,0.9811996329912768,0.0,Hit+Run
35533724.387,E9,M3,0.09254703615051618,0.05150780205128204,3530.054,2903.698,1.1206,4.7373,0.6902360556411262,0.0,Hit+Run
35548887.799,M0,P304,0.1232920178354979,0.0024355585714285716,3884.235,1050.009,5.3251,24.015,0.5127817447284874,0.0,Merge
35878563.153,E9,M3,0.09254703615051618,0.05150780205128204,3530.054,2903.698,1.2497,5.2831,0.34237464127191003,0.01651881451881452,Fragment
35944408.405,E9,FRAG0095,0.1275360236829837,0.00825940725940726,3928.301,1577.527,1.0606,4.7058,0.496154363835701,0.0,Merge
36392388.589,E9,FRAG0088,0.13579543094239097,0.0055527805527805525,4011.334,1381.965,2.7287,12.480,0.807949184584052,0.0,Hit+Run
36428721.256,M0,FRAG0093,0.12572757640692647,0.006824841824841825,3909.645,1480.328,2.2025,9.7582,0.4283222373976455,0.0,Merge
36865404.994,M0,FRAG0087,0.1325524182317683,0.006782883782883783,3979.144,1477.288,3.5052,15.825,0.9918630991249111,0.0,Hit+Run
37198465.015,P27,FRAG0094,0.009742257742257742,0.00825940725940726,1666.788,1577.527,4.3417,9.1371,0.7403745396171143,0.0,Hit+Run
37280136.418,E9,FRAG0088,0.13579543094239097,0.0055527805527805525,4011.334,1381.965,1.1581,5.2968,0.23346704321175912,0.0,Merge
37342229.994,E3,P3,0.5290432777289378,0.004871128871128871,6311.863,1322.930,4.491,33.553,0.9022859959468759,0.0,Hit+Run
37384583.205,E3,P3,0.5290432777289378,0.004871128871128871,6311.863,1322.930,1.0449,7.8067,0.3665691869184944,0.0,Merge
37554596.413,E3,P583,0.5339144066000666,0.0024355585714285716,6331.176,1050.009,4.3833,33.382,0.7796045237914182,0.0,Merge
37804420.046,M1,P90,0.005527466663336667,0.004871128871128871,1379.862,1322.930,23.838,41.775,0.5902772134439066,0.0,Graze+Frag
37978686.311,P26,P500,0.009742257742257742,0.004871128871128871,1666.788,1322.930,6.9916,13.810,0.6198916618982228,0.013885294705294704,Graze+Frag
38017617.524,E8,P526,0.11607555857142857,0.0024355585714285716,3806.923,1050.009,4.5766,20.197,0.7967450607454356,0.0,Hit+Run
38083140.817,M0,FRAG0087,0.1325524182317683,0.006782883782883783,3979.144,1477.288,2.0747,9.3667,0.47357980778745473,0.0,Merge
38231471.335,E10,P555,0.14489111714285716,0.0024355585714285716,4098.967,1050.009,3.6545,17.464,0.32463901098184855,0.0,Merge
38553036.245,P462,FRAG0074,0.005527805527805528,0.0055527805527805525,1379.890,1381.965,14.397,25.765,0.5591795636045469,0.0055527805527805525,Graze+Frag
38565510.289,P462,FRAG0097,0.005527805527805527,0.0055527805527805525,1379.890,1381.965,1.1105,1.9872,0.47479301223499015,0.0,Merge
38703767.094,E9,P374,0.14134821149517152,0.007988344988344989,4065.281,1560.077,2.7164,12.504,0.585941332561817,0.0,Merge
39314116.646,E3,P695,0.5363499651714951,0.0024355585714285716,6340.788,1050.009,1.9595,14.947,0.7973602512599339,0.0,Merge
39789227.674,E9,FRAG0010,0.1493365564835165,0.005698967698967699,4140.466,1393.988,5.2421,24.787,0.9171269028348178,0.0,Hit+Run
42299366.944,P26,FRAG0092,0.005527805527805527,0.006170496170496171,1379.890,1431.420,4.8031,8.7535,0.6445649568406294,0.008575284715284714,Graze+Frag
42435571.398,E3,E11,0.5387855237429237,0.008763569763569764,6350.371,1608.993,1.2664,9.3842,0.9110638348969984,0.0,Hit+Run
42897829.492,E9,FRAG0091,0.1493365564835165,0.006170496170496171,4140.466,1431.420,2.0282,9.5728,0.4065497354084873,0.0,Merge
43024536.098,E3,E11,0.5387855237429237,0.008763569763569764,6350.371,1608.993,1.1174,8.2801,0.5305696209882688,0.0,Merge
43250001.609,E9,FRAG0039,0.15550705265401268,0.010043956043956045,4196.725,1683.819,3.1129,14.756,0.5077710185469149,0.009381618381618382,Fragment
43301867.625,M0,FRAG0010,0.13933530201465208,0.005698967698967699,4045.891,1393.988,8.2246,37.941,0.4023668232938341,0.028145188145188148,Fragment
43303272.535,M0,FRAG0100,0.11688908156843161,0.005629037629037629,3815.796,1388.263,1.0864,4.7095,0.46824356221117786,0.0,Merge
43303397.8,M0,FRAG0104,0.12251811919746924,0.005629037629037629,3876.090,1388.263,1.0917,4.8121,0.9443654124238708,0.0,Hit+Run
43308948.835,M0,FRAG0103,0.12251811919746924,0.005629037629037629,3876.090,1388.263,1.0177,4.4859,0.6938795919758739,0.0,Merge
43315274.018,M0,FRAG0102,0.12814715682650688,0.005629037629037629,3934.566,1388.263,1.0419,4.6666,0.9239097510166027,0.0,Hit+Run
43319970.877,M0,FRAG0104,0.12814715682650688,0.005629037629037629,3934.566,1388.263,1.0162,4.5515,0.1941104893327145,0.0,Merge
43353970.292,M0,FRAG0101,0.1337761944555445,0.005629037629037629,3991.352,1388.263,0.9942,4.5216,0.4807029647724418,0.0,Perfect
43431523.226,M0,FRAG0102,0.13940523208458214,0.005629037629037629,4046.568,1388.263,1.0223,4.7182,0.6916979400056558,0.0,Merge
43761243.05,E3,P553,0.5475490935064934,0.0024355585714285716,6384.617,1050.009,2.7994,21.511,0.9820866860749408,0.0,Hit+Run
44846547.786,M0,P462,0.14503426971361977,0.01108058608058608,4100.316,1739.861,6.0062,27.743,0.43311781399075705,0.046609390609390615,Fragment
44850731.604,M0,FRAG0106,0.10950546518481521,0.005826173826173826,3733.697,1404.284,1.1123,4.7082,0.8122892037330323,0.0,Hit+Run
44861216.332,M0,FRAG0108,0.10950546518481521,0.005826173826173826,3733.697,1404.284,1.1016,4.6629,0.7703594425455248,0.0,Hit+Run
44874110.914,M1,FRAG0107,0.0103989343989344,0.005826173826173826,1703.426,1404.284,6.2376,12.733,0.6352816148576037,0.015035631035631037,Graze+Frag
44880550.905,M0,FRAG0105,0.10950546518481521,0.005826173826173826,3733.697,1404.284,1.1304,4.7848,0.23769887148065386,0.0,Merge
44918050.95,M0,M1,0.11533163901098904,0.005527805527805529,3798.772,1379.890,2.083,8.9903,0.8583187307600558,0.0,Hit+Run
44927068.468,M0,M1,0.11533163901098904,0.005527805527805529,3798.772,1379.890,1.1611,5.0113,0.2761789608846774,0.0,Merge
44981373.134,M0,FRAG0111,0.12085944453879457,0.005826173826173826,3858.519,1404.284,1.3503,5.9189,0.9490860510570903,0.0,Hit+Run
45029890.596,M0,FRAG0094,0.12085944453879457,0.00825940725940726,3858.519,1577.527,12.734,55.450,0.44930499642706406,0.11975524475524477,Fragment
45030204.51,M0,FRAG0120,0.009363607042957078,0.005702630702630703,1644.907,1394.287,1.2028,2.3926,0.6555936026371145,0.0,Hit+Run
45032639.446,M0,FRAG0134,0.009363607042957078,0.005702630702630703,1644.907,1394.287,1.4666,2.9173,0.697376667215324,0.0,Hit+Run
45034947.804,M0,FRAG0122,0.009363607042957078,0.005702630702630703,1644.907,1394.287,1.6585,3.2991,0.6422251868977132,0.0,Hit+Run
45042728.519,M0,FRAG0130,0.009363607042957078,0.005702630702630703,1644.907,1394.287,2.3446,4.6639,0.13644443756692523,0.007691388611388611,Fragment
45085879.318,M0,FRAG0132,0.0073752620546120905,0.005702630702630703,1519.099,1394.287,1.808,3.4223,0.5229326535951189,0.0,Hit+Run
45108952.94,M0,FRAG0121,0.0073752620546120905,0.005702630702630703,1519.099,1394.287,1.3281,2.5139,0.7228974284019074,0.0,Hit+Run
45133747.379,M0,FRAG0128,0.0073752620546120905,0.005702630702630703,1519.099,1394.287,2.0817,3.9404,0.3708342838137886,0.0,Merge
45143205.537,M0,FRAG0114,0.013077892757242793,0.005702630702630703,1838.681,1394.287,1.4677,3.1604,0.5523490872941735,0.0,Merge
45150988.174,M0,FRAG0119,0.018780523459873497,0.005702630702630703,2074.418,1394.287,1.1953,2.8371,0.37114250864382303,0.0,Merge
45157798.87,M0,FRAG0127,0.0244831541625042,0.005702630702630703,2266.120,1394.287,2.2744,5.8352,0.9856525766748622,0.0,Hit+Run
45184465.664,M0,FRAG0126,0.0244831541625042,0.005702630702630703,2266.120,1394.287,1.1879,3.0477,0.798068423209324,0.0,Hit+Run
45249601.31,M0,FRAG0120,0.0244831541625042,0.005702630702630703,2266.120,1394.287,1.3288,3.4092,0.9974152793674207,0.0,Hit+Run
45305977.298,M0,FRAG0133,0.0244831541625042,0.005702630702630703,2266.120,1394.287,1.2428,3.1885,0.8479670462103879,0.0,Hit+Run
45375866.365,M0,FRAG0116,0.0244831541625042,0.005702630702630703,2266.120,1394.287,1.5684,4.0239,0.5676432683582571,0.0,Merge
45381295.066,E9,FRAG0098,0.15616939031635035,0.006170496170496171,4202.675,1431.420,4.1393,19.851,0.9417442954386678,0.0,Hit+Run
45501085.422,M0,FRAG0113,0.030185784865134905,0.010697302697302697,2429.935,1719.565,1.483,4.1588,0.8425570520843899,0.0,Hit+Run
45648781.888,M0,FRAG0117,0.030185784865134905,0.005702630702630703,2429.935,1394.287,2.0314,5.5597,0.6939907909567838,0.0,Hit+Run
45679734.331,M0,FRAG0127,0.030185784865134905,0.005702630702630703,2429.935,1394.287,2.1706,5.9407,0.7115280055973324,0.0,Hit+Run
45679849.269,M0,FRAG0127,0.030185784865134905,0.005702630702630703,2429.935,1394.287,1.0373,2.8390,0.8170689966044025,0.0,Graze+Merge
45712303.391,M0,FRAG0126,0.035888415567765605,0.005702630702630703,2574.217,1394.287,1.0506,3.0386,0.6016987156061783,0.0,Merge
45773044.265,E9,FRAG0098,0.15616939031635035,0.006170496170496171,4202.675,1431.420,1.5035,7.2104,0.5284211159514869,0.0,Merge
45809625.161,M0,FRAG0113,0.04159104627039631,0.010697302697302697,2703.919,1719.565,2.2234,6.8295,0.9746614333048909,0.0,Hit+Run
45822854.668,M0,FRAG0122,0.04159104627039631,0.005702630702630703,2703.919,1394.287,1.0794,3.2760,0.5375896815522488,0.0,Merge
45906460.772,M0,FRAG0115,0.04729367697302701,0.005702630702630703,2822.246,1394.287,1.2874,4.0777,0.600387691336658,0.0,Merge
45943146.821,E9,P658,0.16233988648684652,0.0024355585714285716,4257.313,1050.009,10.459,52.068,0.9635525383454369,0.0,Hit+Run
45962538.718,M0,FRAG0117,0.05299630767565772,0.005702630702630703,2931.404,1394.287,3.7105,12.211,0.7179267539797765,0.0,Hit+Run
45977590.811,M0,FRAG0109,0.05299630767565772,0.005826173826173826,2931.404,1404.284,2.1448,7.0580,0.6836828934824446,0.0,Hit+Run
45995209.612,M0,FRAG0125,0.05299630767565772,0.005702630702630703,2931.404,1394.287,3.1225,10.276,0.6681855573192936,0.0,Merge
46056735.809,M0,FRAG0113,0.05869893837828842,0.010697302697302697,3032.987,1719.565,1.1165,3.8117,0.4594901232481432,0.0,Merge
46117368.911,M0,FRAG0111,0.06939624107559111,0.005826173826173826,3207.050,1404.284,1.509,5.4451,0.6517260877197842,0.0,Merge
46197616.348,M0,FRAG0134,0.07522241490176494,0.005702630702630703,3294.399,1394.287,1.4807,5.4959,0.7257437799220173,0.0,Hit+Run
46217013.264,M0,FRAG0131,0.07522241490176494,0.005702630702630703,3294.399,1394.287,1.4499,5.3815,0.8979577410594812,0.0,Hit+Run
46286783.569,M0,FRAG0131,0.07522241490176494,0.005702630702630703,3294.399,1394.287,1.1534,4.2810,0.8404125618789089,0.0,Hit+Run
46305274.913,M0,FRAG0131,0.07522241490176494,0.005702630702630703,3294.399,1394.287,1.1243,4.1730,0.8187013770598651,0.0,Hit+Run
46362587.272,M0,FRAG0133,0.07522241490176494,0.005702630702630703,3294.399,1394.287,1.3757,5.1061,0.8552379987618158,0.0,Hit+Run
46388209.951,M0,FRAG0121,0.07522241490176494,0.005702630702630703,3294.399,1394.287,1.0974,4.0732,0.6808458928690433,0.0,Merge
46454765.088,M0,FRAG0109,0.08092504560439565,0.005826173826173826,3375.630,1404.284,1.2719,4.8410,0.816309787151582,0.0,Hit+Run
46663864.5,M0,FRAG0123,0.08092504560439565,0.005702630702630703,3375.630,1394.287,2.0427,7.7774,0.9135589777887291,0.0,Hit+Run
46712406.359,M0,FRAG0123,0.08092504560439565,0.005702630702630703,3375.630,1394.287,1.0682,4.0670,0.6532700382653776,0.0,Merge
46954423.064,M0,FRAG0112,0.08662767630702635,0.005826173826173826,3453.128,1404.284,2.4238,9.4474,0.8220832933089414,0.0,Hit+Run
47027301.183,M0,FRAG0108,0.08662767630702635,0.005826173826173826,3453.128,1404.284,5.0503,19.684,0.5127001652839921,0.014481518481518482,Fragment
47028820.505,M0,FRAG0136,0.0779723316516817,0.007240759240759241,3334.064,1509.808,1.0062,3.7704,0.5619326252078006,0.0,Merge
47067337.147,M0,FRAG0112,0.08521309089244095,0.005826173826173826,3434.229,1404.284,1.1051,4.2826,0.6492971431787111,0.0,Merge
47190803.818,M0,FRAG0135,0.09103926471861477,0.007690975690975692,3510.778,1540.473,1.6951,6.6954,0.5387187630465516,0.0,Merge
47246166.566,M0,FRAG0124,0.09873024040959047,0.005702630702630703,3606.981,1394.287,2.0585,8.4040,0.9367839391308811,0.0,Hit+Run
47308036.158,M0,FRAG0134,0.09873024040959047,0.005702630702630703,3606.981,1394.287,1.4977,6.1144,0.7918200683438253,0.0,Hit+Run
47393762.138,M0,FRAG0134,0.09873024040959047,0.005702630702630703,3606.981,1394.287,1.0143,4.1409,0.7728521588826334,0.0,Graze+Merge
47578208.321,M0,FRAG0129,0.10443287111222117,0.005702630702630703,3675.131,1394.287,3.1179,12.983,0.9573111781915769,0.0,Hit+Run
47580657.169,M0,FRAG0129,0.10443287111222117,0.005702630702630703,3675.131,1394.287,1.0573,4.4029,0.8948920245056285,0.0,Hit+Run
47593015.46,M0,FRAG0129,0.10443287111222117,0.005702630702630703,3675.131,1394.287,1.146,4.7722,0.7889752027458486,0.0,Hit+Run
47681641.136,M0,FRAG0137,0.10443287111222117,0.007240759240759241,3675.131,1509.808,2.7668,11.471,0.7291517016962823,0.0,Hit+Run
47688552.34,M0,FRAG0137,0.10443287111222117,0.007240759240759241,3675.131,1509.808,1.0515,4.3598,0.7144793577426389,0.0,Graze+Merge
48331083.936,P658,FRAG0096,0.0024355585714285716,0.009085581085581086,1050.009,1628.463,19.282,35.730,0.5692101382729954,0.005993339993339994,Graze+Frag
48372201.669,P353,FRAG0118,0.0024355585714285716,0.005702630702630703,1050.009,1394.287,15.862,25.859,0.5739126992955329,0.008112054612054612,Graze+Frag
48468875.63,M0,FRAG0106,0.11167363035298042,0.005826173826173826,3758.178,1404.284,2.1693,9.2462,0.6987168614446059,0.0,Merge
48692546.511,M0,FRAG0124,0.11749980417915425,0.005702630702630703,3822.430,1394.287,2.1904,9.5102,0.4131115313372679,0.0,Merge
48832972.543,E8,P845,0.11607555857142857,0.0024355585714285716,3806.923,1050.009,5.8822,25.959,0.2375734657274388,0.0,Merge
49050792.208,M0,FRAG0120,0.12320243488178495,0.005702630702630703,3883.294,1394.287,5.5624,24.560,0.3551752068589272,0.014225108225108226,Fragment
49057560.725,M0,FRAG0140,0.11467995735930742,0.007112554112554113,3791.604,1500.844,1.072,4.5944,0.7740177470282479,0.0,Hit+Run
49279815.725,M0,FRAG0109,0.11467995735930742,0.005826173826173826,3791.604,1404.284,2.3882,10.275,0.41463353272949166,0.0,Merge
49343413.55,M0,FRAG0131,0.12050613118548124,0.005702630702630703,3854.756,1394.287,2.0953,9.1792,0.7167481129291043,0.0,Merge
49631134.98,E3,P457,0.5475490935064934,0.0024355585714285716,6384.617,1050.009,3.601,27.671,0.88968328679052,0.0,Hit+Run
49659239.834,E3,P457,0.5475490935064934,0.0024355585714285716,6384.617,1050.009,1.049,8.0608,0.7308971480573471,0.0,Merge
49698237.781,M0,FRAG0139,0.12620876188811195,0.007112554112554113,3914.626,1500.844,2.4241,10.745,0.7931218199961244,0.0,Hit+Run
49751116.788,M0,FRAG0139,0.12620876188811195,0.007112554112554113,3914.626,1500.844,1.4522,6.4374,0.9757162163969822,0.0,Hit+Run
50040397.311,M0,FRAG0140,0.12620876188811195,0.007112554112554113,3914.626,1500.844,2.0539,9.1047,0.6163103023411372,0.0,Merge
50045041.802,E3,P455,0.5499846520779219,0.0024355585714285716,6394.069,1050.009,2.6469,20.371,0.7709908165804517,0.0,Merge
50409334.07,M0,P648,0.13332131600066607,0.0024355585714285716,3986.823,1050.009,11.922,55.302,0.27727427103285085,0.012741258741258742,Fragment
50412009.436,M0,FRAG0141,0.12301561583083591,0.006370629370629371,3881.330,1446.731,1.0459,4.6047,0.8465543431453234,0.0,Hit+Run
50448567.879,M0,FRAG0141,0.12301561583083591,0.006370629370629371,3881.330,1446.731,1.0429,4.5915,0.8931763876864994,0.0,Hit+Run
50450447.361,M0,FRAG0141,0.12301561583083591,0.006370629370629371,3881.330,1446.731,1.0561,4.6496,0.3214735665003281,0.0,Merge
50457643.211,M0,FRAG0142,0.12938624520146527,0.006370629370629371,3947.206,1446.731,1.0145,4.5471,0.9713722983702552,0.0,Graze+Merge
50693975.282,FRAG0099,FRAG0038,0.009381618381618382,0.009115884115884116,1645.961,1630.272,6.4876,13.772,0.6969718510855717,0.01296969696969697,Graze+Frag
50908968.396,FRAG0129,FRAG0139,0.005702630702630703,0.007112554112554113,1394.287,1500.844,5.9646,11.211,0.890713957729956,0.0,Hit+Run
50996312.42,P353,P531,0.008138195138195138,0.0024355585714285716,1569.771,1050.009,15.667,28.121,0.8629071888224312,0.0,Graze+Frag
51445607.253,FRAG0075,P392,0.0055527805527805525,0.0024355585714285716,1381.965,1050.009,21.704,35.143,0.8287900537036618,0.007731188811188811,Graze+Frag
51506546.416,M0,FRAG0117,0.13575687457209465,0.005702630702630703,4010.955,1394.287,3.7379,17.084,0.7534766259198623,0.0,Hit+Run
51526946.011,M0,FRAG0117,0.13575687457209465,0.005702630702630703,4010.955,1394.287,1.0444,4.7734,0.2713673449861076,0.0,Merge
51567588.45,M0,FRAG0139,0.14145950527472534,0.007112554112554113,4066.348,1500.844,2.1996,10.151,0.2707639817956838,0.0,Merge
51644245.205,E9,FRAG0132,0.16233988648684652,0.005702630702630703,4257.313,1394.287,5.5149,26.866,0.8644794742671329,0.0,Hit+Run
51762624.557,P286,FRAG0129,0.008954045954045954,0.005702630702630703,1620.566,1394.287,8.3176,16.384,0.813870314933013,0.006283716283716284,Graze+Frag
51856786.881,P286,FRAG0138,0.008372960372960373,0.005993339993339994,1584.723,1417.588,18.054,35.284,0.5974029907475392,0.014338021978021977,Graze+Frag
51921331.74,P658,FRAG0144,0.005527799663669664,0.006484848484848485,1379.890,1455.326,19.918,36.629,0.6268165381670321,0.011992574092574093,Graze+Frag
52406598.521,M0,FRAG0110,0.14857205938727946,0.005826173826173826,4133.388,1404.284,4.2034,19.829,0.5153978834692444,0.007202177822177822,Fragment
52465337.916,M0,FRAG0133,0.14719610201132208,0.005702630702630703,4120.588,1394.287,8.5572,40.255,0.8493908660528364,0.0,Hit+Run
52470245.121,M0,FRAG0133,0.14719610201132208,0.005702630702630703,4120.588,1394.287,1.0327,4.8580,0.773104089641863,0.0,Graze+Merge
52586945.492,M0,FRAG0147,0.15289873271395277,0.006484848484848485,4173.129,1455.326,5.8602,27.861,0.5959647450472271,0.013865467865467865,Fragment
52613838.622,M0,FRAG0149,0.1455181133333334,0.006932733932733933,4104.871,1488.088,1.0165,4.7414,0.9271806479391149,0.0,Graze+Merge
52853721.494,M0,P353,0.15245084726606734,0.010573759573759575,4169.050,1712.919,6.3661,29.943,0.43668225111125064,0.04684382284382284,Fragment
52905176.407,M0,FRAG0156,0.11618078399600408,0.005855477855477856,3808.073,1406.634,1.0291,4.4477,0.3237956403187507,0.0,Merge
52911670.828,FRAG0154,FRAG0157,0.005855477855477856,0.005855477855477856,1406.634,1406.634,2.0958,3.8203,0.9543499999999999,0.0,Hit+Run
52926749.285,FRAG0150,P286,0.006932733932733933,0.005527805527805529,1488.088,1379.890,6.7527,12.575,0.854930545492073,0.0,Hit+Run
52969689.567,M0,FRAG0158,0.12203626185148193,0.005855477855477856,3871.002,1406.634,1.3506,5.9399,0.8905825142131,0.0,Hit+Run
52969868.805,M0,FRAG0158,0.12203626185148193,0.005855477855477856,3871.002,1406.634,1.0628,4.6742,0.9422923373493409,0.0,Hit+Run
53000320.263,P213,P630,0.0024355585714285716,0.0024355585714285716,1050.009,1050.009,18.511,25.188,0.35185,0.0,Merge
53023936.425,M0,FRAG0155,0.12203626185148193,0.005855477855477856,3871.002,1406.634,2.07,9.1039,0.8555225206540603,0.0,Hit+Run
53051491.238,FRAG0154,FRAG0158,0.005855477855477856,0.005855477855477856,1406.634,1406.634,2.9181,5.3192,0.58255,0.0,Hit+Run
53075674.148,FRAG0146,P286,0.008838494838494838,0.005527805527805529,1613.565,1379.890,11.025,21.579,0.6105064004684351,0.01421972693972694,Graze+Frag
53129768.368,FRAG0157,FRAG0158,0.005855477855477856,0.005855477855477856,1406.634,1406.634,2.7411,4.9965,0.4241,0.006131994671994672,Fragment
53149272.276,M0,FRAG0150,0.12203626185148193,0.006932733932733933,3871.002,1488.088,1.5945,6.9884,0.19965049239142532,0.0,Merge
53262855.05,FRAG0155,FRAG0160,0.005855477855477856,0.006131868131868131,1406.634,1428.427,3.3615,6.1754,0.8148379651860198,0.0,Hit+Run
53472041.985,FRAG0075,FRAG0143,0.007988344988344989,0.006484848484848485,1560.077,1455.326,10.890,21.315,0.8964974719275087,0.0,Hit+Run
53525734.725,M0,FRAG0155,0.12896899578421586,0.005855477855477856,3942.959,1406.634,1.4127,6.3362,0.9827927143532608,0.0,Hit+Run
53529735.253,FRAG0148,FRAG0155,0.007202131202131203,0.005855477855477856,1507.118,1406.634,1.5778,2.9841,0.48098436538800143,0.0,Merge
53540457.322,M0,FRAG0157,0.12896899578421586,0.00557908757908758,3942.959,1384.144,2.9081,13.057,0.21272467063388356,0.0,Merge
53543585.696,M0,FRAG0154,0.13454808336330343,0.005855477855477856,3999.014,1406.634,1.9116,8.7040,0.24775377838795157,0.0,Merge
53576648.478,M0,FRAG0151,0.14040356121878128,0.005855477855477856,4056.204,1406.634,1.0348,4.7837,0.9609545354813496,0.0,Hit+Run
53650373.15,M0,FRAG0148,0.14040356121878128,0.013057609057609058,4056.204,1837.730,1.4368,6.5501,0.9178520740811942,0.0,Hit+Run
53742416.682,M0,FRAG0151,0.14040356121878128,0.005855477855477856,4056.204,1406.634,1.3129,6.0693,0.7949296288721471,0.0,Hit+Run
53856882.86,FRAG0153,FRAG0151,0.005855477855477856,0.005855477855477856,1406.634,1406.634,4.6156,8.4134,0.56695,0.010661478521478522,Graze+Frag
53883409.395,FRAG0146,FRAG0161,0.005527805527805529,0.0061831501831501835,1379.890,1432.398,9.0796,16.553,0.4536685543485077,0.01162939726939727,Fragment
53884160.173,M0,FRAG0146,0.14040356121878128,0.0055278055278055295,4056.204,1379.890,1.986,9.1932,0.3877800813376392,0.0,Merge
54066512.832,M0,FRAG0148,0.1459313667465868,0.013057609057609058,4108.753,1837.730,1.791,8.2738,0.4938256393873428,0.0,Merge
54109036.024,FRAG0153,FRAG0162,0.005527805527805528,0.0061831501831501835,1379.890,1432.398,5.2848,9.6350,0.7654859524541497,0.0,Hit+Run
54127221.402,M0,FRAG0162,0.15898897580419585,0.0061831501831501835,4227.817,1432.398,1.2193,5.8846,0.9261256130096929,0.0,Hit+Run
54129313.732,M0,FRAG0162,0.15898897580419585,0.0061831501831501835,4227.817,1432.398,1.0457,5.0468,0.5000734719816029,0.0,Merge
54248877.678,M0,FRAG0153,0.16517212598734604,0.005527805527805528,4281.928,1379.890,1.0514,5.1577,0.7424414182539533,0.0,Merge
54480809.006,E9,P26,0.16233988648684652,0.005527805527805528,4257.313,1379.890,5.6419,27.506,0.807327120001137,0.0,Hit+Run
54497993.127,E9,P26,0.16233988648684652,0.005527805527805528,4257.313,1379.890,1.0032,4.8909,0.9348832945270418,0.0,Graze+Merge
54507433.296,M0,FRAG0152,0.17069993151515156,0.005855477855477856,4329.173,1406.634,1.6422,8.1400,0.5219938139349186,0.0,Merge
56979869.492,E3,FRAG0032,0.5524202106493504,0.006815184815184816,6403.494,1479.629,3.029,22.793,0.7820864262251317,0.0,Merge
56990616.439,E9,FRAG0132,0.16786769201465204,0.005702630702630703,4305.096,1394.287,3.1355,15.459,0.857486656648578,0.0,Hit+Run
57025485.719,FRAG0160,FRAG0076,0.006131868131868131,0.0055527805527805525,1428.427,1381.965,18.285,33.311,0.8833154256515868,0.007836217116217115,Graze+Frag
57326984.124,FRAG0159,FRAG0160,0.008838494838494838,0.005527805527805526,1613.565,1379.890,9.2807,18.164,0.33673260495552837,0.014294905094905094,Fragment
57591255.27,M0,FRAG0164,0.1765554093706294,0.008838494838494838,4378.118,1613.565,1.9876,9.8777,0.6677859644576724,0.0,Merge
57603907.972,M0,FRAG0159,0.18539390420912424,0.005527805527805525,4449.989,1379.890,2.1777,11.134,0.7132342165083836,0.0,Merge
58081439.759,FRAG0145,P164,0.006283716283716284,0.0024355585714285716,1440.122,1050.009,23.923,39.996,0.9170027005833681,0.0,Graze+Frag
58405946.31,E3,FRAG0132,0.5592353954645353,0.005702630702630703,6429.720,1394.287,1.4893,11.306,0.40300763821863034,0.0,Merge
58633590.871,E9,P658,0.16786769201465204,0.005527799663669665,4305.096,1379.890,2.0126,9.9304,0.31994853816498847,0.0,Merge
58751306.235,FRAG0050,P818,0.005774891774891776,0.0024355585714285716,1400.151,1050.009,11.452,18.730,0.5955109946520252,0.0,Graze+Frag
58883369.191,P213,P729,0.004871117142857143,0.0024355585714285716,1322.929,1050.009,14.271,22.373,0.9078438548745985,0.0,Hit+Run
59015176.312,M0,FRAG0163,0.19092170973692976,0.006156843156843158,4493.785,1430.363,6.8241,35.164,0.4448917363968353,0.01721137529137529,Fragment
59032487.699,M0,FRAG0166,0.17986776368298368,0.005736929736929738,4405.328,1397.077,1.0293,5.2010,0.5747329509266846,0.0,Merge
59134659.044,M0,FRAG0167,0.18560469341991342,0.005736929736929738,4451.675,1397.077,1.0161,5.1923,0.6302176887840739,0.0,Merge
59362614.522,FRAG0027,P261,0.0065184815184815195,0.0024355585714285716,1457.838,1050.009,6.8589,11.578,0.9972380239359021,0.0,Hit+Run
59395158.631,M0,FRAG0165,0.19134162315684317,0.005736929736929738,4497.077,1397.077,1.407,7.2687,0.9133542926861352,0.0,Hit+Run
59636079.651,M0,FRAG0165,0.19134162315684317,0.005736929736929738,4497.077,1397.077,1.1484,5.9327,0.7391676875401618,0.0,Merge
60689393.71,E10,E15,0.14732667571428573,0.11671555857142858,4121.806,3813.907,2.0805,10.721,0.7811770525737521,0.0,Hit+Run
63863639.293,E9,P132,0.17339549167832172,0.0024355585714285716,4351.842,1050.009,8.2191,41.894,0.8910161505487952,0.0,Hit+Run
65694062.406,E8,FRAG0012,0.11851111714285714,0.005698967698967699,3833.365,1393.988,4.7985,20.897,0.9550131224286234,0.0,Hit+Run
65886774.226,M0,P132,0.1970785528937729,0.0024355585714285716,4541.580,1050.009,3.7399,19.958,0.8732948851607676,0.0,Hit+Run
65886971.084,M0,P132,0.1970785528937729,0.0024355585714285716,4541.580,1050.009,1.0463,5.5838,0.48676118366522325,0.0,Merge
65956901.556,E3,FRAG0075,0.5649380261671659,0.007988344988344989,6451.501,1560.077,2.663,20.119,0.5560404332070519,0.0,Merge
67399182.22,P213,P373,0.004871117142857143,0.0024355585714285716,1322.929,1050.009,19.383,30.388,0.9850027774456156,0.0,Hit+Run
68061293.163,E9,P299,0.17339549167832172,0.005527472527472528,4351.842,1379.863,5.2344,26.128,0.4525176569185206,0.009005347985347986,Fragment
68078869.015,M0,P104,0.19951411146520148,0.004871128871128871,4560.212,1322.930,9.1556,48.213,0.8912467692280723,0.0,Hit+Run
68156243.035,M0,P104,0.19951411146520148,0.004871128871128871,4560.212,1322.930,1.2345,6.5008,0.9641866900702724,0.0,Hit+Run
68166130.469,M0,P104,0.19951411146520148,0.004871128871128871,4560.212,1322.930,1.0785,5.6793,0.11053382265778668,0.0,Merge
69796922.746,M0,FRAG0049,0.20438524033633035,0.005774891774891776,4597.026,1400.151,8.3132,43.967,0.33060506793312194,0.021432567432567433,Fragment
69799362.451,M0,FRAG0171,0.18872756467865467,0.007144189144189145,4476.503,1503.066,1.0786,5.5152,0.9177492436662502,0.0,Hit+Run
69813048.968,M0,FRAG0171,0.18872756467865467,0.007144189144189145,4476.503,1503.066,1.1865,6.0670,0.3766372823953752,0.0,Merge
69816032.657,M0,FRAG0170,0.19587175382284383,0.007144189144189145,4532.291,1503.066,1.1154,5.7796,0.9499600014198551,0.0,Hit+Run
69821455.621,M0,FRAG0170,0.19587175382284383,0.007144189144189145,4532.291,1503.066,1.0901,5.6485,0.8278544708025679,0.0,Hit+Run
69822072.675,M0,FRAG0170,0.19587175382284383,0.007144189144189145,4532.291,1503.066,1.0532,5.4573,0.9742158971082832,0.0,Hit+Run
69853898.853,M0,FRAG0169,0.19587175382284383,0.007144189144189145,4532.291,1503.066,1.0527,5.4547,0.16190622632894927,0.0,Merge
69872644.61,M0,FRAG0170,0.203015942967033,0.007144189144189145,4586.737,1503.066,1.028,5.3954,0.8776842964206245,0.0,Graze+Merge
70310049.53,M0,FRAG0168,0.21016013211122214,0.009005328005328005,4639.921,1623.654,4.5979,24.299,0.8442650460782691,0.0,Hit+Run
70313376.058,M0,FRAG0168,0.21016013211122214,0.009005328005328005,4639.921,1623.654,1.0571,5.5866,0.5172114198226266,0.0,Merge
71907123.725,P196,P533,0.0024355585714285716,0.0024355585714285716,1050.009,1050.009,22.989,31.281,0.84255,0.0,Graze+Frag
73114211.624,E9,P832,0.16991763620046624,0.0024355585714285716,4322.549,1050.009,7.5635,38.273,0.3245597440289258,0.0,Merge
74617785.167,FRAG0050,P373,0.008210456210456211,0.0024355585714285716,1574.404,1050.009,6.2346,11.218,0.4939033999816492,0.0,Fragment
74738940.955,E3,FRAG0143,0.5729263711555109,0.006484848484848485,6481.767,1455.326,1.6261,12.412,0.34960460910384517,0.0,Merge
79367997.864,M0,P729,0.21916546011655014,0.0024355585714285716,4705.270,1050.009,3.948,21.887,0.40272863595778213,0.0,Merge
97529716.848,E15,P53,0.11671555857142858,0.008134532134532135,3813.907,1569.536,6.9664,29.972,0.8159232703348344,0.0,Hit+Run
109482413.5,E3,FRAG0027,0.5794112196403595,0.0065184815184815195,6506.131,1457.838,3.6833,28.226,0.9672638030548212,0.0,Hit+Run
111362438.874,P261,P420,0.0024355585714285716,0.0024355585714285716,1050.009,1050.009,32.488,44.207,0.91095,0.0,Graze+Frag
112284287.304,E3,E10,0.5794112196403595,0.14732667571428573,6506.131,4121.806,1.6349,12.078,0.8297385729519203,0.011199467199467199,Hit+Run+Frag
128281080.086,M0,P123,0.2216010186879787,0.008982683982683983,4722.635,1622.292,8.2215,44.280,0.7101524840939912,0.020918081918081918,Fragment
128282276.249,M0,FRAG0174,0.20966562075258077,0.0069726939726939725,4636.279,1490.941,1.0005,5.3150,0.21822338513193953,0.0,Merge
128408576.427,M0,FRAG0175,0.21663831472527476,0.0069726939726939725,4687.115,1490.941,1.8641,10.019,0.9044121602841418,0.0,Hit+Run
128415458.649,M0,FRAG0175,0.21663831472527476,0.0069726939726939725,4687.115,1490.941,1.0031,5.3916,0.5820526880043567,0.0,Merge
128638871.141,E9,FRAG0172,0.1723531947718948,0.0055997335997335996,4343.104,1385.850,5.9433,29.593,0.8496753385466925,0.0,Hit+Run
128733866.392,M0,FRAG0012,0.22361100869796874,0.005698967698967699,4736.871,1393.988,7.6744,41.932,0.6977599330646764,0.01057026973026973,Fragment
128805848.504,M0,FRAG0177,0.21873987982683984,0.01057009657009657,4702.222,1712.721,1.4823,7.9178,0.6386721759908734,0.0,Merge
128813773.987,M0,FRAG0176,0.22930997639693643,0.0069726939726939725,4776.775,1490.941,1.7097,9.3786,0.9133289532733536,0.0,Hit+Run
129090000.638,M0,FRAG0176,0.22930997639693643,0.0069726939726939725,4776.775,1490.941,1.6099,8.8311,0.2370966600161384,0.0,Merge
134970306.811,M0,E9,0.2362826703696304,0.1723531947718948,4824.709,4343.104,7.8757,46.976,0.7968720524466821,0.20759673659673678,Graze+Frag
134970456.165,M0,FRAG0213,0.20103912854478845,0.005610722610722612,4571.801,1386.756,1.0687,5.6228,0.8096963066765439,0.0,Hit+Run
134971311.106,M0,FRAG0213,0.20103912854478845,0.005610722610722612,4571.801,1386.756,1.1517,6.0595,0.5744524067172639,0.0,Merge
134972172.242,M0,FRAG0207,0.20664985115551107,0.005610722610722612,4613.942,1386.756,1.0095,5.3641,0.8813910943895568,0.0,Graze+Merge
134973227.899,FRAG0196,FRAG0206,0.005610722610722612,0.005610722610722612,1386.756,1386.756,1.3604,2.4447,0.86305,0.0,Hit+Run
134973239.064,M0,FRAG0204,0.2122605737662337,0.005610722610722612,4655.328,1386.756,1.2253,6.5736,0.7711001917975527,0.0,Hit+Run
134974005.076,FRAG0205,FRAG0212,0.005610722610722612,0.005610722610722612,1386.756,1386.756,2.8642,5.1471,0.41650000000000004,0.006522257742257742,Fragment
134975078.39,M0,FRAG0195,0.2122605737662337,0.005610722610722612,4655.328,1386.756,1.2005,6.4405,0.5300158092901045,0.0,Merge
134976144.399,M0,FRAG0206,0.21787129637695632,0.005610722610722612,4695.990,1386.756,1.0188,5.5171,0.47494552499499776,0.0,Merge
134976638.529,M0,FRAG0196,0.22348201898767894,0.005610722610722612,4735.960,1386.756,1.1138,6.0869,0.8581279789871373,0.0,Hit+Run
134984430.221,M0,FRAG0192,0.22348201898767894,0.005610722610722612,4735.960,1386.756,0.9866,5.3917,0.9598440680774641,0.0,Perfect
134984725.185,M0,FRAG0199,0.22909274159840157,0.005610722610722612,4775.266,1386.756,1.344,7.4106,0.7351961489337636,0.0,Merge
134992177.262,M0,FRAG0203,0.2347034642091242,0.005610722610722612,4813.936,1386.756,2.3165,12.884,0.7984807362069183,0.0,Hit+Run
134993014.338,FRAG0215,FRAG0179,0.005693972693972694,0.005610722610722612,1393.581,1386.756,1.3672,2.4630,0.39160895751685176,0.0,Merge
135002240.704,FRAG0210,FRAG0203,0.005610722610722612,0.005610722610722612,1386.756,1386.756,6.8724,12.350,0.4635,0.005693972693972694,Fragment
135004656.94,FRAG0184,FRAG0211,0.005610722610722612,0.005610722610722612,1386.756,1386.756,4.7361,8.5111,0.81435,0.0,Hit+Run
135005411.984,FRAG0183,FRAG0208,0.005610722610722612,0.005610722610722612,1386.756,1386.756,5.741,10.317,0.62445,0.010453080253080253,Graze+Frag
135010046.957,M0,FRAG0201,0.2347034642091242,0.005610722610722612,4813.936,1386.756,1.0726,5.9657,0.4563412510864623,0.0,Merge
135017767.226,M0,FRAG0196,0.24031418681984681,0.005610722610722612,4851.994,1386.756,1.1298,6.3374,0.412113263673063,0.0,Merge
135020674.264,M0,FRAG0185,0.24592490943056944,0.005610722610722612,4889.465,1386.756,1.3348,7.5496,0.4552744839711914,0.0,Merge
135022937.188,FRAG0187,FRAG0209,0.005610722610722612,0.005610722610722612,1386.756,1386.756,6.2337,11.202,0.52435,0.005693972693972694,Graze+Frag
135027677.082,M0,FRAG0180,0.25153563204129203,0.005610722610722612,4926.369,1386.756,1.7404,9.9237,0.25961833217853164,0.0,Merge
135030524.938,FRAG0181,FRAG0189,0.005610722610722612,0.005610722610722612,1386.756,1386.756,4.0246,7.2325,0.62585,0.005693972693972694,Graze+Frag
135034349.265,M0,FRAG0200,0.25714635465201463,0.005610722610722612,4962.729,1386.756,1.6239,9.3330,0.5274988179882749,0.0,Merge
135035859.553,M0,FRAG0188,0.2627570772627372,0.005610722610722612,4998.564,1386.756,1.1732,6.7952,0.3950898712472612,0.0,Merge
135038703.445,FRAG0190,FRAG0202,0.005610722610722612,0.005610722610722612,1386.756,1386.756,4.5667,8.2067,0.678,0.005693972693972694,Graze+Frag
135046527.713,FRAG0217,FRAG0186,0.005693972693972694,0.005610722610722612,1393.581,1386.756,2.326,4.1903,0.7727923853826726,0.0,Hit+Run
135048318.353,M0,FRAG0219,0.2683677998734598,0.005693972693972694,5033.893,1393.581,1.3173,7.6850,0.4705367584873558,0.0,Merge
135052807.275,M0,FRAG0191,0.2740617725674325,0.005610722610722612,5069.245,1386.756,2.0744,12.198,0.5134415708561175,0.0,Merge
135055687.555,FRAG0218,FRAG0184,0.005693972693972694,0.005610722610722612,1393.581,1386.756,6.7235,12.112,0.797202159132923,0.0,Hit+Run
135064677.963,FRAG0182,FRAG0205,0.005610722610722612,0.0055274725274725295,1386.756,1379.863,7.5006,13.445,0.6948769629319719,0.010494538794538795,Graze+Frag
135065079.188,M0,FRAG0184,0.2796724951781551,0.005610722610722612,5103.605,1386.756,1.2222,7.2394,0.6182174185316132,0.0,Merge
135078479.472,FRAG0178,FRAG0186,0.005610722610722612,0.005610722610722612,1386.756,1386.756,6.1265,11.009,0.60525,0.005693972693972694,Graze+Frag
135080670.148,M0,FRAG0204,0.2852832177888777,0.005610722610722612,5137.509,1386.756,1.3938,8.3149,0.9676141072167443,0.0,Hit+Run
135086245.693,M0,FRAG0187,0.2852832177888777,0.0055274725274725295,5137.509,1379.863,1.3984,8.3456,0.9147980129606991,0.0,Hit+Run
135096105.261,FRAG0197,FRAG0190,0.005610722610722612,0.0055274725274725295,1386.756,1379.863,3.4319,6.1521,0.6970323195940273,0.0,Hit+Run
135101016.573,M0,FRAG0182,0.2852832177888777,0.0055274725274725295,5137.509,1379.863,1.4215,8.4834,0.7434261146257952,0.0,Merge
135124580.492,M0,FRAG0221,0.29081069031635026,0.005610722610722612,5170.477,1386.756,1.1036,6.6292,0.8840830753861504,0.0,Hit+Run
135132996.814,M0,FRAG0221,0.29081069031635026,0.005610722610722612,5170.477,1386.756,1.0804,6.4898,0.9520530727981074,0.0,Hit+Run
135147373.909,M0,FRAG0187,0.29081069031635026,0.0055274725274725295,5170.477,1379.863,1.6596,9.9729,0.7044113074948523,0.0,Merge
135148284.318,M0,FRAG0194,0.2963381628438228,0.005610722610722612,5203.030,1386.756,1.8946,11.457,0.7301059256659793,0.0,Merge
135152552.384,M0,FRAG0183,0.3019488854545454,0.0055274725274725295,5235.662,1379.863,1.5859,9.6595,0.7890462154785072,0.0,Merge
135157726.645,FRAG0193,FRAG0198,0.005610722610722612,0.005610722610722612,1386.756,1386.756,5.136,9.2297,0.8667999999999999,0.0,Hit+Run
135163508.027,M0,FRAG0204,0.30747635798201794,0.005610722610722612,5267.417,1386.756,1.6425,10.065,0.9175389688237308,0.0,Hit+Run
135164352.173,FRAG0217,FRAG0198,0.005693972693972694,0.005610722610722612,1393.581,1386.756,5.2311,9.4239,0.6177126318235865,0.01032981018981019,Graze+Frag
135175920.996,M0,FRAG0190,0.30747635798201794,0.0055274725274725295,5267.417,1379.863,1.7573,10.773,0.5776719134547015,0.0,Merge
135199355.688,FRAG0210,FRAG0217,0.0055274725274725295,0.005527805527805528,1379.863,1379.890,5.1698,9.2444,0.8996409670974002,0.0,Hit+Run
135205064.675,M0,FRAG0197,0.3130038305094905,0.005610722610722612,5298.794,1386.756,1.2948,7.9859,0.8047797635735888,0.0,Hit+Run
135213810.19,FRAG0197,FRAG0204,0.005610722610722612,0.005610722610722612,1386.756,1386.756,2.2048,3.9621,0.65625,0.0,Hit+Run
135220796.523,M0,FRAG0210,0.3130038305094905,0.0055274725274725295,5298.794,1379.863,1.4685,9.0607,0.5913944914831689,0.0,Merge
135237562.26,M0,FRAG0221,0.31853130303696303,0.005610722610722612,5329.803,1386.756,1.3029,8.0865,0.6725975354343587,0.0,Merge
135252663.407,M0,FRAG0215,0.3241420256476856,0.011304695304695305,5360.915,1751.513,1.4909,9.1476,0.8377055935028471,0.005776889776889778,Hit+Run+Frag
135259836.29,M0,FRAG0197,0.3241420256476856,0.005610722610722612,5360.915,1386.756,1.6216,10.127,0.4903553695730002,0.0,Merge
135261617.756,FRAG0223,FRAG0204,0.005776889776889778,0.005610722610722612,1400.313,1386.756,6.2269,11.245,0.7509853206449775,0.00585980685980686,Graze+Frag
135262070.585,M0,FRAG0224,0.3297527482584082,0.005776889776889778,5391.670,1400.313,0.9981,6.2675,0.9396548212943912,0.0,Perfect
135292567.813,M0,FRAG0223,0.335529638035298,0.005527805527805529,5422.973,1379.890,1.4986,9.4800,0.09789128522669722,0.0,Merge
135307514.652,M0,FRAG0225,0.3410574435631035,0.00585980685980686,5452.592,1406.981,1.1474,7.2901,0.5223208732625175,0.0,Merge
135433811.2,M0,FRAG0222,0.3469172504229104,0.005693972693972694,5483.642,1393.581,2.6364,16.865,0.8836374731096792,0.0,Hit+Run
135436425.468,M0,FRAG0222,0.3469172504229104,0.005693972693972694,5483.642,1393.581,1.0817,6.9199,0.8977507949595629,0.0,Hit+Run
135441149.865,M0,FRAG0216,0.3469172504229104,0.005693972693972694,5483.642,1393.581,2.0859,13.344,0.5515358600884002,0.0,Merge
135495948.551,M0,FRAG0214,0.3526112231168831,0.005610722610722612,5513.481,1386.756,1.1998,7.7234,0.7036238398765216,0.0,Merge
135497777.509,M0,FRAG0193,0.3582219457276057,0.005610722610722612,5542.570,1386.756,2.2434,14.523,0.8579421106328134,0.0,Hit+Run
135503260.678,M0,FRAG0178,0.3582219457276057,0.0055274725274725295,5542.570,1379.863,2.0984,13.589,0.8660024099449734,0.0,Hit+Run
135507949.654,FRAG0222,FRAG0217,0.005693972693972694,0.005527805527805528,1393.581,1379.890,6.741,12.114,0.6323058409275085,0.010715098235098235,Graze+Frag
135540400.555,M0,FRAG0181,0.3582219457276057,0.0055274725274725295,5542.570,1379.863,6.8492,44.357,0.7455819564910866,0.0,Merge
135755034.028,M0,FRAG0178,0.3637494182550782,0.0055274725274725295,5570.933,1379.863,1.4179,9.2334,0.725901591349909,0.0,Merge
135759246.993,M0,FRAG0193,0.36927689078255077,0.005610722610722612,5599.009,1386.756,1.4546,9.5201,0.508704631541402,0.0,Merge
136015657.296,M0,FRAG0215,0.37488761339327337,0.005527805527805528,5627.224,1379.890,1.6596,10.924,0.40755948932314656,0.0,Merge
136039564.643,M0,FRAG0226,0.3804154189210789,0.005693972693972694,5654.747,1393.581,1.5825,10.464,0.6091727422009183,0.0,Merge
136079817.631,M0,FRAG0220,0.3861093916150516,0.005693972693972694,5682.820,1393.581,1.5335,10.194,0.8416939038377663,0.0,Hit+Run
136138934.33,M0,FRAG0220,0.3861093916150516,0.005693972693972694,5682.820,1393.581,1.2586,8.3670,0.8395256245320111,0.0,Hit+Run
136144367.356,M0,FRAG0220,0.3861093916150516,0.005693972693972694,5682.820,1393.581,1.0269,6.8267,0.5894507446015842,0.0,Merge
136459169.663,M0,FRAG0222,0.3918033643090243,0.005527805527805529,5710.619,1379.890,3.1323,20.948,0.6542175312753195,0.0,Merge
136470881.224,M0,FRAG0218,0.3973311698368298,0.005693972693972694,5737.350,1393.581,2.358,15.837,0.6139691579323342,0.0,Merge
136624022.362,M0,FRAG0211,0.4030251425308025,0.005610722610722612,5764.627,1386.756,2.0364,13.752,0.6530099480323036,0.0,Merge
170786878.825,M0,P213,0.4086358651415251,0.004871117142857143,5791.254,1322.929,10.436,71.083,0.6718300199144978,0.012573426573426574,Fragment
170833963.446,M0,FRAG0227,0.4009335557109557,0.006286713286713287,5754.637,1440.351,1.5156,10.186,0.4357375190924467,0.0,Merge
171380072.1,M0,FRAG0228,0.40722026899766894,0.006286713286713287,5784.559,1440.351,5.5073,37.223,0.862450457941784,0.0,Hit+Run
171397614.661,M0,FRAG0228,0.40722026899766894,0.006286713286713287,5784.559,1440.351,1.1192,7.5646,0.4765415081386464,0.0,Merge
