time_yr,target,projectile,Mt_Mearth,Mp_Mearth,Rt_km,Rp_km,vimp/vesc,vimp_km/s,b,m_frag_Mearth,Regime
36005.146,E21,E346,0.5014094931499634,0.005000000000000004,6199.995,1334.495,1.227,8.9872,0.22365926554070867,0.0,Merge
68027.144,FRAG1069,E86,0.007763902763902755,0.005527805527805528,1545.327,1379.890,3.652,6.9550,0.39620823466727734,0.0077639027639027644,Fragment
447336.259,URANUS,K9,15.92942390942391,0.02,19636.34,2118.379,1.0028,24.258,0.49987336679936045,0.0,Merge
529974.994,E68,E276,0.2701503314597664,0.005,5045.013,1334.495,1.2461,7.3114,0.9385396072195639,0.0,Hit+Run
529984.675,E68,E276,0.2701503314597664,0.005,5045.013,1334.495,1.0491,6.1555,0.12621412311446106,0.0,Merge
564373.118,E358,E375,0.005000000000000004,0.005,1334.495,1334.495,3.8754,6.7019,0.22165000000000007,0.0,Fragment
621203.01,E21,FRAG1016,0.5064094931499634,0.009382968661022284,6220.535,1646.040,1.1246,8.1357,0.7470263684694227,0.0,Merge
658366.786,E68,FRAG1057,0.2751503314597664,0.01119416952255921,5075.948,1745.786,1.2658,7.3268,0.7113449439214579,0.0,Merge
665494.571,E21,E391,0.5157924618109857,0.005,6258.719,1334.495,1.2045,8.9121,0.9418722689691547,0.0,Hit+Run
700000.343,E21,FRAG1024,0.5157924618109857,0.005527805527805528,6258.719,1379.890,1.3214,9.7529,0.6241012970292387,0.0,Merge
804865.615,E21,E391,0.5213202673387912,0.005,6280.998,1334.495,1.0598,7.8714,0.14664334510752206,0.0,Merge
889742.072,URANUS,K373,15.94942390942391,0.02,19644.55,2118.379,1.0005,24.213,0.25301590872235546,0.0,Merge
891886.708,E330,FRAG1018,0.005527805527805528,0.005527805527805528,1379.890,1379.890,6.5549,11.721,0.71785,0.005527805527805528,Graze+Frag
921089.237,E265,E24,0.03396472653162874,0.029999999999999995,2527.376,2424.939,1.2343,3.9631,0.6349678735964657,0.0,Hit+Run
1012623.484,NEPTUNE,K325,16.029423909423908,0.02,19677.34,2118.379,0.9998,24.238,0.896217052284781,0.0,Perfect
1083109.487,NEPTUNE,K476,16.049423909423908,0.02,19685.52,2118.379,1.0023,24.310,0.10463962102348276,0.0,Merge
1183073.564,E225,FRAG1060,0.30050558778258213,0.009383882813051437,5227.307,1646.094,1.3218,7.9294,0.9398412538171698,0.0,Hit+Run
1189174.269,E68,FRAG1063,0.2863445009823256,0.009472194472194453,5143.871,1651.241,1.1893,7.0107,0.9275468103441381,0.0,Hit+Run
1252925.781,NEPTUNE,K460,16.069423909423907,0.02,19693.69,2118.379,1.0,24.264,0.8021189647587672,0.0,Perfect
1278509.293,E21,E160,0.5263202673387912,0.005,6301.015,1334.495,1.0137,7.5548,0.3696183217769623,0.0,Merge
1351180.583,E385,E70,0.01,0.005,1681.359,1334.495,4.8161,9.5960,0.8103359389954734,0.0,Hit+Run
1394351.453,E21,E70,0.5313202673387912,0.005,6320.905,1334.495,1.0651,7.9648,0.9094856359237308,0.0,Hit+Run
1397015.411,FRAG1009,E220,0.009472194472194466,0.005,1651.241,1334.495,3.0237,5.9475,0.9712544939227733,0.0,Hit+Run
1549954.77,E21,E70,0.5313202673387912,0.005,6320.905,1334.495,1.0147,7.5879,0.6168649283691505,0.0,Merge
1705465.266,E68,E98,0.2863445009823256,0.005527805527805528,5143.871,1379.890,1.4757,8.8186,0.8346874158540795,0.0,Hit+Run
1788228.134,FRAG1073,FRAG1040,0.007076654642611222,0.006107098100354323,1498.315,1426.501,6.6632,12.638,0.8796814855311195,0.0,Hit+Run
1855628.26,E225,FRAG1063,0.30050558778258213,0.009472194472194453,5227.307,1651.241,1.4711,8.8230,0.9443055219239355,0.0,Hit+Run
1861817.404,E21,E265,0.5363202673387912,0.03396472653162874,6340.671,2527.376,1.04,7.4511,0.8499228316683953,0.007321012321012322,Hit+Run+Frag
1884415.832,E21,E65,0.536320291905718,0.01,6340.671,1681.359,1.1906,8.7781,0.9623208657826863,0.0,Hit+Run
1929767.485,FRAG1066,FRAG1003,0.007803075550159851,0.006831288875571832,1547.922,1480.794,5.9969,11.777,0.9032350436167444,0.0,Hit+Run
1944049.367,E68,FRAG1053,0.2863445009823256,0.009900825829396394,5143.871,1675.782,1.1976,7.0520,0.7811237010078155,0.0,Hit+Run
1959282.257,E339,E127,0.005,0.00499999999999998,1334.495,1334.495,5.1512,8.9082,0.47850000000000037,0.009584109224109225,Fragment
2006231.748,E21,E33,0.536320291905718,0.005000000000000004,6340.671,1334.495,1.2224,9.1717,0.18067422127660993,0.0,Merge
2104480.729,E225,FRAG1053,0.30050558778258213,0.009900825829396394,5227.307,1675.782,1.0228,6.1276,0.4394273444646472,0.0,Merge
2245897.171,FRAG1072,FRAG1047,0.007076654642611222,0.005527805527805528,1498.315,1379.890,4.1007,7.6668,0.778984804805612,0.0,Hit+Run
2343452.9,E21,FRAG1064,0.541320291905718,0.005848051856124163,6360.314,1406.039,1.0589,7.9407,0.7355876891735236,0.0,Merge
2427897.645,E68,E77,0.2863445009823256,0.010000000000000007,5143.871,1681.359,1.6833,9.9096,0.6965282603330949,0.0,Merge
2547154.423,E68,E377,0.2963445009823256,0.01,5203.067,1681.359,2.567,15.298,0.8251535459318116,0.0,Hit+Run
2580704.547,FRAG1070,FRAG1071,0.007763902763902755,0.007076654642611222,1545.327,1498.315,4.6635,9.2002,0.47487335946603304,0.014019067599067597,Fragment
2737391.564,E21,FRAG1015,0.5471683437618421,0.007932165346308358,6383.137,1556.411,1.3501,10.085,0.5041678646222735,0.0,Merge
2817719.301,E21,FRAG1035,0.5551005091081505,0.005671896369112442,6413.834,1391.777,1.3839,10.479,0.7971265344867954,0.0,Merge
2834335.699,E225,FRAG1063,0.3104064136119785,0.009472194472194453,5284.096,1651.241,1.6912,10.261,0.23101079640553684,0.0,Merge
2951688.408,E265,FRAG1068,0.026643689643689645,0.008717032100470104,2330.908,1606.140,3.3251,8.9030,0.6270345352938885,0.0,Hit+Run
3074396.906,E239,FRAG1070,0.005527805527805528,0.005527870093826662,1379.890,1379.896,8.5529,15.294,0.9799480923381325,0.0,Hit+Run
3107557.798,E68,FRAG1060,0.2963445009823256,0.009383882813051437,5203.067,1646.094,1.7613,10.513,0.5379946547002291,0.0,Merge
3260292.382,E310,E268,0.010000000000000007,0.005,1681.359,1334.495,7.6153,15.173,0.6860677031495216,0.009472194472194473,Graze+Frag
3343142.944,E225,FRAG1021,0.31987860808417296,0.0061997018969179715,5337.307,1433.675,2.5922,16.071,0.17176226291859722,0.0,Merge
3361783.168,FRAG1003,E364,0.006831288875571832,0.005,1480.794,1334.495,6.4267,11.770,0.9806424465865649,0.0,Hit+Run
3382203.363,E21,FRAG1023,0.5607724054772629,0.0061997018969179715,6435.605,1433.675,1.2295,9.3239,0.5750047988048985,0.0,Merge
3387448.132,URANUS,K644,15.96942390942391,0.02,19652.76,2118.379,1.0004,24.221,0.938264098994294,0.0,Graze+Merge
3511624.934,E21,E310,0.5669721073741809,0.005527805527805534,6459.235,1379.890,1.1487,8.7703,0.4793056029314347,0.0,Merge
3840755.037,E21,E146,0.5724999129019864,0.005,6480.159,1334.495,1.1674,8.9659,0.4267226047241414,0.0,Merge
3951154.905,E68,FRAG1061,0.30572838379537703,0.00658860871536671,5257.417,1463.047,1.0963,6.6770,0.7160388717995075,0.0,Merge
4083892.148,E225,FRAG0001,0.32607830998109094,0.0077639027639027644,5371.568,1545.327,1.6847,10.456,0.5502892458832336,0.0,Merge
4094398.806,E225,E105,0.3338422127449937,0.005,5413.867,1334.495,1.9912,12.605,0.9758556477113666,0.0,Hit+Run
4100158.643,E68,E98,0.31231699251074374,0.005527805527805528,5294.915,1379.890,2.1292,13.126,0.35443248940924,0.0,Merge
4131833.936,E159,E316,0.037438899756215116,0.01,2610.767,1681.359,3.5631,10.583,0.1416050168311495,0.029302364302364305,Fragment
4136748.256,E234,E105,0.01,0.005,1681.359,1334.495,2.0722,4.1288,0.7094272324538974,0.0,Hit+Run
4173373.636,E309,E373,0.005,0.005,1334.495,1334.495,4.8998,8.4734,0.47865,0.009516669996669997,Fragment
4261532.164,E11,FRAG0002,0.010000000000000007,0.005527805527805528,1681.359,1379.890,4.5954,9.2466,0.4098973694572018,0.014689590409590409,Fragment
4368339.05,E21,E263,0.5774999129019864,0.025099174170603603,6498.969,2284.969,1.1019,8.1539,0.6731333980013173,0.0,Merge
4375485.587,E68,E195,0.31784479803854926,0.005,5325.972,1334.495,2.8849,17.944,0.6345937810437562,0.0,Merge
4455384.804,FRAG1037,E18,0.005527805527805528,0.005,1379.890,1334.495,4.8524,8.5378,0.9737673531063299,0.0,Hit+Run
4578916.026,E225,E330,0.3338422127449937,0.005527805527805528,5413.867,1379.890,1.7134,10.819,0.9323594514454298,0.0,Hit+Run
4613928.981,NEPTUNE,K909,16.089423909423907,0.02,19701.86,2118.379,1.0007,24.292,0.16767164408672425,0.0,Merge
4807133.975,E225,FRAG1027,0.3338422127449937,0.005527805527805528,5413.867,1379.890,1.5262,9.6371,0.8215122722180287,0.0,Hit+Run
4855710.835,E11,FRAG0004,0.005527805527805534,0.009312687312687314,1379.890,1641.920,8.4453,16.721,0.8942451504798592,0.0,Hit+Run
4916097.259,E68,E220,0.32284479803854926,0.005,5353.754,1334.495,2.0928,13.090,0.9909838657272824,0.0,Hit+Run
4916178.932,NEPTUNE,K829,16.109423909423906,0.02,19710.02,2118.379,1.0,24.285,0.7400603296457833,0.0,Perfect
4932576.055,E21,E176,0.60259908707259,0.005,6591.789,1334.495,1.3245,10.360,0.6414413713229999,0.0,Merge
5102182.272,E68,E105,0.32284479803854926,0.005,5353.754,1334.495,1.1971,7.4879,0.7550848792734617,0.0,Merge
5107807.293,E225,E330,0.3338422127449937,0.005527805527805528,5413.867,1379.890,1.135,7.1669,0.44267151733156945,0.0,Merge
5413233.107,E21,FRAG1019,0.60759908707259,0.005527805527805522,6609.971,1379.890,1.6388,12.825,0.9871281180805217,0.0,Hit+Run
5437703.167,FRAG1069,E335,0.005527805527805517,0.005000000000000004,1379.890,1334.495,7.4282,13.069,0.9824095065925255,0.0,Hit+Run
5586019.163,E309,E123,0.01,0.005527805527805528,1681.359,1379.890,4.2391,8.5297,0.8090845704775611,0.0,Hit+Run
5610856.806,E68,FRAG1027,0.32784479803854927,0.005527805527805528,5381.251,1379.890,1.5003,9.4121,0.8308489957977694,0.0,Hit+Run
5615063.715,E68,FRAG1027,0.32784479803854927,0.005527805527805528,5381.251,1379.890,1.1105,6.9667,0.9480067428821948,0.0,Hit+Run
5620349.214,E225,E38,0.3393700182727992,0.005,5443.585,1334.495,1.1669,7.4310,0.9254305535660725,0.0,Hit+Run
5799673.014,FRAG1067,FRAG1047,0.005652247788173234,0.005527805527805528,1390.168,1379.890,6.4511,11.578,0.7534853842844954,0.006628944388944389,Graze+Frag
5828435.226,E68,FRAG1027,0.32784479803854927,0.005527805527805528,5381.251,1379.890,1.1083,6.9529,0.6581368278811911,0.0,Merge
5981787.358,E21,E297,0.60759908707259,0.005000000000000004,6609.971,1334.495,1.729,13.564,0.7589704583187649,0.0,Merge
6042664.661,E68,FRAG0004,0.3333726035663548,0.009312687312687314,5411.327,1641.920,1.5238,9.4893,0.8333442586791326,0.0,Hit+Run
6268184.726,E13,FRAG0008,0.005,0.005860472860472861,1334.495,1407.034,9.0427,16.079,0.9167833529094421,0.0,Hit+Run
6362183.706,E225,E123,0.3393700182727992,0.005527805527805528,5443.585,1379.890,1.432,9.0958,0.6676562373860462,0.0,Merge
6536790.679,NEPTUNE,K754,16.129423909423906,0.02,19718.17,2118.379,1.0003,24.303,0.8080851223405427,0.0,Merge
6645355.408,E225,FRAG1067,0.34489782380060474,0.00552770566363111,5472.981,1379.882,1.2842,8.2044,0.8297884960308703,0.0,Hit+Run
6711329.073,E68,FRAG1067,0.3333726035663548,0.00552770566363111,5411.327,1379.882,1.0675,6.7373,0.7688452855599539,0.0,Merge
6750959.329,FRAG1009,FRAG0011,0.009472194472194466,0.01,1651.241,1681.359,3.0974,6.6891,0.9791703743680417,0.0,Hit+Run
6765374.956,NEPTUNE,K927,16.149423909423906,0.02,19726.32,2118.379,1.0001,24.309,0.5111124194289516,0.0,Merge
6791647.37,E137,FRAG0006,0.015,0.005860472860472861,1924.675,1407.034,1.9329,4.3211,0.9425492722095103,0.0,Hit+Run
6793847.267,FRAG1072,FRAG0004,0.007076654642611222,0.009312687312687314,1498.315,1641.920,4.5485,9.2837,0.8747308476786217,0.0,Hit+Run
7276472.056,E309,FRAG1011,0.01,0.005599681052637766,1681.359,1385.845,12.501,25.188,0.5719089554751695,0.010071928071928072,Graze+Frag
7286010.497,E137,FRAG0008,0.015,0.005860472860472861,1924.675,1407.034,5.4013,12.074,0.9210594260914706,0.0,Hit+Run
7361782.492,E68,FRAG0010,0.3389003092299859,0.005860472860472861,5441.072,1407.034,1.3145,8.3328,0.7446398183375712,0.0,Merge
7615712.74,E68,FRAG1062,0.34476078209045874,0.00658860871536671,5472.256,1463.047,2.6874,17.089,0.3121456103927557,0.0,Merge
7620553.953,FRAG1070,E356,0.005527870093826662,0.005000000000000004,1379.896,1334.495,5.5485,9.7626,0.11611009614704836,0.0,Fragment
7629701.181,E21,E65,0.61259908707259,0.01,6628.052,1681.359,1.4071,10.881,0.8881102496168142,0.0,Hit+Run
7752901.457,E68,E18,0.35134939080582545,0.005,5506.896,1334.495,1.8114,11.679,0.9631083066122041,0.0,Hit+Run
7787087.617,NEPTUNE,K255,16.169423909423905,0.02,19734.46,2118.379,1.0083,24.519,0.7760008309368315,0.0,Merge
7799195.784,E68,FRAG1009,0.35134939080582545,0.009472194472194466,5506.896,1651.241,1.2694,8.0519,0.5823749676184865,0.0,Merge
7873600.028,E68,E11,0.3608215852780199,0.005527805527805534,5555.946,1379.890,1.7582,11.416,0.7528259520348837,0.0,Merge
7960793.882,E265,FRAG0011,0.026643689643689645,0.01,2330.908,1681.359,1.5823,4.2721,0.7900858078686909,0.0,Hit+Run
8002592.041,E225,E265,0.34489782380060474,0.026643689643689645,5472.981,2330.908,1.1878,7.3223,0.06746645571587276,0.0,Merge
8125775.907,E68,E351,0.3663493908058254,0.005,5584.174,1334.495,1.571,10.282,0.5360869401028605,0.0,Merge
8127071.612,E21,E13,0.61259908707259,0.005,6628.052,1334.495,1.403,11.039,0.3598480090947203,0.0,Merge
8360525.046,E377,FRAG0013,0.01,0.010071928071928072,1681.359,1685.380,11.363,24.787,0.835500792534939,0.013505827505827506,Graze+Frag
8384356.792,E68,FRAG0012,0.3713493908058254,0.005652347652347653,5609.464,1390.177,2.0478,13.426,0.6520935706079004,0.0,Merge
8433795.156,E377,FRAG1022,0.006566100566100564,0.0061997018969179715,1461.379,1433.675,7.1957,13.499,0.12281413317500119,0.007238095238095239,Fragment
8464640.602,E68,E280,0.3770017384581731,0.005,5637.782,1334.495,2.2065,14.591,0.4587995010114789,0.0,Merge
8690664.26,E262,E398,0.009999999999999998,0.005,1681.359,1334.495,4.3089,8.5854,0.21179678240411443,0.009472194472194473,Fragment
8750596.738,E39,FRAG0005,0.01,0.009472194472194473,1681.359,1651.241,1.7105,3.6939,0.6611211524279517,0.0,Hit+Run
8766203.382,FRAG1059,FRAG1073,0.007763902763902761,0.007076654642611222,1545.327,1498.315,3.847,7.5894,0.8733851736912972,0.0,Hit+Run
8906973.441,NEPTUNE,K957,16.189423909423905,0.02,19742.59,2118.379,0.9999,24.325,0.9029170432816653,0.0,Perfect
9077409.235,FRAG1070,FRAG1028,0.01052780552780553,0.005527805527805528,1710.434,1379.890,2.691,5.4800,0.7021452211887781,0.0,Hit+Run
9089294.859,E68,FRAG1072,0.3820017384581731,0.007076654642611222,5662.596,1498.315,1.7578,11.576,0.9541367458297337,0.0,Hit+Run
9103861.427,E68,FRAG0016,0.3820017384581731,0.007238095238095239,5662.596,1509.623,1.5787,10.390,0.7028289036150412,0.0,Merge
9185477.191,E21,FRAG0005,0.61759908707259,0.009472194472194473,6646.036,1651.241,1.0696,8.3074,0.9850574201672125,0.0,Hit+Run
9284666.923,NEPTUNE,K296,16.209423909423904,0.02,19750.72,2118.379,1.0004,24.348,0.317180545398186,0.0,Merge
9547348.204,E21,FRAG1028,0.61759908707259,0.005527805527805528,6646.036,1379.890,1.311,10.320,0.9676007815224854,0.0,Hit+Run
9552714.785,FRAG1070,FRAG0003,0.01052780552780553,0.007321012321012322,1710.434,1515.366,5.9549,12.514,0.3806561883783143,0.017487212787212787,Fragment
9598070.559,E21,FRAG1028,0.61759908707259,0.005527805527805528,6646.036,1379.890,1.0735,8.4508,0.288499882141578,0.0,Merge
9796465.761,E68,FRAG0015,0.38923983369626836,0.006752913752913753,5698.137,1475.109,1.5792,10.482,0.8629922626086993,0.0,Hit+Run
9862090.866,E68,E18,0.38923983369626836,0.005,5698.137,1334.495,1.7951,12.007,0.5382440194537791,0.0,Merge
10243359.938,E225,FRAG1037,0.37154151344429437,0.005527805527805528,5610.432,1379.890,1.158,7.5985,0.9898463653596271,0.0,Hit+Run
10324722.799,E343,FRAG1073,0.025527805527805494,0.007076654642611222,2297.902,1498.315,3.6634,9.5919,0.9001620377749024,0.0,Hit+Run
10389571.063,E225,E309,0.37154151344429437,0.005527752980709694,5610.432,1379.886,1.2028,7.8924,0.2577952253487149,0.0,Merge
10432907.645,E68,FRAG0015,0.39423983369626836,0.006752913752913753,5722.432,1475.109,1.8268,12.182,0.14716444351354788,0.0,Merge
10774075.563,E68,FRAG0014,0.4009927474491821,0.006752913752913753,5754.920,1475.109,1.6967,11.383,0.9505529269536461,0.0,Hit+Run
10836027.245,FRAG1069,FRAG0011,0.005527805527805517,0.01,1379.890,1681.359,7.2799,14.648,0.9499328736512033,0.0,Hit+Run
10844820.711,E161,E220,0.005,0.005,1334.495,1334.495,6.064,10.486,0.9692,0.0,Hit+Run
11222594.031,E225,FRAG1037,0.37706926642500405,0.005527805527805528,5638.118,1379.890,1.9402,12.798,0.7601568261979718,0.0,Merge
11348476.666,E68,FRAG1006,0.4009927474491821,0.005527805527805528,5754.920,1379.890,1.4528,9.7974,0.7087571599277206,0.0,Merge
11349733.625,E225,E65,0.38259707195280956,0.01,5665.536,1681.359,1.4944,9.7599,0.7157786393098653,0.0,Merge
11409393.893,URANUS,K903,15.989423909423909,0.02,19660.96,2118.379,1.0001,24.225,0.5697157076918992,0.0,Merge
11412075.972,E68,FRAG0019,0.40652055297698764,0.006160506160506161,5781.244,1430.647,1.8658,12.609,0.6837073336982258,0.0,Merge
12183393.387,E21,FRAG0008,0.6231268926003956,0.005860472860472861,6665.806,1407.034,1.1777,9.2875,0.5773347801977436,0.0,Merge
12200597.616,E68,FRAG1069,0.4126810591374938,0.005527805527805517,5810.301,1379.890,1.4527,9.8982,0.9224313924859666,0.0,Hit+Run
12204092.678,E225,E335,0.3925970719528096,0.005000000000000004,5714.473,1334.495,2.3935,16.060,0.47060098200720246,0.0,Merge
12827588.972,FRAG1072,FRAG0004,0.007076654642611222,0.009312687312687314,1498.315,1641.920,5.9608,12.166,0.8839395453059591,0.0,Hit+Run
12835338.052,E272,E206,0.015,0.005,1924.675,1334.495,8.9456,19.798,0.39448167979166926,0.019782357642357643,Fragment
12877001.671,E68,FRAG0011,0.4126810591374938,0.01,5810.301,1681.359,1.9586,13.143,0.7658746177127818,0.0,Merge
13187662.769,E68,FRAG1072,0.4226810591374938,0.007076654642611222,5856.859,1498.315,1.5745,10.752,0.8041742827161295,0.0,Hit+Run
13268741.849,E220,FRAG0020,0.005,0.007236097236097237,1334.495,1509.484,9.052,16.774,0.9691584604602592,0.0,Hit+Run
13300812.212,E21,FRAG0006,0.6289873654608684,0.005860472860472861,6686.638,1407.034,1.2636,9.9983,0.7940187643994412,0.0,Merge
13319914.532,E68,E220,0.4226810591374938,0.005,5856.859,1334.495,1.1555,7.9612,0.8234707356921476,0.0,Hit+Run
13335328.74,E68,FRAG0020,0.4226810591374938,0.007236097236097237,5856.859,1509.484,1.0851,7.4061,0.4446902686047644,0.0,Merge
13368561.603,E68,E220,0.42991715637359107,0.005,5890.092,1334.495,1.0578,7.3325,0.5273258078576107,0.0,Merge
14917123.493,E68,E272,0.4349171563735911,0.005527805527805527,5912.838,1379.890,1.1842,8.2221,0.9221062296578787,0.0,Hit+Run
14972857.117,E225,E382,0.3975970719528096,0.005,5738.630,1334.495,1.8392,12.396,0.1049859365420898,0.0,Merge
15207014.354,E311,FRAG1069,0.005527805527805528,0.005527805527805517,1379.890,1379.890,10.021,17.919,0.7186000000000001,0.0,Graze+Frag
15314033.37,E68,FRAG0014,0.4349171563735911,0.006752913752913753,5912.838,1475.109,2.4686,17.052,0.033774166683654634,0.0,Merge
15641693.084,E234,FRAG1073,0.01,0.007076654642611222,1681.359,1498.315,5.2769,10.925,0.9440371076951046,0.0,Hit+Run
15895983.553,E21,FRAG1058,0.6348478383213413,0.007763902763902761,6707.341,1545.327,1.812,14.285,0.9056452557394542,0.0,Hit+Run
16191085.041,E21,FRAG1025,0.6348478383213413,0.0061997018969179715,6707.341,1433.675,1.2556,9.9543,0.6680963016105962,0.0,Merge
16310746.498,E225,E272,0.4025970719528096,0.005527805527805527,5762.585,1379.890,1.2292,8.3014,0.981074845150242,0.0,Hit+Run
16462123.396,E68,E272,0.44167007012650483,0.005527805527805527,5943.284,1379.890,1.0015,6.9921,0.910340360410536,0.0,Graze+Merge
17564594.287,E68,FRAG0018,0.44719787565431035,0.006160506160506161,5967.976,1430.647,1.1162,7.8062,0.9527145838144976,0.0,Hit+Run
18338185.726,E225,FRAG1059,0.4025970719528096,0.007763902763902761,5762.585,1545.327,2.1258,14.232,0.9837831462553206,0.0,Hit+Run
18347831.844,E225,FRAG1059,0.4025970719528096,0.007763902763902761,5762.585,1545.327,1.0316,6.9064,0.8021034116470921,0.0,Graze+Merge
19026802.437,E225,E38,0.41036097471671235,0.005,5799.392,1334.495,1.8856,12.854,0.5341800637994631,0.0,Merge
19299861.902,E277,E278,0.005,0.005,1334.495,1334.495,7.506,12.980,0.9602,0.0,Hit+Run
19539130.576,E68,E345,0.44719787565431035,0.005,5967.976,1334.495,2.066,14.525,0.07420668612073901,0.0,Merge
20067125.599,E21,FRAG1068,0.6410475402182593,0.008717032100470104,6729.104,1606.140,1.249,9.8523,0.9109656570685388,0.0,Hit+Run
20146323.414,E21,FRAG0021,0.6410475402182593,0.007236097236097237,6729.104,1509.484,1.4383,11.398,0.8796707234443997,0.0,Hit+Run
20791751.351,E225,FRAG0004,0.41536097471671235,0.009312687312687314,5822.851,1641.920,2.0179,13.598,0.745800169950197,0.0,Merge
20845528.96,E225,FRAG1032,0.42467366202939966,0.00566636399475368,5866.048,1391.325,2.8772,19.794,0.9853839527117362,0.0,Hit+Run
21925500.506,E68,FRAG1058,0.45219787565431036,0.007763902763902761,5990.136,1545.327,1.4927,10.419,0.4125666025713942,0.0,Merge
22044758.033,E225,E364,0.42467366202939966,0.005,5866.048,1334.495,2.0567,14.194,0.25490942093029223,0.0,Merge
22890264.314,E21,E358,0.6410475402182593,0.01,6729.104,1681.359,1.0843,8.5232,0.2838709418915175,0.0,Merge
23088918.383,E21,E222,0.6510475402182593,0.005,6763.914,1334.495,1.4468,11.634,0.9317659566212573,0.0,Hit+Run
24181453.651,E21,E327,0.6510475402182593,0.005000000000000004,6763.914,1334.495,1.7024,13.689,0.48576109749993124,0.0,Merge
24899112.636,E225,FRAG1032,0.42967366202939966,0.00566636399475368,5888.980,1391.325,1.6704,11.540,0.8388209112140338,0.0,Hit+Run
24954146.713,FRAG1051,FRAG0017,0.005527805527805528,0.009472194472194473,1379.890,1651.241,5.5501,11.030,0.7712209681353029,0.005573133533133533,Hit+Run
25022056.702,E21,E343,0.6560475402182593,0.025527805527805494,6781.185,2297.902,1.339,10.365,0.7698314579680853,0.02,Hit+Run+Frag
25049846.679,E68,E222,0.4599617784182131,0.005,6024.223,1334.495,1.0962,7.7849,0.25640152337608085,0.0,Merge
25063823.951,E21,E25,0.6560475402182593,0.015,6781.185,1924.675,1.0208,8.0069,0.5530345001355165,0.0,Merge
25071819.623,E21,FRAG0022,0.6710475402182593,0.006666666666666667,6832.478,1468.802,1.0493,8.4704,0.5771318766791746,0.0,Merge
25235616.267,E21,E343,0.677714206884926,0.005527805527805528,6855.030,1379.890,1.0393,8.4577,0.910350069579927,0.0,Hit+Run
25296435.762,E225,E161,0.42967366202939966,0.005,5888.980,1334.495,1.8848,13.062,0.8452571505720902,0.0,Hit+Run
25662934.403,E21,E343,0.677714206884926,0.005527805527805528,6855.030,1379.890,1.0464,8.5155,0.891537056071783,0.0,Hit+Run
26166501.871,E225,E161,0.42967366202939966,0.005,5888.980,1334.495,1.7181,11.907,0.22060820307176662,0.0,Merge
27137621.143,E68,FRAG1032,0.4649617784182131,0.00566636399475368,6045.973,1391.325,2.5271,17.960,0.18607876246764213,0.0,Merge
27436203.764,E234,FRAG0005,0.01,0.009472194472194473,1681.359,1651.241,8.0444,17.372,0.6967906163142888,0.013944055944055945,Graze+Frag
27974967.152,E68,E343,0.4706281424129668,0.005527805527805528,6070.435,1379.890,1.1706,8.3608,0.39060929109134485,0.0,Merge
28671435.136,E352,FRAG0017,0.005,0.009472194472194473,1334.495,1651.241,1.7969,3.5344,0.9934955420273656,0.0,Hit+Run
29152564.274,E21,E217,0.677714206884926,0.005,6855.030,1334.495,1.4401,11.747,0.41517604591670276,0.0,Merge
29208248.397,E68,FRAG1055,0.4761559479407723,0.006079812300272288,6094.109,1424.373,4.3593,31.191,0.8900654002815824,0.0,Hit+Run
29216006.367,E68,FRAG1055,0.4761559479407723,0.006079812300272288,6094.109,1424.373,1.0482,7.5000,0.9362667733951878,0.0,Hit+Run
29458034.621,E225,FRAG1068,0.43467366202939967,0.008717032100470104,5911.735,1606.140,3.0479,20.912,0.8096333547299618,0.0,Hit+Run
30551207.165,E68,FRAG1068,0.4761559479407723,0.008717032100470104,6094.109,1606.140,1.5467,10.965,0.7390253333087055,0.0,Merge
30783656.743,E21,FRAG0025,0.682714206884926,0.0069720279720279724,6871.847,1490.894,1.1794,9.5690,0.5940226985449185,0.0,Merge
31454974.85,E21,E24,0.689686234856954,0.029999999999999995,6895.160,2424.939,1.1887,9.3323,0.8508625350613503,0.0227972027972028,Hit+Run+Frag
31565252.239,E21,E24,0.6896869008576201,0.007202131202131203,6895.162,1507.118,1.0539,8.5751,0.20819377954072785,0.0,Merge
32057470.608,E225,E104,0.43467366202939967,0.005527805527805528,5911.735,1379.890,1.6761,11.635,0.7796236958332983,0.0,Merge
32569414.973,E21,FRAG0017,0.6968890320597513,0.009472194472194473,6919.080,1651.241,1.3722,11.129,0.16889348702120593,0.0,Merge
33138128.627,E21,FRAG0027,0.7063612265319458,0.0056993006993007,6950.288,1394.015,1.0257,8.4652,0.514755702635587,0.0,Merge
33375441.166,E21,FRAG0018,0.7120605272312465,0.006160506160506161,6968.930,1430.647,1.8723,15.467,0.6139604387570956,0.0,Merge
33483339.241,E21,FRAG1040,0.7182210333917526,0.006107098100354323,6988.970,1426.501,1.3082,10.843,0.8737592079480718,0.0,Hit+Run
33949155.493,E68,FRAG1055,0.4848729800412424,0.006079812300272288,6131.073,1424.373,1.9042,13.713,0.839554370636503,0.0,Hit+Run
34025331.045,E225,FRAG1055,0.4402014675572052,0.006079812300272288,5936.689,1424.373,1.1601,8.0702,0.9165053895539372,0.0,Hit+Run
34134055.983,E68,FRAG1055,0.4848729800412424,0.006079812300272288,6131.073,1424.373,1.1171,8.0452,0.8501035749843424,0.0,Hit+Run
35018992.763,E21,E234,0.7182210333917526,0.005528138528138528,6988.970,1379.918,1.2499,10.384,0.9386673349307393,0.0,Hit+Run
35054734.058,E21,FRAG0021,0.7182210333917526,0.007236097236097237,6988.970,1509.484,1.5893,13.118,0.9531399406630983,0.0,Hit+Run
35243729.482,E68,FRAG1055,0.4848729800412424,0.006079812300272288,6131.073,1424.373,1.4585,10.503,0.9934916063892041,0.0,Hit+Run
36212047.402,E21,FRAG1040,0.7182210333917526,0.006107098100354323,6988.970,1426.501,1.0068,8.3450,0.7579057629250169,0.0,Merge
36898081.019,E68,FRAG1055,0.4848729800412424,0.006079812300272288,6131.073,1424.373,1.4199,10.225,0.7511033495661581,0.0,Merge
39407902.092,E225,FRAG0021,0.4402014675572052,0.007236097236097237,5936.689,1509.484,1.7232,11.934,0.8583522189552849,0.0,Hit+Run
39600919.328,E68,FRAG0021,0.4909527923415147,0.007236097236097237,6156.592,1509.484,1.1649,8.3898,0.8170694466020632,0.0,Hit+Run
41544554.506,E205,E192,0.010914106889479514,0.01,1731.104,1681.359,2.9357,6.4931,0.6196024663453265,0.006434365634365634,Hit+Run
42661749.683,E68,E137,0.4909527923415147,0.015,6156.592,1924.675,1.9825,14.014,0.3301792606391667,0.0,Merge
42821245.879,E68,E239,0.5059527923415147,0.005527805527805528,6218.665,1379.890,3.4636,25.388,0.3425007776948974,0.0,Merge
43625217.735,E21,E342,0.724328131492107,0.005,7008.724,1334.495,1.9892,16.616,0.7884711887531931,0.0,Merge
44276168.928,E21,E311,0.729328131492107,0.011055611055611056,7024.814,1738.553,1.733,14.231,0.4783214275121189,0.0,Merge
45037322.746,E68,FRAG0030,0.5114805978693202,0.0056993006993007,6241.230,1394.015,2.0415,15.011,0.7223572348055225,0.0,Merge
46728885.952,E68,E192,0.5171798985686209,0.01,6264.326,1681.359,1.836,13.361,0.8986108446658363,0.0,Hit+Run
48848045.808,E68,E192,0.5171798985686209,0.01,6264.326,1681.359,1.7137,12.471,0.2947803077913285,0.0,Merge
51077466.738,E225,FRAG0009,0.4402014675572052,0.005860472860472861,5936.689,1407.034,2.9284,20.390,0.7852019714741468,0.0,Merge
51903320.893,FRAG1070,E352,0.00552780552780553,0.005,1379.890,1334.495,15.294,26.910,0.724314134537144,0.0,Graze+Frag
52595203.041,E21,FRAG1070,0.740383742547718,0.01052780552780553,7060.131,1710.434,1.2838,10.612,0.8629387156875589,0.0,Hit+Run
52597420.278,E21,FRAG1070,0.740383742547718,0.01052780552780553,7060.131,1710.434,1.0538,8.7115,0.6707899550209355,0.0,Merge
53510131.127,FRAG1051,E301,0.005527805527805528,0.004999999999999997,1379.890,1334.495,3.5186,6.1909,0.8390005949186571,0.0,Hit+Run
53694280.698,FRAG1007,E234,0.0058612599637226015,0.005528138528138528,1407.097,1379.918,14.378,25.969,0.8287538980404636,0.01062997002997003,Graze+Frag
54429633.348,E225,FRAG1007,0.44606194041767805,0.0055282596307222685,5962.919,1379.928,2.2041,15.442,0.5842856021112522,0.0,Merge
54477312.881,E68,FRAG1051,0.5271798985686209,0.005527805527805528,6304.444,1379.890,2.1246,15.804,0.9372570148945285,0.0,Hit+Run
56110118.932,E225,FRAG1051,0.45159020004840034,0.005527805527805528,5987.451,1379.890,2.074,14.595,0.5202916100096664,0.0,Merge
56618041.276,E21,E301,0.7509115480755235,0.004999999999999997,7093.438,1334.495,1.4181,11.998,0.8568078637980704,0.0,Hit+Run
56890230.875,E21,E301,0.7509115480755235,0.004999999999999997,7093.438,1334.495,1.0551,8.9274,0.789811885450009,0.0,Merge
65513295.711,E68,FRAG0026,0.5271798985686209,0.0069720279720279724,6304.444,1490.894,1.9745,14.602,0.443839470262239,0.0,Merge
66530658.782,E68,E262,0.5341519265406489,0.005527805527805527,6332.114,1379.890,3.5675,26.662,0.32867526781936507,0.0,Merge
69636907.435,E68,FRAG0023,0.5396797320684544,0.006666666666666667,6353.883,1468.802,4.8803,36.438,0.9517805657281773,0.0,Hit+Run
69636941.685,E68,FRAG0023,0.5396797320684544,0.006666666666666667,6353.883,1468.802,1.0492,7.8337,0.7119266648410543,0.0,Merge
72211581.231,E21,E39,0.7559115480755235,0.01,7109.147,1681.359,1.8504,15.431,0.3164560904758131,0.0,Merge
86635828.53,E68,E385,0.5463463987351211,0.01,6379.939,1681.359,4.522,33.562,0.1618470744028815,0.007537795537795537,Fragment
89233798.081,E68,FRAG0032,0.5488086031973256,0.007537795537795537,6389.509,1530.178,2.0822,15.591,0.6408317612348182,0.0,Merge
98130719.234,E21,E119,0.7659115480755235,0.015,7140.359,1924.675,3.3739,27.977,0.5439727494144139,0.0066803196803196805,Fragment
98563500.116,E21,FRAG0033,0.7742312283952039,0.0066803196803196805,7166.120,1469.804,1.0585,8.9927,0.915107243173518,0.0,Hit+Run
103145841.571,E21,FRAG0033,0.7742312283952039,0.0066803196803196805,7166.120,1469.804,1.033,8.7761,0.7018477568699324,0.0,Merge
135635152.149,E225,E377,0.45711800557620585,0.005527707224923298,6011.783,1379.882,3.2651,23.078,0.8404839626816316,0.0,Hit+Run
135697309.625,E68,E377,0.5563463987351212,0.005527707224923298,6418.629,1379.882,1.1299,8.5686,0.9729370894021856,0.0,Hit+Run
135729337.079,E68,E377,0.5563463987351212,0.005527707224923298,6418.629,1379.882,1.1059,8.3866,0.5627248862399749,0.0,Merge
144691443.199,E21,E329,0.7809115480755235,0.005,7186.671,1334.495,1.4603,12.529,0.8848853163796842,0.0,Hit+Run
145077711.403,E21,E329,0.7809115480755235,0.005,7186.671,1334.495,1.0612,9.1052,0.2164140032243871,0.0,Merge
160362960.372,E225,E277,0.45711800557620585,0.005,6011.783,1334.495,3.5141,24.900,0.8349563665535461,0.0,Hit+Run
164449732.899,E68,E277,0.5618741059600445,0.005,6439.817,1334.495,2.9508,22.511,0.7945490079216908,0.0,Merge
