time_yr,target,projectile,Mt_Mearth,Mp_Mearth,Rt_km,Rp_km,vimp/vesc,vimp_km/s,b,m_frag_Mearth,Regime
15016.649,E1,P35,0.15999999999999992,0.0025000000000000022,4236.759,1059.189,1.3469,6.6657,0.8595999999999999,0.0,Hit+Run
20177.714,E1,P15,0.15999999999999992,0.0025,4236.759,1059.189,1.4698,7.2739,0.8853599999999999,0.0,Hit+Run
23499.304,E25,P162,0.085,0.0025,3431.364,1059.189,1.1019,4.3456,0.5109732949751421,0.0,Merge
51593.575,E0,P14,0.06750000000000003,0.0025,3177.569,1059.189,1.1639,4.2267,0.754275,0.0,Hit+Run
58573.011,E19,P180,0.03250000000000001,0.0025,2490.510,1059.189,1.3344,3.7435,0.48221752867349926,0.0,Merge
62704.382,E0,P14,0.06750000000000003,0.0025,3177.569,1059.189,1.0402,3.7775,0.9915,0.0,Hit+Run
70921.075,E9,P58,0.052500000000000005,0.0025,2922.224,1059.189,1.6171,5.3697,0.9261922440604042,0.0,Hit+Run
77496.887,E1,E0,0.15999999999999992,0.06750000000000003,4236.759,3177.569,1.0049,4.9731,0.8948571428571426,0.0,Graze+Merge
85047.719,E1,P136,0.22749999999999995,0.0025,4764.174,1059.189,1.1001,6.1768,0.6429555892923609,0.0,Merge
102599.994,E17,P178,0.035,0.0025,2552.798,1059.189,1.1813,3.4006,0.4357864291183378,0.0,Merge
123320.602,E1,P35,0.22999999999999995,0.0025000000000000022,4781.562,1059.189,1.0122,5.7055,0.5475166033711212,0.0,Merge
133828.138,E1,P14,0.23249999999999996,0.0025,4798.824,1059.189,1.1749,6.6483,0.38723091742629967,0.0,Merge
136016.162,E15,P59,0.15763619402995485,0.0025,4215.791,1059.189,1.2811,6.3063,0.6171461046080171,0.0,Merge
159844.641,E9,P45,0.052500000000000005,0.0025,2922.224,1059.189,1.8153,6.0279,0.9247977078343047,0.0,Hit+Run
166066.831,E46,P419,0.025,0.0025,2281.955,1059.189,1.2149,3.1139,0.7060026147073117,0.0,Hit+Run
166459.843,E9,P83,0.052500000000000005,0.0025000000000000022,2922.224,1059.189,2.6577,8.8252,0.518400492891563,0.0,Merge
173546.168,E1,P60,0.23499999999999996,0.0024999999999999905,4815.963,1059.189,1.2435,7.0635,0.43371228610994705,0.0,Merge
175819.858,E22,P403,0.025,0.0025,2281.955,1059.189,1.0353,2.6536,0.8333795012729629,0.0,Graze+Merge
199368.113,E63,E54,0.027500000000000004,0.025,2355.617,2281.955,1.0538,3.1677,0.7401220652565924,0.0,Graze+Merge
216312.063,E52,P348,0.05500000000000001,0.0025,2967.891,1059.189,1.0263,3.4647,0.9706069499909727,0.0,Hit+Run
239991.311,E1,P17,0.23749999999999996,0.0025,4832.980,1059.189,1.3066,7.4502,0.3905972074990533,0.0,Merge
241028.68,E34,P313,0.027500000000000004,0.0025,2355.617,1059.189,1.3002,3.4430,0.8660055357871915,0.0,Hit+Run
306527.837,E15,E8,0.16013619402995485,0.03250000000000001,4237.961,2490.510,1.0595,5.0648,0.6571277325505858,0.0,Graze+Merge
333269.768,E24,P276,0.025,0.0025,2281.955,1059.189,1.0491,2.6890,0.29464015476901834,0.0,Merge
352134.934,E1,P43,0.23999999999999996,0.0025,4849.879,1059.189,1.0573,6.0513,0.6637419908024499,0.0,Merge
375276.941,E18,P78,0.03250000000000001,0.0025,2490.510,1059.189,2.797,7.8467,0.18929476100117865,0.0,Merge
397280.87,E9,P45,0.05500000000000001,0.0025,2967.891,1059.189,2.2551,7.6131,0.9308098540915707,0.0,Hit+Run
452111.601,E1,P6,0.24249999999999997,0.0025,4866.661,1059.189,1.4279,8.2028,0.21032454123387967,0.0,Merge
469814.9,E15,P20,0.19263619402995485,0.0025,4507.196,1059.189,1.1507,6.0869,0.6510122852603554,0.0,Merge
522911.238,E24,P149,0.0275,0.0025,2355.617,1059.189,1.5643,4.1424,0.9527164612678751,0.0,Hit+Run
530601.729,E11,P9,0.025,0.0025,2281.955,1059.189,2.2947,5.8816,0.9609612836346982,0.0,Hit+Run
570939.701,E48,P324,0.052500000000000005,0.0025,2922.224,1059.189,1.0357,3.4391,0.9756615817651915,0.0,Hit+Run
583212.759,E25,P134,0.08750000000000001,0.0025000000000000022,3464.680,1059.189,2.0597,8.2078,0.6166756499848287,0.0,Merge
625957.502,E24,P293,0.0275,0.0025,2355.617,1059.189,2.1715,5.7503,0.22219243514183085,0.0,Merge
763707.177,E15,P155,0.19513619402995486,0.0025,4526.610,1059.189,1.3736,7.2997,0.8380930572753121,0.0,Hit+Run
802238.972,E34,P262,0.027500000000000004,0.0025,2355.617,1059.189,2.4698,6.5402,0.8828372508367436,0.0,Hit+Run
805179.166,E17,P301,0.037500000000000006,0.0025,2612.187,1059.189,1.9341,5.7036,0.4912200348983676,0.0,Merge
810274.665,E15,P120,0.19513619402995486,0.0025,4526.610,1059.189,1.2325,6.5499,0.8201837007042578,0.0,Hit+Run
821787.211,E25,P206,0.09000000000000001,0.0025,3497.368,1059.189,1.0261,4.1304,0.7421402716135092,0.0,Merge
828667.33,E15,P105,0.19513619402995486,0.0025,4526.610,1059.189,1.4222,7.5580,0.9372833398226902,0.0,Hit+Run
839494.968,E57,P522,0.0825,0.0025,3397.388,1059.189,1.3077,5.1023,0.18356933208047319,0.0,Merge
867063.133,E17,E23,0.04000000000000001,0.027500000000000004,2668.991,2355.617,1.269,4.1554,0.37262552474984556,0.008101565101565102,Fragment
899196.908,E69,P984,0.025,0.0025,2281.955,1059.189,5.1829,13.284,0.4924328965889249,0.00818004662004662,Fragment
903175.694,E21,P270,0.08750000000000001,0.0025,3464.680,1059.189,1.3266,5.2864,0.6519820924392506,0.0,Merge
922806.954,E15,P63,0.19513619402995486,0.0024999999999999905,4526.610,1059.189,1.3669,7.2641,0.8281254063330514,0.0,Hit+Run
960740.953,E15,P228,0.19513619402995486,0.0025,4526.610,1059.189,1.4974,7.9576,0.5643473265195584,0.0,Merge
1012951.604,E25,P130,0.09250000000000001,0.0025,3529.455,1059.189,1.8622,7.5701,0.5028074505448888,0.0,Merge
1043859.98,E15,P114,0.19763619402995486,0.0025,4545.859,1059.189,1.2881,6.8766,0.09789124014494417,0.0,Merge
1073819.745,E58,P365,0.0775,0.0025,3327.318,1059.189,1.1944,4.5571,0.7244005743112394,0.0,Merge
1108339.448,E15,P46,0.20013619402995486,0.0025,4564.946,1059.189,1.5979,8.5691,0.8968149172416023,0.0,Hit+Run
1131930.838,E19,P236,0.03500000000000001,0.0025,2552.798,1059.189,1.7503,5.0386,0.22425402847753584,0.0,Merge
1137415.165,E15,P63,0.20013619402995486,0.0024999999999999905,4564.946,1059.189,1.2468,6.6862,0.247559552682314,0.0,Merge
1139817.611,E1,P144,0.24499999999999997,0.0025,4883.327,1059.189,1.3809,7.9619,0.5926538473557117,0.0,Merge
1141648.607,E21,E42,0.09000000000000001,0.025,3497.368,2281.955,1.0038,4.0005,0.5977084328784202,0.0,Merge
1147333.434,E21,P255,0.11500000000000002,0.0025,3795.128,1059.189,1.3394,5.8873,0.7757065162040181,0.0,Merge
1185962.919,E31,P221,0.027500000000000004,0.0025,2355.617,1059.189,1.6713,4.4257,0.7453552504524936,0.0,Hit+Run
1198282.609,E1,E9,0.24749999999999997,0.05500000000000001,4899.881,2967.891,1.1431,6.3325,0.8086781148465519,0.0,Hit+Run
1261474.805,E35,P336,0.027500000000000004,0.0025,2355.617,1059.189,1.7568,4.6521,0.6382945055471471,0.0,Merge
1270296.168,E11,P284,0.025,0.0025,2281.955,1059.189,1.4127,3.6209,0.1699269135524612,0.0,Merge
1279572.406,P5,P32,0.0025,0.0025,1059.189,1059.189,1.7344,2.3806,0.2134,0.0,Merge
1289974.698,E21,E17,0.11750000000000002,0.0593984348984349,3822.432,3044.987,1.0015,4.5412,0.5077340320151198,0.008381618381618381,Fragment
1298576.511,E52,P369,0.05500000000000001,0.0025,2967.891,1059.189,1.5148,5.1138,0.2892659285280614,0.0,Merge
1313946.346,E27,P304,0.04910639105223324,0.0025,2857.852,1059.189,1.3364,4.3337,0.8213774740322166,0.0,Hit+Run
1331881.615,E14,P58,0.027500000000000004,0.0025,2355.617,1059.189,4.6978,12.440,0.7105881013337472,0.0,Hit+Run
1343837.266,E19,P191,0.03750000000000001,0.0025,2612.187,1059.189,2.117,6.2430,0.9329907760171341,0.0,Hit+Run
1349163.602,E57,P518,0.085,0.0025,3431.364,1059.189,1.0447,4.1200,0.741511119252098,0.0,Merge
1449208.24,E14,P82,0.027500000000000004,0.0025,2355.617,1059.189,2.5762,6.8220,0.5011574173565355,0.0,Merge
1460916.505,E1,P132,0.24749999999999997,0.0025,4899.881,1059.189,1.8138,10.496,0.8939565877348562,0.0,Hit+Run
1472543.078,E21,P184,0.16851681651681655,0.0025,4310.638,1059.189,1.492,7.5225,0.8643226693351063,0.0,Hit+Run
1519300.434,E1,P108,0.24749999999999997,0.0025,4899.881,1059.189,1.3399,7.7537,0.4277375063830686,0.0,Merge
1528915.816,E1,P40,0.24999999999999997,0.0025,4916.324,1059.189,1.2024,6.9831,0.9738832205588122,0.0,Hit+Run
1538805.666,E50,P15,0.027500000000000004,0.0025,2355.617,1059.189,11.137,29.492,0.922433170666427,0.0,Hit+Run
1548158.464,E19,P191,0.03750000000000001,0.0025,2612.187,1059.189,1.8812,5.5476,0.9744001126786129,0.0,Hit+Run
1696669.404,E21,E40,0.16851681651681655,0.025,4310.638,2281.955,1.0451,5.0587,0.9440441452473306,0.0,Hit+Run
1798590.398,E1,P19,0.24999999999999997,0.0025000000000000022,4916.324,1059.189,1.625,9.4374,0.22987494451645868,0.0,Merge
1838943.235,E1,P116,0.25249999999999995,0.0025,4932.657,1059.189,1.903,11.091,0.9106549866013132,0.0,Hit+Run
1907454.215,E34,P469,0.027500000000000004,0.0025,2355.617,1059.189,1.8393,4.8706,0.1630744851522161,0.0,Merge
2012713.143,E61,P313,0.027500000000000004,0.0025,2355.617,1059.189,2.5852,6.8458,0.8779394976870787,0.0,Hit+Run
2020658.491,E32,P269,0.027500000000000004,0.0025,2355.617,1059.189,2.5228,6.6806,0.8851826537534843,0.0,Hit+Run
2232513.673,E25,P46,0.09500000000000001,0.0025,3560.970,1059.189,2.305,9.4602,0.5822986566768784,0.0,Merge
2299963.943,E1,P38,0.25249999999999995,0.0025,4932.657,1059.189,1.8804,10.959,0.6898651950568616,0.0,Merge
2395371.057,E25,P315,0.09750000000000002,0.0025,3591.937,1059.189,1.3504,5.5942,0.9220160300537711,0.0,Hit+Run
2411409.455,E25,P331,0.09750000000000002,0.0025,3591.937,1059.189,4.0693,16.857,0.30018228568716043,0.0,Merge
2421503.475,E57,P574,0.08750000000000001,0.0025,3464.680,1059.189,1.0927,4.3543,0.1197815097586031,0.0,Merge
2492046.275,E34,P441,0.030000000000000002,0.0025,2424.939,1059.189,1.7143,4.6777,0.9304768155310269,0.0,Hit+Run
2560229.994,E15,P118,0.20263619402995486,0.0025,4583.876,1059.189,1.2728,6.8561,0.3589564285226775,0.0,Merge
2676277.461,E1,P68,0.25499999999999995,0.0025,4948.883,1059.189,2.8383,16.601,0.9699133003586647,0.0,Hit+Run
2688817.721,E14,P119,0.030000000000000002,0.0025,2424.939,1059.189,1.9495,5.3195,0.762811421813154,0.0,Hit+Run
2719166.914,E26,P385,0.025,0.0025,2281.955,1059.189,1.245,3.1911,0.5314313964436096,0.0,Merge
2724663.631,E25,P171,0.10000000000000002,0.0025,3622.378,1059.189,1.2831,5.3639,0.9664177388948029,0.0,Hit+Run
2734290.969,P5,P555,0.005,0.0025,1334.495,1059.189,20.723,32.773,0.2390031077037217,0.0074968098568098576,Fragment
2750465.176,E58,P376,0.08,0.0025,3362.718,1059.189,1.119,4.3182,0.33468182949916786,0.0,Merge
2771631.792,E19,P138,0.03750000000000001,0.0025,2612.187,1059.189,1.4335,4.2273,0.8341633385209244,0.0,Hit+Run
2782166.15,E1,E18,0.25499999999999995,0.03500000000000001,4948.883,2552.798,1.4967,8.3140,0.5217592553719543,0.009775924075924076,Fragment
2792571.017,E9,P197,0.05500000000000001,0.0025,2967.891,1059.189,3.4409,11.616,0.877083774627378,0.0,Hit+Run
2797100.338,E9,P197,0.05500000000000001,0.0025,2967.891,1059.189,1.0356,3.4961,0.6370483276933917,0.0,Merge
2801786.131,E1,P188,0.28022410922410923,0.0025,5106.958,1059.189,1.0355,6.2644,0.09292684933215732,0.0,Merge
2812646.422,E1,P34,0.28272410922410923,0.0025,5122.100,1059.189,1.4718,8.9322,0.880021873918366,0.0,Hit+Run
2836420.26,E35,P383,0.030000000000000002,0.0025,2424.939,1059.189,2.591,7.0699,0.6868782775432497,0.0,Merge
2960546.663,E9,P44,0.05750000000000001,0.0025,3012.195,1059.189,3.2791,11.246,0.8085029611773404,0.0,Hit+Run
2960937.524,E9,P44,0.05750000000000001,0.0025,3012.195,1059.189,1.0486,3.5964,0.785937679043456,0.0,Graze+Merge
3001668.496,E1,P12,0.28272410922410923,0.0025,5122.100,1059.189,1.2643,7.6729,0.87132109267906,0.0,Hit+Run
3019038.105,E21,E19,0.16851681651681655,0.03750000000000001,4310.638,2612.187,1.178,5.7413,0.4317596479648356,0.009165654345654346,Fragment
3021694.22,E1,P12,0.28272410922410923,0.0025,5122.100,1059.189,1.048,6.3602,0.739483540757768,0.0,Merge
3108636.34,E1,P182,0.28522410922410923,0.0025,5137.154,1059.189,1.7718,10.786,0.4313610180014339,0.0,Merge
3191844.004,E48,P268,0.052500000000000005,0.0025,2922.224,1059.189,1.3283,4.4107,0.49682187970876257,0.0,Merge
3216269.716,E21,FRAG0003,0.1968513153513154,0.008381618381618381,4539.833,1585.269,1.1411,5.9013,0.6704758047289119,0.0,Merge
3302098.395,P9,P381,0.0025,0.0025,1059.189,1059.189,14.563,19.990,0.8966,0.0,Hit+Run
3359984.179,E24,P1,0.03,0.0025,2424.939,1059.189,2.6023,7.1008,0.5582582494857034,0.0,Merge
3374508.361,E15,E11,0.20513619402995487,0.0275,4602.650,2355.617,1.9821,10.239,0.7526148219436748,0.021972027972027974,Hit+Run+Frag
3377455.643,E15,FRAG0008,0.20513636053012138,0.007324009324009325,4602.651,1515.572,1.0612,5.5870,0.7895988564307164,0.0,Hit+Run
3453626.16,E1,P164,0.28772410922410924,0.0025000000000000022,5152.119,1059.189,1.8244,11.141,0.5112048079946007,0.0,Merge
3547199.037,E58,P504,0.0825,0.0025,3397.388,1059.189,1.0862,4.2381,0.6373850438226063,0.0,Merge
3547775.719,E1,P339,0.29022410922410924,0.0025,5166.998,1059.189,1.6586,10.160,0.8087195072432228,0.0,Merge
3549136.849,E1,P201,0.29272410922410924,0.0025,5181.792,1059.189,1.4571,8.9535,0.34905170459695317,0.0,Merge
3629498.197,E25,P337,0.10000000000000002,0.0025,3622.378,1059.189,2.227,9.3098,0.9551209422672093,0.0,Hit+Run
3678481.012,E15,P51,0.20513636053012138,0.0025,4602.651,1059.189,1.2144,6.5704,0.13405130286022354,0.0,Merge
3693187.119,P8,P68,0.0025,0.0025,1059.189,1059.189,15.625,21.447,0.87855,0.0,Graze+Frag
3782286.466,E9,P90,0.06000000000000001,0.0025,3055.232,1059.189,3.3205,11.562,0.6020729619315424,0.0,Merge
3819860.959,E27,P11,0.04910639105223324,0.0025,2857.852,1059.189,2.362,7.6596,0.7251439611304141,0.0,Merge
3837485.215,E58,P356,0.085,0.0025,3431.364,1059.189,1.116,4.4012,0.634303771734508,0.0,Merge
3845875.986,E39,P494,0.025,0.0025,2281.955,1059.189,2.4578,6.2997,0.21855551582310123,0.0,Merge
3962925.246,E48,E24,0.05500000000000001,0.0325,2967.891,2490.510,1.5182,5.4307,0.322811956725451,0.01562970362970363,Fragment
4026703.179,E25,P240,0.10000000000000002,0.0025,3622.378,1059.189,2.2379,9.3554,0.8956966969932936,0.0,Hit+Run
4148357.798,E21,P281,0.20523293373293378,0.0025,4603.373,1059.189,1.2384,6.7013,0.5934525351961087,0.0,Merge
4155763.562,E15,P217,0.20763636053012138,0.0025,4621.273,1059.189,1.4506,7.8824,0.5044749775806292,0.0,Merge
4200741.707,E1,P120,0.29522410922410924,0.0025,5196.502,1059.189,1.62,9.9848,0.5555613346994356,0.0,Merge
4211915.39,E32,P295,0.027500000000000004,0.0025,2355.617,1059.189,1.1325,2.9989,0.7071389793973634,0.0,Hit+Run
4257202.175,E1,P8,0.29772410922410925,0.005,5211.129,1334.495,1.5022,9.1271,0.44774014907555326,0.0,Merge
4257433.148,E40,P151,0.025,0.0025,2281.955,1059.189,2.9928,7.6710,0.7974544383595406,0.0,Hit+Run
4261593.401,E15,P224,0.21013636053012139,0.0025,4639.746,1059.189,1.2741,6.9531,0.7262151298327564,0.0,Merge
4279311.055,E22,P497,0.0275,0.0025,2355.617,1059.189,3.4607,9.1642,0.971410702163074,0.0,Hit+Run
4288372.949,E15,FRAG0009,0.2126363605301214,0.007814851814851816,4658.073,1548.700,1.2372,6.5874,0.6960722661644635,0.0,Merge
4366681.534,E39,E11,0.0275,0.005527805527805528,2355.617,1379.890,2.3737,6.3059,0.08784279697874625,0.00646986346986347,Fragment
4409051.371,E25,FRAG0010,0.10000000000000002,0.007814851814851816,3622.378,1548.700,1.2487,5.0940,0.7456199666423294,0.0,Hit+Run
4440229.36,E14,P173,0.030000000000000002,0.0025,2424.939,1059.189,4.168,11.373,0.14247034493170857,0.0,Merge
4446764.103,E1,E9,0.30272410922410925,0.06250000000000001,5240.139,3097.090,1.2285,7.2644,0.7615811577748005,0.0,Hit+Run
4526057.694,E25,FRAG0010,0.10000000000000002,0.007814851814851816,3622.378,1548.700,1.5833,6.4590,0.7509438220974983,0.0,Hit+Run
4621125.697,E55,P516,0.027500000000000004,0.0025,2355.617,1059.189,3.9044,10.339,0.7879863975861948,0.0,Hit+Run
4647296.933,E25,P183,0.10000000000000002,0.0025,3622.378,1059.189,2.83,11.830,0.3946141287720972,0.0,Merge
4806969.989,P22,P67,0.0025,0.0025,1059.189,1059.189,10.461,14.359,0.7877,0.0,Graze+Frag
4821310.768,E9,FRAG0007,0.06250000000000001,0.007324009324009325,3097.090,1515.572,4.3736,15.202,0.7496539820183085,0.0,Hit+Run
4833438.253,E27,FRAG0010,0.05160639105223324,0.007814851814851816,2905.549,1548.700,2.3598,7.7004,0.621716201845818,0.0,Merge
4866924.678,E39,P47,0.02655794205794206,0.0025,2328.405,1059.189,3.773,9.8725,0.738470391519076,0.0,Hit+Run
4875160.536,E52,P243,0.05750000000000001,0.0025,3012.195,1059.189,1.278,4.3832,0.9832544247846682,0.0,Hit+Run
4937586.517,P22,P251,0.005,0.0025,1334.495,1059.189,3.9204,6.1999,0.8629088175969687,0.0,Hit+Run
5034753.299,E34,P295,0.030000000000000002,0.0025,2424.939,1059.189,1.491,4.0684,0.8630348202995538,0.0,Hit+Run
5087673.421,E43,P57,0.025,0.0025000000000000022,2281.955,1059.189,3.9058,10.011,0.9671764561159174,0.0,Hit+Run
5218091.014,E39,P128,0.02655794205794206,0.0025,2328.405,1059.189,3.4152,8.9363,0.38332551875482934,0.0,Merge
5220773.568,E27,P48,0.059421242867085056,0.0025000000000000022,3045.377,1059.189,2.2103,7.6699,0.5914812976750269,0.0,Merge
5254985.589,E21,E40,0.20773293373293378,0.025,4621.989,2281.955,1.035,5.3688,0.8101265997177113,0.0,Graze+Merge
5275372.439,E25,P13,0.10250000000000002,0.0025000000000000022,3652.317,1059.189,1.6703,7.0447,0.6157340808742386,0.0,Merge
5386542.114,E25,P105,0.10500000000000002,0.0025,3681.772,1059.189,1.939,8.2490,0.9110148756095575,0.0,Hit+Run
5423253.744,E48,P150,0.07187029637029638,0.0025,3244.718,1059.189,3.3478,12.433,0.6269435997973092,0.0,Merge
5437075.224,E31,P317,0.027500000000000004,0.0025,2355.617,1059.189,5.0651,13.412,0.6565748518099801,0.0,Merge
5448977.785,E48,P91,0.07437029637029638,0.0025000000000000022,3281.912,1059.189,2.3408,8.8003,0.3570630525411705,0.0,Merge
5518402.47,E9,P21,0.06250000000000001,0.0025000000000000022,3097.090,1059.189,4.4892,15.861,0.47488992886452935,0.0,Merge
5651220.777,E50,P480,0.027500000000000004,0.0025,2355.617,1059.189,3.7904,10.037,0.8485529787890906,0.0,Hit+Run
5656581.595,E56,P245,0.030000000000000002,0.0025,2424.939,1059.189,1.6599,4.5293,0.19244284501034406,0.0,Merge
5698879.108,E31,P411,0.030000000000000002,0.0025,2424.939,1059.189,1.6538,4.5126,0.42121667197200796,0.0,Merge
5808425.839,E1,E27,0.30272410922410925,0.06192124286708506,5240.139,3087.500,1.0231,6.0485,0.8071975705406901,0.0,Graze+Merge
5848588.567,E15,E25,0.2204512123449732,0.10500000000000002,4714.453,3681.772,1.1502,6.3978,0.5110743248929053,0.019526473526473527,Fragment
5878882.186,E9,P75,0.06500000000000002,0.0025,3137.846,1059.189,3.598,12.891,0.8460971929655795,0.0,Hit+Run
5926418.055,E15,P22,0.3059247388184997,0.005,5258.542,1334.495,1.918,11.767,0.3919358104815664,0.0,Merge
5952294.115,E1,P105,0.3646453520911943,0.0025,5575.503,1059.189,1.5226,10.119,0.8513645134248305,0.0,Hit+Run
5962859.411,E9,FRAG1001,0.06500000000000002,0.00589360894776676,3137.846,1409.681,3.2174,11.349,0.7974462528921901,0.0,Hit+Run
6200053.14,P18,P70,0.0025,0.0025,1059.189,1059.189,23.718,32.555,0.85465,0.0,Graze+Frag
6245912.792,E1,FRAG1001,0.3646453520911943,0.00589360894776676,5575.503,1409.681,1.4249,9.2719,0.3967801608542868,0.0,Merge
6247660.715,E1,E9,0.37053896103896106,0.06500000000000002,5605.381,3137.846,1.2975,8.1816,0.2485588223046014,0.021359640359640362,Fragment
6260200.902,E15,E48,0.3109247388184997,0.07687029637029638,5287.036,3318.282,1.0959,6.5727,0.39505384233239915,0.01779842823842824,Fragment
6300312.598,E1,P76,0.4141793206793207,0.0025000000000000022,5817.324,1059.189,1.2392,8.6181,0.8294735322703862,0.0,Merge
6315889.452,E1,P527,0.4166793206793207,0.0025,5829.006,1059.189,5.1605,35.966,0.5753525598760455,0.0,Merge
6339438.527,E15,P119,0.3699968333905943,0.0025,5602.646,1059.189,1.2431,8.3047,0.6051881334358685,0.0,Merge
6407140.46,E56,P355,0.0325,0.0025,2490.510,1059.189,2.0983,5.8865,0.9318101263367877,0.0,Hit+Run
6414713.586,E46,P187,0.025,0.0025,2281.955,1059.189,2.1735,5.5710,0.7191842442553925,0.0,Hit+Run
6530772.818,E21,E56,0.23273293373293377,0.0325,4800.426,2490.510,1.0415,5.6122,0.8259754907158463,0.0,Graze+Merge
6535332.023,P34,P261,0.0025,0.0025,1059.189,1059.189,7.8174,10.730,0.7652,0.0,Graze+Frag
6548797.135,E1,FRAG0015,0.4191793206793207,0.007119880119880121,5840.640,1501.359,1.5579,10.605,0.9960590813746691,0.0,Hit+Run
6610399.984,E1,P316,0.4191793206793207,0.0025000000000000022,5840.640,1059.189,1.5202,10.617,0.785035229287279,0.0,Merge
6754898.074,P47,P186,0.0025,0.0025,1059.189,1059.189,2.3207,3.1853,0.5128,0.0,Hit+Run
6901661.085,E46,P333,0.025,0.0025,2281.955,1059.189,3.1372,8.0411,0.1928752427138868,0.0,Merge
7020728.936,E1,FRAG0016,0.4216793206793207,0.007119880119880121,5852.228,1501.359,1.5161,10.343,0.4772610825174566,0.0,Merge
7120408.929,P37,P190,0.0025,0.0025,1059.189,1059.189,9.6651,13.266,0.44725,0.0,Merge
7279182.131,E21,E22,0.2652329337329338,0.0275,5014.215,2355.617,1.0622,5.9809,0.8416180807215119,0.0,Hit+Run
7291779.283,E36,P412,0.030000000000000002,0.0025,2424.939,1059.189,1.7525,4.7820,0.8382573690070826,0.0,Hit+Run
7317740.271,E1,P45,0.4287992007992008,0.0025,5884.982,1059.189,1.5416,10.854,0.4816175826764571,0.0,Merge
7600625.205,E1,P113,0.4312992007992008,0.0025,5896.397,1059.189,1.6888,11.915,0.4388651549286274,0.0,Merge
7613570.441,E1,FRAG0017,0.4337992007992008,0.007119880119880121,5907.768,1501.359,1.0491,7.2305,0.7202584538350465,0.0,Merge
7687733.718,E58,P445,0.08750000000000001,0.0025,3464.680,1059.189,1.145,4.5627,0.706511782303781,0.0,Merge
7706428.127,E31,P478,0.0325,0.0025,2490.510,1059.189,1.2679,3.5569,0.6076656504934055,0.0,Merge
7728877.521,E15,P100,0.3724968333905943,0.0025,5615.236,1059.189,1.8263,12.230,0.3490579503336225,0.0,Merge
7742573.657,E1,P40,0.44091908091908094,0.0025,5939.913,1059.189,1.5266,10.855,0.4705862813366059,0.0,Merge
7796087.577,E15,P215,0.3749968333905943,0.0025,5627.770,1059.189,1.1635,7.8102,0.9533686460028389,0.0,Hit+Run
7831443.519,E15,P184,0.3749968333905943,0.0025,5627.770,1059.189,1.3152,8.8285,0.7501213578586954,0.0,Merge
7854641.405,P37,P280,0.005,0.0025,1334.495,1059.189,2.9803,4.7131,0.4390922501223495,0.0,Merge
7912181.911,E15,FRAG0020,0.3774968333905943,0.0059327339327339326,5640.249,1412.793,1.0177,6.7039,0.5733778479632233,0.0,Merge
7968519.938,E21,P421,0.2652329337329338,0.0025,5014.215,1059.189,1.6759,9.9412,0.09816407427440435,0.0,Merge
8022757.721,E1,P256,0.44341908091908094,0.0025,5951.119,1059.189,1.6449,11.720,0.8210654267262222,0.0,Merge
8081988.996,E39,P41,0.029057942057942057,0.0025,2399.286,1059.189,4.8215,13.012,0.5297405453072919,0.0060602730602730605,Fragment
8177892.137,E55,P289,0.027500000000000004,0.0025,2355.617,1059.189,4.0256,10.660,0.8646258870126381,0.0,Hit+Run
8221378.216,E15,FRAG0012,0.3834295673233282,0.006508824508824508,5669.643,1457.117,1.3196,8.7207,0.511136218150745,0.0,Merge
8321525.313,P24,P103,0.0025,0.0025,1059.189,1059.189,3.8652,5.3053,0.7937,0.0,Hit+Run
8330091.813,E26,P103,0.0275,0.0025,2355.617,1059.189,2.8497,7.5462,0.6674740771289522,0.0,Merge
8411388.659,E38,P342,0.025,0.0025,2281.955,1059.189,3.8307,9.8187,0.6683700868265214,0.0,Merge
8441581.392,E15,FRAG0018,0.38993839183215273,0.0059327339327339326,5701.544,1412.793,1.088,7.2509,0.9577722413180481,0.0,Hit+Run
8466690.457,P5,P221,0.007499833499833501,0.0025,1527.604,1059.189,7.7798,13.665,0.8739396242677504,0.0,Hit+Run
8592366.567,P15,P185,0.0025,0.0025,1059.189,1059.189,12.472,17.119,0.8916,0.0,Hit+Run
8639253.356,P9,P481,0.0025,0.0025,1059.189,1059.189,16.43,22.551,0.5896,0.0,Graze+Frag
8722579.146,P37,P153,0.0075,0.0025,1527.616,1059.189,13.666,24.006,0.22523250400081238,0.009977688977688977,Fragment
8794314.867,E15,P302,0.38993839183215273,0.0025,5701.544,1059.189,1.7153,11.675,0.23183199874945648,0.0,Merge
8869664.597,E15,E38,0.39243839183215273,0.0275,5713.703,2355.617,1.2309,7.9333,0.9918039585325743,0.0,Hit+Run
8924194.083,E1,P405,0.44591908091908095,0.0025,5962.282,1059.189,2.5908,18.497,0.7892848107040743,0.0,Merge
8956802.282,E21,P149,0.2677329337329338,0.0025,5029.920,1059.189,1.0967,6.5273,0.2417853541049775,0.0,Merge
8961707.818,E1,P34,0.44841908091908095,0.005,5973.403,1334.495,1.5411,10.845,0.7749674360410068,0.0,Merge
8971198.235,P23,P80,0.0025,0.0025,1059.189,1059.189,13.325,18.290,0.75095,0.0,Graze+Frag
9053752.847,P24,P58,0.0025,0.0025,1059.189,1059.189,5.7632,7.9105,0.09835,0.0,Merge
9311458.062,P18,P251,0.005,0.0025,1334.495,1059.189,15.298,24.194,0.7051344311258857,0.0,Graze+Frag
9379493.411,E32,P379,0.027500000000000004,0.0025,2355.617,1059.189,2.7922,7.3940,0.436934766901073,0.0,Merge
9387351.451,E15,P69,0.39243839183215273,0.0024999999999999905,5713.703,1059.189,1.9967,13.622,0.7364744702227368,0.0,Merge
9403064.407,P23,P259,0.005,0.0025,1334.495,1059.189,10.491,16.592,0.09823267454489332,0.0,Fragment
9419993.637,E14,P174,0.0325,0.0025,2490.510,1059.189,4.1994,11.781,0.6265389976799574,0.0,Merge
9425791.552,E1,P265,0.45341908091908095,0.0025,5995.523,1059.189,2.0032,14.387,0.9396059578374675,0.0,Hit+Run
9438130.346,E51,P167,0.025,0.0025,2281.955,1059.189,6.0003,15.379,0.6711020307743102,0.0,Merge
9453130.618,E1,P265,0.45341908091908095,0.0025,5995.523,1059.189,1.014,7.2828,0.8071976652985046,0.0,Merge
9493971.109,E21,P148,0.2702329337329338,0.0025,5045.527,1059.189,1.6408,9.7982,0.6048301331531066,0.0,Merge
9546784.121,P31,FRAG0011,0.0025,0.00646986346986347,1059.189,1454.204,6.6454,11.216,0.9391723227811449,0.0,Hit+Run
9783772.695,P37,P166,0.01,0.0025,1681.359,1059.189,7.1303,13.605,0.947753013865055,0.0,Hit+Run
9882068.553,E58,P399,0.09000000000000001,0.0025,3497.368,1059.189,2.1718,8.7423,0.7466687932832989,0.0,Merge
10055689.877,E38,FRAG0021,0.0275,0.0060602730602730605,2355.617,1422.846,2.4364,6.4872,0.7141420712758637,0.0,Hit+Run
10059324.533,E1,FRAG0007,0.45591908091908095,0.007324009324009325,6006.522,1515.572,1.3292,9.3192,0.5839556271891926,0.0,Merge
10232324.405,E1,P122,0.4632430902430903,0.0025,6038.515,1059.189,2.0874,15.106,0.7833890928402734,0.0,Merge
10330052.86,E15,FRAG0008,0.39493839183215274,0.007324009324009325,5725.810,1515.572,1.5596,10.385,0.9775507223706059,0.0,Hit+Run
10368814.152,E15,FRAG0004,0.39493839183215274,0.009775890775890776,5725.810,1668.703,1.0578,6.9916,0.8727497983777616,0.0,Hit+Run
10386912.232,E1,P163,0.4657430902430903,0.0025,6049.358,1059.189,1.9711,14.292,0.6912654451115743,0.0,Merge
10396178.667,E1,P23,0.4682430902430903,0.007499833499833501,6060.163,1527.604,1.2445,8.8040,0.6035589406735505,0.0,Merge
10410639.901,E31,P544,0.035,0.0025,2552.798,1059.189,2.5463,7.3300,0.7842883561346407,0.0,Hit+Run
10438427.297,P18,P354,0.007499833499833501,0.0025000000000000022,1527.604,1059.189,8.6776,15.243,0.6956557047012701,0.009219826839826839,Graze+Frag
10472555.361,E15,E38,0.39493839183215274,0.0275,5725.810,2355.617,1.4104,9.1103,0.48264021758858355,0.005728604728604729,Fragment
10583011.712,E1,FRAG0018,0.4757429237429238,0.0059327339327339326,6092.347,1412.793,1.6835,12.049,0.48007280159415555,0.0,Merge
10641894.632,E15,FRAG0022,0.41670978710354806,0.005728604728604729,5829.148,1396.400,1.0128,6.9187,0.6329691425957008,0.0,Merge
10771867.996,E15,P309,0.42243839183215276,0.0025,5855.738,1059.189,2.6952,18.876,0.785600109115948,0.0,Merge
10773298.882,E21,P508,0.2727329337329338,0.0025,5061.039,1059.189,1.9846,11.890,0.3554171914822009,0.0,Merge
10879495.554,E50,P286,0.027500000000000004,0.0025,2355.617,1059.189,2.629,6.9618,0.6678879717613182,0.0,Merge
10966895.827,E1,P290,0.48167565767565773,0.0025,6117.567,1059.189,2.5523,18.729,0.43635065025532727,0.0,Merge
11050232.398,E1,P3,0.48417565767565773,0.0025,6128.132,1059.189,1.5107,11.106,0.8443602879076425,0.0,Merge
11067143.828,E1,P282,0.48667565767565774,0.0025,6138.662,1059.189,1.3736,10.116,0.9162981543386615,0.0,Hit+Run
11151064.641,E14,P492,0.035,0.0025,2552.798,1059.189,3.3247,9.5708,0.8630210973019823,0.0,Hit+Run
11178615.551,E50,E55,0.030000000000000002,0.027500000000000004,2424.939,2355.617,1.7145,5.3123,0.5372796658591424,0.008536037296037297,Hit+Run
11209590.384,E15,P202,0.42493839183215276,0.0025,5867.266,1059.189,1.8502,12.985,0.9249272540161473,0.0,Hit+Run
11237421.856,E1,P253,0.48667565767565774,0.0025,6138.662,1059.189,2.4901,18.340,0.8369834406812755,0.0,Merge
11254874.932,E34,E51,0.030000000000000002,0.0275,2424.939,2355.617,1.9039,5.8992,0.9452104695637519,0.0,Hit+Run
11291885.253,P37,FRAG0001,0.01,0.008101565101565102,1681.359,1567.413,3.94,8.3090,0.9981732055674252,0.0,Hit+Run
11368435.688,P24,P74,0.005,0.0025,1334.495,1059.189,12.906,20.411,0.33846229691376123,0.0074840959040959045,Fragment
11383369.244,E15,P194,0.42493839183215276,0.0025,5867.266,1059.189,1.2375,8.6852,0.9492384658398155,0.0,Hit+Run
11435309.244,E1,P18,0.48917565767565774,0.01,6149.155,1681.359,1.5544,11.087,0.5025799224898427,0.0,Merge
11720464.32,E1,P111,0.49917565767565775,0.0025,6190.774,1059.189,2.0689,15.375,0.4848467576676753,0.0,Merge
11835978.873,P52,P277,0.0025,0.0025,1059.189,1059.189,16.053,22.034,0.72245,0.0,Graze+Frag
11913977.082,E21,P426,0.2752329337329338,0.0025,5076.456,1059.189,1.3692,8.2301,0.48881083677341486,0.0,Merge
12003657.202,E1,P200,0.5016756576756577,0.0025,6201.092,1059.189,1.4174,10.552,0.5690946510460838,0.0,Merge
12028134.832,E15,P194,0.42493839183215276,0.0025,5867.266,1059.189,1.0375,7.2815,0.768047935906622,0.0,Merge
12032343.699,E1,P92,0.5041756576756576,0.0025000000000000022,6211.375,1059.189,1.0881,8.1153,0.808184907484682,0.0,Merge
12095651.836,E52,P646,0.05750000000000001,0.0025,3012.195,1059.189,5.2849,18.125,0.15558946992642264,0.0,Merge
12168601.305,E22,P287,0.0275,0.0025,2355.617,1059.189,3.9094,10.352,0.5542738951768428,0.0,Merge
12224395.147,E15,P75,0.42743839183215276,0.0025,5878.750,1059.189,1.3507,9.4995,0.8597894671974332,0.0,Hit+Run
12325831.498,E26,P50,0.03,0.0025,2424.939,1059.189,4.0705,11.107,0.6052379675262032,0.0,Merge
12466545.063,E1,P116,0.5066756576756577,0.0025,6221.625,1059.189,1.4183,10.596,0.814702389330098,0.0,Merge
12494929.647,E21,E52,0.2777329337329338,0.06000000000000001,5091.780,3055.232,1.1894,6.8418,0.7752343542262168,0.0,Hit+Run
12830423.749,E50,P512,0.030000000000000002,0.0025,2424.939,1059.189,4.4183,12.056,0.4057655647053547,0.006094239094239094,Fragment
12903047.742,E15,P202,0.42743839183215276,0.0025,5878.750,1059.189,1.1085,7.7961,0.5037398622734544,0.0,Merge
13074483.935,E14,P5,0.035,0.007499833499833501,2552.798,1527.604,4.4094,12.713,0.9169771547217409,0.0,Hit+Run
13093043.365,E39,P323,0.025497668997668997,0.0025,2296.998,1059.189,6.434,16.602,0.6889923979429354,0.0,Graze+Frag
13268976.824,P5,P266,0.007499833499833501,0.0025,1527.604,1059.189,5.1342,9.0187,0.9775202784312502,0.0,Hit+Run
13353331.825,P47,P451,0.0025,0.0025,1059.189,1059.189,13.676,18.771,0.5884,0.0,Graze+Frag
13453137.691,E21,P456,0.2777329337329338,0.0025,5091.780,1059.189,1.1498,6.9337,0.9951825474144991,0.0,Hit+Run
13606427.719,P24,P488,0.0075001665001665,0.0025,1527.627,1059.189,6.7804,11.910,0.5365675752628465,0.009545414585414585,Fragment
13824515.152,E26,P147,0.0325,0.0025,2490.510,1059.189,5.8038,16.282,0.45702967871077743,0.009644915084915084,Fragment
13872907.841,E15,P208,0.42993839183215277,0.0025,5890.189,1059.189,2.0498,14.446,0.9840461347518359,0.0,Hit+Run
13917187.205,E1,P210,0.5091756576756576,0.0025,6231.841,1059.189,1.5657,11.718,0.3835160079110887,0.0,Merge
13951199.702,E1,P176,0.5116756576756576,0.0025,6242.024,1059.189,2.7815,20.854,0.8020094677559353,0.0,Merge
14081737.125,E15,P327,0.42993839183215277,0.0025,5890.189,1059.189,1.7695,12.470,0.7429082145650164,0.0,Merge
14096639.911,E15,P525,0.43243839183215277,0.0025,5901.584,1059.189,1.3773,9.7268,0.5907710501050524,0.0,Merge
14244384.476,E21,P203,0.2777329337329338,0.0025,5091.780,1059.189,1.5181,9.1547,0.6005697372726827,0.0,Merge
14497228.42,E15,P208,0.43493839183215277,0.0025,5912.934,1059.189,1.0002,7.0781,0.565331586542036,0.0,Merge
14556636.246,E15,P52,0.4374383918321528,0.005,5924.242,1334.495,1.5222,10.617,0.7485757207176097,0.0,Merge
14698326.72,E49,P220,0.027500000000000004,0.0025,2355.617,1059.189,3.6763,9.7352,0.5065380475772938,0.0,Merge
14870765.472,E15,E39,0.4424383918321528,0.027997668997669,5946.728,2369.742,1.2081,8.1178,0.824743663024911,0.014982350982350982,Hit+Run+Frag
14957109.016,E15,FRAG0026,0.4424387248324858,0.007491175491175491,5946.730,1527.016,1.0504,7.2814,0.7007576260481555,0.0,Merge
15178018.117,E51,P31,0.0275,0.0025,2355.617,1059.189,3.7111,9.8273,0.5304059713770684,0.0,Merge
15252556.108,P55,P412,0.0025,0.0025,1059.189,1059.189,12.775,17.535,0.88765,0.0,Hit+Run
15329716.613,E15,P225,0.4499299003236613,0.0025,5980.104,1059.189,2.5927,18.570,0.6978903820187318,0.0,Merge
15436218.769,E15,P341,0.4524299003236613,0.0025,5991.160,1059.189,1.333,9.5665,0.8032004838273143,0.0,Merge
15462461.202,E15,P75,0.4549299003236613,0.0025,6002.175,1059.189,1.09,7.8379,0.1248653086883516,0.0,Merge
15606026.937,P0,P221,0.0025,0.0025,1059.189,1059.189,8.3416,11.449,0.69345,0.0,Graze+Frag
16052028.799,E21,P320,0.2802329337329338,0.0025,5107.012,1059.189,2.681,16.219,0.8961411075895132,0.0,Hit+Run
16285664.774,E1,FRAG0001,0.5141756576756575,0.008101565101565102,6252.173,1567.413,2.1721,15.859,0.7339096418920159,0.0,Merge
16286558.461,E15,P132,0.4574299003236613,0.0025,6013.149,1059.189,2.5857,18.629,0.9529432342908682,0.0,Hit+Run
16327724.707,P54,P412,0.0025,0.0025,1059.189,1059.189,15.266,20.954,0.85005,0.0,Graze+Frag
16436416.049,E15,P262,0.4574299003236613,0.0025,6013.149,1059.189,1.9452,14.014,0.9958800948651801,0.0,Hit+Run
16454345.911,P24,P129,0.01,0.0025,1681.359,1059.189,5.4425,10.384,0.8925983039048864,0.0,Hit+Run
16939445.561,E15,P394,0.4574299003236613,0.0025,6013.149,1059.189,1.8069,13.018,0.37852456094423137,0.0,Merge
17039973.843,E15,FRAG0014,0.4599299003236613,0.006508824508824508,6024.084,1457.117,1.1825,8.3419,0.660368672288666,0.0,Merge
17045216.564,E15,P107,0.46643872483248583,0.0025,6052.368,1059.189,1.3002,9.4328,0.645784926118683,0.0,Merge
17087450.819,E15,P418,0.46893872483248583,0.0025,6063.162,1059.189,1.6728,12.159,0.9105360440947656,0.0,Hit+Run
17327191.044,E1,P166,0.5222772227772227,0.0025,6284.839,1059.189,2.3288,17.587,0.8513253408109938,0.0,Merge
17350862.194,E15,P378,0.46893872483248583,0.0025,6063.162,1059.189,1.0604,7.7077,0.4520331333342563,0.0,Merge
17388339.215,E1,P267,0.5247772227772226,0.0025,6294.851,1059.189,1.999,15.122,0.8153986642302713,0.0,Merge
17489395.292,E1,P73,0.5272772227772226,0.0025,6304.832,1059.189,1.6128,12.221,0.44572049915153716,0.0,Merge
17547124.244,E21,P185,0.2802329337329338,0.0025,5107.012,1059.189,1.6538,10.005,0.9918012720318317,0.0,Hit+Run
17569063.374,E15,P352,0.47143872483248583,0.0025,6073.918,1059.189,1.4382,10.473,0.9920100102255476,0.0,Hit+Run
17780577.563,E21,P340,0.2802329337329338,0.0025,5107.012,1059.189,1.0569,6.3939,0.7278454762935896,0.0,Merge
17841764.098,E21,E43,0.2827329337329338,0.025,5122.154,2281.955,1.251,7.2055,0.919677314688802,0.0,Hit+Run
17929434.996,E1,P37,0.5297772227772225,0.01,6314.780,1681.359,1.9177,14.076,0.9587305671831744,0.0,Hit+Run
17965532.337,E1,P37,0.5297772227772225,0.01,6314.780,1681.359,1.0623,7.7977,0.6627402734597364,0.0,Merge
17996804.888,E15,P321,0.47143872483248583,0.0025,6073.918,1059.189,1.1946,8.6996,0.2831273205150168,0.0,Merge
18012296.024,E43,P243,0.025,0.0025,2281.955,1059.189,2.9692,7.6105,0.24696773288010437,0.0,Merge
18071541.283,E15,P352,0.47393872483248584,0.0025,6084.635,1059.189,1.1008,8.0316,0.6665666452054646,0.0,Merge
18099623.595,E26,P299,0.02535531135531136,0.0025,2292.715,1059.189,8.4744,21.826,0.2911119449830598,0.022327006327006328,Fragment
18147590.922,E1,FRAG0015,0.5397772227772225,0.007119880119880121,6354.265,1501.359,1.2119,9.0341,0.6362657538520152,0.0,Merge
18172426.138,E21,P85,0.2827329337329338,0.0025,5122.154,1059.189,1.7094,10.374,0.36344470998678347,0.0,Merge
18232112.621,E1,P289,0.5468971028971026,0.0025,6382.082,1059.189,1.8636,14.306,0.3957243685942588,0.0,Merge
18327948.663,E39,P154,0.013014985014985016,0.0025,1835.728,1059.189,8.1635,16.884,0.7018450649591004,0.008721944721944723,Graze+Frag
18346066.656,P81,P254,0.0025,0.0025,1059.189,1059.189,3.9634,5.4401,0.96905,0.0,Hit+Run
18484429.393,E14,P420,0.035,0.0025,2552.798,1059.189,3.2256,9.2856,0.5359339104775146,0.0,Merge
18497494.097,P33,P475,0.0025,0.0025,1059.189,1059.189,12.995,17.837,0.7655,0.0,Graze+Frag
18561818.624,E22,P230,0.03,0.0025,2424.939,1059.189,4.7014,12.828,0.6811711117961076,0.0,Merge
18617243.623,E21,P315,0.2852329337329338,0.0025,5137.207,1059.189,2.8814,17.542,0.45490718397150565,0.0,Merge
18842423.581,E1,FRAG0011,0.5493971028971025,0.00646986346986347,6391.792,1454.204,1.2418,9.3383,0.8386073709849834,0.0,Hit+Run
18925014.964,P24,E39,0.01,0.006793040293040294,1681.359,1478.025,6.5454,13.482,0.5690593620413233,0.016203103563103564,Graze+Frag
19120126.546,P47,P244,0.005,0.0025,1334.495,1059.189,3.1217,4.9368,0.38311858085840345,0.0,Merge
19162352.216,E1,FRAG0024,0.5493971028971025,0.009644688644688645,6391.792,1661.205,2.3107,17.200,0.31351778922679935,0.0,Merge
19273026.606,E1,P186,0.5590417915417911,0.0025,6428.978,1059.189,1.5288,11.827,0.8794143254486704,0.0,Hit+Run
19365574.753,E55,P344,0.027500000000000004,0.0025,2355.617,1059.189,3.7331,9.8856,0.5504798610468209,0.0,Merge
19422597.364,E1,P186,0.5590417915417911,0.0025,6428.978,1059.189,1.2094,9.3568,0.774842749894977,0.0,Merge
19490060.372,P47,P105,0.0075,0.0025,1527.616,1059.189,5.0858,8.9337,0.7617393993462188,0.0,Hit+Run
19525304.73,E35,P9,0.0325,0.005,2490.510,1334.495,3.2721,9.1534,0.2606404375327022,0.009778687978687977,Fragment
19547922.848,P101,P307,0.0025,0.0025,1059.189,1059.189,9.4293,12.942,0.6712,0.0,Graze+Frag
19572664.059,E1,FRAG0028,0.5615417915417911,0.005581751581751582,6438.547,1384.365,1.3134,9.9910,0.697935462918399,0.0,Merge
20368737.701,P24,P320,0.005527639027639031,0.0025,1379.877,1059.189,2.6108,4.2316,0.8204923094712746,0.0,Hit+Run
20504290.83,P15,P189,0.0025,0.0025,1059.189,1059.189,7.5528,10.366,0.84155,0.0,Hit+Run
20597350.224,E15,P252,0.47643872483248584,0.0025,6095.315,1059.189,1.5603,11.405,0.7619032101620281,0.0,Merge
20768005.081,E15,P266,0.47893872483248584,0.0025,6105.958,1059.189,2.5491,18.668,0.9884374729764315,0.0,Hit+Run
20775887.304,E1,P88,0.5671235431235426,0.0025,6459.810,1059.189,1.7251,13.414,0.7337842467028836,0.0,Merge
20945440.427,E21,P143,0.2877329337329338,0.0025,5152.172,1059.189,1.2522,7.6473,0.6677277102773967,0.0,Merge
20996422.995,E36,P337,0.030000000000000002,0.0025,2424.939,1059.189,5.6243,15.346,0.206223562302224,0.009895770895770897,Fragment
21046860.787,E1,P241,0.5696235431235426,0.0025,6469.288,1059.189,1.9156,14.919,0.2237640343740785,0.0,Merge
21084648.23,P57,P15,0.0025000000000000022,0.0025,1059.189,1059.189,8.9639,12.303,0.5505,0.0,Graze+Frag
21166325.817,E50,P572,0.026405760905760908,0.0025,2323.949,1059.189,2.4524,6.4044,0.4609926954406596,0.0,Merge
21170157.551,E15,FRAG0005,0.47893872483248584,0.009165501165501166,6105.958,1633.224,1.2389,8.7902,0.7133837695626698,0.0,Merge
21386375.642,E1,P177,0.5721235431235425,0.0025,6478.738,1059.189,2.3087,18.009,0.8215819745824633,0.0,Merge
21498837.617,E1,FRAG0011,0.5746235431235425,0.00646986346986347,6488.161,1454.204,1.5377,11.751,0.732845793815782,0.0,Merge
21556846.6,E15,P232,0.48810422599798703,0.0025,6144.662,1059.189,1.7968,13.247,0.8970674516728494,0.0,Hit+Run
21560181.003,E15,P266,0.48810422599798703,0.0025,6144.662,1059.189,1.1521,8.4943,0.354579195265193,0.0,Merge
21818486.239,E15,FRAG0025,0.49060422599798703,0.007491175491175491,6155.135,1527.016,1.0623,7.6422,0.3905172511695445,0.0,Merge
21847823.694,E1,P171,0.5810934065934059,0.0025,6512.421,1059.189,1.0026,7.8640,0.7515644374405248,0.0,Merge
21959494.798,P101,P501,0.005,0.0025,1334.495,1059.189,10.740,16.985,0.8750067122486382,0.0,Hit+Run
21960059.977,E1,P54,0.5835934065934059,0.005,6521.747,1334.495,1.3897,10.746,0.2753559915949121,0.0,Merge
22016159.965,E35,P497,0.02772144522144522,0.0025,2361.923,1059.189,2.6632,7.0718,0.19103260718955178,0.0,Merge
22155690.369,E1,P272,0.5885934065934059,0.0025,6540.319,1059.189,2.2502,17.730,0.7583817888426176,0.0,Merge
22210287.72,E15,P269,0.49809540148916254,0.0025,6186.305,1059.189,2.9548,21.942,0.1093735741042141,0.0,Merge
22457157.917,E1,FRAG0029,0.5910934065934058,0.005581751581751582,6549.566,1384.365,1.8004,13.949,0.6129436559628965,0.0,Merge
22499904.065,E15,P232,0.5005954014891625,0.0025,6196.638,1059.189,1.6393,12.195,0.7324094230689651,0.0,Merge
22793208.58,E15,P187,0.5030954014891624,0.0025,6206.936,1059.189,2.4568,18.309,0.8432095218456175,0.0,Merge
22886098.269,E32,P389,0.030000000000000002,0.0025,2424.939,1059.189,5.2284,14.266,0.9321472055058002,0.0,Hit+Run
22889037.076,E21,E50,0.2902329337329338,0.028905760905760906,5167.051,2395.090,1.1284,6.5491,0.8964617528972992,0.0,Hit+Run
22951090.49,E1,FRAG0030,0.5966751581751574,0.005581751581751582,6570.118,1384.365,1.0771,8.3733,0.9681125822630942,0.0,Hit+Run
23140156.16,E1,FRAG0030,0.5966751581751574,0.005581751581751582,6570.118,1384.365,1.1004,8.5544,0.8353801430772917,0.0,Hit+Run
23170707.098,E15,P132,0.5055954014891624,0.0025,6217.200,1059.189,1.3018,9.7188,0.706702944597295,0.0,Merge
23206454.508,E1,FRAG0030,0.5966751581751574,0.005581751581751582,6570.118,1384.365,1.0051,7.8136,0.6598627608309752,0.0,Merge
23267466.202,E15,P298,0.5080954014891623,0.0025,6227.431,1059.189,1.2101,9.0501,0.8485711426283633,0.0,Merge
23377034.167,E1,P204,0.6022569097569089,0.0025000000000000022,6590.541,1059.189,2.1852,17.358,0.9621666886289503,0.0,Hit+Run
23494736.764,E15,P57,0.5105954014891623,0.005,6237.628,1334.495,1.2278,9.0517,0.2858454255754684,0.0,Merge
23726237.397,P0,P55,0.005,0.0025,1334.495,1059.189,6.8278,10.797,0.5135193900300864,0.0,Fragment
23789706.126,E58,P371,0.09250000000000001,0.0025,3529.455,1059.189,2.5056,10.185,0.9052380121558509,0.0,Hit+Run
23792960.041,E1,P204,0.6022569097569089,0.0025000000000000022,6590.541,1059.189,1.5045,11.951,0.8917789571989849,0.0,Hit+Run
23842896.15,E50,P363,0.028905760905760906,0.0025,2395.090,1059.189,6.3612,17.136,0.12522242115747587,0.012987026307026308,Fragment
23882385.375,P110,P257,0.0025,0.0025,1059.189,1059.189,6.016,8.2574,0.50655,0.0,Graze+Frag
23905275.207,E1,P204,0.6022569097569089,0.0025000000000000022,6590.541,1059.189,1.0656,8.4648,0.7960619809215169,0.0,Merge
23971314.361,E21,P381,0.2902329337329338,0.0025,5167.051,1059.189,2.9693,18.190,0.9488051378260886,0.0,Hit+Run
24019243.57,E35,P181,0.03022144522144522,0.0025,2430.891,1059.189,4.0625,11.113,0.6497781610035015,0.0,Merge
24444217.928,P102,P429,0.0025,0.0025,1059.189,1059.189,9.7561,13.391,0.2525,0.0,Merge
24960648.927,E21,P360,0.2902329337329338,0.0025,5167.051,1059.189,1.1408,6.9885,0.2688820647735964,0.0,Merge
25147018.675,E15,P168,0.5155954014891623,0.0025,6257.922,1059.189,1.7293,13.000,0.7024980959599485,0.0,Merge
25231533.897,E36,FRAG0004,0.022604229104229105,0.009775890775890776,2206.600,1668.703,3.2424,8.3735,0.20897001049424518,0.025409257409257414,Fragment
25311148.223,P110,P71,0.005,0.0025,1334.495,1059.189,15.231,24.087,0.6425264325368306,0.007456456876456876,Graze+Frag
25464159.428,E1,E26,0.604756909756909,0.005528305028305029,6599.648,1379.932,1.6013,12.511,0.7594956654090569,0.0,Merge
25656993.603,E1,P199,0.610285214785214,0.0025,6619.697,1059.189,1.3341,10.647,0.9156850783479219,0.0,Hit+Run
25678590.108,E21,P456,0.2927329337329338,0.0025,5181.844,1059.189,1.6317,10.026,0.7343881047375722,0.0,Merge
25773470.082,P105,P573,0.0025,0.0025,1059.189,1059.189,9.2555,12.703,0.9128,0.0,Hit+Run
25789523.05,E76,P294,0.030000000000000002,0.0025,2424.939,1059.189,2.5563,6.9753,0.4847610905956768,0.0,Merge
25798180.053,E21,P320,0.2952329337329338,0.0025,5196.554,1059.189,1.6175,9.9695,0.8435608360210393,0.0,Hit+Run
25863759.963,E1,FRAG0027,0.610285214785214,0.005581751581751582,6619.697,1384.365,2.3768,18.626,0.5986958320175755,0.0,Merge
26299805.013,E15,P212,0.5180954014891622,0.0025,6268.020,1059.189,2.1849,16.453,0.9850441312969286,0.0,Hit+Run
26403848.615,E21,E22,0.2952329337329338,0.0325,5196.554,2490.510,1.0265,5.9881,0.2931191676645758,0.0,Merge
26561798.96,P0,P487,0.0075001665001665,0.0025,1527.627,1059.189,6.5387,11.486,0.715561227103226,0.0,Graze+Frag
27022631.669,E21,P141,0.3277329337329338,0.0025,5380.639,1059.189,1.9164,12.260,0.8427106655233675,0.0,Hit+Run
27260216.339,E52,P393,0.06000000000000001,0.0025,3055.232,1059.189,3.7951,13.214,0.9617722006582803,0.0,Hit+Run
27387155.74,E1,FRAG0035,0.6158669663669656,0.009895770895770897,6639.817,1675.497,2.5179,19.514,0.933691489271475,0.0,Hit+Run
27592647.728,E15,E14,0.5180954014891622,0.037500000000000006,6268.020,2612.187,1.1498,8.1254,0.297018177584525,0.005615144855144855,Fragment
27622794.17,P138,P185,0.0025,0.0025,1059.189,1059.189,12.328,16.921,0.3418,0.0,Merge
27763480.157,E15,P105,0.5499803498741106,0.0025,6394.053,1059.189,1.2965,9.9727,0.6597164217393358,0.0,Merge
27799561.347,E15,FRAG0042,0.5524803498741105,0.005615051615051615,6403.726,1387.112,1.0029,7.5836,0.6904429835247612,0.0,Merge
28274301.316,E58,P476,0.09250000000000001,0.0025,3529.455,1059.189,1.6723,6.7981,0.6685639223093429,0.0,Merge
29188465.028,E15,E31,0.5580954014891621,0.035,6425.348,2552.798,1.2565,9.1240,0.6951972891636983,0.0,Merge
29489986.267,E15,P355,0.5930954014891622,0.0025,6556.952,1059.189,1.5606,12.329,0.7393652150915926,0.0,Merge
30289172.001,E1,P191,0.6158669663669656,0.0025,6639.817,1059.189,2.0212,16.183,0.3103005626369395,0.0,Merge
30498456.975,P110,P278,0.007499833499833501,0.0025,1527.604,1059.189,4.3322,7.6099,0.8835063665565115,0.0,Hit+Run
30630081.957,E1,P431,0.6183669663669655,0.0025,6648.789,1059.189,1.738,13.935,0.06762668535556977,0.0,Merge
30828628.402,E15,P351,0.5955954014891621,0.0025,6566.152,1059.189,1.8,14.242,0.948755660649242,0.0,Hit+Run
30852564.924,E55,P505,0.030000000000000002,0.0025,2424.939,1059.189,1.8185,4.9620,0.8263558404368228,0.0,Hit+Run
30947295.365,E43,P278,0.0275,0.0025,2355.617,1059.189,7.8137,20.691,0.7080357511008232,0.006693639693639694,Graze+Frag
31347508.406,E15,P199,0.5955954014891621,0.0025,6566.152,1059.189,1.5846,12.538,0.5926924316798633,0.0,Merge
31447900.073,E1,P467,0.6208669663669655,0.0025,6657.738,1059.189,2.2365,17.958,0.9504857373518348,0.0,Hit+Run
31534187.664,E1,P86,0.6208669663669655,0.0025,6657.738,1059.189,1.1763,9.4455,0.9397877041820402,0.0,Hit+Run
31769179.521,E1,P189,0.6208669663669655,0.0025,6657.738,1059.189,1.5666,12.579,0.7530034960158678,0.0,Merge
31947692.083,E1,P86,0.6233669663669654,0.0025,6666.662,1059.189,1.0009,8.0485,0.9398741150924377,0.0,Graze+Merge
32291932.892,E15,P110,0.5980954014891621,0.007499833499833501,6575.326,1527.604,1.9581,15.123,0.34617524782375125,0.0,Merge
32750314.002,E1,FRAG0033,0.6258669663669654,0.005632700632700632,6675.562,1388.564,2.9356,23.209,0.3623322997007788,0.0,Merge
33315384.434,E43,P226,0.023306360306360303,0.0025,2229.215,1059.189,6.0693,15.190,0.6968828746348216,0.0,Graze+Frag
34001141.264,E52,P142,0.06000000000000001,0.0025,3055.232,1059.189,3.9235,13.662,0.7283092761007113,0.0,Merge
34328584.741,E52,P384,0.06250000000000001,0.0025,3097.090,1059.189,3.4048,12.029,0.6613287492033106,0.0,Merge
35430234.157,E15,FRAG0038,0.6055952349889956,0.0063523143523143534,6602.696,1445.343,1.6916,13.178,0.47304867223667746,0.0,Merge
35849781.794,E1,FRAG1002,0.631499666999666,0.007363805970045139,6695.529,1518.312,1.5781,12.434,0.8664249700636893,0.0,Hit+Run
36143691.855,E32,P158,0.030000000000000002,0.0025,2424.939,1059.189,5.6201,15.335,0.4588700459866901,0.009422910422910423,Fragment
37396783.769,E15,P216,0.6119475493413099,0.0025,6625.702,1059.189,1.3813,11.034,0.43298299872824325,0.0,Merge
37996918.98,E1,P138,0.631499666999666,0.005,6695.529,1334.495,2.5634,20.389,0.913774300650619,0.0,Hit+Run
38438657.928,E21,E58,0.3277329337329338,0.09500000000000001,5380.639,3560.970,1.0234,6.2867,0.9556437134602797,0.0,Graze+Merge
38653226.546,E52,P115,0.06500000000000002,0.0025,3137.846,1059.189,3.5192,12.609,0.4387115249909005,0.0,Merge
38788260.013,E1,P282,0.631499666999666,0.0025,6695.529,1059.189,1.999,16.148,0.8352662148305978,0.0,Merge
38990404.557,E36,P402,0.006970862470862465,0.0025,1490.811,1059.189,5.5054,9.4791,0.8415187275738087,0.0,Hit+Run
39021701.306,E21,FRAG0036,0.4227329337329338,0.006493506493506494,5857.098,1455.973,1.8789,12.860,0.8698662236528588,0.0,Hit+Run
39218925.156,E1,P140,0.6339996669996659,0.0025,6704.352,1059.189,1.8988,15.360,0.7327380722052507,0.0,Merge
39249101.087,P101,P81,0.005,0.0025,1334.495,1059.189,14.245,22.528,0.9880133134418838,0.0,Hit+Run
39363822.145,E15,P424,0.6144475493413099,0.0025,6634.712,1059.189,1.7018,13.614,0.9315792587640238,0.0,Hit+Run
39441500.0,E15,P424,0.6144475493413099,0.0025,6634.712,1059.189,1.0475,8.3803,0.5431840924701089,0.0,Merge
39570718.857,E1,FRAG0035,0.6364996669996659,0.009895770895770897,6713.153,1675.497,1.9765,15.500,0.7824202420792328,0.0,Merge
39573181.25,E1,FRAG0032,0.6463954378954367,0.005632700632700632,6747.764,1388.564,1.5629,12.499,0.4728883671716424,0.0,Merge
39670207.13,E15,P436,0.6169475493413098,0.0025,6643.698,1059.189,1.6087,12.888,0.866203175210924,0.0,Hit+Run
40206593.929,E1,P231,0.6520281385281373,0.0025,6767.308,1059.189,2.3791,19.437,0.8178012674076091,0.0,Merge
40212535.132,E43,P380,0.025806193806193804,0.0025,2306.225,1059.189,4.5485,11.785,0.8101287796500535,0.0,Hit+Run
40539135.717,E1,E35,0.6545281385281373,0.03272144522144522,6775.946,2496.153,1.219,9.3762,0.40039914778850544,0.0,Merge
40711854.479,E52,E55,0.06750000000000002,0.030000000000000002,3177.569,2424.939,1.223,4.5582,0.7035164593826548,0.0,Hit+Run
40760627.849,E52,E55,0.06750000000000002,0.030000000000000002,3177.569,2424.939,1.0296,3.8373,0.8850672644845478,0.0,Graze+Merge
41322715.565,P138,P196,0.005,0.0025,1334.495,1059.189,19.195,30.356,0.9141994308667198,0.0,Hit+Run
41608140.845,E15,P306,0.6169475493413098,0.0025,6643.698,1059.189,2.01,16.103,0.23692722516224318,0.0,Merge
41634945.633,E1,P334,0.6872495837495826,0.0025,6887.030,1059.189,2.5034,20.837,0.1612938359415145,0.0,Merge
41789930.28,E1,P346,0.6897495837495825,0.0025,6895.371,1059.189,1.7117,14.266,0.4309086287884697,0.0,Merge
42002999.579,E1,P300,0.6922495837495825,0.0025000000000000022,6903.692,1059.189,2.8973,24.178,0.39265709760489914,0.0,Merge
42352872.195,E15,P274,0.6194475493413097,0.0025,6652.660,1059.189,1.3511,10.840,0.6444889838801102,0.0,Merge
42891912.762,E1,FRAG1002,0.6947495837495825,0.007363805970045139,6911.992,1518.312,1.4705,11.989,0.897460609375127,0.0,Hit+Run
43211505.753,E1,FRAG1002,0.6947495837495825,0.007363805970045139,6911.992,1518.312,1.0111,8.2439,0.7971870550844472,0.0,Merge
43898672.374,E15,P5,0.6219475493413097,0.007499833499833501,6661.598,1527.604,1.4155,11.087,0.6995765464360041,0.0,Merge
44904829.416,E1,P33,0.7021133897196277,0.005,6936.327,1334.495,1.9642,16.226,0.9513647845966526,0.0,Hit+Run
45007941.362,E1,P33,0.7021133897196277,0.005,6936.327,1334.495,1.0493,8.6681,0.29956585072101927,0.0,Merge
46069755.725,E15,P196,0.6294473828411432,0.0025,6688.267,1059.189,1.2471,10.062,0.79387733077185,0.0,Merge
46471681.951,E21,P195,0.4227329337329338,0.0025,5857.098,1059.189,3.0889,21.639,0.7436240199896588,0.0,Merge
46486206.44,P0,P89,0.01,0.0025,1681.359,1059.189,5.7356,10.943,0.9503911145639283,0.0,Hit+Run
46501549.506,P141,FRAG0039,0.0025,0.0063523143523143534,1059.189,1445.343,8.8795,14.914,0.41398564733037213,0.008754385614385615,Fragment
46526044.574,E15,P214,0.6319473828411432,0.0025,6697.110,1059.189,2.2177,17.919,0.7425595630192472,0.0,Merge
46738949.94,E1,P320,0.7071133897196277,0.0025,6952.754,1059.189,2.5228,21.212,0.26007925044291036,0.0,Merge
46916233.99,P89,P335,0.0025,0.0025,1059.189,1059.189,6.7667,9.2878,0.42695,0.0,Merge
48327177.119,E15,P101,0.6344473828411431,0.005,6705.930,1334.495,1.9315,15.389,0.8924086179647795,0.0,Hit+Run
49305630.702,E52,P573,0.09750000000000002,0.0025,3591.937,1059.189,4.9162,20.366,0.2574756214255191,0.0,Merge
50943285.912,E1,P138,0.7096133897196276,0.005,6960.938,1334.495,2.1473,17.805,0.3728249636231486,0.0,Merge
51229014.996,E1,P459,0.7146133897196276,0.0025,6977.249,1059.189,2.1023,17.742,0.9901839056940743,0.0,Hit+Run
51271210.206,E1,P459,0.7146133897196276,0.0025,6977.249,1059.189,1.0973,9.2607,0.9576263463222832,0.0,Hit+Run
51361010.396,E15,P145,0.6344473828411431,0.0025,6705.930,1059.189,2.2361,18.093,0.5068447605487275,0.0,Merge
51749131.335,E1,P218,0.7146133897196276,0.0025,6977.249,1059.189,1.9811,16.719,0.9563240439474114,0.0,Hit+Run
52738844.543,E15,P192,0.636947382841143,0.0025,6714.727,1059.189,1.8758,15.199,0.9824301644199649,0.0,Hit+Run
53956733.938,E15,P368,0.636947382841143,0.0025,6714.727,1059.189,2.183,17.688,0.8525220435049283,0.0,Merge
54910856.095,E15,P326,0.639447382841143,0.0025,6723.500,1059.189,2.4348,19.756,0.7926322871244948,0.0,Merge
55041648.809,E21,FRAG0008,0.4252329337329338,0.007324009324009325,5868.622,1515.572,2.8121,19.229,0.6476454368791228,0.0,Merge
55714940.878,E1,P501,0.7146133897196276,0.0025,6977.249,1059.189,3.7604,31.736,0.6312693711794488,0.0,Merge
55755745.437,E43,P459,0.025806193806193804,0.0025,2306.225,1059.189,3.8047,9.8582,0.8419254091338654,0.0,Hit+Run
56583908.214,E1,P505,0.7171133897196276,0.0025,6985.376,1059.189,2.6483,22.378,0.9701903948822217,0.0,Hit+Run
56725607.604,E1,P642,0.7171133897196276,0.0025,6985.376,1059.189,3.2465,27.432,0.658197726054528,0.0,Merge
56940161.953,E1,P505,0.7196133897196275,0.0025,6993.484,1059.189,1.0378,8.7801,0.18185705298174396,0.0,Merge
56980538.737,E1,P172,0.7221133897196275,0.0025,7001.573,1059.189,3.0777,26.070,0.6959217592022907,0.0,Merge
57555727.294,E15,P192,0.6419473828411429,0.0025,6732.251,1059.189,1.1167,9.0735,0.6099380141402942,0.0,Merge
57676388.747,E15,P238,0.6444473828411429,0.0025,6740.979,1059.189,2.4686,20.085,0.4305491060299667,0.0,Merge
60467963.377,E1,FRAG0031,0.7246133897196274,0.008721944721944723,7009.644,1606.441,1.2192,10.049,0.15099547292214552,0.0,Merge
61013377.139,E15,P418,0.6469473828411428,0.0025,6749.685,1059.189,2.7938,22.763,0.9380042837391985,0.0,Hit+Run
61826175.196,E1,P193,0.7333353344415722,0.0025,7037.656,1059.189,1.9271,16.413,0.990088491403944,0.0,Hit+Run
62059413.456,E50,P802,0.01841874791874792,0.0025,2061.012,1059.189,3.1135,7.2024,0.1804589896345689,0.0,Merge
62154525.018,E1,P193,0.7333353344415722,0.0025,7037.656,1059.189,1.1981,10.204,0.4847444049301901,0.0,Merge
63323608.967,E1,P304,0.7358353344415721,0.0025,7045.644,1059.189,1.1662,9.9445,0.8732257207075769,0.0,Hit+Run
63454906.741,E15,FRAG0041,0.6469473828411428,0.0063523143523143534,6749.685,1445.343,1.2813,10.220,0.76951903531595,0.0,Merge
63603075.989,E1,P418,0.7358353344415721,0.0025,7045.644,1059.189,2.0218,17.240,0.9941472714795271,0.0,Hit+Run
63694807.847,E1,P418,0.7358353344415721,0.0025,7045.644,1059.189,1.0223,8.7174,0.12987548300021107,0.0,Merge
65475333.55,E1,P304,0.7383353344415721,0.0025,7053.614,1059.189,1.558,13.301,0.13180743708514917,0.0,Merge
66046184.953,E15,P549,0.6532996971934572,0.0025,6771.704,1059.189,1.7554,14.352,0.8292877220956016,0.0,Merge
67646919.098,E1,P332,0.740835334441572,0.0025,7061.566,1059.189,3.3964,29.031,0.6780037641184642,0.0,Merge
69575274.952,E1,P262,0.743335334441572,0.0025,7069.501,1059.189,3.6927,31.601,0.9506661802265381,0.0,Hit+Run
73917311.905,E15,P262,0.6557996971934571,0.0025,6780.331,1059.189,1.7537,14.357,0.6756528427706856,0.0,Merge
80758290.946,E15,P233,0.658299697193457,0.0025,6788.936,1059.189,2.4318,19.935,0.4171218682537337,0.0,Merge
80898531.146,E15,P436,0.660799697193457,0.0025,6797.519,1059.189,2.5397,20.848,0.8901904612837362,0.0,Hit+Run
81910325.125,E15,P419,0.660799697193457,0.0025,6797.519,1059.189,1.3316,10.931,0.7032236436304995,0.0,Merge
84093326.471,E15,P449,0.6632996971934569,0.0025,6806.081,1059.189,2.2581,18.561,0.8372965178689895,0.0,Merge
87936036.905,E15,P402,0.6657996971934569,0.0025,6814.621,1059.189,2.5594,21.066,0.5088153269573904,0.0,Merge
88046317.676,E1,P364,0.743335334441572,0.0025,7069.501,1059.189,2.7592,23.613,0.9822361942620549,0.0,Hit+Run
89284596.084,E1,P436,0.743335334441572,0.0025,7069.501,1059.189,1.8086,15.477,0.627138763664218,0.0,Merge
89562456.785,E1,E50,0.7458353344415719,0.02091874791874792,7077.417,2150.333,1.2702,10.344,0.9560294118777043,0.0,Hit+Run
89621626.826,E1,E50,0.7458353344415719,0.02091874791874792,7077.417,2150.333,1.0436,8.4990,0.7040794224658906,0.0,Merge
91230223.74,E1,P101,0.7667540823603198,0.005,7142.976,1334.495,1.8493,15.764,0.6845989281590473,0.0,Merge
93755682.006,E15,P211,0.6682996971934568,0.0025,6823.139,1059.189,4.4415,36.606,0.917735370879439,0.0,Hit+Run
94978630.242,E15,P258,0.6682996971934568,0.0025,6823.139,1059.189,1.8918,15.591,0.9712309810665258,0.0,Hit+Run
95251622.844,E21,P254,0.43255694305694314,0.0025,5902.123,1059.189,1.8537,13.092,0.7500047883075924,0.0,Merge
95652238.199,E1,P258,0.7717540823603198,0.0025,7158.469,1059.189,1.9712,17.094,0.6710145460438555,0.0,Merge
96003918.21,E1,P575,0.7742540823603198,0.0025,7166.190,1059.189,3.3427,29.021,0.8687024986665068,0.0,Merge
101676504.869,E15,P169,0.6682996971934568,0.0025,6823.139,1059.189,1.3101,10.797,0.8832835054191469,0.0,Hit+Run
102176000.826,E15,P169,0.6682996971934568,0.0025,6823.139,1059.189,1.0914,8.9951,0.5817864014035757,0.0,Merge
103580210.887,E1,P546,0.7767540823603197,0.0025,7173.895,1059.189,3.2411,28.171,0.43977012791474895,0.0,Merge
106760294.124,E1,P211,0.7792540823603197,0.0025,7181.583,1059.189,2.1204,18.451,0.9531262948389695,0.0,Hit+Run
109375658.996,E1,P520,0.7792540823603197,0.0025,7181.583,1059.189,2.8383,24.698,0.5915535603334483,0.0,Merge
113919272.839,E52,P784,0.10000000000000002,0.0025,3622.378,1059.189,1.6571,6.9274,0.5432521172762538,0.0,Merge
114201157.536,E21,P240,0.43505694305694315,0.0025,5913.472,1059.189,2.0978,14.847,0.2772418932740059,0.0,Merge
114414639.974,E15,P211,0.6707996971934568,0.0025,6831.637,1059.189,1.972,16.274,0.45080616131200146,0.0,Merge
116252259.443,E21,FRAG0037,0.43755694305694315,0.006493506493506494,5924.777,1455.973,1.9404,13.446,0.4279373037095918,0.0,Merge
120645967.53,E1,P601,0.7817540823603196,0.0025,7189.255,1059.189,4.8508,42.258,0.32719456257392004,0.0,Merge
124962861.648,E21,P515,0.44405044955044964,0.0025,5953.942,1059.189,2.2372,15.949,0.7995604039505285,0.0,Merge
130491608.825,E1,P513,0.7842540823603196,0.0025,7196.910,1059.189,3.0911,26.958,0.6836807467156277,0.0,Merge
134215313.904,E21,P89,0.44655044955044965,0.005,5965.095,1334.495,1.543,10.842,0.9828249308863267,0.0,Hit+Run
136125071.369,E1,P531,0.7867540823603195,0.0025,7204.549,1059.189,2.4833,21.682,0.8642419096011537,0.0,Merge
138913307.316,E1,P227,0.7892540823603195,0.0025,7212.172,1059.189,3.3123,28.953,0.8170123987328107,0.0,Merge
141629643.396,E15,P313,0.6732996971934567,0.0025,6840.113,1059.189,1.568,12.957,0.9028880104466739,0.0,Hit+Run
141918722.596,E15,P313,0.6732996971934567,0.0025,6840.113,1059.189,1.0115,8.3586,0.11412739980519002,0.0,Merge
173989926.812,E21,P448,0.44655044955044965,0.0025,5965.095,1059.189,2.6334,18.811,0.4879562267810771,0.0,Merge
190027489.957,E1,P296,0.7917540823603194,0.0025,7219.779,1059.189,4.9504,43.320,0.8899398728272256,0.0,Hit+Run
195455703.042,E15,P322,0.6757996971934567,0.0025,6848.569,1059.189,3.3059,27.354,0.583895546616559,0.0,Merge
