time_yr,target,projectile,Mt_Mearth,Mp_Mearth,Rt_km,Rp_km,vimp/vesc,vimp_km/s,b,m_frag_Mearth,Regime
5028.617,E33,P370,0.22638625017024086,0.0025,4756.387,1059.189,1.2646,7.0880,0.2005417706818573,0.0,Merge
9564.311,E42,P311,0.0825,0.0025,3397.388,1059.189,1.583,6.1765,0.7931292902679581,0.0,Hit+Run
25112.072,E33,E10,0.22888625017024086,0.065,4773.831,3137.846,1.143,6.2238,0.5796773029224701,0.009408924408924409,Fragment
98744.035,E42,P115,0.0825,0.0025,3397.388,1059.189,1.8058,7.0458,0.9760887574577983,0.0,Hit+Run
100643.485,E33,P158,0.2844773257613164,0.0025,5132.666,1059.189,1.1246,6.8401,0.9879285856291841,0.0,Hit+Run
127771.562,E33,E23,0.2844773257613164,0.05500000000000001,5132.666,2967.891,1.1172,6.4615,0.7157358660232356,0.0,Hit+Run
159135.637,E19,E43,0.05750000000000001,0.03250000000000001,3012.195,2490.510,1.1605,4.1931,0.9941378896503692,0.0,Hit+Run
224521.707,E23,E13,0.05500000000000001,0.032499999999999994,2967.891,2490.510,1.6215,5.8002,0.38555829293248656,0.015972041292041293,Fragment
228819.974,E53,E52,0.085,0.025,3431.364,2281.955,1.0193,3.9958,0.853078409677842,0.0,Graze+Merge
296739.797,E40,P281,0.024999999999999974,0.0025,2281.955,1059.189,1.3525,3.4666,0.6669358162539323,0.0,Merge
300640.511,E33,P284,0.2844773257613164,0.0025,5132.666,1059.189,1.2533,7.6229,0.7745598845543795,0.0,Merge
492748.407,E9,P196,0.24320847576940569,0.0025,4871.395,1059.189,2.4738,14.226,0.9737722315797267,0.0,Hit+Run
568743.073,E33,P363,0.2869773257613164,0.0025,5147.658,1059.189,1.1837,7.2222,0.7317367419710248,0.0,Merge
614210.641,E9,P196,0.24320847576940569,0.0025,4871.395,1059.189,1.184,6.8087,0.5524750763057985,0.0,Merge
614838.243,E9,P182,0.2457084757694057,0.0025,4888.030,1059.189,1.8839,10.873,0.7342869602114279,0.0,Merge
623087.414,E20,P69,0.030000000000000002,0.0025,2424.939,1059.189,5.302,14.467,0.7504922957492006,0.0,Hit+Run
687690.346,E12,P48,0.13999999999999996,0.0025,4052.315,1059.189,2.083,9.8260,0.9480100902550274,0.0,Hit+Run
713413.738,E20,P18,0.030000000000000002,0.002500000000000014,2424.939,1059.189,3.828,10.445,0.41001113922457,0.0,Merge
744919.657,E33,P155,0.2894773257613164,0.0025,5162.563,1059.189,1.6103,9.8555,0.8279347324402478,0.0,Merge
770960.091,E12,P13,0.13999999999999996,0.0025000000000000022,4052.315,1059.189,3.8186,18.013,0.7509241992720873,0.0,Merge
799852.8,E12,P214,0.14249999999999996,0.0025,4076.293,1059.189,1.3025,6.1834,0.8941601552729045,0.0,Hit+Run
809034.571,E42,P119,0.0825,0.0025,3397.388,1059.189,1.5871,6.1925,0.7560037650506862,0.0,Merge
821026.788,E18,P258,0.025,0.0025,2281.955,1059.189,1.4006,3.5899,0.7138569535572044,0.0,Hit+Run
837906.228,P15,P48,0.0025000000000000022,0.0025,1059.189,1059.189,4.0501,5.5591,0.3148000000000001,0.0,Merge
839734.441,E20,P83,0.032500000000000015,0.0025,2490.510,1059.189,2.7999,7.8548,0.6586026395545085,0.0,Merge
844083.603,E23,P156,0.07152797202797202,0.0025,3239.558,1059.189,1.1671,4.3270,0.8873699313783071,0.0,Hit+Run
854763.227,E33,P84,0.2919773257613164,0.0025,5177.382,1059.189,1.0243,6.2883,0.6134087143000339,0.0,Merge
930654.65,E25,P574,0.03250000000000001,0.0025,2490.510,1059.189,2.1473,6.0240,0.7235016958651423,0.0,Hit+Run
940858.03,E9,E8,0.2482084757694057,0.07250000000000001,4904.552,3254.167,1.1384,6.3767,0.4464083644865619,0.01645021645021645,Fragment
970491.886,E9,P104,0.30425825931918926,0.0025,5248.976,1059.189,1.2738,7.9360,0.6664226969829294,0.0,Merge
1139137.312,E19,P326,0.05750000000000001,0.0025000000000000022,3012.195,1059.189,1.6462,5.6460,0.3887887134870903,0.0,Merge
1195599.942,E9,P15,0.30675825931918926,0.005000000000000003,5263.313,1334.495,1.1641,7.1491,0.9556086163048282,0.0,Hit+Run
1207856.22,E97,P690,0.025,0.0025,2281.955,1059.189,2.8085,7.1986,0.9480528484813963,0.0,Hit+Run
1211454.056,E12,P142,0.14249999999999996,0.0025000000000000022,4076.293,1059.189,1.9853,9.4249,0.7640644167471796,0.0,Merge
1269534.228,E9,P15,0.30675825931918926,0.005000000000000003,5263.313,1334.495,1.0189,6.2574,0.9187531875768181,0.0,Graze+Merge
1318950.575,E53,P473,0.11000000000000001,0.0025,3739.309,1059.189,1.3255,5.7340,0.7925139506448562,0.0,Hit+Run
1354429.203,E33,P345,0.2944773257613164,0.0025,5192.117,1059.189,1.2056,7.4239,0.4001662354644802,0.0,Merge
1360124.242,NEPTUNE,K689,16.00942390942391,0.02,19669.15,2118.379,1.0,24.233,0.5283016036651703,0.0,Perfect
1387371.885,E64,P895,0.027500000000000004,0.0025,2355.617,1059.189,2.8937,7.6628,0.5548947371253918,0.0,Merge
1438153.529,E37,P517,0.025,0.0025,2281.955,1059.189,3.9714,10.179,0.5868898585837214,0.0,Merge
1449737.067,E9,P46,0.31175825931918927,0.0025,5291.756,1059.189,1.647,10.350,0.5366791186117844,0.0,Merge
1488534.222,E9,P20,0.31425825931918927,0.0025,5305.863,1059.189,1.2901,8.1309,0.7517340990723413,0.0,Merge
1551598.79,E31,E38,0.027500000000000004,0.024999999999999974,2355.617,2281.955,1.4455,4.3451,0.9552862316437263,0.0,Hit+Run
1618573.294,E12,P214,0.14499999999999996,0.0025,4099.993,1059.189,1.7666,8.4391,0.6998906580728992,0.0,Merge
1623182.817,E67,E49,0.076860286037426,0.06,3318.138,3055.232,1.1347,4.6977,0.43628404433792667,0.011750249750249752,Fragment
1663259.837,P26,P275,0.0025,0.0025,1059.189,1059.189,3.2172,4.4158,0.17965,0.0,Merge
1671924.724,E35,E40,0.030000000000000002,0.027499999999999972,2424.939,2355.617,1.4317,4.4361,0.8571517932107054,0.0,Hit+Run
1704961.472,E19,P317,0.06000000000000001,0.0025000000000000022,3055.232,1059.189,1.0009,3.4852,0.9429110101882985,0.0,Graze+Merge
1761750.385,E42,E32,0.085,0.03250000000000001,3431.364,2490.510,1.0294,4.0966,0.2860110337770519,0.008015984015984016,Fragment
1780470.392,E33,E23,0.2969773257613164,0.07152797202797202,5206.768,3239.558,0.9977,5.8876,0.6477694301101806,0.0,Perfect
1812972.514,P11,P100,0.0025000000000000022,0.0025,1059.189,1059.189,11.532,15.829,0.45220000000000005,0.0,Merge
1844199.269,E9,FRAG0005,0.3167582593191893,0.008225108225108226,5319.896,1575.340,1.179,7.2314,0.2113226383603098,0.0,Merge
1869254.49,E9,P17,0.3249833675442975,0.0025,5365.549,1059.189,2.2379,14.274,0.892596407315881,0.0,Hit+Run
1959897.568,E9,P17,0.3249833675442975,0.0025,5365.549,1059.189,1.2665,8.0784,0.398110691773466,0.0,Merge
1970989.067,E12,P129,0.14749999999999996,0.0025,4123.422,1059.189,1.1415,5.4866,0.8412156397969072,0.0,Hit+Run
1986230.639,URANUS,K883,15.92942390942391,0.02,19636.34,2118.379,1.0033,24.270,0.8991943806528041,0.0,Merge
2068997.966,E33,P327,0.3685052977892884,0.0025000000000000022,5595.107,1059.189,1.2813,8.5476,0.9879707576192335,0.0,Hit+Run
2085679.763,E9,FRAG1004,0.3274833675442975,0.009291524230594263,5379.273,1640.676,1.167,7.2215,0.8465136835790468,0.0,Hit+Run
2262571.694,P26,P109,0.005,0.0025,1334.495,1059.189,7.5749,11.979,0.6793218724912173,0.0,Graze+Frag
2302341.834,P26,P81,0.007499833499833501,0.0025,1527.604,1059.189,4.9299,8.6598,0.7676424877259603,0.0,Hit+Run
2610814.204,E33,P247,0.3685052977892884,0.0025,5595.107,1059.189,1.1529,7.6910,0.7823887574167632,0.0,Merge
2654854.958,E4,P338,0.027500000000000004,0.0025000000000000022,2355.617,1059.189,4.7265,12.516,0.5962842003619948,0.0,Merge
2721260.904,E5,P96,0.047500000000000035,0.0025,2826.344,1059.189,3.3792,10.830,0.880083334362658,0.0,Hit+Run
2767102.192,E34,P86,0.0625,0.0025,3097.090,1059.189,2.7846,9.8383,0.9565608060307492,0.0,Hit+Run
2768574.564,P25,P86,0.0024999999999999905,0.0025,1059.189,1059.189,4.6885,6.4353,0.3013499999999998,0.0,Merge
2799882.732,E9,P319,0.3274833675442975,0.002500000000000014,5379.273,1059.189,1.917,12.261,0.9955701828695257,0.0,Hit+Run
2810407.08,P12,P145,0.0025000000000000022,0.0025,1059.189,1059.189,18.996,26.074,0.8877000000000002,0.0,Graze+Frag
2899862.898,E9,P40,0.3274833675442975,0.0025000000000000022,5379.273,1059.189,2.526,16.156,0.8671553313194704,0.0,Hit+Run
2916472.703,E63,P340,0.025,0.0025,2281.955,1059.189,1.801,4.6162,0.8410972429254662,0.0,Hit+Run
2963765.285,E57,P124,0.027500000000000004,0.0025,2355.617,1059.189,3.1479,8.3359,0.26758287982463885,0.0,Merge
3064143.426,E12,E20,0.14749999999999996,0.03500000000000002,4123.422,2552.798,1.6553,7.7321,0.7811144283941147,0.00785980685980686,Hit+Run+Frag
3109226.971,E12,P107,0.1475,0.0025,4123.422,1059.189,1.1412,5.4851,0.7116876854235633,0.0,Merge
3124128.954,E55,E5,0.052500000000000005,0.047500000000000035,2922.224,2826.344,2.0046,7.4697,0.4810416828180525,0.02422910422910423,Fragment
3131936.944,E31,P187,0.027500000000000004,0.0025,2355.617,1059.189,4.7177,12.492,0.2533035150080108,0.0073896103896103895,Fragment
3192411.5,E12,FRAG0009,0.15,0.00785980685980686,4146.588,1551.664,1.1146,5.2413,0.5456254897315954,0.0,Merge
3192525.905,E33,E34,0.3710052977892884,0.0625,5607.731,3097.090,1.1067,6.9775,0.7119162610438009,0.0,Hit+Run
3197378.867,P26,P144,0.007499833499833501,0.0025,1527.604,1059.189,9.8013,17.216,0.3845594184222981,0.00991964701964702,Fragment
3239802.042,E55,P255,0.0757708957708958,0.0025000000000000022,3302.387,1059.189,2.9429,11.138,0.8803433845805942,0.0,Hit+Run
3308112.782,E12,P157,0.15785980685980686,0.0025000000000000022,4217.784,1059.189,5.7577,28.357,0.8286943549601515,0.0,Hit+Run
3380691.145,E40,P333,0.027499999999999972,0.0025000000000000022,2355.617,1059.189,4.7805,12.659,0.887735003986408,0.0,Hit+Run
3440818.212,E33,P333,0.3710052977892884,0.0025000000000000022,5607.731,1059.189,1.1758,7.8627,0.2801795974099251,0.0,Merge
3441765.624,E42,P334,0.109484015984016,0.0025,3733.453,1059.189,1.3399,5.7865,0.6429838906550788,0.0,Merge
3582257.419,E33,P103,0.3735052977892884,0.0025,5620.299,1059.189,1.275,8.5465,0.9633492041322382,0.0,Hit+Run
3587315.198,E12,P53,0.15785980685980686,0.0025,4217.784,1059.189,2.7456,13.522,0.8252574474308995,0.0,Hit+Run
3616894.623,E33,P344,0.3735052977892884,0.0025,5620.299,1059.189,1.1481,7.6959,0.9837958681731268,0.0,Hit+Run
3637312.675,E33,P103,0.3735052977892884,0.0025,5620.299,1059.189,1.033,6.9244,0.9578799318579265,0.0,Hit+Run
3638023.156,E40,P208,0.027499999999999972,0.0025,2355.617,1059.189,5.0376,13.340,0.9437487442332778,0.0,Hit+Run
3694087.644,E43,P561,0.03250000000000001,0.0025,2490.510,1059.189,3.4948,9.8043,0.9988140169061449,0.0,Hit+Run
3975005.577,P53,FRAG0011,0.0025,0.0060572760572760575,1059.189,1422.611,6.4371,10.679,0.9896664419765483,0.0,Hit+Run
4013349.82,E12,P218,0.15785980685980686,0.0025000000000000022,4217.784,1059.189,2.2061,10.865,0.8423620569950847,0.0,Hit+Run
4031322.226,E9,P154,0.3274833675442975,0.0025,5379.273,1059.189,2.0242,12.946,0.26150844850466737,0.0,Merge
4034494.626,E9,P177,0.3299833675442975,0.0025,5392.926,1059.189,1.8392,11.795,0.46689931916741806,0.0,Merge
4085301.676,E31,P120,0.022610389610389612,0.0025,2206.801,1059.189,6.9221,17.148,0.7511658039244378,0.0,Graze+Frag
4210672.676,E63,P375,0.025,0.0025,2281.955,1059.189,8.316,21.315,0.9362371909072099,0.0,Hit+Run
4237872.637,E12,P57,0.15785980685980686,0.0025000000000000022,4217.784,1059.189,3.4298,16.892,0.45878719111412714,0.0,Merge
4295064.434,P34,FRAG0004,0.0024999999999999905,0.008225108225108226,1059.189,1575.340,14.929,26.912,0.9075680093324445,0.0,Hit+Run
4337023.068,E33,P293,0.3735052977892884,0.0025,5620.299,1059.189,1.1001,7.3741,0.6929147258301146,0.0,Merge
4370931.034,E9,P260,0.3324833675442975,0.0025000000000000022,5406.511,1059.189,1.9498,12.538,0.819125157179817,0.0,Merge
4503766.551,E46,P248,0.037500000000000006,0.0025,2612.187,1059.189,1.3995,4.1271,0.9823689197337431,0.0,Hit+Run
4533391.706,E4,P205,0.030000000000000006,0.0025,2424.939,1059.189,3.5305,9.6335,0.3473715151705704,0.0,Merge
4769624.868,E9,P176,0.33498336754429753,0.0025,5420.028,1059.189,2.2374,14.426,0.7823182290542711,0.0,Merge
4815583.852,E33,P11,0.37600529778928843,0.005000000000000003,5632.810,1334.495,1.1092,7.3282,0.7508197598293664,0.0,Merge
4987458.026,E12,P149,0.16035980685980686,0.0025,4239.933,1059.189,3.8022,18.832,0.36309435346685126,0.0,Merge
5382896.69,E29,E31,0.027500000000000004,0.02511055611055611,2355.617,2285.314,1.5712,4.7263,0.8672413253073604,0.0,Hit+Run
5478944.164,E29,P344,0.027500000000000004,0.0025,2355.617,1059.189,3.6883,9.7669,0.6742343561242641,0.0,Merge
5523816.509,E33,P256,0.38100529778928843,0.0025,5657.668,1059.189,1.5714,10.608,0.9561046455222008,0.0,Hit+Run
5676985.815,E33,P256,0.38100529778928843,0.0025,5657.668,1059.189,1.0178,6.8710,0.7339878320042691,0.0,Merge
5712211.472,E55,P244,0.0757708957708958,0.0025,3302.387,1059.189,1.6938,6.4105,0.7965263959566399,0.0,Hit+Run
5740816.138,E55,E22,0.0757708957708958,0.030000000000000002,3302.387,2424.939,1.2496,4.7977,0.21057499155925996,0.011569763569763572,Fragment
5894787.874,E45,P459,0.027500000000000004,0.0025,2355.617,1059.189,2.7492,7.2801,0.7897109585543866,0.0,Hit+Run
5969829.545,E9,P67,0.33748336754429753,0.0025,5433.478,1059.189,2.0669,13.362,0.15163970242167674,0.0,Merge
5992343.055,E9,P40,0.33998336754429753,0.0025000000000000022,5446.862,1059.189,1.7783,11.527,0.41633920651590933,0.0,Merge
5997085.737,E9,P81,0.34248336754429753,0.0025,5460.180,1059.189,1.9618,12.749,0.907717040263061,0.0,Hit+Run
6010308.484,E89,P342,0.025,0.0025,2281.955,1059.189,2.9313,7.5133,0.8137095048488838,0.0,Hit+Run
6131224.775,E9,P81,0.34248336754429753,0.0025,5460.180,1059.189,1.0874,7.0671,0.45251846914018434,0.0,Merge
6189158.693,E57,P301,0.030000000000000002,0.0025,2424.939,1059.189,4.1065,11.205,0.48413469435513673,0.0,Merge
6219424.629,E9,P283,0.34498336754429754,0.0025,5473.434,1059.189,2.5116,16.365,0.7836518508553505,0.0,Merge
6225629.653,E20,P208,0.027140193140193142,0.0025,2345.298,1059.189,2.3158,6.1048,0.9693290631402681,0.0,Hit+Run
6259896.729,E12,P61,0.16285980685980686,0.0025,4261.853,1059.189,1.5905,7.9215,0.28161162074993823,0.0,Merge
6724955.588,P12,P357,0.005,0.0025,1334.495,1059.189,12.353,19.536,0.3066286662865569,0.0,Fragment
6892967.821,E34,P26,0.0625,0.01,3097.090,1681.359,2.0349,7.0815,0.9617705922530699,0.0,Hit+Run
6934646.666,E12,P133,0.16535980685980686,0.0025,4283.549,1059.189,3.4408,17.230,0.9346819462545769,0.0,Hit+Run
7022998.825,E4,P482,0.03250000000000001,0.0025,2490.510,1059.189,2.6108,7.3243,0.9250746567088733,0.0,Hit+Run
7290845.332,P49,P420,0.0024999999999999905,0.0025,1059.189,1059.189,12.285,16.862,0.3641999999999998,0.0,Merge
7302793.071,E9,E20,0.34748336754429754,0.027140193140193142,5486.623,2345.298,1.4664,9.0609,0.9276633267518936,0.0,Hit+Run
7311089.038,P12,P212,0.0075001665001665,0.0025000000000000022,1527.627,1059.189,3.4388,6.0406,0.4713716030979573,0.0,Merge
7324660.374,E29,FRAG0015,0.030000000000000002,0.005784881784881786,2424.939,1400.958,3.8016,10.387,0.757924684727143,0.0,Hit+Run
7358376.433,P53,P82,0.0025,0.0025000000000000022,1059.189,1059.189,1.0063,1.3812,0.6908999999999998,0.0,Graze+Merge
7424047.96,E9,P220,0.34748336754429754,0.0025,5486.623,1059.189,2.8511,18.625,0.8091868835011994,0.0,Merge
7495091.198,E9,P216,0.34998336754429754,0.0025,5499.750,1059.189,1.7007,11.138,0.6063280511034139,0.0,Merge
7526421.141,E33,FRAG0016,0.38350529778928844,0.005784881784881786,5670.016,1400.958,1.4984,9.9330,0.4188177009674695,0.0,Merge
7727792.011,E9,P163,0.35248336754429754,0.0025000000000000022,5512.814,1059.189,2.7617,18.133,0.2930043837097919,0.0,Merge
7769101.122,E40,P523,0.027499999999999972,0.0025,2355.617,1059.189,12.710,33.659,0.9445075510592821,0.0,Hit+Run
7824174.915,E55,E20,0.09420113220113223,0.027140193140193142,3550.960,2345.298,1.28,5.1878,0.6902870069467414,0.0,Hit+Run
7888877.955,E4,P320,0.03250000000000001,0.0025,2490.510,1059.189,4.3229,12.127,0.8938529485378117,0.0,Hit+Run
7943276.078,E9,P69,0.35498336754429755,0.0025,5525.817,1059.189,1.5431,10.157,0.6354892674781272,0.0,Merge
8058673.375,E33,P278,0.3892901795741702,0.0025,5698.383,1059.189,1.2859,8.7477,0.8319591616475461,0.0,Merge
8138139.902,E55,P373,0.09420113220113223,0.0025000000000000022,3550.960,1059.189,1.3325,5.4523,0.6817467786433572,0.0,Merge
8143964.765,E20,P50,0.027140193140193142,0.0025000000000000022,2345.298,1059.189,6.9202,18.242,0.8297611090558259,0.0,Hit+Run
8161870.597,E31,P164,0.02511055611055611,0.0025000000000000022,2285.314,1059.189,4.8139,12.357,0.1546317766641333,0.008172860472860472,Fragment
8181068.553,E4,P330,0.03250000000000001,0.0025,2490.510,1059.189,5.9358,16.652,0.32470576497904174,0.01042024642024642,Fragment
8285491.695,E12,E55,0.16535980685980686,0.09670113220113223,4283.549,3582.100,1.3683,7.0562,0.7391712573334239,0.006773772893772894,Hit+Run
8351019.47,E12,E55,0.16535980685980686,0.09670113220113223,4283.549,3582.100,1.014,5.2291,0.5378365385268471,0.0121991341991342,Fragment
8465839.103,E33,P320,0.3917901795741702,0.0025,5710.555,1059.189,1.2065,8.2263,0.6435371660896245,0.0,Merge
8610627.304,E9,P12,0.35748336754429755,0.010000166500166503,5538.758,1681.368,1.2035,7.6709,0.9751725775736916,0.0,Hit+Run
8610664.197,E9,P12,0.35748336754429755,0.010000166500166503,5538.758,1681.368,1.0491,6.6868,0.592759479775953,0.0,Merge
8629001.208,P64,FRAG0002,0.0025,0.007986013986013986,1059.189,1559.925,10.391,18.575,0.6688091232574164,0.0,Graze+Frag
8632063.276,E45,P358,0.027500000000000004,0.0025,2355.617,1059.189,1.9459,5.1529,0.8809057425523686,0.0,Hit+Run
8744176.327,E12,P255,0.24986180486180487,0.0025000000000000022,4915.418,1059.189,1.2117,7.0357,0.9805976901571768,0.0,Hit+Run
8902798.906,E12,P64,0.24986180486180487,0.010485847485847485,4915.418,1708.159,1.3591,7.6127,0.5835205144753336,0.0,Merge
9073613.068,E9,P157,0.36748353404446404,0.0025000000000000022,5589.931,1059.189,1.6296,10.860,0.37528949226312236,0.0,Merge
9093219.166,E67,P228,0.12511003628717626,0.0025,3903.233,1059.189,2.2035,9.9831,0.38321102801375856,0.0,Merge
9109781.752,P25,P94,0.0049999999999999906,0.0025,1334.495,1059.189,10.540,16.668,0.9847797747792252,0.0,Hit+Run
9149208.871,E34,P224,0.0625,0.0025000000000000022,3097.090,1059.189,1.6021,5.6604,0.5808515605678655,0.0,Merge
9407945.617,E33,FRAG0004,0.39429017957417023,0.008225108225108226,5722.676,1575.340,1.3309,8.8306,0.5777553123229968,0.0,Merge
9706742.165,E33,E20,0.4025152877992785,0.027140193140193142,5762.195,2345.298,1.1209,7.2902,0.906315992007069,0.0,Hit+Run
9941790.293,E40,P375,0.027499999999999972,0.0025,2355.617,1059.189,2.8794,7.6249,0.7558405811390997,0.0,Hit+Run
10145510.006,E34,E38,0.065,0.024999999999999974,3137.846,2281.955,1.4779,5.3806,0.8819291239308105,0.0,Hit+Run
10192519.554,E60,P593,0.030000000000000002,0.0025,2424.939,1059.189,1.9692,5.3733,0.8316454086902716,0.0,Hit+Run
10382042.568,E19,P557,0.06250000000000001,0.0025000000000000022,3097.090,1059.189,2.5167,8.8918,0.4237720108979411,0.0,Merge
10489595.286,E12,P122,0.26034765234765234,0.0025,4983.239,1059.189,2.6059,15.355,0.5649249285731298,0.0,Merge
10592616.059,E12,P404,0.26284765234765234,0.0025,4999.139,1059.189,2.9915,17.687,0.820051929553976,0.0,Merge
10635329.328,E33,P134,0.4025152877992785,0.0025,5762.195,1059.189,1.201,8.2679,0.6919987977187698,0.0,Merge
10858540.481,E33,P379,0.4050152877992785,0.0025000000000000022,5774.100,1059.189,1.8182,12.544,0.5960599064734124,0.0,Merge
10876691.911,E9,P99,0.36998353404446405,0.0025,5602.578,1059.189,2.0319,13.574,0.515788181161489,0.0,Merge
11166197.269,E60,P431,0.030000000000000002,0.0025,2424.939,1059.189,6.3082,17.213,0.46409001465785676,0.011782883782883783,Fragment
11496220.381,E9,P138,0.37248353404446405,0.0025000000000000022,5615.169,1059.189,2.4736,16.564,0.9033929119312243,0.0,Hit+Run
11657688.477,E38,FRAG0018,0.024999999999999974,0.01042024642024642,2281.955,1704.589,1.6803,4.4747,0.5541543042638801,0.0,Merge
11773487.183,E70,P184,0.025,0.0025,2281.955,1059.189,1.8144,4.6506,0.7834532256271232,0.0,Hit+Run
11948500.774,E40,P254,0.027499999999999972,0.0025,2355.617,1059.189,4.853,12.851,0.7718445069239196,0.0,Hit+Run
12073672.162,E29,FRAG0017,0.030000000000000002,0.008172827172827173,2424.939,1571.995,2.5195,6.9564,0.3956895959398028,0.010109250749250748,Fragment
12121292.729,E40,P91,0.027499999999999972,0.0025,2355.617,1059.189,3.3109,8.7676,0.5428228103480494,0.0,Merge
12138092.392,E33,P167,0.4075152877992785,0.0025,5785.956,1059.189,3.0533,21.112,0.35467281134025047,0.0,Merge
12234449.935,E33,E40,0.4100152877992785,0.02999999999999997,5797.764,2424.939,1.0844,7.0871,0.6230899548930828,0.0,Merge
12237442.963,P53,P44,0.005000000000000003,0.0025000000000000022,1334.495,1059.189,6.3515,10.044,0.6416901725378671,0.0,Graze+Frag
12286966.601,E9,P49,0.37248353404446405,0.0049999999999999906,5615.169,1334.495,1.3924,9.1682,0.32779626075400037,0.0,Merge
12655941.372,E42,P424,0.111984015984016,0.0025,3761.657,1059.189,1.7699,7.7057,0.42627223854285046,0.0,Merge
12698416.801,E33,P26,0.44001528779927845,0.01,5935.852,1681.359,1.0478,7.1953,0.6169468030503804,0.0,Merge
13299076.634,E9,P190,0.37748353404446405,0.0025000000000000022,5640.182,1059.189,2.371,15.953,0.921035480055536,0.0,Hit+Run
13404568.021,E9,P190,0.37748353404446405,0.0025000000000000022,5640.182,1059.189,1.0339,6.9566,0.4454477810762194,0.0,Merge
13465922.171,P78,P181,0.0025000000000000022,0.0025,1059.189,1059.189,11.426,15.684,0.7816000000000001,0.0,Graze+Frag
13558314.124,E12,P500,0.26534765234765234,0.0025,5014.938,1059.189,2.472,14.665,0.5129593980849035,0.0,Merge
13748639.533,E9,P121,0.37998353404446406,0.0025,5652.606,1059.189,2.4304,16.391,0.9795509620590068,0.0,Hit+Run
13786710.476,E9,P121,0.37998353404446406,0.0025,5652.606,1059.189,1.0589,7.1416,0.3389813964652655,0.0,Merge
13892783.503,E33,P78,0.45001528779927846,0.005,5980.483,1334.495,1.5126,10.658,0.7244458552475583,0.0,Merge
14105521.572,E67,P410,0.12761003628717627,0.0025,3929.061,1059.189,1.6476,7.5177,0.8288578450412314,0.0,Hit+Run
14115454.489,E4,P129,0.024579753579753588,0.0025,2269.096,1059.189,1.0634,2.7099,0.8896302021820385,0.0,Hit+Run
14465210.469,E9,P481,0.38248353404446406,0.0025000000000000022,5664.976,1059.189,4.1313,27.928,0.8701977019325551,0.0,Hit+Run
14544799.764,P53,P198,0.007499833499833501,0.0025,1527.604,1059.189,9.8312,17.269,0.9696070471553614,0.0,Hit+Run
14750961.621,E9,P133,0.38248353404446406,0.0025,5664.976,1059.189,1.2367,8.3603,0.8799704711671543,0.0,Hit+Run
14773431.544,E12,P129,0.26784765234765234,0.0025,5030.638,1059.189,1.2399,7.3807,0.08872016405612158,0.0,Merge
14822946.779,E63,P319,0.025,0.002500000000000014,2281.955,1059.189,9.4489,24.219,0.6404359599603809,0.01551981351981352,Fragment
14871682.981,E34,P395,0.065,0.0025,3137.846,1059.189,1.9691,7.0551,0.939850473868543,0.0,Hit+Run
14944399.935,E12,P523,0.27034765234765235,0.0025,5046.241,1059.189,2.4349,14.542,0.9566105201538728,0.0,Hit+Run
15059773.116,P50,P59,0.0025000000000000022,0.0025,1059.189,1059.189,7.3813,10.131,0.43090000000000006,0.0,Merge
15100306.988,E20,P254,0.027140193140193142,0.0025,2345.298,1059.189,5.0184,13.229,0.890520702097523,0.0,Hit+Run
15370438.378,E29,P310,0.028063603063603067,0.0025,2371.601,1059.189,5.2712,14.056,0.6888500310732469,0.0,Merge
15680419.685,P76,P559,0.0025,0.0025,1059.189,1059.189,21.561,29.594,0.26875,0.0,Merge
16094297.217,E9,P118,0.38248353404446406,0.0025000000000000022,5664.976,1059.189,3.2966,22.285,0.14145240986976085,0.0,Merge
16274128.019,E67,E25,0.12761003628717627,0.03250000000000001,3929.061,2490.510,2.027,9.0441,0.810958530729436,0.009921078921078921,Hit+Run+Frag
16335573.861,E20,P523,0.027140193140193142,0.0025,2345.298,1059.189,5.1596,13.601,0.5780427950259391,0.006046953046953047,Fragment
16597745.235,E33,P481,0.45501528779927847,0.0025000000000000022,6002.550,1059.189,1.8797,13.517,0.5424764313438742,0.0,Merge
16606072.605,E9,P156,0.38498353404446406,0.0025,5677.292,1059.189,2.1465,14.544,0.5159426226013157,0.0,Merge
16729191.594,E9,E20,0.38748353404446406,0.023593240093240094,5689.554,2238.324,1.0726,6.9004,0.42119708861370514,0.0,Merge
16729744.518,E29,P206,0.030563603063603065,0.0025,2440.031,1059.189,5.1564,14.160,0.5810658691467905,0.005735597735597736,Fragment
16835393.837,P53,P126,0.007499833499833501,0.0025,1527.604,1059.189,11.798,20.724,0.7259503886156805,0.009552600732600733,Graze+Frag
16930465.763,E33,P612,0.45751528779927847,0.0025000000000000022,6013.524,1059.189,1.7536,12.635,0.6484801721942351,0.0,Merge
17032585.105,E33,E29,0.46001528779927847,0.027328005328005327,6024.457,2350.696,1.1453,7.8054,0.3133379741889945,0.0,Merge
17161832.96,E33,P352,0.4873432931272838,0.0025,6141.467,1059.189,2.4242,17.863,0.6211697812642982,0.0,Merge
17185803.851,E33,FRAG0012,0.4898432931272838,0.0060572760572760575,6151.951,1422.611,1.7108,12.367,0.2748436310176178,0.0,Merge
17203269.062,E67,P236,0.12761020278734275,0.0025,3929.062,1059.189,2.5206,11.501,0.9187302857907121,0.0,Hit+Run
17409352.305,E33,P244,0.4959005691845599,0.0025,6177.205,1059.189,1.0578,7.8431,0.6023214503384339,0.0,Merge
17641215.975,E67,FRAG0011,0.12761020278734275,0.0060572760572760575,3929.062,1422.611,2.0102,8.9756,0.8731537438683679,0.0,Hit+Run
17865261.553,E12,P208,0.27034765234765235,0.0025,5046.241,1059.189,2.674,15.970,0.6368311783122161,0.0,Merge
18079357.177,E57,P174,0.0325,0.0025,2490.510,1059.189,3.26,9.1456,0.7864362402009678,0.0,Hit+Run
18279289.34,P35,P276,0.0025000000000000022,0.0025,1059.189,1059.189,15.260,20.946,0.4326,0.0,Merge
18312798.443,E9,P35,0.41107677413770416,0.005000000000000003,5802.763,1334.495,2.5409,17.332,0.5801739623389653,0.0,Merge
18588672.321,E9,P130,0.41607677413770416,0.0025,5826.194,1059.189,1.006,7.0077,0.7980213924598482,0.0,Merge
18732478.245,E34,P148,0.065,0.0025,3137.846,1059.189,4.1074,14.716,0.9814936775870043,0.0,Hit+Run
19166782.897,E67,E19,0.12761020278734275,0.06500000000000002,3929.062,3137.846,1.06,4.9441,0.2292307205580637,0.017545807525807526,Fragment
19192139.374,E12,P168,0.27284765234765235,0.0025,5061.748,1059.189,1.8665,11.184,0.9423993882117988,0.0,Hit+Run
19398480.222,E33,P436,0.4984005691845599,0.0025,6187.568,1059.189,1.4215,10.558,0.7321673593176701,0.0,Merge
19568179.883,E12,P133,0.27284765234765235,0.0025,5061.748,1059.189,1.2391,7.4249,0.47268821542810124,0.0,Merge
19632525.093,E33,P243,0.5009005691845598,0.0025,6197.897,1059.189,1.9211,14.294,0.7302106169471394,0.0,Merge
19673084.824,E33,P462,0.5034005691845598,0.0025,6208.191,1059.189,2.098,15.638,0.9738498392772912,0.0,Hit+Run
19751819.214,E12,P139,0.27534765234765235,0.0025,5077.161,1059.189,3.4958,21.016,0.6624091732803886,0.0,Merge
19852548.592,E33,P168,0.5034005691845598,0.0025,6208.191,1059.189,1.3325,9.9327,0.4289210564044982,0.0,Merge
19882689.745,E33,P462,0.5059005691845597,0.0025,6218.451,1059.189,1.036,7.7361,0.9919422883019836,0.0,Hit+Run
20323443.608,E12,E45,0.27784765234765235,0.027500000000000004,5092.481,2355.617,1.3178,7.5384,0.359231229772066,0.0067107559107559105,Fragment
20337946.12,E33,E35,0.5059005691845597,0.030000000000000002,6218.451,2424.939,1.0738,7.5540,0.9307470299423798,0.0,Hit+Run
20362085.347,URANUS,K474,15.94942390942391,0.02,19644.55,2118.379,1.0001,24.203,0.8438076042585011,0.0,Merge
20717926.553,E38,FRAG0023,0.035420246420246396,0.010109224109224109,2562.975,1687.458,1.6806,4.9141,0.45960006510109985,0.0,Merge
20745513.075,E9,FRAG0027,0.41857677413770417,0.006046953046953047,5837.840,1421.802,1.7716,12.105,0.8930083144510553,0.0,Hit+Run
20763185.684,E33,P286,0.5059005691845597,0.0025,6218.451,1059.189,2.1574,16.110,0.6822006400037072,0.0,Merge
20801869.957,E12,P76,0.29863702963702965,0.005,5216.450,1334.495,2.0024,12.179,0.8181875802068337,0.0,Hit+Run
21354136.735,P25,P566,0.0049999999999999906,0.0025,1334.495,1059.189,9.5922,15.169,0.4253775861393506,0.007449823509823509,Fragment
21496655.589,E33,E35,0.5084005691845597,0.030000000000000002,6228.677,2424.939,1.0408,7.3346,0.5766856069079679,0.0,Merge
21852674.799,E9,P339,0.41857677413770417,0.0025,5837.840,1059.189,1.2182,8.5040,0.8608173951424525,0.0,Hit+Run
22052532.383,E9,P339,0.41857677413770417,0.0025,5837.840,1059.189,1.158,8.0837,0.9054241569163044,0.0,Hit+Run
22138042.889,E57,P693,0.0325,0.0025000000000000022,2490.510,1059.189,2.3181,6.5032,0.5001086198726469,0.0,Merge
22253957.593,E9,P160,0.41857677413770417,0.0025000000000000022,5837.840,1059.189,2.9065,20.289,0.37454444183926766,0.0,Merge
22270264.347,E33,P53,0.5384005691845597,0.01,6348.859,1681.359,1.6851,12.441,0.05415753708367789,0.0,Merge
22459743.705,P76,P223,0.005,0.0025,1334.495,1059.189,6.8167,10.780,0.2495957343572573,0.0,Fragment
23104423.242,E33,P106,0.5484005691845597,0.0025,6387.925,1059.189,2.6097,20.053,0.7072328287578976,0.0,Merge
23170147.948,E12,P395,0.29863702963702965,0.0025,5216.450,1059.189,2.7361,16.933,0.7595706704607486,0.0,Merge
23286379.839,P75,P409,0.0025,0.0025,1059.189,1059.189,8.1799,11.227,0.2579,0.0,Merge
23547456.109,E12,FRAG0019,0.30113702963702965,0.0060995670995671,5230.966,1425.914,2.4247,14.716,0.8089794341846107,0.0,Hit+Run
23689656.712,P127,P386,0.002500000000000014,0.0025,1059.189,1059.189,13.083,17.958,0.5941000000000005,0.0,Graze+Frag
23974429.964,E12,P105,0.30113702963702965,0.0025000000000000022,5230.966,1059.189,3.0704,19.058,0.8980572564485159,0.0,Hit+Run
24036750.967,E34,E4,0.065,0.024579753579753588,3137.846,2269.096,1.4232,5.1755,0.8523981876347068,0.0,Hit+Run
24103642.698,E42,P114,0.114484015984016,0.0025,3789.443,1059.189,2.4955,10.951,0.6413389290788541,0.0,Merge
24193198.268,P50,P137,0.005000000000000003,0.0025,1334.495,1059.189,8.516,13.467,0.4297261381339601,0.0,Fragment
24349829.525,E9,P76,0.42107677413770417,0.007499833499833501,5849.439,1527.604,1.6577,11.288,0.48289104430734014,0.0,Merge
25416782.687,E9,P494,0.4285766076375377,0.0025,5883.964,1059.189,3.2245,22.699,0.06186372568849763,0.0,Merge
25625143.17,E42,P360,0.116984015984016,0.0025,3816.828,1059.189,1.7296,7.6493,0.6839110984341845,0.0,Merge
25635917.068,E33,E4,0.5509005691845597,0.024579753579753588,6397.617,2269.096,1.0281,7.4848,0.971522081116731,0.0,Hit+Run
25653772.294,E12,P161,0.30113702963702965,0.0025,5230.966,1059.189,2.8845,17.905,0.5886977792757702,0.0,Merge
25774520.767,E33,FRAG0031,0.5509005691845597,0.0058484848484848485,6397.617,1406.074,1.1586,8.7432,0.8364616603517245,0.0,Hit+Run
25823054.08,E9,FRAG0032,0.4310766076375377,0.006710622710622711,5895.382,1472.023,1.5963,10.993,0.8442887470465287,0.0,Hit+Run
25919116.879,E9,P462,0.4310766076375377,0.0025,5895.382,1059.189,2.0494,14.457,0.7696257151815166,0.0,Merge
25925780.183,E9,FRAG0032,0.4335766076375377,0.006710622710622711,5906.757,1472.023,1.0231,7.0607,0.6781085040105399,0.0,Merge
26628659.619,E12,FRAG0008,0.30363702963702965,0.008015984015984016,5245.401,1561.874,2.0089,12.144,0.5504866981772307,0.0,Merge
26828252.127,E12,FRAG1004,0.3116530136530137,0.009291524230594263,5291.160,1640.676,1.8612,11.314,0.9942151112179048,0.0,Hit+Run
27245942.449,E43,P510,0.03250000000000001,0.0025,2490.510,1059.189,3.4615,9.7109,0.6030350151242144,0.0,Merge
27260918.87,E33,P185,0.5509005691845597,0.0025,6397.617,1059.189,1.6067,12.366,0.48045571860162994,0.0,Merge
27359361.208,E67,P356,0.17506474824188822,0.0025,4365.762,1059.189,2.5967,13.272,0.985262640065529,0.0,Hit+Run
27369124.007,E9,P25,0.4402872303481604,0.007499833499833501,5937.075,1527.604,2.1327,14.757,0.9650049544491525,0.0,Hit+Run
27447282.202,E9,P25,0.4402872303481604,0.007499833499833501,5937.075,1527.604,1.0518,7.2781,0.7535198993201409,0.0,Merge
27500918.367,E34,P563,0.065,0.0025,3137.846,1059.189,5.0704,18.166,0.8550687987936143,0.0,Hit+Run
27663570.977,E9,P207,0.44778706384799394,0.0025,5970.596,1059.189,2.7416,19.603,0.5043311336818973,0.0,Merge
27680565.498,E33,E31,0.5534005691845596,0.019437728937728938,6407.280,2098.339,1.5403,11.293,0.8340533851010613,0.01391008991008991,Hit+Run+Frag
27732611.996,E9,P254,0.45028706384799394,0.0025,5981.686,1059.189,1.7057,12.220,0.06320768195025853,0.0,Merge
27923431.406,E33,E34,0.5534004026843932,0.065,6407.279,3137.846,1.1542,8.3000,0.5788291718331634,0.008421578421578422,Fragment
28243405.166,E64,P236,0.030000000000000002,0.0025,2424.939,1059.189,8.6863,23.702,0.5831053003604566,0.016252414252414252,Fragment
28522246.885,E9,P169,0.45278706384799394,0.002500000000000014,5992.736,1059.189,4.2259,30.336,0.46900535638446583,0.0,Merge
28615419.159,E9,FRAG0031,0.45528706384799394,0.0058484848484848485,6003.745,1406.074,1.608,11.333,0.2392643918490667,0.0,Merge
28758319.577,E33,P140,0.6099788242628148,0.0024999999999999905,6618.589,1059.189,2.2959,18.320,0.8817855760554631,0.0,Hit+Run
28914288.288,E60,P831,0.020717116217116218,0.0025,2143.401,1059.189,8.9717,21.581,0.8126957970639421,0.0,Graze+Frag
28997595.758,E33,P179,0.6099788242628148,0.0025,6618.589,1059.189,2.4991,19.942,0.8739409688190717,0.0,Hit+Run
29072818.01,E9,FRAG0025,0.46113554869647877,0.00775990675990676,6029.343,1545.062,2.5497,17.922,0.10865609927948655,0.0,Merge
29596885.898,E33,FRAG0035,0.6099788242628148,0.008421578421578422,6618.589,1587.784,1.0569,8.1969,0.6324714880967686,0.0,Merge
29626097.242,E18,P342,0.025,0.0025,2281.955,1059.189,4.2855,10.984,0.9121960841666686,0.0,Hit+Run
29943777.767,E42,FRAG0030,0.119484015984016,0.0058484848484848485,3843.826,1406.074,2.0754,9.0597,0.8844628719473359,0.0,Hit+Run
30033811.687,E4,P512,0.024579753579753588,0.0025,2269.096,1059.189,2.6472,6.7461,0.839248048805341,0.0,Hit+Run
30201949.947,E9,P359,0.46889545545638556,0.0025,6062.976,1059.189,1.2738,9.2585,0.9001462312541292,0.0,Hit+Run
30436409.102,E4,E31,0.024579753579753588,0.005527805527805528,2269.096,1379.890,1.4383,3.6911,0.8476339352123615,0.0,Hit+Run
30487625.747,E12,P359,0.3116530136530137,0.0025,5291.160,1059.189,1.4853,9.3334,0.7685507323252914,0.0,Merge
30623425.484,E33,FRAG0003,0.6184004026843932,0.007986013986013986,6648.909,1559.925,1.4553,11.357,0.616063128223956,0.0,Merge
30707753.822,E12,FRAG1004,0.3141530136530137,0.009291524230594263,5305.271,1640.676,1.1855,7.2275,0.6763393803462651,0.0,Merge
30994288.002,E33,P105,0.6263864166704072,0.0025000000000000022,6677.408,1059.189,1.6214,13.060,0.35369575304418704,0.0,Merge
31244584.442,E46,P480,0.037500000000000006,0.0025,2612.187,1059.189,2.6415,7.7897,0.8049918126941092,0.0,Hit+Run
31810042.991,E9,P255,0.46889545545638556,0.0025000000000000022,6062.976,1059.189,2.2383,16.269,0.7975666768129314,0.0,Merge
32038987.146,P127,P158,0.005,0.0025,1334.495,1059.189,9.7086,15.353,0.742877632412431,0.0,Graze+Frag
32173086.252,E38,P171,0.045529470529470505,0.0025,2786.707,1059.189,3.9802,12.566,0.682420982313512,0.0,Merge
32356045.016,P115,P564,0.0025,0.0025,1059.189,1059.189,17.417,23.907,0.37175,0.0,Merge
33480721.144,E33,P250,0.6288864166704071,0.0025,6686.280,1059.189,1.9849,16.011,0.877148734668265,0.0,Hit+Run
33533131.802,E12,P439,0.32344453788360794,0.0025,5357.067,1059.189,2.9037,18.490,0.5225769974306433,0.0,Merge
33678308.466,E33,P75,0.6288864166704071,0.005,6686.280,1334.495,1.5317,12.165,0.5278482644402116,0.0,Merge
34101211.257,E9,P600,0.47139545545638556,0.0025,6073.732,1059.189,2.4899,18.132,0.7010456059717333,0.0,Merge
34508772.516,E57,E37,0.035,0.0275,2552.798,2355.617,3.7034,11.806,0.89787650958592,0.0,Hit+Run
34997051.539,E9,P270,0.47389545545638556,0.0025,6084.450,1059.189,1.8449,13.460,0.6158857222226795,0.0,Merge
35782645.625,E33,P274,0.6338864166704071,0.0025,6703.953,1059.189,1.7202,13.914,0.38791192448011075,0.0,Merge
35862764.87,E33,P140,0.6363864166704071,0.0024999999999999905,6712.755,1059.189,1.2022,9.7382,0.6727485763271559,0.0,Merge
36408333.385,E67,P695,0.17506474824188822,0.0025,4365.762,1059.189,2.918,14.914,0.7415825555994324,0.0,Merge
36519877.619,E63,P249,0.011980186480186493,0.0025,1785.726,1059.189,12.382,24.958,0.6108054957531978,0.008952380952380953,Fragment
36627694.703,E33,P127,0.638886416670407,0.0075001665001665,6721.534,1527.627,1.7934,14.183,0.9652289053369336,0.0,Hit+Run
36776798.261,E9,P263,0.47639545545638556,0.0025000000000000022,6095.131,1059.189,3.0101,22.002,0.5949173958084483,0.0,Merge
37139303.452,E12,P620,0.32594453788360794,0.0025,5370.834,1059.189,6.4056,40.901,0.8594137736579769,0.0,Hit+Run
38265925.003,E43,P302,0.03500000000000001,0.0025,2552.798,1059.189,3.5434,10.200,0.5680913586203696,0.0,Merge
38814307.969,E33,P512,0.638886416670407,0.0025,6721.534,1059.189,1.3557,10.996,0.6695856371830944,0.0,Merge
39315399.298,E9,E38,0.47889545545638557,0.04802947052947051,6105.774,2836.806,1.8843,12.922,0.9967837812137157,0.0,Hit+Run
39451118.775,E9,E38,0.47889545545638557,0.04802947052947051,6105.774,2836.806,1.0996,7.5411,0.7838261393474523,0.006452547452547452,Hit+Run+Frag
39479004.472,E9,E38,0.47889395695488707,0.04157842157842158,6105.768,2703.646,1.0464,7.1858,0.3017046054695305,0.005860139860139861,Fragment
39529020.007,E9,FRAG0040,0.5146122386731687,0.005860139860139861,6253.942,1407.007,1.0121,7.4531,0.47886522207293114,0.0,Merge
40143404.238,E33,P252,0.641386416670407,0.0025,6730.289,1059.189,1.574,12.785,0.45922823433364857,0.0,Merge
40355827.776,E9,E63,0.5204723785333086,0.005527805527805541,6277.591,1379.890,1.4301,10.589,0.5438542329635513,0.0,Merge
40538604.799,E67,P378,0.17756474824188823,0.0025,4386.445,1059.189,2.0126,10.339,0.7702972263805747,0.0,Merge
40593830.911,E9,P620,0.5260001840611142,0.0025,6299.737,1059.189,2.0105,15.222,0.5071343009971733,0.0,Merge
41141878.899,E9,P427,0.5285001840611141,0.0025,6309.702,1059.189,2.3416,17.758,0.7119818462890554,0.0,Merge
41301063.917,E33,P341,0.6438864166704069,0.0025,6739.023,1059.189,1.7057,13.874,0.49828347646736404,0.0,Merge
41427093.793,P127,P198,0.0075001665001665,0.0025,1527.627,1059.189,15.152,26.617,0.923845822959715,0.0,Hit+Run
41655696.961,E9,FRAG0039,0.531000184061114,0.006452547452547452,6319.636,1452.906,1.469,10.913,0.9155190097944954,0.0,Hit+Run
42027668.108,E9,FRAG0039,0.531000184061114,0.006452547452547452,6319.636,1452.906,1.023,7.6001,0.9064939112077114,0.0,Graze+Merge
42075363.331,E46,P520,0.037500000000000006,0.0025,2612.187,1059.189,8.2112,24.214,0.45849100592194103,0.017703296703296706,Fragment
42489854.837,P170,P339,0.0025,0.0025,1059.189,1059.189,22.291,30.597,0.6311,0.0,Graze+Frag
44008234.257,E18,P406,0.025,0.0025,2281.955,1059.189,5.7383,14.708,0.7169986890971615,0.0,Graze+Frag
44678862.552,E33,P148,0.6463864166704069,0.0025,6747.733,1059.189,2.5252,20.568,0.9046909068027069,0.0,Hit+Run
44805594.295,E12,FRAG0014,0.32594453788360794,0.0073896103896103895,5370.834,1520.084,1.8057,11.220,0.8022442283912975,0.0,Hit+Run
45706874.338,E4,FRAG0042,0.024579753579753588,0.005901098901098902,2269.096,1410.278,3.4129,8.7762,0.9175368530376263,0.0,Hit+Run
45731681.839,P68,P287,0.0025,0.0024999999999999905,1059.189,1059.189,7.6993,10.567,0.6284000000000004,0.0,Graze+Frag
46277667.278,E33,P672,0.6463864166704069,0.0025,6747.733,1059.189,1.2053,9.8174,0.5919774549242132,0.0,Merge
47291125.975,E12,P398,0.32594453788360794,0.0025,5370.834,1059.189,1.6842,10.754,0.8343555433054264,0.0,Merge
47840496.244,E12,P250,0.32844453788360795,0.0025,5384.530,1059.189,3.8838,24.867,0.9046470610527454,0.0,Hit+Run
48100854.282,E9,P250,0.5374527315136615,0.0025,6345.131,1059.189,1.4556,11.105,0.6937008271890329,0.0,Merge
48176065.115,E33,FRAG0029,0.6488864166704068,0.0058484848484848485,6756.421,1406.074,1.837,14.698,0.39441794387967205,0.0,Merge
48249986.217,P115,P306,0.005,0.0025,1334.495,1059.189,10.128,16.017,0.6686177445044867,0.0,Graze+Frag
48324287.671,E9,P312,0.5399527315136614,0.0025,6354.954,1059.189,1.6211,12.388,0.6502258609359847,0.0,Merge
48532067.234,E9,FRAG0014,0.5424527315136614,0.0073896103896103895,6364.747,1520.084,2.0634,15.394,0.8092321284184564,0.0,Hit+Run
48731004.91,E4,P480,0.024579753579753588,0.0025,2269.096,1059.189,8.3305,21.229,0.8537013864452054,0.0,Hit+Run
48753361.989,E9,P148,0.5424527315136614,0.0025,6364.747,1059.189,1.0312,7.8933,0.7080669715917575,0.0,Merge
48800277.438,E12,P365,0.32844453788360795,0.0025,5384.530,1059.189,3.2881,21.052,0.42449723537298595,0.0,Merge
48925464.574,E9,FRAG0014,0.5449527315136613,0.0073896103896103895,6374.509,1520.084,1.1563,8.6410,0.1383973583894816,0.0,Merge
52224054.821,P162,P411,0.0025,0.0025,1059.189,1059.189,21.389,29.358,0.464,0.0,Merge
53124718.888,E12,P428,0.33094453788360795,0.0025,5398.158,1059.189,4.0595,26.062,0.29768940370487074,0.0,Merge
53208653.074,E12,P432,0.33344453788360795,0.0025,5411.716,1059.189,1.4742,9.4899,0.5756356570501577,0.0,Merge
53325510.496,E4,P645,0.024579753579753588,0.0025,2269.096,1059.189,5.8487,14.904,0.635946856154039,0.006118881118881119,Fragment
54208456.517,E33,FRAG0044,0.6547349015188917,0.006118881118881119,6776.659,1427.418,1.0556,8.4643,0.9586685407207711,0.0,Hit+Run
54216763.534,E12,P615,0.33594453788360795,0.0025,5425.207,1059.189,4.7419,30.606,0.5981251003443274,0.0,Merge
54521591.823,E12,P453,0.33844453788360795,0.0025,5438.632,1059.189,3.3663,21.785,0.5653888271838811,0.0,Merge
55300273.737,E9,P327,0.5523423419032717,0.0025000000000000022,6403.193,1059.189,4.1695,32.120,0.6348806523441689,0.0,Merge
55567569.853,E12,P170,0.34094453788360796,0.005,5451.990,1334.495,2.2913,14.615,0.744634239855013,0.0,Merge
56743105.03,E18,FRAG0038,0.0275001665001665,0.008952380952380953,2355.622,1620.466,2.7931,7.5557,0.12553954041751472,0.01696803196803197,Fragment
57044731.596,E9,P346,0.5548423419032718,0.0025,6412.839,1059.189,3.0653,23.652,0.4098982981326273,0.0,Merge
57859594.975,E33,P199,0.6547349015188917,0.0025,6776.659,1059.189,1.4766,12.081,0.4655367422090942,0.0,Merge
57875863.957,E12,P297,0.34594453788360796,0.0025,5478.512,1059.189,3.7388,24.386,0.748071387185667,0.0,Merge
58508297.417,E33,P563,0.6572349015188916,0.0025,6785.274,1059.189,1.3114,10.744,0.5933736187333568,0.0,Merge
60279444.579,E67,P34,0.18006474824188823,0.0024999999999999905,4406.936,1059.189,2.1391,11.044,0.20195975728496204,0.0,Merge
60316396.583,E9,E4,0.5573423419032717,0.020960872460872467,6422.456,2151.775,1.7792,13.054,0.6942866696025116,0.0,Merge
60492150.101,E9,FRAG0033,0.5783032143641441,0.006955044955044955,6501.981,1489.682,2.0918,15.993,0.3989871891693674,0.0,Merge
61107222.226,E33,P400,0.6597349015188916,0.0025,6793.866,1059.189,2.8775,23.608,0.6224566151217246,0.0,Merge
61234246.627,E12,P210,0.34844453788360796,0.0025,5491.678,1059.189,2.6111,17.074,0.7672240917466578,0.0,Merge
61669532.457,P68,P407,0.005,0.0025,1334.495,1059.189,7.1496,11.306,0.6691195005038646,0.0,Graze+Frag
61893844.974,E67,FRAG0036,0.18256474824188823,0.008126207126207126,4427.237,1569.000,4.5344,22.845,0.9578430677096135,0.0,Hit+Run
61902154.737,E9,P127,0.5852582593191891,0.0075001665001665,6527.943,1527.627,2.8661,21.965,0.9756780552948694,0.0,Hit+Run
61923626.42,P127,FRAG0044,0.0075001665001665,0.006118881118881119,1527.627,1427.418,10.591,20.313,0.6606693330377372,0.013408797868797869,Graze+Frag
62824082.382,E18,P434,0.019484515484515484,0.0025,2100.021,1059.189,3.1933,7.5260,0.6776253866163701,0.0,Hit+Run
63539612.433,E33,FRAG0030,0.6622349015188915,0.0058484848484848485,6802.437,1406.074,1.9969,16.095,0.9967667511428154,0.0,Hit+Run
63805556.372,P179,P419,0.0025,0.0025,1059.189,1059.189,4.0186,5.5158,0.5567,0.0,Graze+Frag
64339325.556,E12,FRAG0048,0.35094453788360797,0.008091242091242092,5504.780,1566.747,1.8643,11.868,0.8019518785902892,0.0,Hit+Run
64567726.272,E67,P463,0.18256474824188823,0.0025,4427.237,1059.189,2.7939,14.497,0.7492471303647427,0.0,Merge
65525031.645,E9,P127,0.5852582593191891,0.005527805527805527,6527.943,1379.890,1.1163,8.6203,0.520644931929357,0.0,Merge
65548214.499,P103,P412,0.0025,0.0025,1059.189,1059.189,11.955,16.410,0.8888,0.0,Hit+Run
65640067.621,P162,P303,0.005,0.0025,1334.495,1059.189,4.7496,7.5112,0.5894517979359575,0.00576052614052614,Graze+Frag
66017941.207,E42,P351,0.119484015984016,0.0025000000000000022,3843.826,1059.189,1.6192,7.2156,0.7479090749196889,0.0,Merge
67198123.693,E9,FRAG0034,0.5907860648469946,0.006955044955044955,6548.431,1489.682,4.2166,32.486,0.26908635483013765,0.0,Merge
67563566.141,E67,P636,0.18506474824188823,0.0025,4447.354,1059.189,3.5286,18.399,0.3874291714450073,0.0,Merge
68741639.777,E33,P213,0.6622349015188915,0.0025,6802.437,1059.189,2.1846,17.947,0.5516101980844589,0.0,Merge
70104134.287,E12,P349,0.35094453788360797,0.0025,5504.780,1059.189,1.646,10.791,0.443554466544018,0.0,Merge
70244525.617,E43,P384,0.03750000000000001,0.0025,2612.187,1059.189,4.332,12.775,0.7735434848515429,0.0,Hit+Run
70244525.617,E43,P384,0.03750000000000001,0.0025,2612.187,1059.189,4.332,12.775,0.7735434848515429,0.0,Hit+Run
72316968.95,E12,P364,0.35344453788360797,0.0025,5517.821,1059.189,1.6441,10.805,0.7931487435512568,0.0,Merge
76274810.804,E12,FRAG0030,0.35594453788360797,0.0058484848484848485,5530.800,1406.074,1.5827,10.211,0.8090247048908201,0.0,Hit+Run
76274810.804,E12,FRAG0030,0.35594453788360797,0.0058484848484848485,5530.800,1406.074,1.5827,10.211,0.8090247048908201,0.0,Hit+Run
76852410.822,E12,FRAG0048,0.35594453788360797,0.008091242091242092,5530.800,1566.747,2.4676,15.788,0.8417513894410976,0.0,Hit+Run
76852410.822,E12,FRAG0048,0.35594453788360797,0.008091242091242092,5530.800,1566.747,2.4676,15.788,0.8417513894410976,0.0,Hit+Run
78147006.349,E9,FRAG0048,0.5977411098020395,0.008091242091242092,6574.028,1566.747,1.3674,10.538,0.8708546406550001,0.0,Hit+Run
78182099.0,E9,FRAG0048,0.5977411098020395,0.008091242091242092,6574.028,1566.747,1.031,7.9461,0.34070249711827205,0.0,Merge
80075877.735,P180,FRAG0026,0.0025,0.009921078921078921,1059.189,1676.924,19.760,37.615,0.9564828790715779,0.0,Hit+Run
80270792.518,E33,P179,0.6647349015188915,0.005,6810.986,1334.495,1.7056,13.817,0.9702886208644502,0.0,Hit+Run
81264047.721,E33,P492,0.6647349015188915,0.0025,6810.986,1059.189,1.2905,10.616,0.6368605559245907,0.0,Merge
81939540.045,E9,P348,0.6058323518932817,0.0025000000000000022,6603.558,1059.189,1.5448,12.297,0.9113261512615008,0.0,Hit+Run
84086272.643,E33,P203,0.6672349015188914,0.0025,6819.514,1059.189,2.7326,22.509,0.518472190646138,0.0,Merge
84098135.331,E12,P193,0.35594453788360797,0.0025,5530.800,1059.189,1.5103,9.9515,0.8757812766081353,0.0,Hit+Run
84938543.278,E67,P217,0.18756474824188824,0.0025000000000000022,4467.291,1059.189,1.6329,8.5554,0.6746428913450799,0.0,Merge
86217789.707,E12,P482,0.35594453788360797,0.0025,5530.800,1059.189,2.894,19.068,0.7957985687396587,0.0,Merge
88366332.28,E33,P413,0.6697349015188914,0.0025,6828.020,1059.189,1.5429,12.726,0.8054546448135423,0.0,Merge
88479249.406,E12,P384,0.35844453788360797,0.0025,5543.718,1059.189,3.3346,22.026,0.7055052622664463,0.0,Merge
89218585.977,E33,P115,0.6722349015188913,0.0075001665001665,6836.506,1527.627,3.4853,28.070,0.43957606666685484,0.0,Merge
91458587.504,E33,P348,0.6797350680190578,0.0025000000000000022,6861.837,1059.189,2.2524,18.675,0.4211859371925781,0.0,Merge
93404543.281,P68,P282,0.007499833499833501,0.0025,1527.604,1059.189,6.698,11.765,0.5979804470123143,0.0,Graze+Frag
97831660.298,E33,P292,0.6822350680190579,0.0025,6870.239,1059.189,2.5471,21.146,0.7639250940301715,0.0,Merge
100605693.796,E9,P193,0.6058323518932817,0.0025,6603.558,1059.189,2.3969,19.080,0.7479337746381621,0.0,Merge
103201651.136,E33,P103,0.6847350680190578,0.0025,6878.620,1059.189,2.1354,17.751,0.7956790384561409,0.0,Merge
104793316.409,E12,P96,0.360944537883608,0.0025,5556.577,1059.189,2.0433,13.530,0.8830699612286893,0.0,Hit+Run
104964371.083,E12,P461,0.360944537883608,0.0025,5556.577,1059.189,4.0006,26.491,0.6908170468999403,0.0,Merge
105073784.528,E9,P180,0.6083323518932816,0.0025,6612.629,1059.189,2.6663,21.255,0.23961864472792802,0.0,Merge
106054307.44,E33,P491,0.6872350680190578,0.0025,6886.982,1059.189,2.7204,22.643,0.42979870058572367,0.0,Merge
106429044.901,E9,P385,0.6108323518932816,0.0025,6621.675,1059.189,2.3046,18.399,0.8371854770623565,0.0,Merge
108071596.41,E9,P215,0.6133323518932815,0.0025,6630.696,1059.189,3.4372,27.481,0.767844265635262,0.0,Merge
113750854.399,E9,P459,0.6158323518932814,0.0025,6639.693,1059.189,4.0221,32.203,0.3585954457581427,0.0,Merge
116018938.816,E12,E31,0.363444537883608,0.005527805527805528,5569.376,1379.890,3.455,22.492,0.6898740469029475,0.0,Merge
116903412.131,E9,P578,0.6183323518932814,0.0025,6648.665,1059.189,3.9379,31.574,0.47278177552536926,0.0,Merge
118901917.029,E9,P435,0.6208323518932813,0.0025,6657.614,1059.189,5.2085,41.822,0.626437263718147,0.0,Merge
120307606.346,P50,P179,0.0075001665001665,0.005,1527.627,1334.495,4.695,8.7661,0.7132891467134822,0.0,Graze+Frag
122273049.695,E9,P454,0.6233323518932813,0.0025,6666.538,1059.189,2.5623,20.603,0.10052796230742893,0.0,Merge
127045287.278,P50,FRAG0001,0.012499833499833501,0.009408924408924409,1811.181,1647.557,4.3587,9.8008,0.9184886260196133,0.0,Hit+Run
127191267.778,P50,FRAG0001,0.012499833499833501,0.009408924408924409,1811.181,1647.557,1.0402,2.3389,0.9375496214512633,0.0,Hit+Run
132638902.196,E9,P532,0.6258323518932812,0.0025,6675.439,1059.189,2.0315,16.358,0.5240492611436384,0.0,Merge
133488369.473,E33,P450,0.6897350680190577,0.0025,6895.323,1059.189,3.2743,27.289,0.7857075363115537,0.0,Merge
140924205.966,E67,E42,0.19006474824188824,0.12198401598401601,4487.051,3870.450,1.2911,7.0483,0.9770307478253462,0.0,Hit+Run
141586006.101,E33,FRAG0001,0.6922350680190577,0.009408924408924409,6903.643,1647.557,1.2577,10.178,0.7992570115964959,0.0,Merge
143251716.284,E43,FRAG0026,0.03750000000000001,0.009921078921078921,2612.187,1676.924,6.7025,19.911,0.5162117535648885,0.0418927738927739,Fragment
143310529.467,E9,P457,0.6283323518932812,0.0025,6684.316,1059.189,6.2728,50.583,0.9518679701484636,0.0,Hit+Run
144702870.487,P234,FRAG0047,0.0025,0.005656010656010656,1059.189,1390.477,20.979,34.201,0.7110507891645617,0.008126426906426907,Graze+Frag
149547373.867,E12,P412,0.3689723434114135,0.0025,5597.470,1059.189,4.8254,32.205,0.7369495762811789,0.0,Merge
154508596.749,P234,FRAG0030,0.008156177156177157,0.0058484848484848485,1570.927,1406.074,3.6385,7.0506,0.4766603226491469,0.008476856476856478,Fragment
168894463.945,E33,P583,0.701643992427982,0.0025,6934.781,1059.189,2.7231,22.833,0.8486766297877048,0.0,Merge
168968284.481,E33,FRAG0050,0.704143992427982,0.005984681984681985,6943.008,1416.905,1.5491,12.755,0.8030220036701411,0.0,Merge
172601026.928,E9,FRAG0056,0.6283323518932812,0.008476856476856478,6684.316,1591.251,1.5637,12.255,0.94939050418433,0.0,Hit+Run
172734630.819,E9,FRAG0056,0.6283323518932812,0.008476856476856478,6684.316,1591.251,1.0764,8.4360,0.663943333707265,0.0,Merge
173634906.888,E42,P197,0.12198401598401601,0.0025,3870.450,1059.189,5.9115,26.540,0.5415885289697444,0.0,Merge
185973468.651,E33,P315,0.7101286744126639,0.0025,6962.622,1059.189,2.8576,24.063,0.7084299897489917,0.0,Merge
191486499.762,E33,P184,0.7126286744126639,0.0025,6970.783,1059.189,1.9071,16.079,0.5264130901925248,0.0,Merge
