time_yr,target,projectile,Mt_Mearth,Mp_Mearth,Rt_km,Rp_km,vimp/vesc,vimp_km/s,b,m_frag_Mearth,Regime
32398.555,M1,P217,0.05,0.0024355585714285716,2875.083,1050.009,1.5802,5.1600,0.7521918790635106,0.0,Hit+Run
64253.169,E0,M3,0.4524555555544456,0.05,5991.273,2875.083,1.016,6.8332,0.6869482522360252,0.0,Graze+Merge
81791.055,M1,P217,0.05,0.0024355585714285716,2875.083,1050.009,1.0983,3.5864,0.27146003542792585,0.0,Merge
213698.405,E3,P658,0.40336,0.0024355585714285716,5766.223,1050.009,1.6279,11.221,0.6661045956495297,0.0,Merge
243515.97,M1,P126,0.05243555857142857,0.0024355585714285716,2921.028,1050.009,3.5519,11.796,0.5060811440523525,0.0,Merge
336894.934,M0,P748,0.05,0.0024355585714285716,2875.083,1050.009,5.9162,19.319,0.49135291895588945,0.007084249084249084,Fragment
354759.661,M0,FRAG0001,0.045351309487179484,0.007084249084249084,2783.067,1498.851,1.0836,3.3878,0.8792633235727619,0.0,Hit+Run
364137.461,M0,FRAG0001,0.045351309487179484,0.007084249084249084,2783.067,1498.851,1.0767,3.3662,0.6558077272951779,0.0,Graze+Merge
471288.936,E6,P821,0.08018000000000002,0.0024355585714285716,3365.238,1050.009,2.2416,8.6630,0.5331487980377977,0.0,Merge
520611.411,M0,P399,0.052435558571428564,0.0024355585714285716,2921.028,1050.009,4.0299,13.383,0.8253241913179353,0.0,Hit+Run
645867.624,E1,P118,0.23462666666666668,0.0024355585714285716,4813.411,1050.009,1.5211,8.6411,0.9467693185363436,0.0,Hit+Run
654201.609,M0,P195,0.052435558571428564,0.0024355585714285716,2921.028,1050.009,4.9826,16.547,0.5552916506469779,0.0,Merge
689742.235,E0,E6,0.5024555555544457,0.08261555857142859,6204.304,3398.973,1.4657,10.221,0.8188178207692735,0.014751914751914752,Hit+Run+Frag
690424.713,E0,E6,0.5024570615118216,0.06786213786213786,6204.310,3183.242,1.0511,7.3195,0.9655207540275077,0.0,Hit+Run
692037.393,E0,FRAG0002,0.5024570615118216,0.007375957375957376,6204.310,1519.147,1.0963,7.9578,0.5607085073170744,0.0,Merge
698372.314,E12,P137,0.09854,0.0024355585714285716,3604.663,1050.009,2.1886,9.1072,0.32014445616434073,0.0,Merge
805775.016,E0,P335,0.509833018887779,0.0024355585714285716,6234.522,1050.009,1.1061,8.2870,0.9381911107291898,0.0,Hit+Run
811819.287,E17,P533,0.040959999999999996,0.0024355585714285716,2690.174,1050.009,1.3147,4.0009,0.93676756067733,0.0,Hit+Run
819831.233,M0,P534,0.05487111714285713,0.0024355585714285716,2965.571,1050.009,8.1324,27.447,0.2470336445108751,0.012560279720279722,Fragment
847917.93,M0,FRAG0005,0.04474656915417914,0.006280053280053281,2770.642,1439.842,1.1455,3.5627,0.48635295467374035,0.0,Merge
863823.598,E3,P339,0.40579555857142857,0.0024355585714285716,5777.805,1050.009,1.341,9.2639,0.5708572106618452,0.0,Merge
877796.192,M1,P77,0.05487111714285714,0.0024355585714285716,2965.571,1050.009,4.9845,16.823,0.718502340043738,0.0,Merge
921307.357,M0,FRAG0004,0.05102662243423242,0.006280053280053281,2894.628,1439.842,1.7303,5.6209,0.9934428701567074,0.0,Hit+Run
966788.259,E1,E6,0.23462666666666668,0.06786213786213786,4813.411,3183.242,1.2257,6.7350,0.9553804392097719,0.0,Hit+Run
972232.22,E10,P682,0.14002,0.0024355585714285716,4052.507,1050.009,1.9228,9.0769,0.8544189781027715,0.0,Hit+Run
1002589.084,P5,P254,0.0024355585714285716,0.0024355585714285716,1050.009,1050.009,13.062,17.774,0.6872,0.0,Graze+Frag
1007517.115,M0,P152,0.05102662243423242,0.0024355585714285716,2894.628,1050.009,6.6018,21.713,0.7077630094324447,0.0,Merge
1010839.33,E3,FRAG0003,0.40823111714285715,0.007375957375957376,5789.342,1519.147,1.2866,8.6681,0.4285473737999288,0.0,Merge
1013102.202,E1,E6,0.23462666666666668,0.06786213786213786,4813.411,3183.242,1.085,5.9619,0.1453656603258316,0.01886713286713287,Fragment
1026766.88,E1,M4,0.2836216716616717,0.05,5127.515,2875.083,2.1844,12.600,0.6360539151427013,0.019046953046953048,Fragment
1026788.234,E1,FRAG0009,0.31457471861471864,0.0063489843489843495,5307.644,1445.091,1.0484,6.4572,0.3561362046989547,0.0,Merge
1136674.697,E4,P774,0.0574,0.0024355585714285716,3010.448,1050.009,2.8983,9.9401,0.744964801616855,0.0,Hit+Run
1155806.544,M2,P466,0.05,0.0024355585714285716,2875.083,1050.009,3.0056,9.8146,0.7392268422932077,0.0,Hit+Run
1201893.582,E0,P574,0.509833018887779,0.0024355585714285716,6234.522,1050.009,1.643,12.309,0.7673619320195142,0.0,Merge
1205136.655,M1,P538,0.05730667571428571,0.0024355585714285716,3008.815,1050.009,3.8488,13.192,0.6267708828477053,0.0,Merge
1336884.606,E0,P509,0.5122685774592075,0.0024355585714285716,6244.434,1050.009,1.8278,13.717,0.6498301936272965,0.0,Merge
1347840.636,P5,P112,0.004871128871128871,0.0024355585714285716,1322.930,1050.009,46.890,73.511,0.9157607747477208,0.0,Graze+Frag
1351579.197,E8,E9,0.11363999999999999,0.07894000000000001,3780.108,3347.800,1.0108,4.6940,0.40888059463530285,0.013652021312021312,Fragment
1405058.317,P5,P261,0.0073066933066933066,0.0024355585714285716,1514.377,1050.009,10.917,19.010,0.7776252195393941,0.0,Graze+Frag
1408444.23,E12,P545,0.10097555857142858,0.0024355585714285716,3634.120,1050.009,1.5537,6.5221,0.9273576492829729,0.0,Hit+Run
1438754.469,P5,P11,0.009742257742257742,0.0024355585714285716,1666.788,1050.009,7.4031,14.003,0.7846204721651181,0.0,Graze+Frag
1452479.128,M1,M2,0.05974223428571428,0.05,3050.851,2875.083,2.4845,9.5522,0.7796075726331605,0.007112627372627372,Hit+Run+Frag
1472839.977,M1,M2,0.059741235284715276,0.044382284382284386,3050.834,2763.102,1.0041,3.7964,0.7978222115732677,0.0,Graze+Merge
1524696.355,M1,P404,0.10412351966699966,0.0024355585714285716,3671.499,1050.009,3.0903,13.116,0.13110528132180457,0.0,Merge
1537480.317,M0,P399,0.05346218100566099,0.0024355585714285716,2939.968,1050.009,3.7148,12.422,0.8170799195443401,0.0,Hit+Run
1547550.001,M1,FRAG0011,0.10655907823842824,0.0063489843489843495,3699.905,1445.091,1.9366,8.1052,0.15928660965345368,0.0,Merge
1564786.449,P8,P686,0.0024355585714285716,0.0024355585714285716,1050.009,1050.009,18.408,25.047,0.1813,0.0,Merge
1566001.495,M1,P31,0.11290806258741258,0.0024355585714285716,3771.975,1050.009,2.4657,10.774,0.9145229959034059,0.0,Hit+Run
1671532.277,M1,P31,0.11290806258741258,0.0024355585714285716,3771.975,1050.009,1.2349,5.3960,0.8281631133033408,0.0,Hit+Run
1678855.731,M1,P31,0.11290806258741258,0.0024355585714285716,3771.975,1050.009,1.0233,4.4714,0.9272735945119299,0.0,Graze+Merge
1771139.737,M0,P2,0.05346218100566099,0.0024355585714285716,2939.968,1050.009,3.7062,12.393,0.7797959048189874,0.0,Hit+Run
1834971.101,E15,P429,0.11428,0.0024355585714285716,3787.191,1050.009,2.1478,9.4258,0.6614195140155434,0.0,Merge
1860904.566,E13,P579,0.02222,0.0024355585714285716,2194.026,1050.009,3.727,9.1797,0.9264315092792936,0.0,Hit+Run
1874782.156,P5,P823,0.012177822177822178,0.0024355585714285716,1795.493,1050.009,6.5271,13.215,0.3752516688946392,0.013822830502830502,Fragment
1925736.999,E1,P318,0.320923702963703,0.0024355585714285716,5343.114,1050.009,1.7025,10.817,0.6591635198396153,0.0,Merge
2116460.883,P5,P147,0.005527799663669664,0.0024355585714285716,1379.890,1050.009,17.811,28.807,0.48775166258328034,0.0,Fragment
2211151.226,P5,P623,0.007963369963369965,0.0024355585714285716,1558.449,1050.009,5.7482,10.253,0.9582657794953652,0.0,Hit+Run
2212373.234,P5,P623,0.007963369963369965,0.0024355585714285716,1558.449,1050.009,1.0158,1.8120,0.5946517428341773,0.0,Merge
2295392.059,M1,P420,0.11534362115884116,0.0024355585714285716,3798.904,1050.009,1.703,7.4986,0.7737398127158276,0.0,Merge
2298411.66,P5,FRAG0015,0.010398928534798537,0.009085581085581086,1703.426,1628.463,5.308,11.468,0.9710668778048792,0.0,Hit+Run
2301274.346,P5,FRAG0015,0.010398928534798537,0.009085581085581086,1703.426,1628.463,1.0743,2.3210,0.6452988381411595,0.0,Graze+Merge
2527464.269,E3,P593,0.4156070745188145,0.0024355585714285716,5824.001,1050.009,1.2417,8.6512,0.9080818343119009,0.0,Hit+Run
2588300.771,M0,P114,0.05346218100566099,0.0024355585714285716,2939.968,1050.009,3.0614,10.237,0.31860885310755943,0.0,Merge
2724732.26,E10,P367,0.14002,0.0024355585714285716,4052.507,1050.009,1.3879,6.5518,0.4951150687388619,0.0,Merge
2771264.665,P2,FRAG0004,0.0024355585714285716,0.006280053280053281,1050.009,1439.842,10.038,16.780,0.8070795589793778,0.0,Graze+Frag
2859885.399,E12,P136,0.10097555857142858,0.0024355585714285716,3634.120,1050.009,1.9084,8.0111,0.5768346124336069,0.0,Merge
3246676.292,P8,P100,0.004871117142857143,0.0024355585714285716,1322.929,1050.009,28.856,45.239,0.8209843163156064,0.0,Graze+Frag
3270158.327,P8,P148,0.0073066933066933066,0.0024355585714285716,1514.377,1050.009,4.6433,8.0857,0.9536066255408671,0.0,Hit+Run
3272091.882,P8,P148,0.0073066933066933066,0.0024355585714285716,1514.377,1050.009,1.2031,2.0950,0.6557374269262936,0.0,Hit+Run
3336096.403,E0,P383,0.514704136030636,0.0024355585714285716,6254.314,1050.009,1.105,8.3067,0.8104389159131126,0.0,Merge
3435560.92,E15,P214,0.11671555857142858,0.0024355585714285716,3813.907,1050.009,1.8199,8.0474,0.942123272260951,0.0,Hit+Run
3484909.16,E3,P365,0.4156070745188145,0.0024355585714285716,5824.001,1050.009,1.2204,8.5028,0.6949986272495356,0.0,Merge
3575223.662,M1,P42,0.11777917973026973,0.0024355585714285716,3825.457,1050.009,2.4061,10.674,0.4769005454801938,0.0,Merge
3693003.457,E0,P666,0.5171396946020645,0.0024355585714285716,6264.164,1050.009,2.6356,19.846,0.22293179421943024,0.0,Merge
3779882.251,E8,P328,0.17892831834831835,0.0024355585714285716,4397.645,1050.009,1.7082,8.8057,0.9964752231648423,0.0,Hit+Run
3849392.003,E20,P88,0.02242,0.0024355585714285716,2200.589,1050.009,2.1752,5.3738,0.9525103293469165,0.0,Hit+Run
3934287.852,P8,P148,0.0073066933066933066,0.0024355585714285716,1514.377,1050.009,14.679,25.561,0.7811684693246587,0.009225354645354646,Graze+Frag
3942374.868,E3,P243,0.4180426330902431,0.0024355585714285716,5835.356,1050.009,1.3413,9.3646,0.8778417747895331,0.0,Hit+Run
4021908.976,E3,P850,0.4180426330902431,0.0024355585714285716,5835.356,1050.009,1.4174,9.8959,0.25052136380361645,0.0,Merge
4115415.938,M0,P2,0.05589773957708956,0.008715617715617716,2983.952,1606.053,3.6402,12.202,0.379982164439249,0.020256743256743256,Fragment
4152085.635,P8,P321,0.009742257742257742,0.0024355585714285716,1666.788,1050.009,19.481,36.849,0.03993962994600766,0.012163383283383284,Fragment
4152104.149,P8,FRAG0019,0.005527799663669664,0.00665001665001665,1379.890,1467.578,1.047,1.9344,0.9752138914156491,0.0,Hit+Run
4183315.895,P8,FRAG0019,0.005527799663669664,0.00665001665001665,1379.890,1467.578,1.9327,3.5708,0.818299630811203,0.0,Hit+Run
4183340.608,P8,FRAG0019,0.005527799663669664,0.00665001665001665,1379.890,1467.578,1.0423,1.9257,0.6113259411751348,0.0,Graze+Merge
4207970.449,P13,P659,0.0024355585714285716,0.0024355585714285716,1050.009,1050.009,11.546,15.710,0.85995,0.0,Hit+Run
4382669.678,E0,FRAG0007,0.5195752531734931,0.00628904428904429,6273.983,1440.529,2.4552,18.110,0.8780878504983757,0.0,Hit+Run
4386109.494,E0,FRAG0007,0.5195752531734931,0.00628904428904429,6273.983,1440.529,1.0458,7.7141,0.6364652697971925,0.0,Merge
4585418.22,P5,P842,0.019484509620379623,0.0024355585714285716,2100.021,1050.009,13.103,30.882,0.8022001877816446,0.007604395604395605,Graze+Frag
4596371.9,P5,FRAG0020,0.01431567258741259,0.007604395604395605,1894.950,1534.671,1.8299,4.1331,0.5227987214423034,0.0,Merge
4654662.543,M0,P744,0.04435661403596401,0.0024355585714285716,2762.570,1050.009,4.022,12.588,0.694667651188781,0.0,Merge
4809150.175,M1,P739,0.1202147383016983,0.0024355585714285716,3851.646,1050.009,2.4719,11.047,0.8461329498254309,0.0,Hit+Run
4853027.619,P8,P472,0.012177816313686314,0.0024355585714285716,1795.492,1050.009,6.3393,12.834,0.9307149467556237,0.0,Hit+Run
4860550.255,E3,P153,0.42047819166167166,0.0024355585714285716,5846.666,1050.009,1.5063,10.538,0.8579243440160532,0.0,Hit+Run
4909246.089,E0,P822,0.5258642974625374,0.0024355585714285716,6299.195,1050.009,1.516,11.483,0.1688538351788846,0.0,Merge
4938688.324,E8,P803,0.17892831834831835,0.0024355585714285716,4397.645,1050.009,3.7727,19.448,0.7985363664571145,0.0,Merge
5017693.165,P8,P472,0.012177816313686314,0.0024355585714285716,1795.492,1050.009,1.9916,4.0323,0.6297942971910426,0.0,Merge
5039641.986,E10,E14,0.14245555857142858,0.044980000000000006,4075.869,2775.451,2.8709,13.415,0.7828919957055576,0.03920745920745921,Hit+Run+Frag
5049160.612,P39,P65,0.0024355585714285716,0.0024355585714285716,1050.009,1050.009,4.4285,6.0258,0.7881,0.0,Hit+Run
5052691.248,P39,P203,0.0024355585714285716,0.0024355585714285716,1050.009,1050.009,9.4477,12.855,0.44135,0.0,Merge
5054903.905,P39,P207,0.004871117142857143,0.0024355585714285716,1322.929,1050.009,6.2924,9.8648,0.35357072756169877,0.0,Fragment
5055804.743,P39,P577,0.0073066933066933066,0.0024355585714285716,1514.377,1050.009,1.6405,2.8567,0.8849266338698224,0.0,Hit+Run
5055841.926,P39,P577,0.0073066933066933066,0.0024355585714285716,1514.377,1050.009,1.0772,1.8758,0.5686325363718733,0.0,Merge
5055904.781,P39,P587,0.009742251878121878,0.0024355585714285716,1666.787,1050.009,2.8304,5.3537,0.982846116925608,0.0,Hit+Run
5063746.264,P39,P715,0.009742251878121878,0.0024355585714285716,1666.787,1050.009,3.9975,7.5613,0.8151733055924191,0.0,Hit+Run
5065446.74,P39,P843,0.009742251878121878,0.0024355585714285716,1666.787,1050.009,1.5271,2.8885,0.5454734597743808,0.0,Merge
5073234.726,P39,P587,0.01217781044955045,0.0024355585714285716,1795.492,1050.009,4.4678,9.0457,0.9153186588450494,0.0,Hit+Run
5074161.72,P39,P587,0.01217781044955045,0.0024355585714285716,1795.492,1050.009,1.5294,3.0965,0.8808664330261194,0.0,Hit+Run
5075034.476,P39,P587,0.01217781044955045,0.0024355585714285716,1795.492,1050.009,1.0351,2.0957,0.8425651490113019,0.0,Graze+Merge
5075516.437,P39,P292,0.014613369020979022,0.0024355585714285716,1907.995,1050.009,4.4538,9.5529,0.6448342041299949,0.0,Merge
5076817.89,P39,P635,0.017048927592407594,0.0024355585714285716,2008.597,1050.009,2.44,5.5021,0.9229964342312171,0.0,Hit+Run
5076832.189,P39,P635,0.017048927592407594,0.0024355585714285716,2008.597,1050.009,1.0512,2.3704,0.7093708632206054,0.0,Graze+Merge
5078396.554,P39,P225,0.019484486163836166,0.0024355585714285716,2100.020,1050.009,4.306,10.148,0.9140667583671992,0.0,Hit+Run
5078550.066,P39,P459,0.019484486163836166,0.0024355585714285716,2100.020,1050.009,1.7006,4.0079,0.44100004424177836,0.0,Merge
5078861.926,P39,P371,0.021920044735264738,0.0024355585714285716,2184.109,1050.009,3.118,7.6446,0.5552592611469388,0.0,Merge
5085315.99,P39,P770,0.02435560330669331,0.0024355585714285716,2262.178,1050.009,3.4927,8.8747,0.7858437365632934,0.0,Hit+Run
5087802.077,P39,P401,0.02435560330669331,0.0024355585714285716,2262.178,1050.009,1.9792,5.0290,0.5672199054543848,0.0,Merge
5089853.577,P39,P505,0.02679116187812188,0.0024355585714285716,2335.201,1050.009,2.9503,7.7449,0.9109131652428527,0.0,Hit+Run
5090145.646,P39,P505,0.02679116187812188,0.0024355585714285716,2335.201,1050.009,1.055,2.7695,0.18307940481291413,0.0,Merge
5097847.626,P39,P225,0.029226720449550454,0.0024355585714285716,2403.922,1050.009,2.5282,6.8388,0.7122125689363186,0.0,Hit+Run
5098440.831,P39,P225,0.029226720449550454,0.0024355585714285716,2403.922,1050.009,1.0569,2.8589,0.6453273662833524,0.0,Merge
5101342.74,P39,P729,0.031662279020979026,0.0024355585714285716,2468.925,1050.009,5.3445,14.863,0.7860153167877552,0.0,Hit+Run
5107750.405,P39,P65,0.031662279020979026,0.0024355585714285716,2468.925,1050.009,3.7458,10.417,0.4307192742801061,0.0,Merge
5110245.5,P39,P687,0.034097837592407594,0.0024355585714285716,2530.673,1050.009,2.8191,8.0450,0.5133883848135321,0.0,Merge
5110687.951,P39,P405,0.03653339616383616,0.0024355585714285716,2589.547,1050.009,4.0068,11.713,0.6039217626446578,0.0,Merge
5113750.053,P39,P770,0.03896895473526473,0.0024355585714285716,2645.859,1050.009,2.6784,8.0093,0.7867701185315402,0.0,Hit+Run
5113886.334,P39,P770,0.03896895473526473,0.0024355585714285716,2645.859,1050.009,1.036,3.0980,0.9162041835274479,0.0,Hit+Run
5116948.139,P39,P653,0.03896895473526473,0.0024355585714285716,2645.859,1050.009,2.8777,8.6053,0.562909321384304,0.0,Merge
5119381.177,P39,P729,0.0414045133066933,0.0024355585714285716,2699.871,1050.009,2.1598,6.5977,0.35553032366369813,0.0,Merge
5121427.506,P39,P145,0.04384007187812187,0.0024355585714285716,2751.804,1050.009,3.1573,9.8413,0.6371006402423703,0.0,Merge
5135104.897,P39,P110,0.04627563044955044,0.0024355585714285716,2801.848,1050.009,5.2662,16.731,0.9168898927891093,0.0,Hit+Run
5137747.602,P39,P110,0.04627563044955044,0.0024355585714285716,2801.848,1050.009,1.1598,3.6848,0.8811017271998797,0.0,Hit+Run
5138029.987,P39,P110,0.04627563044955044,0.0024355585714285716,2801.848,1050.009,1.0462,3.3239,0.909397654871039,0.0,Hit+Run
5143674.319,P39,P110,0.04627563044955044,0.0024355585714285716,2801.848,1050.009,1.3198,4.1931,0.8627712033614935,0.0,Hit+Run
5144997.652,P39,P76,0.04627563044955044,0.0024355585714285716,2801.848,1050.009,2.7622,8.7759,0.5262751586139791,0.0,Merge
5166738.471,P39,P463,0.048711189020979005,0.0024355585714285716,2850.165,1050.009,5.9534,19.261,0.07812025533213292,0.007396603396603397,Fragment
5167716.543,M0,FRAG0017,0.04679217260739258,0.006752247752247752,2812.234,1475.060,3.8634,12.198,0.9892322700502523,0.0,Hit+Run
5167834.442,M0,FRAG0017,0.04679217260739258,0.006752247752247752,2812.234,1475.060,1.0436,3.2950,0.7819533115356446,0.0,Graze+Merge
5168315.616,P39,FRAG0028,0.043750144195804176,0.007396603396603397,2749.921,1520.563,0.9812,3.0337,0.7573981935750856,0.0,Perfect
5170770.934,P39,P369,0.051146747592407574,0.0024355585714285716,2896.897,1050.009,7.3965,24.348,0.8942647314235733,0.0,Hit+Run
5171224.286,P39,P369,0.051146747592407574,0.0024355585714285716,2896.897,1050.009,1.0597,3.4883,0.9009438261838776,0.0,Hit+Run
5171263.992,P39,P369,0.051146747592407574,0.0024355585714285716,2896.897,1050.009,1.0478,3.4491,0.2806687732242076,0.0,Merge
5176950.285,P39,P86,0.05358230616383614,0.0024355585714285716,2942.169,1050.009,1.8944,6.3399,0.9326523390814487,0.0,Hit+Run
5178753.145,P39,P110,0.05358230616383614,0.0024355585714285716,2942.169,1050.009,1.5962,5.3419,0.5732992924310225,0.0,Merge
5182520.569,P39,P86,0.05601786473526471,0.0024355585714285716,2986.088,1050.009,1.4752,5.0157,0.6415198908576573,0.0,Merge
5187602.284,P39,P691,0.05845342330669328,0.0024355585714285716,3028.752,1050.009,2.4292,8.3854,0.7530367617948038,0.0,Hit+Run
5189928.918,P39,P691,0.05845342330669328,0.0024355585714285716,3028.752,1050.009,1.0538,3.6376,0.8374665811578541,0.0,Hit+Run
5190031.666,P39,P394,0.05845342330669328,0.0024355585714285716,3028.752,1050.009,2.4924,8.6036,0.9692721478855709,0.0,Hit+Run
5190453.072,P39,P394,0.05845342330669328,0.0024355585714285716,3028.752,1050.009,1.0756,3.7129,0.4987077105032938,0.0,Merge
5193021.814,P39,P454,0.06088898187812185,0.0024355585714285716,3070.247,1050.009,3.6449,12.766,0.18263851313578514,0.0,Merge
5233930.363,P39,P345,0.06332454044955042,0.0024355585714285716,3110.650,1050.009,3.8223,13.576,0.8277054203617825,0.0,Hit+Run
5237137.95,P39,P345,0.06332454044955042,0.0024355585714285716,3110.650,1050.009,1.6656,5.9160,0.811631292877564,0.0,Hit+Run
5238051.684,P39,P345,0.06332454044955042,0.0024355585714285716,3110.650,1050.009,1.0497,3.7284,0.8362284460976008,0.0,Hit+Run
5238365.274,P39,P345,0.06332454044955042,0.0024355585714285716,3110.650,1050.009,0.9874,3.5071,0.6915612987396341,0.0,Perfect
5240061.733,P39,P773,0.065760099020979,0.0024355585714285716,3150.029,1050.009,4.6318,16.674,0.9425250210123439,0.0,Hit+Run
5240238.33,P39,P773,0.065760099020979,0.0024355585714285716,3150.029,1050.009,1.034,3.7224,0.7257750161801904,0.0,Merge
5240730.234,P39,P770,0.06819565759240757,0.0024355585714285716,3188.448,1050.009,8.673,31.631,0.2779623233446631,0.011972027972027973,Fragment
5241388.883,P39,FRAG0030,0.058659188191808175,0.005986013986013987,3032.302,1417.010,1.0299,3.5073,0.758942341489774,0.0,Graze+Merge
5242370.346,P39,FRAG0029,0.06464520217782216,0.005986013986013987,3132.126,1417.010,1.0174,3.5816,0.6838281548700447,0.0,Merge
5252295.581,P39,P418,0.07063121616383615,0.0024355585714285716,3225.963,1050.009,1.4432,5.3299,0.8156246014592866,0.0,Hit+Run
5252319.183,P39,P418,0.07063121616383615,0.0024355585714285716,3225.963,1050.009,1.0584,3.9088,0.8015165818058886,0.0,Hit+Run
5252320.085,P39,P418,0.07063121616383615,0.0024355585714285716,3225.963,1050.009,1.0404,3.8423,0.7523271229074097,0.0,Merge
5337006.26,P39,P715,0.07306677473526473,0.0024355585714285716,3262.625,1050.009,1.9606,7.3291,0.8910375810766845,0.0,Hit+Run
5375289.084,M1,FRAG0016,0.1202147383016983,0.006752247752247752,3851.646,1475.060,3.5286,15.391,0.8927893935207754,0.0,Hit+Run
5379583.969,E3,P797,0.42047819166167166,0.0024355585714285716,5846.666,1050.009,1.7226,12.051,0.8839503097880816,0.0,Hit+Run
5386411.722,P39,P691,0.07306677473526473,0.0024355585714285716,3262.625,1050.009,1.7538,6.5561,0.5732205596721038,0.0,Merge
5522669.399,P39,P715,0.0755023333066933,0.0024355585714285716,3298.480,1050.009,1.4133,5.3456,0.7378266511489111,0.0,Merge
5748193.385,P5,P8,0.021920068191808195,0.014613374885114886,2184.109,1907.995,8.2745,22.088,0.2192059667606536,0.031005661005661003,Fragment
5772895.738,P5,FRAG0033,0.0055277820712620745,0.006201132201132201,1379.889,1433.785,1.5779,2.8782,0.9103711064588855,0.0,Hit+Run
5774824.262,P5,FRAG0034,0.0055277820712620745,0.006201132201132201,1379.889,1433.785,1.1144,2.0327,0.9879068883535954,0.0,Hit+Run
5803079.596,P5,FRAG0032,0.0055277820712620745,0.006201132201132201,1379.889,1433.785,1.6441,2.9990,0.9472999133954552,0.0,Hit+Run
5818158.071,P5,FRAG0031,0.0055277820712620745,0.006201132201132201,1379.889,1433.785,1.3832,2.5230,0.37585972956423525,0.0,Merge
5832221.43,P5,FRAG0034,0.011728914272394276,0.006201132201132201,1773.154,1433.785,1.0339,2.1841,0.5868603568089302,0.0,Graze+Merge
5896069.829,P5,FRAG0035,0.017930046473526477,0.006201132201132201,2042.620,1433.785,1.2198,2.8712,0.2138742836166772,0.0,Merge
5954932.751,E3,E8,0.42047819166167166,0.18136387691974692,5846.666,4417.509,1.1165,7.6382,0.5873338704957505,0.0,Graze+Merge
5988695.042,E1,P774,0.32335926153513156,0.0024355585714285716,5356.596,1050.009,1.5864,10.107,0.5547557636859934,0.023793886113886116,Merge
6011381.495,E0,P447,0.5282998560339659,0.0024355585714285716,6308.905,1050.009,1.4842,11.261,0.21767217374625955,0.0,Merge
6052601.867,M1,P341,0.1202147383016983,0.0024355585714285716,3851.646,1050.009,3.8991,17.425,0.9782233555327627,0.0,Hit+Run
6133922.55,E0,FRAG0024,0.5307354146053944,0.0056010656010656015,6318.585,1385.960,1.5221,11.346,0.9156543512568405,0.0,Hit+Run
6179760.227,E3,FRAG0023,0.6018420685814185,0.0056010656010656015,6589.028,1385.960,1.1587,9.0347,0.8502543997868813,0.0,Hit+Run
6253195.808,E0,FRAG0024,0.5307354146053944,0.0056010656010656015,6318.585,1385.960,1.277,9.5190,0.17099322188719324,0.0,Merge
6279445.987,P5,FRAG0032,0.02413117867465868,0.006201132201132201,2255.208,1433.785,1.1857,3.0376,0.8111794589165914,0.0,Hit+Run
6281635.018,P5,FRAG0032,0.02413117867465868,0.006201132201132201,2255.208,1433.785,1.0241,2.6236,0.7691807937364196,0.0,Graze+Merge
6340716.124,E3,P24,0.6018420685814185,0.0024355585714285716,6589.028,1050.009,1.4592,11.595,0.293783456300168,0.0,Merge
6492534.021,E3,FRAG0021,0.604277627152847,0.0056010656010656015,6597.904,1385.960,1.1613,9.0681,0.7034358126624605,0.0,Merge
6650912.815,E0,P311,0.53633648020646,0.0024355585714285716,6340.735,1050.009,1.3746,10.485,0.8928468102628109,0.0,Hit+Run
6709236.772,E1,P272,0.32579482010656013,0.0024355585714285716,5370.011,1050.009,2.2816,14.575,0.7054599185080698,0.0,Merge
6776363.962,E0,P397,0.53633648020646,0.0024355585714285716,6340.735,1050.009,1.3376,10.203,0.9529876398961568,0.0,Hit+Run
6776395.917,M0,P399,0.053544420359640334,0.0024355585714285716,2941.475,1050.009,4.8942,16.375,0.8536684866136958,0.0,Hit+Run
6789511.537,M0,P399,0.053544420359640334,0.0024355585714285716,2941.475,1050.009,1.0756,3.5987,0.4675868911916348,0.0,Merge
6849221.824,E7,P610,0.024059999999999998,0.0024355585714285716,2252.988,1050.009,2.3077,5.8394,0.9893919596372704,0.0,Hit+Run
6942505.961,E0,P397,0.53633648020646,0.0024355585714285716,6340.735,1050.009,1.1283,8.6067,0.7694766062503268,0.0,Merge
7076522.625,E3,FRAG0022,0.6098786927539126,0.0056010656010656015,6618.227,1385.960,1.1923,9.3409,0.8246131319924327,0.0,Merge
7078894.207,M1,FRAG0018,0.1202147383016983,0.006752247752247752,3851.646,1475.060,4.8723,21.252,0.9269188657603322,0.0,Hit+Run
7136765.59,E0,FRAG0016,0.5387720387778885,0.006752247752247752,6350.318,1475.060,1.261,9.4064,0.7420383022431523,0.0,Merge
7258718.816,E0,P241,0.5455242865301362,0.0024355585714285716,6376.737,1050.009,1.3996,10.740,0.13849505196521836,0.0,Merge
7306957.658,P10,P422,0.0024355585714285716,0.0024355585714285716,1050.009,1050.009,6.0869,8.2823,0.8795000000000001,0.0,Hit+Run
7387449.826,E0,P466,0.5479598451015647,0.0024355585714285716,6386.213,1050.009,2.5196,19.366,0.8016879006312532,0.0,Merge
7396718.906,M0,P558,0.0559799789310689,0.0024355585714285716,2985.415,1050.009,3.3293,11.316,0.6199540155185074,0.0,Merge
7397918.421,E1,E4,0.3282303786779887,0.0574,5383.360,3010.448,1.0134,6.1368,0.2581429550120604,0.011489843489843492,Fragment
7403521.103,E0,P341,0.5503954036729932,0.0024355585714285716,6395.661,1050.009,1.3974,10.757,0.4544848026270291,0.0,Merge
7452877.287,P5,P586,0.03033231087579088,0.0024355585714285716,2433.860,1050.009,5.386,14.757,0.9591890985946901,0.0,Hit+Run
7481875.303,E1,P208,0.3741405351881452,0.0024355585714285716,5623.483,1050.009,1.8022,12.095,0.9937485162299013,0.0,Hit+Run
7516322.44,P5,P586,0.03033231087579088,0.0024355585714285716,2433.860,1050.009,1.0432,2.8583,0.6609532455793418,0.0,Merge
7633049.407,E10,P689,0.14245487259074258,0.0024355585714285716,4075.863,1050.009,3.3799,16.054,0.7707436750381487,0.0,Merge
7666366.742,E1,P762,0.3741405351881452,0.0024355585714285716,5623.483,1050.009,1.8856,12.654,0.6278656995191211,0.0,Merge
8070634.193,E3,P518,0.6154797583549781,0.0024355585714285716,6638.425,1050.009,2.5671,20.561,0.5590709087122128,0.0,Merge
8441278.714,E1,P824,0.3765760937595738,0.0024355585714285716,5635.659,1050.009,1.3568,9.1269,0.8819746029960953,0.0,Hit+Run
8731442.876,E0,P717,0.5528309622444217,0.0024355585714285716,6405.081,1050.009,2.9639,22.853,0.9022849240490305,0.0,Hit+Run
9020647.125,E0,P293,0.5528309622444217,0.0024355585714285716,6405.081,1050.009,1.8968,14.625,0.11083103713799747,0.0,Merge
9202910.588,P5,FRAG0033,0.03276786944721945,0.006201132201132201,2497.333,1433.785,1.5023,4.2258,0.47569239111717737,0.0,Merge
9224878.93,P39,P668,0.07793789187812188,0.0024355585714285716,3333.573,1050.009,21.267,81.360,0.4335426367558331,0.0644102564102564,Fragment
9224894.278,P39,FRAG0040,0.015963194039294054,0.005855477855477856,1965.020,1406.634,1.3386,3.0422,0.9905952214383167,0.0,Hit+Run
9224907.025,P39,FRAG0043,0.015963194039294054,0.005855477855477856,1965.020,1406.634,1.2182,2.7686,0.24349631318287268,0.0,Merge
9225075.379,P39,FRAG0039,0.02181867189477191,0.005855477855477856,2180.736,1406.634,1.342,3.3301,0.287837190649605,0.0,Merge
9225178.669,P39,FRAG0047,0.027674149750249767,0.005855477855477856,2360.579,1406.634,1.5463,4.1215,0.47973371964119976,0.0,Merge
9225373.848,P39,FRAG0040,0.03352962760572762,0.005855477855477856,2516.537,1406.634,0.9874,2.7951,0.3943022598705411,0.0,Perfect
9225737.128,P39,FRAG0048,0.03938510546120547,0.005855477855477856,2655.244,1406.634,1.5555,4.6379,0.6777546629249309,0.0,Hit+Run
9225889.455,P39,FRAG0042,0.03938510546120547,0.005855477855477856,2655.244,1406.634,0.9756,2.9089,0.3040351984243686,0.0,Perfect
9227874.9,P39,FRAG0044,0.045240583316683326,0.005855477855477856,2780.801,1406.634,0.9635,3.0069,0.9533562554690196,0.0,Perfect
9230687.517,P39,FRAG0045,0.05109606117216118,0.005855477855477856,2895.940,1406.634,4.9698,16.154,0.8805120967971748,0.0,Hit+Run
9230692.158,P39,FRAG0045,0.05109606117216118,0.005855477855477856,2895.940,1406.634,1.0437,3.3925,0.9404827647566827,0.0,Hit+Run
9231130.082,P39,FRAG0046,0.05109606117216118,0.005855477855477856,2895.940,1406.634,5.2989,17.223,0.6499851183894142,0.01119048951048951,Fragment
9231686.444,P39,FRAG0045,0.04576139583749584,0.005855477855477856,2791.431,1406.634,1.1398,3.5707,0.7469188990168245,0.0,Hit+Run
9232027.82,P39,FRAG0050,0.04576139583749584,0.005595071595071595,2791.431,1385.465,1.1905,3.7295,0.9455814365313736,0.0,Hit+Run
9232859.505,P39,FRAG0049,0.04576139583749584,0.005595071595071595,2791.431,1385.465,1.1722,3.6722,0.5742724774976389,0.0,Merge
9234653.231,P39,FRAG0050,0.051356467432567436,0.005595071595071595,2900.851,1385.465,1.534,4.9956,0.9928218817833973,0.0,Hit+Run
9234672.268,P39,FRAG0050,0.051356467432567436,0.005595071595071595,2900.851,1385.465,1.0434,3.3979,0.6071982224513046,0.0,Merge
9238119.622,P39,FRAG0038,0.05695153902763903,0.005855477855477856,3002.587,1406.634,3.5988,12.134,0.7849644509845589,0.0,Hit+Run
9248275.194,P39,FRAG0048,0.05695153902763903,0.005855477855477856,3002.587,1406.634,5.3758,18.126,0.9343031376340893,0.0,Hit+Run
9249115.495,P39,FRAG0048,0.05695153902763903,0.005855477855477856,3002.587,1406.634,1.0662,3.5951,0.5628291131593112,0.0,Merge
9256664.067,P39,FRAG0041,0.06280701688311689,0.005855477855477856,3102.153,1406.634,3.8476,13.414,0.8387009781718702,0.0,Hit+Run
9257027.425,P39,FRAG0041,0.06280701688311689,0.005855477855477856,3102.153,1406.634,1.0424,3.6343,0.06756393441876755,0.0,Merge
9280168.473,P39,FRAG0045,0.06866249473859475,0.005855477855477856,3195.707,1406.634,2.0824,7.4862,0.33635064502542134,0.0,Merge
9347592.966,P39,FRAG0038,0.0745179725940726,0.005855477855477856,3284.083,1406.634,2.1243,7.8561,0.4660024184830891,0.0,Merge
9430247.976,E11,P330,0.020565714285714288,0.0024355585714285716,2138.167,1050.009,5.1606,12.384,0.8972024728830744,0.0,Hit+Run
9596049.004,E5,P644,0.0735,0.0024355585714285716,3269.060,1050.009,5.1494,19.290,0.8578589545206401,0.0,Hit+Run
9646732.034,E16,P74,0.04256,0.0024355585714285716,2724.756,1050.009,3.2245,9.9462,0.2396490504044976,0.0,Merge
9726350.33,E0,FRAG0018,0.5552665208158503,0.006752247752247752,6414.473,1475.060,2.0452,15.422,0.8533623119327011,0.0,Hit+Run
9746683.12,E3,P252,0.6179153169264067,0.0024355585714285716,6647.170,1050.009,1.1346,9.1002,0.2927553607872497,0.0,Merge
9841097.394,P69,P393,0.0024355585714285716,0.0024355585714285716,1050.009,1050.009,11.523,15.680,0.317,0.0,Merge
9861194.584,E16,E11,0.04499555857142857,0.020565714285714288,2775.771,2138.167,2.7026,8.8195,0.5518283954502208,0.018286713286713288,Fragment
9878423.465,M1,M0,0.1202147383016983,0.05841553750249747,3851.646,3028.098,3.4579,15.742,0.6667290609624775,0.05288811188811188,Hit+Run+Frag
9878817.3,M1,FRAG0058,0.12021435838827836,0.005876456876456876,3851.642,1408.312,1.0835,4.7395,0.7462438093843078,0.0,Hit+Run
9894855.35,M1,FRAG0059,0.12021435838827836,0.005876456876456876,3851.642,1408.312,1.0364,4.5335,0.975147562513083,0.0,Hit+Run
9901756.364,M1,FRAG0058,0.12021435838827836,0.005876456876456876,3851.642,1408.312,1.0716,4.6874,0.9934540047018844,0.0,Hit+Run
9906171.483,M1,FRAG0062,0.12021435838827836,0.005876456876456876,3851.642,1408.312,1.0113,4.4237,0.5861722788854268,0.0,Merge
9915418.922,E16,FRAG0051,0.04727455957042957,0.006095571095571096,2821.865,1425.603,2.6844,8.5013,0.7781032023440587,0.0,Hit+Run
9917724.715,M1,FRAG0059,0.12609081526473523,0.005876456876456876,3913.406,1408.312,1.1032,4.9081,0.3386356430071345,0.0,Merge
9926270.892,E3,P377,0.6203508754978352,0.0024355585714285716,6655.892,1050.009,1.0617,8.5274,0.8843829122672929,0.0,Hit+Run
9951447.622,M1,M0,0.1319672721411921,0.005527805527805528,3973.280,1379.890,1.2643,5.7246,0.45157229300844437,0.0,Merge
10037933.285,M1,FRAG0014,0.13749507766899763,0.00561871461871462,4028.001,1387.414,4.893,22.472,0.9783238010334278,0.0,Hit+Run
10041442.957,M1,FRAG0055,0.13749507766899763,0.005876456876456876,4028.001,1408.312,1.0762,4.9377,0.42041132523994185,0.0,Merge
10238011.22,M1,FRAG0054,0.1433715345454545,0.005876456876456876,4084.587,1408.312,1.4334,6.6754,0.6691766093562267,0.0,Merge
10265363.184,E7,P310,0.024059999999999998,0.0024355585714285716,2252.988,1050.009,4.2088,10.649,0.9548774934823957,0.0,Hit+Run
10779517.779,M1,P780,0.1492479914219114,0.0024355585714285716,4139.647,1050.009,7.4418,35.944,0.8784768338397051,0.0,Hit+Run
10889680.096,M1,FRAG0014,0.1492479914219114,0.00561871461871462,4139.647,1387.414,2.6469,12.517,0.23735111418808091,0.0,Merge
11176683.988,E0,P256,0.5552665208158503,0.0024355585714285716,6414.473,1050.009,2.0625,15.927,0.961936853112326,0.0,Hit+Run
11200146.338,E0,P256,0.5552665208158503,0.0024355585714285716,6414.473,1050.009,1.0005,7.7263,0.40302696454322035,0.0,Merge
11214405.519,M1,FRAG0061,0.15486670604062602,0.005876456876456876,4190.957,1408.312,2.5202,12.064,0.5591166626313501,0.0,Merge
11454223.372,E14,P175,0.005773226773226774,0.0024355585714285716,1400.017,1050.009,11.026,18.031,0.8330296206439447,0.0,Graze+Frag
11785991.968,E16,P655,0.04727455957042957,0.0024355585714285716,2821.865,1050.009,3.7272,11.931,0.8080328172071217,0.0,Hit+Run
11797303.781,E0,P853,0.5577020793872788,0.0024355585714285716,6423.838,1050.009,2.9319,22.676,0.8836610038646885,0.0,Hit+Run
12184765.656,E1,P157,0.3765760937595738,0.0024355585714285716,5635.659,1050.009,2.2857,15.375,0.7114465879085391,0.0,Merge
12656290.524,E0,P311,0.5577020793872788,0.0024355585714285716,6423.838,1050.009,1.8881,14.603,0.33039518518197286,0.0,Merge
12667928.653,E1,P307,0.37901165233100237,0.0024355585714285716,5647.783,1050.009,2.012,13.565,0.8135487651869477,0.0,Merge
12712447.293,E3,P713,0.6203508754978352,0.0024355585714285716,6655.892,1050.009,1.5767,12.663,0.8890471057688492,0.0,Hit+Run
12943714.053,E0,P109,0.5601376379587073,0.0024355585714285716,6433.176,1050.009,1.9168,14.848,0.7618520619571088,0.0,Merge
13120798.283,P23,FRAG0037,0.0024355585714285716,0.005744921744921746,1050.009,1397.725,10.179,16.625,0.9154690794584747,0.0,Hit+Run
13386884.25,E3,E12,0.6203508754978352,0.10341111714285715,6655.892,3663.106,1.0357,7.7494,0.9034702293469218,0.0,Hit+Run
13515968.621,E0,P540,0.5625731965301358,0.0024355585714285716,6442.486,1050.009,2.0674,16.039,0.6881447410491288,0.0,Merge
13743462.246,P131,P717,0.0024355585714285716,0.0024355585714285716,1050.009,1050.009,12.696,17.275,0.5461,0.0,Graze+Frag
13778803.895,E1,FRAG0051,0.38144721090243094,0.006095571095571096,5659.855,1425.603,1.0357,6.8433,0.3098540320872074,0.0,Merge
13807958.941,E3,FRAG0053,0.6203508754978352,0.006095571095571096,6655.892,1425.603,1.2614,9.9221,0.7743455461372352,0.0,Merge
13950508.531,E0,P208,0.5650087551015643,0.0024355585714285716,6451.770,1050.009,3.4387,26.719,0.6793392066063906,0.0,Merge
14006852.34,E0,P23,0.5674443136729929,0.0024355585714285716,6461.027,1050.009,1.3594,10.579,0.9783104849480249,0.0,Hit+Run
14012220.501,E12,P829,0.10341111714285715,0.0024355585714285716,3663.106,1050.009,2.8522,12.075,0.9985663391884141,0.0,Hit+Run
14048388.56,E13,P439,0.02222,0.0024355585714285716,2194.026,1050.009,2.6367,6.4943,0.7405094608774264,0.0,Hit+Run
14074905.815,E0,P703,0.5674443136729929,0.0024355585714285716,6461.027,1050.009,2.3536,18.316,0.771431322343611,0.0,Merge
14092482.042,M1,FRAG0037,0.1607431629170829,0.005744921744921746,4243.309,1397.725,2.1778,10.570,0.841660960319083,0.0,Hit+Run
14097961.281,M1,FRAG0037,0.1607431629170829,0.005744921744921746,4243.309,1397.725,1.0803,5.2434,0.6773004993040507,0.0,Merge
14099196.072,M1,FRAG0060,0.16648808466200465,0.005876456876456876,4293.270,1408.312,5.6013,27.515,0.7053315611248574,0.006263736263736264,Fragment
14155473.726,E0,P824,0.5698798722444214,0.0024355585714285716,6470.258,1050.009,1.6273,12.683,0.7382886539194611,0.0,Merge
14392371.203,E0,P416,0.5723154308158499,0.0024355585714285716,6479.462,1050.009,1.9985,15.599,0.6894700111864627,0.0,Merge
14430473.531,E1,P23,0.387542781998002,0.0024355585714285716,5689.844,1050.009,1.5273,10.379,0.14984706589287045,0.0,Merge
14528752.566,M1,FRAG0063,0.16610080527472526,0.006263736263736264,4289.938,1438.594,1.704,8.3508,0.9235091123708997,0.0,Hit+Run
14537489.263,M1,FRAG0063,0.16610080527472526,0.006263736263736264,4289.938,1438.594,1.0553,5.1717,0.8907085130181219,0.0,Hit+Run
14649727.727,M1,FRAG0063,0.16610080527472526,0.006263736263736264,4289.938,1438.594,1.074,5.2633,0.706560855921135,0.0,Merge
14978080.225,E3,P40,0.6264464465934063,0.0024355585714285716,6677.622,1050.009,1.4679,11.830,0.5567542472230594,0.0,Merge
15399504.47,E3,E10,0.6288820051648348,0.14489043116217115,6686.264,4098.960,1.1663,8.8259,0.8875776720230079,0.0,Hit+Run
15417590.176,E0,E16,0.5747509893872784,0.04727455957042957,6488.641,2821.865,1.5041,10.983,0.8227093305472107,0.03495504495504496,Hit+Run+Frag
15441160.54,E0,E12,0.5747511566833157,0.10341111714285715,6488.641,3663.106,1.1591,8.4639,0.4808437811116167,0.020846460206460207,Fragment
15447699.29,E0,FRAG0072,0.6573161199800189,0.006948717948717949,6785.553,1489.231,1.034,8.2769,0.7690220866153394,0.0,Merge
15451057.872,E16,FRAG0070,0.01231934731934732,0.006948717948717949,1802.421,1489.231,2.2864,4.9422,0.7432762312235749,0.0,Hit+Run
15469955.722,E0,FRAG0068,0.6642648379287369,0.005825840825840826,6809.380,1404.257,1.2021,9.7005,0.35499212011413767,0.0,Merge
15537859.815,E0,FRAG0069,0.6700906787545777,0.005825840825840826,6829.229,1404.257,1.0642,8.6146,0.7504823811274027,0.0,Merge
15594743.662,E0,E16,0.6759165195804185,0.01231934731934732,6848.963,1802.421,1.0117,8.0618,0.6505869406619567,0.0,Merge
15607325.999,M1,FRAG0052,0.17236454153846154,0.006095571095571096,4343.200,1425.603,4.0252,20.001,0.6157782081488086,0.0,Merge
15610900.758,E3,P783,0.6288820051648348,0.0024355585714285716,6686.264,1050.009,4.3324,34.965,0.7832919664512639,0.0,Merge
15766646.699,M1,P780,0.17846011263403264,0.0024355585714285716,4393.806,1050.009,3.7103,19.108,0.23099739688607732,0.0,Merge
15786351.976,E0,FRAG0070,0.6882358668997659,0.006948717948717949,6890.323,1489.231,1.1111,9.0417,0.3801391287914608,0.0,Merge
16061979.663,P5,FRAG0057,0.038969001648351646,0.005876456876456876,2645.860,1408.312,14.019,41.658,0.9904258882940421,0.0,Hit+Run
16071111.302,P5,FRAG0057,0.038969001648351646,0.005876456876456876,2645.860,1408.312,1.1014,3.2727,0.5065033815926503,0.0,Merge
16250795.846,M1,P161,0.1808956712054612,0.0024355585714285716,4413.704,1050.009,5.6197,29.083,0.9359416822043679,0.0,Hit+Run
16282849.475,M1,P161,0.1808956712054612,0.0024355585714285716,4413.704,1050.009,1.0623,5.4976,0.5423711767926916,0.0,Merge
16362190.641,E0,FRAG0023,0.6951845848484839,0.0056010656010656015,6913.435,1385.960,3.2947,27.048,0.40850549774365025,0.0,Merge
16411891.834,E15,P672,0.11671555857142858,0.0024355585714285716,3813.907,1050.009,1.2744,5.6353,0.18168120031865365,0.0,Merge
16415238.071,E1,P657,0.3899783405694306,0.0024355585714285716,5701.739,1050.009,1.9487,13.272,0.3247882697467652,0.0,Merge
16518442.221,E0,FRAG0071,0.7007856504495494,0.006948717948717949,6931.952,1489.231,1.1533,9.4460,0.9482763634089191,0.0,Hit+Run
16687153.924,E0,FRAG0066,0.7007856504495494,0.005825840825840826,6931.952,1404.257,1.7288,14.220,0.8985699707444987,0.0,Hit+Run
16756433.389,P5,FRAG0058,0.04484545852480852,0.005876456876456876,2772.681,1408.312,10.692,33.273,0.16088340306552656,0.049406973026973035,Fragment
16756565.934,P5,FRAG0076,0.005527110206460205,0.00564935064935065,1379.833,1389.931,1.1074,1.9874,0.4585719745248191,0.0,Merge
16761488.721,P5,FRAG0073,0.011176460855810855,0.00564935064935065,1744.865,1389.931,1.6939,3.5061,0.8793912627643531,0.0,Hit+Run
16765427.679,P5,FRAG0073,0.011176460855810855,0.00564935064935065,1744.865,1389.931,1.1196,2.3174,0.3374738417710154,0.0,Merge
16809027.953,P5,FRAG0077,0.016825811505161506,0.00564935064935065,1999.796,1389.931,2.3652,5.4411,0.7240552786180451,0.0,Hit+Run
16824451.892,P5,FRAG0078,0.016825811505161506,0.00564935064935065,1999.796,1389.931,1.8453,4.2451,0.9834007528138347,0.0,Hit+Run
16848575.677,P5,FRAG0079,0.016825811505161506,0.00564935064935065,1999.796,1389.931,1.905,4.3824,0.5248265101104969,0.0,Merge
16937037.055,P39,FRAG0074,0.08037345044955045,0.00564935064935065,3367.942,1389.931,6.4989,24.688,0.9973140260095982,0.0,Hit+Run
16937537.515,P39,FRAG0074,0.08037345044955045,0.00564935064935065,3367.942,1389.931,1.2597,4.7854,0.7082918691356405,0.0,Hit+Run
16939935.593,P39,FRAG0074,0.08037345044955045,0.00564935064935065,3367.942,1389.931,1.3202,5.0153,0.6692883892342075,0.0,Merge
16967930.391,P5,FRAG0080,0.022475162154512156,0.00564935064935065,2202.392,1389.931,4.486,11.214,0.7330020164483102,0.0,Hit+Run
16968169.129,P5,FRAG0075,0.022475162154512156,0.00564935064935065,2202.392,1389.931,5.5443,13.859,0.7402363956671878,0.006717948717948718,Graze+Frag
17076415.17,P5,FRAG0078,0.021406564085914088,0.00564935064935065,2166.919,1389.931,3.77,9.2895,0.9609902464887766,0.0,Hit+Run
17077007.937,P5,FRAG0078,0.021406564085914088,0.00564935064935065,2166.919,1389.931,1.0786,2.6577,0.39234038210902256,0.0,Merge
17104488.177,P5,FRAG0077,0.02705591473526474,0.00564935064935065,2342.868,1389.931,3.5683,9.4364,0.5685824744014912,0.008170829170829171,Fragment
17114956.034,E3,P185,0.6313175637362634,0.0024355585714285716,6694.885,1050.009,1.6542,13.368,0.7269818922963402,0.0,Merge
17133355.357,P5,FRAG0080,0.024534436213786214,0.00564935064935065,2267.701,1389.931,2.0434,5.2444,0.8013390786177482,0.0,Hit+Run
17136369.503,P5,FRAG0080,0.024534436213786214,0.00564935064935065,2267.701,1389.931,1.3206,3.3893,0.9849185766283597,0.0,Hit+Run
17136998.202,P5,FRAG0080,0.024534436213786214,0.00564935064935065,2267.701,1389.931,1.0686,2.7425,0.9176494934329819,0.0,Hit+Run
17151273.588,E0,P430,0.7007856504495494,0.0024355585714285716,6931.952,1050.009,2.8095,23.560,0.9382757219584245,0.0,Hit+Run
17160718.567,P5,FRAG0082,0.024534436213786214,0.008170829170829171,2267.701,1571.867,1.7045,4.4444,0.40675556786787626,0.0,Merge
17183005.498,E0,FRAG0066,0.7007856504495494,0.005825840825840826,6931.952,1404.257,1.154,9.4922,0.8910028906651216,0.0,Hit+Run
17190487.754,P5,FRAG0081,0.032705265384615385,0.006717948717948718,2495.742,1472.559,2.2427,6.3154,0.5930082322052249,0.0,Merge
17232572.3,P151,P381,0.0024355585714285716,0.0024355585714285716,1050.009,1050.009,9.4248,12.824,0.92635,0.0,Hit+Run
17426014.561,E1,P335,0.39241389914085917,0.0024355585714285716,5713.584,1050.009,2.6643,18.187,0.4573507033431879,0.0,Merge
17463983.343,E10,P789,0.14489043116217115,0.0024355585714285716,4098.960,1050.009,1.763,8.4253,0.43115358450881536,0.0,Merge
17544823.24,E3,P151,0.6337531223076919,0.0024355585714285716,6703.483,1050.009,2.0202,16.349,0.8873142490891744,0.0,Hit+Run
17631045.938,P5,FRAG0080,0.0394232141025641,0.00564935064935065,2656.100,1389.931,3.7626,11.219,0.7747664767735793,0.0,Hit+Run
17768718.027,P5,FRAG0080,0.0394232141025641,0.00564935064935065,2656.100,1389.931,2.0901,6.2325,0.4966855756031946,0.0,Merge
17839420.125,E1,P854,0.39484945771228774,0.0024355585714285716,5725.380,1050.009,1.4961,10.235,0.9919759365369475,0.0,Hit+Run
17900934.829,E10,P439,0.14732598973359973,0.0024355585714285716,4121.800,1050.009,3.322,15.971,0.3358450164930741,0.0,Merge
17956577.26,M1,P296,0.1833312297768898,0.0024355585714285716,4433.424,1050.009,9.6707,50.288,0.5391160514035198,0.0063083583083583085,Fragment
18691309.441,M1,FRAG0083,0.17945843003996007,0.0063083583083583085,4401.984,1442.002,1.1122,5.6023,0.840551925601543,0.0,Hit+Run
18725859.822,M1,FRAG0083,0.17945843003996007,0.0063083583083583085,4401.984,1442.002,1.0259,5.1676,0.9264977762253769,0.0,Hit+Run
18732169.078,M1,FRAG0083,0.17945843003996007,0.0063083583083583085,4401.984,1442.002,1.057,5.3242,0.7080552110990685,0.0,Merge
18924863.415,E0,P273,0.7007856504495494,0.0024355585714285716,6931.952,1050.009,1.8584,15.584,0.9391441741261015,0.0,Hit+Run
19196501.84,E0,P701,0.7007856504495494,0.0024355585714285716,6931.952,1050.009,2.4151,20.252,0.9746638677840982,0.0,Hit+Run
19252200.678,E1,P854,0.39484945771228774,0.0024355585714285716,5725.380,1050.009,1.5164,10.374,0.7418482619352469,0.0,Merge
19344092.114,M1,FRAG0056,0.18576678834831836,0.005876456876456876,4452.971,1408.312,3.937,20.112,0.7010753966708874,0.0,Merge
19374269.241,E0,P273,0.7007856504495494,0.0024355585714285716,6931.952,1050.009,1.3059,10.951,0.6436967466823251,0.0,Merge
19535203.811,E0,P739,0.703221209020978,0.0024355585714285716,6939.973,1050.009,3.0351,25.483,0.9740303569295449,0.0,Hit+Run
19683763.264,E0,P153,0.703221209020978,0.0024355585714285716,6939.973,1050.009,3.0993,26.022,0.4270828665081659,0.0,Merge
20093683.116,E0,P701,0.7056567675924065,0.0024355585714285716,6947.976,1050.009,1.6194,13.613,0.6497124916800635,0.0,Merge
20103803.523,E1,P107,0.3972850162837163,0.0024355585714285716,5737.128,1050.009,3.0086,20.627,0.7597504024455438,0.0,Merge
20469595.256,E1,P627,0.3997205748551449,0.0024355585714285716,5748.828,1050.009,3.0146,20.714,0.34076084212756064,0.0,Merge
21348271.421,E0,P599,0.708092326163835,0.0024355585714285716,6955.961,1050.009,1.6348,13.759,0.4477166823987398,0.0,Merge
22213315.656,P104,FRAG0064,0.0024355585714285716,0.005825840825840826,1050.009,1404.257,15.820,25.932,0.7688538025688917,0.0,Graze+Frag
22227734.149,E10,P337,0.1497615483050283,0.0024355585714285716,4144.390,1050.009,2.4511,11.853,0.21111305012831483,0.0,Merge
22340658.541,E0,P655,0.7105278847352635,0.0024355585714285716,6963.927,1050.009,2.8775,24.248,0.611759827722972,0.0,Merge
22377771.79,E3,E5,0.6337531223076919,0.0735,6703.483,3269.060,1.226,9.2242,0.5899846104511416,0.010212454212454213,Fragment
22592301.815,E10,P790,0.15219710687645688,0.0024355585714285716,4166.736,1050.009,3.4371,16.718,0.2865818876369524,0.0,Merge
23370663.118,E0,FRAG0036,0.712963443306692,0.005744921744921746,6971.875,1397.725,2.6906,22.275,0.7686921590208625,0.0,Merge
23429422.757,E0,FRAG0065,0.7187083650516137,0.005825840825840826,6990.551,1404.257,2.4691,20.493,0.9758682212594928,0.0,Hit+Run
23440357.389,E0,FRAG0065,0.7187083650516137,0.005825840825840826,6990.551,1404.257,1.0632,8.8246,0.27671389190590445,0.0,Merge
23803736.795,E3,P131,0.6970406680952377,0.004871128871128871,6919.582,1322.930,1.0093,8.3212,0.4437592356998018,0.0,Merge
23947885.972,E0,P514,0.7245342058774545,0.0024355585714285716,7009.388,1050.009,1.7542,14.884,0.4384238876760096,0.0,Merge
24281914.46,E0,P151,0.7269697644488831,0.0024355585714285716,7017.234,1050.009,1.7313,14.707,0.9990144601021825,0.0,Hit+Run
24981110.754,E0,P166,0.7269697644488831,0.0024355585714285716,7017.234,1050.009,2.6968,22.910,0.609324884024013,0.0,Merge
25520603.138,E1,P430,0.40215613342657347,0.0024355585714285716,5760.481,1050.009,1.4005,9.6440,0.9573889139065189,0.0,Hit+Run
25847458.273,E0,P430,0.7294053230203116,0.0024355585714285716,7025.062,1050.009,1.2034,10.235,0.31110090586922795,0.0,Merge
25877147.726,P39,P5,0.0860228010989011,0.04507256475191475,3445.072,2777.354,5.7346,23.516,0.540366475120262,0.12438827838827836,Fragment
25877151.399,P39,FRAG0101,0.006707087462537495,0.005654012654012654,1471.765,1390.313,1.5505,2.8788,0.6024197791693914,0.0,Hit+Run
25883747.795,P39,FRAG0095,0.006707087462537495,0.005654012654012654,1471.765,1390.313,1.8874,3.5043,0.8861715795498183,0.0,Hit+Run
25885077.773,P39,FRAG0091,0.006707087462537495,0.005654012654012654,1471.765,1390.313,3.1377,5.8258,0.9307552712732381,0.0,Hit+Run
25885637.918,P39,FRAG0098,0.006707087462537495,0.005654012654012654,1471.765,1390.313,1.1752,2.1820,0.38407796249391246,0.0,Merge
25886193.823,P39,FRAG0090,0.012361100116550148,0.005654012654012654,1804.455,1390.313,2.1763,4.6171,0.6812806346606131,0.0,Hit+Run
25887621.423,P39,FRAG0088,0.012361100116550148,0.005654012654012654,1804.455,1390.313,2.0376,4.3228,0.828358629409099,0.0,Hit+Run
25887732.467,P39,FRAG0106,0.012361100116550148,0.005654012654012654,1804.455,1390.313,1.9819,4.2047,0.6428731705941884,0.0,Hit+Run
25891226.472,P39,FRAG0106,0.012361100116550148,0.005654012654012654,1804.455,1390.313,1.3922,2.9536,0.9869588633775125,0.0,Hit+Run
25892911.501,P39,FRAG0087,0.012361100116550148,0.005654012654012654,1804.455,1390.313,1.6742,3.5519,0.8906013138226286,0.0,Hit+Run
25893885.839,P39,FRAG0103,0.012361100116550148,0.005654012654012654,1804.455,1390.313,1.4109,2.9933,0.9347134159342138,0.0,Hit+Run
25893940.318,P39,FRAG0103,0.012361100116550148,0.005654012654012654,1804.455,1390.313,1.1762,2.4953,0.7219473613191807,0.0,Hit+Run
25894084.784,P39,FRAG0104,0.012361100116550148,0.005654012654012654,1804.455,1390.313,1.6061,3.4074,0.43321360204335124,0.0,Merge
25894883.144,P39,FRAG0106,0.0180151127705628,0.005654012654012654,2045.845,1390.313,1.1401,2.6733,0.8973082109634504,0.0,Hit+Run
25898753.214,P39,FRAG0100,0.0180151127705628,0.005654012654012654,2045.845,1390.313,1.8596,4.3604,0.9153484463772865,0.0,Hit+Run
25906418.304,P39,FRAG0105,0.0180151127705628,0.005654012654012654,2045.845,1390.313,2.9598,6.9402,0.8662289935178316,0.0,Hit+Run
25909313.768,P39,FRAG0092,0.0180151127705628,0.005654012654012654,2045.845,1390.313,1.0523,2.4674,0.3964088692584866,0.0,Merge
25911439.01,P39,FRAG0106,0.023669125424575454,0.005654012654012654,2240.721,1390.313,1.4557,3.6958,0.14076112615720573,0.0,Merge
25912994.315,P39,FRAG0091,0.029323138078588107,0.005654012654012654,2406.563,1390.313,1.536,4.1651,0.7607192546214632,0.0,Hit+Run
25913037.658,P39,FRAG0087,0.029323138078588107,0.005654012654012654,2406.563,1390.313,1.255,3.4031,0.7988756444966607,0.0,Hit+Run
25914260.313,P39,FRAG0094,0.029323138078588107,0.005654012654012654,2406.563,1390.313,1.457,3.9508,0.9232958991893732,0.0,Hit+Run
25914497.043,P39,FRAG0101,0.029323138078588107,0.005654012654012654,2406.563,1390.313,1.2031,3.2624,0.8684064745516304,0.0,Hit+Run
25916398.562,P39,FRAG0094,0.029323138078588107,0.005654012654012654,2406.563,1390.313,1.3527,3.6680,0.5282948664614144,0.0,Merge
25917588.403,P39,FRAG0091,0.03497715073260076,0.005654012654012654,2552.242,1390.313,1.3325,3.8217,0.7559191595763385,0.0,Hit+Run
25918699.799,P39,FRAG0099,0.03497715073260076,0.005654012654012654,2552.242,1390.313,1.8814,5.3960,0.9893562144219561,0.0,Hit+Run
25918936.279,P39,FRAG0099,0.03497715073260076,0.005654012654012654,2552.242,1390.313,1.1296,3.2398,0.6020423211492634,0.0,Merge
25919503.415,P39,FRAG0088,0.04063116338661342,0.005654012654012654,2682.956,1390.313,1.1757,3.5408,0.1705965227819248,0.0,Merge
25920472.054,P39,FRAG0090,0.046285176040626076,0.005654012654012654,2802.041,1390.313,1.0497,3.3009,0.7214377942302214,0.0,Graze+Merge
25921403.179,P39,FRAG0101,0.05193918869463873,0.005654012654012654,2911.782,1390.313,1.6562,5.4139,0.7690128534242641,0.0,Hit+Run
25921516.539,P39,FRAG0101,0.05193918869463873,0.005654012654012654,2911.782,1390.313,1.0385,3.3947,0.9595401534057201,0.0,Hit+Run
25921541.834,P39,FRAG0101,0.05193918869463873,0.005654012654012654,2911.782,1390.313,1.0276,3.3591,0.5780117733007581,0.0,Merge
25932718.055,P39,FRAG0096,0.05759320134865139,0.005654012654012654,3013.821,1390.313,1.2318,4.1704,0.6087678193741144,0.0,Merge
25944070.473,P39,FRAG0086,0.06324721400266405,0.005654012654012654,3109.383,1390.313,1.2712,4.4441,0.7378718347061259,0.0,Hit+Run
25944130.884,P39,FRAG0102,0.06324721400266405,0.005654012654012654,3109.383,1390.313,1.4208,4.9672,0.43326993852850815,0.0,Merge
25944481.252,P39,FRAG0086,0.0689012266566767,0.005654012654012654,3199.407,1390.313,1.1178,4.0250,0.8423526773412711,0.0,Hit+Run
25945056.697,P39,FRAG0100,0.0689012266566767,0.005654012654012654,3199.407,1390.313,1.5226,5.4826,0.2512279914877475,0.0,Merge
25947302.957,P39,FRAG0087,0.07455523931068934,0.005654012654012654,3284.630,1390.313,1.0111,3.7417,0.5626446291573297,0.0,Merge
25948054.233,P39,FRAG0097,0.080209251964702,0.005654012654012654,3365.647,1390.313,1.2802,4.8598,0.8584736091381902,0.0,Hit+Run
25948061.879,P39,FRAG0097,0.080209251964702,0.005654012654012654,3365.647,1390.313,1.0461,3.9711,0.7003802909604046,0.0,Merge
25949953.106,P39,FRAG0086,0.08586326461871464,0.005654012654012654,3442.941,1390.313,1.1418,4.4389,0.8673503646294214,0.0,Hit+Run
25952252.804,E0,P637,0.7318408815917401,0.0024355585714285716,7032.872,1050.009,1.4671,12.492,0.5071781565731928,0.0,Merge
25954242.821,P39,FRAG0085,0.08586326461871464,0.005654012654012654,3442.941,1390.313,1.249,4.8556,0.9350230688342465,0.0,Hit+Run
25961082.417,P39,FRAG0086,0.08586326461871464,0.005654012654012654,3442.941,1390.313,1.6171,6.2867,0.8953454938425752,0.0,Hit+Run
25963557.333,P39,FRAG0086,0.08586326461871464,0.005654012654012654,3442.941,1390.313,1.064,4.1364,0.47976385559947043,0.0,Merge
25973514.841,P39,FRAG0085,0.0915172772727273,0.005654012654012654,3516.912,1390.313,1.1056,4.3954,0.5426703507951806,0.0,Merge
25977270.721,P39,FRAG0093,0.09717128992673994,0.005654012654012654,3587.895,1390.313,1.7642,7.1633,0.8344497908412551,0.0,Hit+Run
25999717.466,P39,FRAG0093,0.09717128992673994,0.005654012654012654,3587.895,1390.313,1.379,5.5993,0.5624500058494692,0.0,Merge
26192817.757,P39,FRAG0095,0.10282530258075259,0.005654012654012654,3656.176,1390.313,6.1738,25.573,0.7073282821122253,0.008327339327339327,Fragment
26193152.049,P39,FRAG0107,0.10015197590742592,0.008327339327339327,3624.212,1581.840,1.0414,4.2471,0.852997070829998,0.0,Hit+Run
26193745.508,P39,FRAG0107,0.10015197590742592,0.008327339327339327,3624.212,1581.840,1.0713,4.3690,0.8623255297781102,0.0,Hit+Run
26193762.597,P39,FRAG0107,0.10015197590742592,0.008327339327339327,3624.212,1581.840,1.0448,4.2609,0.8120632360427591,0.0,Graze+Merge
26345305.052,P39,FRAG0103,0.10847931523476524,0.005654012654012654,3721.998,1390.313,1.992,8.4089,0.6903332246141457,0.0,Merge
27112770.502,P192,P550,0.0024355585714285716,0.0024355585714285716,1050.009,1050.009,6.3989,8.7069,0.64055,0.0,Graze+Frag
27589826.193,P188,P510,0.0024355585714285716,0.0024355585714285716,1050.009,1050.009,19.290,26.248,0.7627,0.0,Graze+Frag
28094965.444,P39,FRAG0091,0.11413332788877789,0.005654012654012654,3785.570,1390.313,1.0725,4.6096,0.9264469724194433,0.0,Hit+Run
28095009.929,P39,FRAG0091,0.11413332788877789,0.005654012654012654,3785.570,1390.313,1.0508,4.5163,0.7800234436609587,0.0,Graze+Merge
28296700.977,E3,P479,0.7019117969663665,0.0024355585714285716,6935.663,1050.009,1.4839,12.450,0.9069015897384389,0.0,Hit+Run
28311066.26,E0,P853,0.7342764401631686,0.0024355585714285716,7040.665,1050.009,1.4088,12.010,0.821835534206495,0.0,Merge
28924661.518,E1,P829,0.40215613342657347,0.0024355585714285716,5760.481,1050.009,2.9089,20.031,0.8628257187702447,0.0,Hit+Run
30111257.036,E3,P777,0.7019117969663665,0.0024355585714285716,6935.663,1050.009,1.1515,9.6618,0.6298458464645814,0.0,Merge
31100713.279,E0,P385,0.7367119987345971,0.0024355585714285716,7048.441,1050.009,1.9902,16.987,0.4729451274259189,0.0,Merge
31253249.03,P130,P506,0.0024355585714285716,0.0024355585714285716,1050.009,1050.009,7.9617,10.833,0.8776,0.0,Hit+Run
32087786.263,E10,P797,0.15463266544788545,0.0024355585714285716,4188.844,1050.009,3.6472,17.841,0.3189495215493427,0.0,Merge
32339924.441,E3,P616,0.704347355537795,0.0024355585714285716,6943.676,1050.009,1.9345,16.251,0.32469953910639743,0.0,Merge
33237874.584,E3,FRAG0067,0.7067829141092236,0.005825840825840826,6951.670,1404.257,1.4457,11.927,0.4207144722313878,0.0,Merge
33278305.027,E10,P419,0.15706822401931403,0.0024355585714285716,4210.722,1050.009,4.0033,19.694,0.9106220727452368,0.0,Hit+Run
33398359.087,E1,P130,0.40215613342657347,0.0024355585714285716,5760.481,1050.009,1.7191,11.837,0.7817111354646213,0.0,Merge
33780666.206,E3,P188,0.7126087549350644,0.004871128871128871,6970.718,1322.930,1.7303,14.378,0.31980596056792904,0.0,Merge
34467519.359,E10,P662,0.15706822401931403,0.0024355585714285716,4210.722,1050.009,5.6148,27.621,0.06939521289180982,0.0,Merge
34522422.314,M1,E10,0.19164324522477524,0.1595037825907426,4499.438,4232.375,2.9462,16.692,0.3512234051947563,0.2437509157509156,Fragment
34524464.4,M1,FRAG0140,0.10739611206460228,0.00553979353979354,3709.568,1380.887,1.0311,4.3390,0.821716005471917,0.0,Graze+Merge
34526778.209,M1,FRAG0144,0.11293590560439583,0.00553979353979354,3772.285,1380.887,1.1402,4.8844,0.7263949151491114,0.0,Merge
34526870.558,M1,FRAG0120,0.11847569914418937,0.00553979353979354,3832.983,1380.887,1.1199,4.8797,0.09498152959350523,0.0,Merge
34538920.899,M1,FRAG0114,0.12401549268398292,0.00553979353979354,3891.817,1380.887,1.1103,4.9170,0.33879084488129685,0.0,Merge
34553415.511,M1,FRAG0112,0.12955528622377646,0.00553979353979354,3948.925,1380.887,1.0763,4.8412,0.9874141229704443,0.0,Hit+Run
34560549.704,M1,FRAG0123,0.12955528622377646,0.00553979353979354,3948.925,1380.887,1.1095,4.9905,0.24272294341195888,0.0,Merge
34562486.674,M1,FRAG0126,0.13509507976357,0.00553979353979354,4004.426,1380.887,1.0623,4.8500,0.20478267921143403,0.0,Merge
34564672.283,M1,FRAG0128,0.14063487330336352,0.00553979353979354,4058.431,1380.887,1.0219,4.7329,0.70926980828634,0.0,Merge
34587811.508,M1,FRAG0111,0.14617466684315705,0.00553979353979354,4111.035,1380.887,1.0815,5.0784,0.200838717294194,0.0,Merge
34595473.788,M1,FRAG0125,0.15171446038295058,0.00553979353979354,4162.326,1380.887,1.1542,5.4923,0.6738458412857236,0.0,Merge
34601457.01,M1,FRAG0117,0.1572542539227441,0.00553979353979354,4212.384,1380.887,1.0551,5.0855,0.5680756179230732,0.0,Merge
34602885.424,M1,FRAG0112,0.16279404746253764,0.00553979353979354,4261.279,1380.887,1.119,5.4607,0.4669746576168135,0.0,Merge
34628614.981,M1,FRAG0132,0.16833384100233117,0.00553979353979354,4309.077,1380.887,1.2334,6.0914,0.08057797047560464,0.0,Merge
34636585.025,M1,FRAG0116,0.1738736345421247,0.00553979353979354,4355.838,1380.887,1.0652,5.3221,0.7672624756906994,0.0,Graze+Merge
34643486.175,M1,FRAG0141,0.17941342808191824,0.00553979353979354,4401.616,1380.887,1.3381,6.7611,0.829094176187118,0.0,Hit+Run
34650245.491,M1,FRAG0148,0.17941342808191824,0.00553979353979354,4401.616,1380.887,1.0584,5.3478,0.9363466269994252,0.0,Hit+Run
34651075.05,E0,P320,0.7391475573060257,0.0024355585714285716,7056.200,1050.009,1.6692,14.263,0.3362619672728578,0.0,Merge
34652618.642,M1,FRAG0133,0.17941342808191824,0.00553979353979354,4401.616,1380.887,1.0943,5.5292,0.24495272300497117,0.0,Merge
34660939.984,M1,FRAG0142,0.18495322162171177,0.00553979353979354,4446.461,1380.887,1.0754,5.4932,0.5444242405164498,0.0,Merge
34661145.905,M1,FRAG0148,0.1904930151615053,0.00553979353979354,4490.419,1380.887,1.1579,5.9775,0.5890546798807523,0.0,Merge
34691632.203,M1,FRAG0141,0.19603280870129883,0.00553979353979354,4533.532,1380.887,1.0889,5.6794,0.9152271374427995,0.0,Hit+Run
34764654.034,M1,FRAG0134,0.19603280870129883,0.00553979353979354,4533.532,1380.887,1.0412,5.4306,0.910934614855128,0.0,Hit+Run
34810529.925,M1,FRAG0145,0.19603280870129883,0.00553979353979354,4533.532,1380.887,1.1063,5.7701,0.8584278653452188,0.0,Hit+Run
34813025.267,M1,FRAG0145,0.19603280870129883,0.00553979353979354,4533.532,1380.887,1.0167,5.3028,0.6959252245262293,0.0,Merge
34816730.401,M1,FRAG0134,0.20157260224109236,0.00553979353979354,4575.842,1380.887,1.3098,6.9001,0.7936838075733668,0.0,Hit+Run
34915441.13,M1,FRAG0131,0.20157260224109236,0.00553979353979354,4575.842,1380.887,1.3493,7.1082,0.8701177398745186,0.0,Hit+Run
34920994.161,M1,FRAG0134,0.20157260224109236,0.00553979353979354,4575.842,1380.887,1.3263,6.9871,0.8449214285229832,0.0,Hit+Run
34920998.692,M1,FRAG0134,0.20157260224109236,0.00553979353979354,4575.842,1380.887,1.0488,5.5252,0.2149368267121835,0.0,Merge
34958046.607,M1,FRAG0119,0.2071123957808859,0.00553979353979354,4617.382,1380.887,1.2162,6.4697,0.6399998180785339,0.0,Merge
34964513.835,M1,FRAG0138,0.21265218932067942,0.00553979353979354,4658.189,1380.887,2.5395,13.637,0.896298545387724,0.0,Hit+Run
34987616.988,M1,FRAG0138,0.21265218932067942,0.00553979353979354,4658.189,1380.887,1.1076,5.9480,0.9677247461647492,0.0,Hit+Run
35088811.377,M1,FRAG0146,0.21265218932067942,0.00553979353979354,4658.189,1380.887,1.1097,5.9593,0.5376248589804162,0.0,Merge
35146231.736,M1,FRAG0110,0.21819198286047295,0.00553979353979354,4698.293,1380.887,1.0397,5.6351,0.12867947562643514,0.0,Merge
35169787.956,M1,FRAG0147,0.22373177640026648,0.00553979353979354,4737.723,1380.887,1.6164,8.8400,0.46404610806017993,0.0,Merge
35258253.538,M1,FRAG0150,0.22927156994006,0.00553979353979354,4776.508,1380.887,1.3605,7.5061,0.5233884916313242,0.0,Merge
35278475.793,E3,P398,0.7174798838061932,0.0024355585714285716,6986.565,1050.009,2.5361,21.445,0.5802885307207547,0.0,Merge
35470748.268,P297,P520,0.0024355585714285716,0.0024355585714285716,1050.009,1050.009,2.1722,2.9556,0.9084,0.0,Hit+Run
35531134.099,E3,P215,0.7199154423776217,0.0024355585714285716,6994.462,1050.009,2.4081,20.387,0.19728373359895346,0.0,Merge
35783344.859,M1,FRAG0127,0.23481136347985354,0.00553979353979354,4814.674,1380.887,1.5606,8.6842,0.11726689785190668,0.0,Merge
35858043.969,M1,FRAG0143,0.24035115701964707,0.00553979353979354,4852.243,1380.887,1.4349,8.0518,0.595833302846651,0.0,Merge
35960620.129,M1,FRAG0118,0.2458909505594406,0.00553979353979354,4889.240,1380.887,1.7299,9.7869,0.8174299665401494,0.0,Hit+Run
35999124.979,E0,FRAG0121,0.7415831158774542,0.00553979353979354,7063.942,1380.887,1.3791,11.589,0.866594607397666,0.0,Hit+Run
36137433.223,M1,FRAG0137,0.2458909505594406,0.00553979353979354,4889.240,1380.887,1.8281,10.342,0.37826507370850565,0.0,Merge
36206391.764,M1,FRAG0113,0.25143074409923416,0.00553979353979354,4925.685,1380.887,1.3894,7.9237,0.6146784103186586,0.0,Merge
36549416.592,E15,P351,0.11915111714285716,0.0024355585714285716,3840.253,1050.009,3.3138,14.762,0.7917249620649632,0.0,Hit+Run
36603396.753,P192,FRAG0122,0.004871128871128871,0.00553979353979354,1322.930,1380.887,24.435,42.838,0.6872459866669373,0.010395038295038295,Graze+Frag
36624870.257,M1,FRAG0138,0.2569705376390277,0.00553979353979354,4961.598,1380.887,1.3997,8.0451,0.8953191681543232,0.0,Hit+Run
36701172.508,M1,FRAG0136,0.2569705376390277,0.00553979353979354,4961.598,1380.887,3.8479,22.116,0.7944833090236179,0.0,Hit+Run
36704791.469,M1,FRAG0136,0.2569705376390277,0.00553979353979354,4961.598,1380.887,1.0394,5.9742,0.9086179238193504,0.0,Hit+Run
36744610.215,E15,P705,0.11915111714285716,0.0024355585714285716,3840.253,1050.009,3.2226,14.356,0.7417807966341642,0.0,Merge
36838414.617,M1,FRAG0138,0.2569705376390277,0.00553979353979354,4961.598,1380.887,1.0376,5.9639,0.5049615753985283,0.0,Merge
36842359.045,E0,FRAG0124,0.7415831158774542,0.00553979353979354,7063.942,1380.887,1.4918,12.536,0.8800619560261433,0.0,Hit+Run
36878916.059,M1,FRAG0136,0.2625103311788213,0.00553979353979354,4996.999,1380.887,1.0693,6.1933,0.676385380161998,0.0,Merge
36886178.945,E0,FRAG0124,0.7415831158774542,0.00553979353979354,7063.942,1380.887,1.051,8.8320,0.6338855149478294,0.0,Merge
37232251.832,E0,FRAG0118,0.7471229094172477,0.00553979353979354,7081.488,1380.887,1.5211,12.816,0.7499583758022088,0.0,Merge
37479135.377,E0,FRAG0129,0.7526627029570412,0.00553979353979354,7098.947,1380.887,1.5877,13.412,0.5436493046993532,0.0,Merge
37536538.995,E0,FRAG0149,0.7582024964968347,0.00553979353979354,7116.322,1380.887,1.3177,11.161,0.5196620920042241,0.0,Merge
37756133.627,E0,FRAG0135,0.7637422900366282,0.00553979353979354,7133.611,1380.887,1.9013,16.146,0.806987518587454,0.0,Merge
37981850.613,E1,P284,0.40459169199800205,0.0024355585714285716,5772.086,1050.009,6.0202,41.545,0.9037054420417062,0.0,Hit+Run
38080995.974,M1,P419,0.26805012471861484,0.0024355585714285716,5031.906,1050.009,2.4468,14.578,0.9833946434253852,0.0,Hit+Run
38081936.439,M1,P419,0.26805012471861484,0.0024355585714285716,5031.906,1050.009,1.0569,6.2971,0.8027002213118867,0.0,Merge
38790927.469,E20,P726,0.02242,0.0024355585714285716,2200.589,1050.009,4.7372,11.703,0.914667168429722,0.0,Hit+Run
39066377.686,E20,P298,0.02242,0.0024355585714285716,2200.589,1050.009,7.0288,17.364,0.8330911238765568,0.0,Hit+Run
39159196.235,P330,FRAG0131,0.0024355585714285716,0.00553979353979354,1050.009,1380.887,19.2,31.070,0.9828005187111787,0.0,Hit+Run
39452930.034,P197,P519,0.0024355585714285716,0.0024355585714285716,1050.009,1050.009,13.553,18.442,0.772,0.0,Graze+Frag
39534501.977,M1,P192,0.2704856832900434,0.010410922410922412,5047.100,1704.081,2.6628,15.345,0.5557567148721656,0.0,Merge
39544272.822,E0,FRAG0141,0.7692820835764217,0.00553979353979354,7150.818,1380.887,1.8354,15.626,0.412451816652801,0.0,Merge
39735581.009,E0,FRAG0109,0.7748218771162152,0.00553979353979354,7167.941,1380.887,1.7517,14.952,0.27912684603194104,0.0,Merge
39946071.124,P214,FRAG0139,0.0024355585714285716,0.00553979353979354,1050.009,1380.887,27.659,44.760,0.29056823668835313,0.0,Fragment
40904188.786,E0,P440,0.7803616706560087,0.0024355585714285716,7184.984,1050.009,1.5812,13.773,0.6261890583662146,0.0,Merge
41165271.816,P214,FRAG0131,0.007975357975357976,0.00553979353979354,1559.231,1380.887,5.9086,11.318,0.9366676582609889,0.0,Hit+Run
41469347.753,E22,P184,0.023440000000000003,0.0024355585714285716,2233.467,1050.009,11.287,28.309,0.7828584214711931,0.006932733932733933,Graze+Frag
41525550.665,E0,P682,0.7827972292274372,0.0024355585714285716,7192.451,1050.009,2.964,25.846,0.9012312694088442,0.0,Hit+Run
41938378.496,M1,P16,0.2808966057009658,0.0024355585714285716,5111.040,1050.009,3.9446,23.899,0.8763608352172244,0.0,Hit+Run
41995262.611,M1,P16,0.2808966057009658,0.0024355585714285716,5111.040,1050.009,1.0255,6.2131,0.9240612782548903,0.0,Hit+Run
42149878.044,M1,P16,0.2808966057009658,0.0024355585714285716,5111.040,1050.009,1.0894,6.6003,0.47941019185160344,0.0,Merge
42380717.306,E3,P710,0.7223510009490502,0.0024355585714285716,7002.341,1050.009,1.5279,12.950,0.8313395870655591,0.0,Merge
42435161.483,M1,FRAG0131,0.2833321642723944,0.00553979353979354,5125.770,1380.887,2.5255,15.034,0.765557917273766,0.0,Merge
42776447.057,P298,P190,0.0024355585714285716,0.0024355585714285716,1050.009,1050.009,8.7401,11.892,0.50655,0.0,Graze+Frag
43498111.012,E0,P319,0.7827972292274372,0.0024355585714285716,7192.451,1050.009,1.8274,15.935,0.6584712586133946,0.0,Merge
43682535.201,E0,P682,0.7852327877988657,0.0024355585714285716,7199.903,1050.009,1.3519,11.801,0.20971575427363245,0.0,Merge
43693439.559,P29,P377,0.0024355585714285716,0.0024355585714285716,1050.009,1050.009,19.499,26.532,0.43645,0.0,Merge
43864770.755,E0,P214,0.7876683463702943,0.007975357975357976,7207.339,1559.231,1.2607,10.730,0.6417616723405923,0.0,Merge
44867312.982,M1,FRAG0130,0.28887195781218794,0.00553979353979354,5158.961,1380.887,3.3168,19.882,0.5290029620048018,0.0,Merge
45460496.007,P47,P269,0.0024355585714285716,0.0024355585714285716,1050.009,1050.009,14.179,19.294,0.4854,0.0,Merge
46714846.353,E1,P330,0.40459169199800205,0.0024355585714285716,5772.086,1050.009,1.5502,10.697,0.30476050952478473,0.0,Merge
49556519.228,E1,P579,0.4070272505694306,0.0024355585714285716,5783.645,1050.009,2.4269,16.783,0.5588430996069149,0.0,Merge
51566152.822,E3,P267,0.7247865595204788,0.0024355585714285716,7010.202,1050.009,1.7547,14.890,0.4421703535759516,0.0,Merge
53510498.143,E3,P474,0.7272221180919073,0.0024355585714285716,7018.046,1050.009,1.9965,16.962,0.8201001436542208,0.0,Merge
54092267.345,E1,P421,0.4094628091408592,0.0024355585714285716,5795.158,1050.009,1.5232,10.556,0.47223665861031194,0.0,Merge
54530929.795,E0,P792,0.7956437043456522,0.0024355585714285716,7231.583,1050.009,2.24,19.645,0.9536344001829791,0.0,Hit+Run
55296757.144,E0,P792,0.7956437043456522,0.0024355585714285716,7231.583,1050.009,1.0166,8.9160,0.7251149216298378,0.0,Merge
58729239.619,E0,P693,0.7980792629170808,0.0024355585714285716,7238.954,1050.009,3.3904,29.767,0.10541025073154335,0.0,Merge
61564607.978,E1,FRAG0115,0.41189836771228777,0.00553979353979354,5806.626,1380.887,1.9001,12.937,0.2089169563950151,0.0,Merge
63708928.204,M1,P196,0.2944117513519815,0.0024355585714285716,5191.731,1050.009,7.2572,44.713,0.6151816307365227,0.0,Merge
64305586.152,P340,FRAG0121,0.0024355585714285716,0.00553979353979354,1050.009,1380.887,4.275,6.9180,0.710849036893151,0.0,Hit+Run
66425555.957,E3,FRAG0027,0.7296576766633358,0.0056010656010656015,7025.872,1385.960,2.1037,17.571,0.3817032315378761,0.0,Merge
66521366.163,E1,P118,0.41743816125208133,0.0024355585714285716,5832.542,1050.009,2.4413,17.035,0.6934592371080227,0.0,Merge
67404098.367,E0,FRAG0006,0.8005148214885093,0.00628904428904429,7246.311,1440.529,2.8238,24.313,0.7386585057775088,0.0,Merge
68356783.018,E0,FRAG0026,0.8068038657775536,0.0056010656010656015,7265.237,1385.960,1.4386,12.455,0.8447503780307332,0.0,Hit+Run
68360334.159,E0,FRAG0026,0.8068038657775536,0.0056010656010656015,7265.237,1385.960,1.0375,8.9824,0.6841814623537512,0.0,Merge
69585554.881,M1,P829,0.2968473099234101,0.0024355585714285716,5206.008,1050.009,3.8816,23.986,0.2374984775458117,0.0,Merge
70187469.918,E1,FRAG0018,0.4198737198235099,0.006752247752247752,5843.863,1475.060,1.798,12.264,0.9458549249147886,0.0,Hit+Run
70193701.392,E0,P851,0.8124049313786191,0.0024355585714285716,7282.011,1050.009,4.3207,38.174,0.846798232194077,0.0,Merge
71981021.573,E1,FRAG0018,0.4198737198235099,0.006752247752247752,5843.863,1475.060,1.8348,12.515,0.5688224282536682,0.0,Merge
73430639.56,P22,P641,0.0024355585714285716,0.0024355585714285716,1050.009,1050.009,2.903,3.9500,0.2606,0.0,Merge
74886412.894,E0,P298,0.8148404899500477,0.004871128871128871,7289.281,1322.930,2.8766,25.073,0.3790129897120518,0.0,Merge
74927098.388,E1,P346,0.42662596757575766,0.0024355585714285716,5875.023,1050.009,2.0119,14.148,0.5714652379358408,0.0,Merge
76036043.095,E1,P651,0.42906152614718623,0.0024355585714285716,5886.182,1050.009,2.0072,14.144,0.6614134066123142,0.0,Merge
76317763.218,M1,P151,0.29928286849483865,0.0024355585714285716,5220.207,1050.009,7.0681,43.804,0.8246309986893834,0.0,Merge
82658824.172,E3,E15,0.7352587422644014,0.12158667571428573,7043.803,3866.243,1.0464,8.2850,0.24043090854988447,0.025244089244089246,Fragment
83272199.834,E3,FRAG0156,0.8316013287345978,0.0063110223110223115,7338.921,1442.205,1.0429,9.1017,0.34399914222990435,0.0,Merge
84238440.646,E1,FRAG0154,0.4314970847186148,0.0063110223110223115,5897.298,1442.205,1.0579,7.2997,0.9914398718218127,0.0,Hit+Run
84767794.704,M1,P172,0.3017184270662672,0.0024355585714285716,5234.330,1050.009,4.9961,31.053,0.40096598009783674,0.0,Merge
85494426.753,E3,FRAG0154,0.8379123510456201,0.0063110223110223115,7357.439,1442.205,1.0413,9.1123,0.6841022752172496,0.0,Merge
91445633.342,M1,FRAG0108,0.3041539856376958,0.00553979353979354,5248.377,1380.887,6.0173,36.744,0.9450501456093713,0.0,Hit+Run
91727714.422,M1,FRAG0108,0.3041539856376958,0.00553979353979354,5248.377,1380.887,1.2542,7.6587,0.694398494357024,0.0,Merge
98877533.966,E7,P426,0.024059999999999998,0.0024355585714285716,2252.988,1050.009,1.8245,4.6167,0.8971032783970618,0.0,Hit+Run
102507450.528,E0,FRAG0155,0.8197116188211765,0.0063110223110223115,7303.777,1442.205,2.5317,21.981,0.1841397339120302,0.0,Merge
119422455.695,E20,P54,0.02242,0.0024355585714285716,2200.589,1050.009,2.4306,6.0048,0.9571814887445664,0.0,Hit+Run
120492933.966,E1,P506,0.4314970847186148,0.0024355585714285716,5897.298,1050.009,3.2608,23.024,0.5521840278737804,0.0,Merge
128728881.257,E3,P69,0.8442233733566424,0.004871117142857143,7375.865,1322.929,3.6751,32.439,0.9206694374224381,0.0,Hit+Run
132173499.601,P22,P331,0.004871117142857143,0.0024355585714285716,1322.929,1050.009,3.9112,6.1317,0.8108376949948514,0.0,Hit+Run
135244719.524,M1,P726,0.30969377917748936,0.0024355585714285716,5280.049,1050.009,2.7198,17.063,0.690320382067308,0.0,Merge
136204855.842,E1,P475,0.4339326432900434,0.0024355585714285716,5908.373,1050.009,3.4161,24.169,0.56040696972171,0.0,Merge
136986936.385,E22,P69,0.018942824638694643,0.004871117142857143,2080.377,1322.929,15.432,36.472,0.6552322563907926,0.018285714285714287,Graze+Frag
137671354.063,P288,P512,0.0024355585714285716,0.0024355585714285716,1050.009,1050.009,4.524,6.1557,0.7607,0.0,Hit+Run
150199190.041,E1,P47,0.43636820186147196,0.004871117142857143,5919.407,1322.929,4.0849,28.486,0.680021790979964,0.0,Merge
153694837.473,E0,P487,0.8260226411321988,0.0024355585714285716,7322.473,1050.009,2.7543,24.478,0.8963652508649153,0.0,Hit+Run
153711706.05,E0,P487,0.8260226411321988,0.0024355585714285716,7322.473,1050.009,1.0725,9.5315,0.17001990903321254,0.0,Merge
156747517.406,E13,FRAG0158,0.02222,0.006095238095238095,2194.026,1425.577,4.093,10.227,0.8880718685156178,0.0,Hit+Run
160651960.908,E3,P543,0.8442233733566424,0.0024355585714285716,7375.865,1050.009,1.5358,13.754,0.8239977298107695,0.0,Merge
164646268.67,E3,E22,0.846658931928071,0.0055282274958375,7382.951,1379.926,1.2881,11.348,0.17541389686332542,0.0,Merge
173093919.194,E0,P29,0.8284581997036273,0.004871117142857143,7329.663,1322.929,2.5744,22.571,0.5307119140937928,0.0,Merge
187175988.462,E3,FRAG0157,0.8521871594239084,0.006095238095238095,7398.985,1425.577,2.4488,21.576,0.7987946519139811,0.0,Merge
193330845.075,M1,FRAG0158,0.31212933774891793,0.006095238095238095,5293.855,1425.577,2.5333,15.575,0.4703420390088628,0.0,Merge
