time_yr,target,projectile,Mt_Mearth,Mp_Mearth,Rt_km,Rp_km,vimp/vesc,vimp_km/s,b,m_frag_Mearth,Regime
4107.894,E91,P981,0.025,0.0025,2281.955,1059.189,1.4433,3.6994,0.6381138076047609,0.0,Merge
24753.587,E8,P207,0.1025,0.0025,3652.317,1059.189,1.8198,7.6753,0.9566630104581366,0.0,Hit+Run
40730.181,E6,P165,0.27000000000000013,0.0025,5044.077,1059.189,2.8361,16.930,0.8466207769696066,0.0,Hit+Run
80848.232,E28,P185,0.3475000000000003,0.0025,5486.711,1059.189,1.8901,12.347,0.6465800429051868,0.0,Merge
134358.122,E40,P94,0.06,0.002500000000000014,3055.232,1059.189,1.0258,3.5719,0.9908808095725823,0.0,Hit+Run
143021.009,E28,P296,0.3500000000000003,0.0025,5499.837,1059.189,1.0622,6.9570,0.510152025921489,0.0,Merge
189883.419,E28,P304,0.3525000000000003,0.0025,5512.901,1059.189,1.312,8.6149,0.5182323707923063,0.0,Merge
225151.724,E19,P325,0.035,0.0025,2552.798,1059.189,2.7304,7.8600,0.4126047961714006,0.0,Merge
230532.706,E33,P339,0.030000000000000002,0.0025,2424.939,1059.189,1.6727,4.5642,0.8541956733497117,0.0,Hit+Run
261494.571,E53,P411,0.027500000000000004,0.0025,2355.617,1059.189,1.5798,4.1834,0.7098982769464702,0.0,Hit+Run
374636.669,E95,P475,0.025,0.0025,2281.955,1059.189,2.2577,5.7868,0.6165314504172296,0.0,Merge
390264.146,E55,P450,0.05500000000000001,0.0025,2967.891,1059.189,1.0218,3.4495,0.9225556416087318,0.0,Graze+Merge
395375.392,E40,P303,0.06,0.0025,3055.232,1059.189,1.6882,5.8785,0.3702436837926332,0.0,Merge
429161.21,E37,P464,0.030000000000000002,0.0025,2424.939,1059.189,1.2038,3.2847,0.7766617386873161,0.0,Hit+Run
580742.39,E8,E29,0.1025,0.035,3652.317,2552.798,1.0714,4.5059,0.9308673462976166,0.0,Hit+Run
591684.541,E28,P93,0.3550000000000003,0.0025,5525.903,1059.189,2.5643,16.880,0.7819231308032817,0.0,Merge
596977.003,E46,E37,0.09000000000000004,0.030000000000000002,3497.368,2424.939,1.0317,4.1491,0.9555550989085329,0.0,Graze+Merge
628380.918,E6,P173,0.27000000000000013,0.0025,5044.077,1059.189,2.307,13.772,0.7440576781586654,0.0,Merge
631112.721,E6,P115,0.27250000000000013,0.0025,5059.598,1059.189,1.7557,10.515,0.9218230649570602,0.0,Hit+Run
632158.828,E6,P115,0.27250000000000013,0.0025,5059.598,1059.189,1.0527,6.3051,0.3915350029217509,0.0,Merge
669436.193,E34,P177,0.030000000000000002,0.0025,2424.939,1059.189,1.7245,4.7056,0.5114873301920501,0.0,Merge
676239.189,E29,P106,0.035,0.0025,2552.798,1059.189,3.8567,11.102,0.6454105855836296,0.0,Merge
678382.322,E8,P301,0.1025,0.0025,3652.317,1059.189,1.5542,6.5550,0.4099984330534872,0.0,Merge
709642.929,E46,P492,0.12000000000000004,0.0025,3849.351,1059.189,1.0501,4.6868,0.4890364382395406,0.0,Merge
721591.777,E65,P500,0.036140469394022115,0.0025,2580.230,1059.189,1.3203,3.8435,0.9777369196115268,0.0,Hit+Run
734255.207,E6,P8,0.27500000000000013,0.0025,5075.023,1059.189,1.1601,6.9711,0.9242939376571798,0.0,Hit+Run
736354.97,E46,P464,0.12250000000000004,0.0025,3875.899,1059.189,1.0757,4.8367,0.8656411501205047,0.0,Hit+Run
773355.492,E19,P68,0.037500000000000006,0.0025,2612.187,1059.189,3.4696,10.231,0.894854342253298,0.0,Hit+Run
787063.671,E6,P191,0.27500000000000013,0.002500000000000014,5075.023,1059.189,1.1924,7.1652,0.6070125868770789,0.0,Merge
820366.532,E8,E34,0.105,0.0325,3681.772,2490.510,1.0804,4.5558,0.6402841333595082,0.0,Graze+Merge
857436.306,NEPTUNE,K276,16.08942390942391,0.02,19701.86,2118.379,0.9998,24.270,0.6351116556305969,0.0,Perfect
861544.282,NEPTUNE,K230,16.10942390942391,0.02,19710.02,2118.379,1.0,24.285,0.675589481016319,0.0,Merge
915719.148,E28,P336,0.3575000000000003,0.0025,5538.844,1059.189,1.308,8.6319,0.7716397889378354,0.0,Merge
918114.179,E3,P77,0.05000000000000004,0.0025,2875.083,1059.189,3.575,11.667,0.7765255437372952,0.0,Hit+Run
932576.349,NEPTUNE,K340,16.12942390942391,0.02,19718.17,2118.379,0.9998,24.291,0.9224035674051453,0.0,Perfect
967053.885,E51,P653,0.027500000000000004,0.0025,2355.617,1059.189,1.071,2.8361,0.8486219612278182,0.0,Hit+Run
1025163.293,E8,P168,0.1375,0.0025000000000000022,4028.049,1059.189,1.2828,6.0122,0.4107831074243536,0.0,Merge
1065246.728,URANUS,K207,15.909423909423909,0.02,19628.11,2118.379,1.0009,24.202,0.8213546607390808,0.0,Merge
1180332.705,E28,P453,0.3600000000000003,0.0025,5551.725,1059.189,1.5683,10.375,0.54359066971054,0.0,Merge
1221048.199,E57,P553,0.025,0.0025,2281.955,1059.189,1.5415,3.9511,0.6726045999455941,0.0,Merge
1237732.534,NEPTUNE,K220,16.14942390942391,0.02,19726.32,2118.379,1.0015,24.343,0.724858549603568,0.0,Merge
1242429.65,E11,P599,0.04,0.0025,2668.991,1059.189,1.8869,5.6918,0.6237604867780727,0.0,Merge
1265924.597,E6,P37,0.27750000000000014,0.0025,5090.356,1059.189,2.1347,12.869,0.9673218348632262,0.0,Hit+Run
1284055.78,E0,P49,0.07,0.0025,3216.324,1059.189,1.4149,5.2054,0.31504903528253014,0.0,Merge
1318800.319,E3,P9,0.05000000000000004,0.0025000000000000022,2875.083,1059.189,2.2581,7.3696,0.8878231536668925,0.0,Hit+Run
1356546.151,E49,E45,0.027500000000000004,0.025,2355.617,2281.955,1.3425,4.0355,0.8102688343266187,0.0,Hit+Run
1438512.873,E0,P29,0.07250000000000001,0.0025,3254.167,1059.189,3.1038,11.563,0.9920879928335311,0.0,Hit+Run
1444776.927,E0,P29,0.07250000000000001,0.0025,3254.167,1059.189,1.0169,3.7884,0.29543852318905767,0.0,Merge
1470897.393,E61,P524,0.027500000000000004,0.0025,2355.617,1059.189,2.1305,5.6417,0.7735000854533837,0.0,Hit+Run
1500908.213,E6,P74,0.27750000000000014,0.0025,5090.356,1059.189,2.0914,12.608,0.33747827492190424,0.0,Merge
1519847.22,E6,P357,0.28000000000000014,0.0025,5105.596,1059.189,2.1846,13.212,0.6921159542494312,0.0,Merge
1551491.946,E28,P22,0.3625000000000003,0.0025,5564.547,1059.189,1.1706,7.7635,0.8288345667613196,0.0,Merge
1551866.545,E3,P32,0.05000000000000004,0.0025000000000000022,2875.083,1059.189,4.1399,13.511,0.7344326853528906,0.0,Hit+Run
1612907.922,E3,P167,0.05000000000000004,0.0025,2875.083,1059.189,3.801,12.405,0.4983911357320115,0.0,Merge
1659389.688,E28,P297,0.3650000000000003,0.0025,5577.310,1059.189,1.3668,9.0870,0.32758765457327793,0.0,Merge
1661978.437,E2,P131,0.045,0.0025000000000000022,2775.862,1059.189,1.087,3.4178,0.4414538356383338,0.0,Merge
1694556.476,E8,E18,0.14,0.030000000000000002,4052.315,2424.939,1.0474,4.7940,0.7794628313916523,0.0,Graze+Merge
1700585.665,E46,P567,0.12250000000000004,0.0025,3875.899,1059.189,1.0804,4.8579,0.9218740537211471,0.0,Hit+Run
1763142.497,E28,P193,0.3675000000000003,0.0025,5590.014,1059.189,1.3174,8.7799,0.4950066728735956,0.0,Merge
1795797.831,E6,P100,0.28250000000000014,0.0025000000000000022,5120.747,1059.189,1.7996,10.918,0.6826903752500411,0.0,Merge
1892487.534,E28,P379,0.37000000000000033,0.0025,5602.662,1059.189,1.255,8.3842,0.7911349851943051,0.0,Merge
1944628.258,E6,P36,0.28500000000000014,0.0025000000000000022,5135.808,1059.189,1.6759,10.200,0.6991996672617691,0.0,Merge
1952117.085,E55,P779,0.05750000000000001,0.0025,3012.195,1059.189,2.0642,7.0796,0.8571107984296752,0.0,Hit+Run
1972960.673,E0,E19,0.07500000000000001,0.037500000000000006,3291.149,2612.187,1.0189,3.9738,0.958242457478789,0.0,Graze+Merge
2141425.608,E50,E92,0.03250000000000001,0.025,2490.510,2281.955,1.4541,4.5093,0.9689184573553649,0.0,Hit+Run
2143863.453,E29,P163,0.037500000000000006,0.0025000000000000022,2612.187,1059.189,2.4029,7.0861,0.5814383147725174,0.0,Merge
2199358.871,E8,P505,0.17,0.0025,4323.248,1059.189,1.3352,6.7531,0.8024908283891538,0.0,Merge
2210805.635,E28,P82,0.37250000000000033,0.0025,5615.252,1059.189,1.1232,7.5218,0.6692593983054211,0.0,Merge
2228781.799,E44,P278,0.035,0.0025000000000000022,2552.798,1059.189,1.0075,2.9003,0.7468302297264799,0.0,Graze+Merge
2244440.103,P5,P26,0.0025000000000000022,0.0025,1059.189,1059.189,8.7698,12.037,0.6338,0.0,Graze+Frag
2264625.125,E46,E44,0.12250000000000004,0.037500000000000006,3875.899,2612.187,1.0002,4.4375,0.8328174482447429,0.0,Graze+Merge
2311836.552,E33,P319,0.030000000000000002,0.0025,2424.939,1059.189,2.59,7.0672,0.6526352830603964,0.0,Merge
2321309.086,E6,P21,0.28750000000000014,0.0025,5150.781,1059.189,1.0953,6.6872,0.5501657136809183,0.0,Merge
2408298.301,E11,P284,0.0425,0.0025,2723.475,1059.189,2.4684,7.6064,0.9789683311344852,0.0,Hit+Run
2443600.933,P5,P132,0.005,0.0025,1334.495,1059.189,5.0969,8.0604,0.49055011539189347,0.007062877122877123,Fragment
2499465.948,E45,P220,0.025,0.0025,2281.955,1059.189,1.175,3.0117,0.9455258003296917,0.0,Hit+Run
2591492.814,E6,P320,0.29000000000000015,0.0025,5165.668,1059.189,1.7056,10.445,0.6093552782357655,0.0,Merge
2613101.896,E2,P273,0.0475,0.0025,2826.344,1059.189,3.2266,10.340,0.3072544842009974,0.0,Merge
2625578.017,E40,E33,0.0625,0.0325,3097.090,2490.510,1.2936,4.7654,0.8995950234129804,0.0,Hit+Run
2627333.76,E29,P289,0.04000000000000001,0.0025000000000000022,2668.991,1059.189,3.2529,9.8123,0.5396426660545292,0.0,Merge
2654790.725,E49,P392,0.027500000000000004,0.0025,2355.617,1059.189,1.647,4.3614,0.4890854905791929,0.0,Merge
2750319.632,E54,P466,0.05,0.0025,2875.083,1059.189,1.4085,4.5968,0.7011822503443768,0.0,Merge
2836350.044,E80,P801,0.025,0.0025,2281.955,1059.189,2.8028,7.1840,0.4983065760766708,0.0,Merge
2843921.055,E6,P32,0.29250000000000015,0.0025000000000000022,5180.469,1059.189,1.2592,7.7353,0.5014702524140715,0.0,Merge
2931711.727,NEPTUNE,K305,16.16942390942391,0.02,19734.46,2118.379,0.9998,24.312,0.8537544345021303,0.0,Perfect
2945775.428,E11,E49,0.0425,0.030000000000000002,2723.475,2424.939,1.2096,4.0553,0.41938564804300965,0.007217116217116218,Fragment
2992498.979,E48,P347,0.027500000000000004,0.0025000000000000022,2355.617,1059.189,1.1328,2.9997,0.5030199432021827,0.0,Merge
2998018.68,E3,P17,0.05250000000000004,0.0025000000000000022,2922.224,1059.189,3.5528,11.797,0.6405325076404744,0.0,Merge
3167869.125,E40,P272,0.0625,0.0025,3097.090,1059.189,2.0016,7.0719,0.6093166402518841,0.0,Merge
3188291.432,E0,P201,0.11250000000000002,0.0025000000000000022,3767.425,1059.189,1.6279,7.0992,0.764082593800154,0.0,Merge
3247141.373,E55,P396,0.05750000000000001,0.0025,3012.195,1059.189,1.2105,4.1517,0.3430662729666295,0.0,Merge
3355424.304,E0,P8,0.11500000000000002,0.0025,3795.128,1059.189,2.3506,10.332,0.55437763620265,0.0,Merge
3387065.289,E46,P671,0.16000000000000003,0.0025,4236.759,1059.189,1.2513,6.1926,0.68984,0.0,Merge
3413003.271,E2,P13,0.05,0.0025,2875.083,1059.189,2.1527,7.0256,0.9307198687218325,0.0,Hit+Run
3423028.067,E3,P57,0.05500000000000004,0.0025,2967.891,1059.189,3.1776,10.727,0.7821603310747299,0.0,Hit+Run
3438055.216,E55,P513,0.06000000000000001,0.0025,3055.232,1059.189,1.5528,5.4070,0.798407558792297,0.0,Hit+Run
3490837.677,E6,P360,0.29500000000000015,0.0025,5195.187,1059.189,1.3936,8.5871,0.8095497434503317,0.0,Merge
3539027.225,E68,FRAG1001,0.025,0.006929765302988945,2281.955,1487.875,2.1743,5.6534,0.8570730477715277,0.0,Hit+Run
3541411.248,E76,P547,0.025,0.0025,2281.955,1059.189,1.311,3.3603,0.8582401911978406,0.0,Hit+Run
3557521.45,E54,P875,0.052500000000000005,0.0025,2922.224,1059.189,1.9688,6.5376,0.6935248842322496,0.0,Merge
3570250.523,E6,P65,0.29750000000000015,0.0025,5209.821,1059.189,1.7527,10.832,0.8946183745549766,0.0,Hit+Run
3648024.017,E48,E43,0.030000000000000006,0.027500000000000004,2424.939,2355.617,1.2894,3.9952,0.9752396956011964,0.0,Hit+Run
3676553.741,E71,P658,0.025,0.0025,2281.955,1059.189,1.4102,3.6145,0.585797081004606,0.0,Merge
3679497.866,E38,P281,0.0675,0.0025,3177.569,1059.189,1.9308,7.0117,0.525,0.0,Merge
3731196.547,E6,P57,0.29750000000000015,0.0025,5209.821,1059.189,1.306,8.0716,0.9104913062354224,0.0,Hit+Run
3752861.451,E3,P150,0.05500000000000004,0.0025,2967.891,1059.189,1.4496,4.8937,0.7006499828066953,0.0,Merge
3781541.948,E0,P207,0.11750000000000002,0.0025,3822.432,1059.189,1.4105,6.2479,0.8467632440893804,0.0,Hit+Run
3819401.256,E38,P196,0.07,0.0025,3216.324,1059.189,1.6716,6.1498,0.22252030715513946,0.0,Merge
3836863.896,E6,P189,0.29750000000000015,0.0025,5209.821,1059.189,1.7458,10.789,0.5910381681221546,0.0,Merge
3879643.026,E0,P57,0.11750000000000002,0.0025,3822.432,1059.189,1.2753,5.6490,0.3221364884578982,0.0,Merge
3893463.751,E6,P62,0.30000000000000016,0.0025000000000000022,5224.374,1059.189,2.0274,12.567,0.7617606043936013,0.0,Merge
3964648.85,E48,E43,0.030000000000000006,0.027500000000000004,2424.939,2355.617,1.0715,3.3200,0.8799273379586994,0.0,Hit+Run
3976846.831,E28,P186,0.37500000000000033,0.0025,5627.786,1059.189,1.617,10.854,0.20366818078830923,0.0,Merge
4005636.186,E33,P40,0.0325,0.0025,2490.510,1059.189,1.9478,5.4643,0.46804497799809586,0.0,Merge
4094148.386,E11,P705,0.06528288378288379,0.0025,3142.391,1059.189,1.7305,6.2098,0.6653379239871884,0.0,Merge
4355495.843,E2,P38,0.05,0.0025000000000000022,2875.083,1059.189,2.3688,7.7309,0.8444879713371148,0.0,Hit+Run
4386420.799,E28,P78,0.37750000000000034,0.0025,5640.264,1059.189,0.9984,6.7179,0.5525383684748678,0.0,Perfect
4399318.264,E8,P372,0.17250000000000001,0.0025,4344.337,1059.189,1.7116,8.7024,0.9345483920785437,0.0,Hit+Run
4412629.284,E28,P237,0.38000000000000034,0.0024999999999999905,5652.688,1059.189,1.034,6.9738,0.24533044937224055,0.0,Merge
4451139.332,E6,P109,0.30250000000000016,0.0025,5238.846,1059.189,1.2474,7.7555,0.91292484693088,0.0,Hit+Run
4464782.256,E28,P315,0.38250000000000034,0.0025000000000000022,5665.057,1059.189,1.1729,7.9291,0.8359106510522978,0.0,Merge
4503912.496,E8,P313,0.17250000000000001,0.0025,4344.337,1059.189,1.4106,7.1720,0.7333117587877147,0.0,Merge
4547521.115,E2,P322,0.05,0.0025,2875.083,1059.189,2.3907,7.8024,0.2609611064074798,0.0,Merge
4654163.559,E41,P554,0.06,0.0025,3055.232,1059.189,1.2365,4.3056,0.6842008227968959,0.0,Merge
4671747.686,E26,P646,0.025,0.0025,2281.955,1059.189,1.3097,3.3569,0.24642134409054664,0.0,Merge
4718749.091,E28,P90,0.38500000000000034,0.0025000000000000022,5677.373,1059.189,1.5385,10.424,0.7118877984746823,0.0,Merge
4743512.696,E6,P195,0.30250000000000016,0.0025,5238.846,1059.189,1.2387,7.7014,0.8472108943955365,0.0,Hit+Run
4792073.473,E40,P389,0.065,0.0025000000000000022,3137.846,1059.189,3.2066,11.489,0.6828887302772468,0.0,Merge
4814566.425,P5,P207,0.0075001665001665,0.0025,1527.627,1059.189,5.2624,9.2440,0.9157553807617169,0.0,Hit+Run
5183052.989,E28,P395,0.38750000000000034,0.0025,5689.635,1059.189,1.0815,7.3451,0.64561201874545,0.0,Merge
5199025.186,E40,P1,0.0675,0.0025,3177.569,1059.189,2.2025,7.9984,0.52995,0.0,Merge
5322342.516,E6,P109,0.30250000000000016,0.0025,5238.846,1059.189,1.2444,7.7368,0.6660400227221465,0.0,Merge
5378555.396,E6,E2,0.30500000000000016,0.052500000000000005,5253.238,2922.224,1.0808,6.3853,0.6304814165908623,0.0,Merge
5416967.031,E29,P363,0.04250000000000001,0.0025,2723.475,1059.189,1.3774,4.2444,0.9289291320362675,0.0,Hit+Run
5471177.677,URANUS,K671,15.929423909423909,0.02,19636.34,2118.379,1.0007,24.207,0.8731085368454702,0.0,Merge
5608562.678,NEPTUNE,K883,16.18942390942391,0.02,19742.59,2118.379,1.0003,24.335,0.7439718546263611,0.0,Merge
5627183.656,E6,E33,0.35750000000000015,0.035,5538.844,2552.798,1.0402,6.4725,0.44027954043277906,0.0,Merge
5635610.877,E38,E40,0.07250000000000001,0.07,3254.167,3216.324,1.0361,4.3440,0.773849533179876,0.0,Graze+Merge
5736662.972,E0,P207,0.12000000000000002,0.0025,3849.351,1059.189,2.7557,12.299,0.9931298033780536,0.0,Hit+Run
5988177.301,E46,P414,0.16250000000000003,0.0025,4258.712,1059.189,1.5444,7.6857,0.37710877884150085,0.0,Merge
6103507.326,E0,P104,0.12000000000000002,0.0025000000000000022,3849.351,1059.189,2.9288,13.071,0.9693680906156126,0.0,Hit+Run
6106223.077,E0,P239,0.12000000000000002,0.002500000000000014,3849.351,1059.189,2.1827,9.7418,0.9256873183097394,0.0,Hit+Run
6114153.705,E8,P408,0.17500000000000002,0.0025,4365.224,1059.189,1.2695,6.4880,0.44340982141326957,0.0,Merge
6125196.769,E28,P79,0.39000000000000035,0.0025,5701.844,1059.189,1.3984,9.5192,0.920673266857389,0.0,Hit+Run
6213285.357,NEPTUNE,K748,16.209423909423908,0.02,19750.72,2118.379,1.0,24.338,0.6768083733525073,0.0,Merge
6256700.448,E28,P222,0.39000000000000035,0.0025,5701.844,1059.189,1.5661,10.660,0.7526801233582666,0.0,Merge
6391472.046,P5,P279,0.0075001665001665,0.0025,1527.627,1059.189,8.878,15.595,0.7508757120258743,0.0,Graze+Frag
6407591.823,E38,P291,0.14250000000000002,0.0025,4076.293,1059.189,1.6842,7.9954,0.6985006095340932,0.0,Merge
6465786.842,E0,P133,0.12000000000000002,0.0025,3849.351,1059.189,2.2657,10.112,0.38105004063597303,0.0,Merge
6578417.032,E3,P76,0.057500000000000044,0.0025,3012.195,1059.189,4.3528,14.928,0.9286538404738266,0.0,Hit+Run
6617529.359,E3,P71,0.057500000000000044,0.002500000000000014,3012.195,1059.189,2.373,8.1387,0.4073588309153032,0.0,Merge
6667881.092,E28,P79,0.39250000000000035,0.0025,5714.002,1059.189,1.2792,8.7276,0.8820893554554637,0.0,Hit+Run
6696349.489,E28,P212,0.39250000000000035,0.0025,5714.002,1059.189,1.2246,8.3551,0.6382830971094144,0.0,Merge
6832367.459,E38,P530,0.14500000000000002,0.0025,4099.993,1059.189,1.3095,6.2555,0.41332250626060496,0.0,Merge
6838929.995,E6,P255,0.3925000000000002,0.0025,5714.002,1059.189,1.9166,13.076,0.7023982377125277,0.0,Merge
6940225.632,E11,P546,0.06778288378288379,0.0025,3182.002,1059.189,1.9679,7.1571,0.8277632823562661,0.0,Hit+Run
7052588.741,E26,P520,0.0275,0.0025,2355.617,1059.189,1.7684,4.6829,0.5047445041703744,0.0,Merge
7091533.657,E8,E38,0.17750000000000002,0.14750000000000002,4385.912,4123.422,1.0931,6.0354,0.7565388204842605,0.0,Hit+Run
7163822.919,E6,P77,0.3950000000000002,0.0025,5726.108,1059.189,1.7083,11.681,0.6705623643952411,0.0,Merge
7232139.649,E0,P489,0.12250000000000003,0.0025,3875.899,1059.189,2.3086,10.380,0.9405659965381205,0.0,Hit+Run
7282423.164,E76,P559,0.025,0.0025,2281.955,1059.189,2.2491,5.7648,0.40705964822052604,0.0,Merge
7402256.704,NEPTUNE,K716,16.229423909423907,0.02,19758.84,2118.379,1.0075,24.531,0.9447154263633235,0.0,Graze+Merge
7412214.411,E8,P243,0.17750000000000002,0.0025,4385.912,1059.189,2.0397,10.477,0.8687084741049066,0.0,Hit+Run
7476416.735,E8,P95,0.17750000000000002,0.002500000000000014,4385.912,1059.189,2.1632,11.111,0.1553767868844102,0.0,Merge
7483732.845,E6,P76,0.3975000000000002,0.0025,5738.163,1059.189,1.4926,10.229,0.9655686435553467,0.0,Hit+Run
7523952.439,E53,P479,0.027500000000000004,0.0025,2355.617,1059.189,1.0545,2.7924,0.9617531607412001,0.0,Hit+Run
7622027.042,E6,P244,0.3975000000000002,0.0025000000000000022,5738.163,1059.189,1.3446,9.2153,0.7929346274624385,0.0,Merge
7783412.595,URANUS,K858,15.949423909423908,0.02,19644.55,2118.379,1.0009,24.223,0.7952444366193191,0.0,Merge
7897138.857,E6,P197,0.4000000000000002,0.0025,5750.167,1059.189,2.1186,14.552,0.7216676772694374,0.0,Merge
7962685.166,URANUS,K885,15.969423909423908,0.02,19652.76,2118.379,1.0016,24.250,0.5495624239635618,0.0,Merge
8007346.27,E0,P35,0.12250000000000003,0.0025000000000000022,3875.899,1059.189,1.0809,4.8601,0.8006120381354039,0.0,Hit+Run
8092635.613,E3,P180,0.06000000000000006,0.0025000000000000022,3055.232,1059.189,2.3838,8.3006,0.3554666093693011,0.0,Merge
8112622.721,URANUS,K892,15.989423909423907,0.02,19660.96,2118.379,0.9999,24.220,0.6458162213322527,0.0,Perfect
8129378.974,E11,P580,0.06778288378288379,0.0025,3182.002,1059.189,1.6249,5.9096,0.5804021347147715,0.0,Merge
8224303.039,E6,P239,0.4025000000000002,0.002500000000000014,5762.122,1059.189,2.1653,14.906,0.6253487583824052,0.0,Merge
8290481.232,E6,P170,0.4050000000000002,0.0025,5774.027,1059.189,2.0731,14.303,0.839417006314669,0.0,Merge
8614825.762,NEPTUNE,K392,16.249423909423907,0.02,19766.95,2118.379,0.9999,24.356,0.49025995613225953,0.0,Perfect
8745063.545,E41,P463,0.0625,0.0025,3097.090,1059.189,1.4362,5.0743,0.9213147780450403,0.0,Hit+Run
8761320.786,ICE2,K421,7.9547119547119545,0.02,15578.84,2118.379,0.9998,18.961,0.7927970734697456,0.0,Perfect
9192348.201,URANUS,K948,16.00942390942391,0.02,19669.15,2118.379,0.9998,24.228,0.766542877088339,0.0,Perfect
9236322.559,E3,P76,0.06250000000000006,0.0025,3097.090,1059.189,2.6824,9.4773,0.7187805199791701,0.0,Merge
9255036.363,E38,P20,0.14750000000000002,0.0025,4123.422,1059.189,1.8828,9.0496,0.7418419205018786,0.0,Merge
9379591.735,E28,P240,0.39500000000000035,0.0025,5726.108,1059.189,1.4519,9.9283,0.5651593448722539,0.0,Merge
9385949.341,E28,P507,0.39750000000000035,0.0025,5738.163,1059.189,1.6948,11.615,0.7118093025405388,0.0,Merge
9389481.502,E38,P46,0.15000000000000002,0.002500000000000014,4146.588,1059.189,1.5699,7.5913,0.8261668500303025,0.0,Hit+Run
9721890.659,E8,P431,0.18000000000000002,0.0025,4406.407,1059.189,2.6373,13.615,0.7226847136997908,0.0,Merge
9741088.0,E8,P280,0.18250000000000002,0.0025,4426.714,1059.189,2.7578,14.308,0.9175546184589564,0.0,Hit+Run
9762209.393,E29,P488,0.04250000000000001,0.0025,2723.475,1059.189,2.5402,7.8276,0.6033503430835468,0.0,Merge
9875014.736,E6,P135,0.4075000000000002,0.0025,5785.884,1059.189,2.5332,17.515,0.7021595192509442,0.0,Merge
9916041.829,E3,P246,0.06500000000000006,0.0025,3137.846,1059.189,1.9204,6.8806,0.6941780009441908,0.0,Merge
10016403.929,E8,P120,0.18250000000000002,0.0025,4426.714,1059.189,1.0428,5.4102,0.9232837872137348,0.0,Hit+Run
10349203.675,E28,P427,0.40000000000000036,0.0025,5750.167,1059.189,1.8097,12.430,0.9218869684940846,0.0,Hit+Run
10364977.94,NEPTUNE,K963,16.269423909423907,0.02,19775.06,2118.379,1.0008,24.389,0.7305416118515253,0.0,Merge
10590512.641,E6,P188,0.4100000000000002,0.0025,5797.692,1059.189,2.5673,17.790,0.3525855595270223,0.0,Merge
10674950.801,E50,P522,0.03250000000000001,0.0025,2490.510,1059.189,2.4957,7.0014,0.30120178242329876,0.0,Merge
10818714.625,E0,P636,0.12250000000000003,0.0025,3875.899,1059.189,2.4557,11.041,0.8410588891889388,0.0,Hit+Run
10843289.587,E6,P256,0.4125000000000002,0.0025,5809.452,1059.189,1.1636,8.0807,0.8703214038568358,0.0,Hit+Run
10884495.291,E0,P288,0.12250000000000003,0.0025,3875.899,1059.189,1.901,8.5476,0.24998510078330308,0.0,Merge
10887524.574,NEPTUNE,K938,16.289423909423906,0.02,19783.16,2118.379,1.0004,24.390,0.8544098505864356,0.0,Merge
10998426.934,E6,P142,0.4125000000000002,0.0025,5809.452,1059.189,1.5927,11.060,0.6998094553461088,0.0,Merge
11037593.922,E8,P231,0.18250000000000002,0.0025,4426.714,1059.189,2.0076,10.415,0.27346694239358044,0.0,Merge
11096712.577,E6,P636,0.4150000000000002,0.0025,5821.164,1059.189,1.4302,9.9535,0.9172092076687228,0.0,Hit+Run
11219981.208,E28,P506,0.40000000000000036,0.0025,5750.167,1059.189,1.544,10.605,0.9020423740454167,0.0,Hit+Run
11287035.036,E50,E48,0.03500000000000001,0.030000000000000006,2552.798,2424.939,1.1852,3.8263,0.9115785468760272,0.0,Hit+Run
11544462.638,E0,P636,0.12500000000000003,0.0025,3902.089,1059.189,1.0322,4.6749,0.7206779167014632,0.0,Merge
11567053.221,E0,P426,0.12750000000000003,0.0025000000000000022,3927.931,1059.189,3.0934,14.110,0.5717297063835929,0.0,Merge
11608906.144,E6,P354,0.4150000000000002,0.0025,5821.164,1059.189,1.2315,8.5706,0.748336448835887,0.0,Merge
11717861.744,E28,P262,0.40000000000000036,0.0025,5750.167,1059.189,2.1258,14.601,0.9469671580738908,0.0,Hit+Run
11740534.083,E29,P154,0.04500000000000001,0.0025,2775.862,1059.189,1.7706,5.5672,0.8460655656298549,0.0,Hit+Run
11875554.004,E28,P262,0.40000000000000036,0.0025,5750.167,1059.189,1.0808,7.4239,0.9174113791077894,0.0,Hit+Run
11889064.93,E6,P256,0.4175000000000002,0.0025,5832.830,1059.189,1.7143,11.956,0.5069435700335593,0.0,Merge
11896212.576,E28,P102,0.40000000000000036,0.0025000000000000022,5750.167,1059.189,1.198,8.2289,0.8146417133885165,0.0,Merge
12069877.006,E8,P345,0.18500000000000003,0.0025,4446.835,1059.189,1.4535,7.5779,0.6473968222867276,0.0,Merge
12358620.475,E6,P48,0.4200000000000002,0.0025,5844.449,1059.189,1.3975,9.7675,0.6717573700623585,0.0,Merge
12417620.409,E6,P165,0.4225000000000002,0.0025,5856.022,1059.189,1.7844,12.498,0.22364830614671127,0.0,Merge
12432850.289,E6,P153,0.4250000000000002,0.0025,5867.550,1059.189,1.63,11.440,0.38796575936870153,0.0,Merge
12599636.808,E46,P367,0.16500000000000004,0.0025,4280.440,1059.189,1.7001,8.5071,0.600585770775593,0.0,Merge
12748145.981,E6,P334,0.4275000000000002,0.0025,5879.032,1059.189,1.4861,10.452,0.9208042441304989,0.0,Hit+Run
12917478.961,E6,P181,0.4275000000000002,0.0025,5879.032,1059.189,1.5052,10.586,0.8425100395131637,0.0,Merge
12948450.095,E51,P562,0.027500000000000004,0.0025,2355.617,1059.189,1.6408,4.3450,0.5478585283751694,0.0,Merge
12955815.602,E11,P37,0.07028288378288379,0.0025,3220.651,1059.189,1.8297,6.7412,0.918822686888913,0.0,Hit+Run
13049287.525,E0,P287,0.13000000000000003,0.0025,3953.438,1059.189,2.9086,13.360,0.5524813315197534,0.0,Merge
13248928.316,E6,P294,0.4300000000000002,0.0025,5890.470,1059.189,1.1709,8.2525,0.8015669285174958,0.0,Merge
13519814.693,E28,P517,0.40250000000000036,0.0025,5762.122,1059.189,1.0391,7.1533,0.9267460797262421,0.0,Hit+Run
13603943.779,E6,P97,0.4325000000000002,0.0025,5901.864,1059.189,1.2715,8.9800,0.7511019731374472,0.0,Merge
13750522.713,E26,P690,0.03,0.0025,2424.939,1059.189,3.1681,8.6447,0.6082307495643388,0.0,Merge
13827905.643,E55,P434,0.06000000000000001,0.0025,3055.232,1059.189,2.6423,9.2007,0.42675299854718474,0.0,Merge
13861900.627,E3,P46,0.06750000000000006,0.002500000000000014,3177.569,1059.189,1.7283,6.2763,0.9422999999999997,0.0,Hit+Run
14115764.478,E8,P419,0.18750000000000003,0.0025,4466.777,1059.189,1.5577,8.1604,0.630897629678521,0.0,Merge
14141866.984,E0,P38,0.13250000000000003,0.0025000000000000022,3978.620,1059.189,3.6903,17.067,0.8996853747508774,0.0,Hit+Run
14177264.998,E38,P573,0.15000000000000002,0.0025,4146.588,1059.189,2.4697,11.942,0.4936928400007538,0.0,Merge
14194203.137,E61,E63,0.027500000000000004,0.025,2355.617,2281.955,2.6776,8.0489,0.7456078372041397,0.005595071595071595,Hit+Run+Frag
14525168.105,E43,P233,0.027500000000000004,0.0025,2355.617,1059.189,2.7683,7.3307,0.6580924654619889,0.0,Merge
14578269.243,E6,P38,0.4350000000000002,0.0025000000000000022,5913.214,1059.189,1.2262,8.6779,0.4181923263092183,0.0,Merge
14722709.434,E41,P5,0.0625,0.01,3097.090,1681.359,2.6453,9.2057,0.2718934991914299,0.013046953046953047,Fragment
14816481.606,E6,P502,0.4375000000000002,0.0025,5924.520,1059.189,1.6057,11.386,0.4275604419030777,0.0,Merge
15034174.648,E27,P178,0.025,0.0025,2281.955,1059.189,3.0689,7.8660,0.8917065045582531,0.0,Hit+Run
15413177.843,E28,P746,0.40250000000000036,0.0025,5762.122,1059.189,3.0058,20.692,0.6133536856159187,0.0,Merge
15564758.582,E8,P340,0.19000000000000003,0.0025,4486.541,1059.189,1.4943,7.8655,0.6103156954278172,0.0,Merge
15576278.238,E46,E80,0.16750000000000004,0.0275,4301.950,2355.617,1.2255,5.9255,0.45148213030656126,0.006520146520146521,Fragment
15686961.969,E3,P127,0.06750000000000006,0.0025,3177.569,1059.189,3.9531,14.355,0.21495000000000006,0.0,Merge
15697707.108,E11,P355,0.07028288378288379,0.0025,3220.651,1059.189,2.2345,8.2326,0.458658826911378,0.0,Merge
15777629.751,P13,P221,0.0025,0.0025,1059.189,1059.189,15.547,21.340,0.21055,0.0,Merge
15837813.544,E6,P79,0.4400000000000002,0.0025,5935.783,1059.189,2.6158,18.587,0.17013997397932193,0.0,Merge
15903807.784,E6,P433,0.4425000000000002,0.0025000000000000022,5947.004,1059.189,1.4291,10.175,0.5294096162093324,0.0,Merge
15964191.315,P35,P409,0.0025000000000000022,0.0025,1059.189,1059.189,7.7557,10.645,0.6557500000000002,0.0,Graze+Frag
15970552.959,E45,P560,0.025,0.0025,2281.955,1059.189,1.5204,3.8970,0.7462304893385013,0.0,Hit+Run
16041040.247,E38,P89,0.15250000000000002,0.0024999999999999905,4169.498,1059.189,1.7338,8.4338,0.574785534020494,0.0,Merge
16080342.456,P35,P300,0.005,0.0025,1334.495,1059.189,5.9036,9.3362,0.9308131295127916,0.0,Hit+Run
16082958.18,E28,P398,0.40500000000000036,0.0025,5774.027,1059.189,1.3737,9.4776,0.7949703236771095,0.0,Merge
16225724.381,E28,P511,0.40750000000000036,0.0025,5785.884,1059.189,1.5354,10.616,0.8400218252456824,0.0,Merge
16459079.576,E8,P9,0.19250000000000003,0.0025000000000000022,4506.133,1059.189,2.0932,11.069,0.1444469916893636,0.0,Merge
16952860.224,E43,P402,0.030000000000000002,0.0025000000000000022,2424.939,1059.189,1.3459,3.6725,0.9319384067589536,0.0,Hit+Run
17052232.119,E6,P506,0.44500000000000023,0.0025,5958.183,1059.189,1.3897,9.9148,0.45195557497667815,0.0,Merge
17101983.067,E28,P234,0.41000000000000036,0.0025,5797.692,1059.189,1.2808,8.8753,0.5847678008846251,0.0,Merge
17346315.484,E29,P343,0.04500000000000001,0.0025,2775.862,1059.189,2.6735,8.4061,0.9885120566179252,0.0,Hit+Run
17394489.734,E28,P130,0.41250000000000037,0.0025,5809.452,1059.189,1.864,12.944,0.4429420011660107,0.0,Merge
17634641.148,E29,P445,0.04500000000000001,0.0025,2775.862,1059.189,2.4088,7.5738,0.9870644296769895,0.0,Hit+Run
17666285.095,E0,P275,0.13250000000000003,0.0025,3978.620,1059.189,2.6046,12.046,0.8320036361482177,0.0,Hit+Run
17724017.65,E6,P126,0.44750000000000023,0.0025000000000000022,5969.320,1059.189,2.5154,17.982,0.3160248741744203,0.0,Merge
17777194.982,E38,P101,0.15500000000000003,0.002500000000000014,4192.159,1059.189,1.9165,9.3771,0.9565246883291102,0.0,Hit+Run
17859914.894,E71,P512,0.0275,0.0025,2355.617,1059.189,2.7467,7.2735,0.6833400380363167,0.0,Merge
18076109.723,E55,P229,0.06250000000000001,0.002500000000000014,3097.090,1059.189,1.3969,4.9354,0.6897938288873289,0.0,Merge
18223406.013,E28,P335,0.41500000000000037,0.0025,5821.164,1059.189,1.5762,10.969,0.8175438219447346,0.0,Merge
18507334.109,E41,P878,0.05945304695304695,0.0025,3045.920,1059.189,2.9999,10.411,0.4891891213458301,0.0,Merge
19120117.786,E3,P374,0.07000000000000006,0.0025,3216.324,1059.189,3.2549,11.974,0.8453213967215356,0.0,Hit+Run
19158661.846,E3,P374,0.07000000000000006,0.0025,3216.324,1059.189,1.0752,3.9556,0.18761516093472547,0.0,Merge
19658242.42,E41,P363,0.06195304695304695,0.0025,3088.029,1059.189,2.4333,8.5703,0.9058832447294012,0.0,Hit+Run
19670177.167,E0,P469,0.13250000000000003,0.0025000000000000022,3978.620,1059.189,1.6262,7.5210,0.9049767125412838,0.0,Hit+Run
19706068.379,E6,P275,0.45000000000000023,0.0025,5980.415,1059.189,1.2937,9.2667,0.5346994992053052,0.0,Merge
19868475.294,E92,P653,0.025,0.0025,2281.955,1059.189,4.2781,10.965,0.6999923380221764,0.0,Hit+Run
19885798.391,E6,P269,0.45250000000000024,0.0025000000000000022,5991.469,1059.189,1.1987,8.6031,0.9474983998452464,0.0,Hit+Run
20073802.445,E38,P352,0.15500000000000003,0.0025,4192.159,1059.189,1.9983,9.7773,0.6490190048502478,0.0,Merge
20140677.799,E0,P271,0.13250000000000003,0.0025,3978.620,1059.189,1.9638,9.0823,0.8631988365543444,0.0,Hit+Run
20390565.178,E3,P232,0.07250000000000006,0.0025,3254.167,1059.189,4.4081,16.422,0.45764302391849426,0.0,Merge
20422632.847,E6,E45,0.45250000000000024,0.025,5991.469,2281.955,1.1772,7.9900,0.4911405663662282,0.0,Merge
20455693.367,E41,P263,0.06195304695304695,0.0025,3088.029,1059.189,4.8938,17.236,0.47326926709683337,0.0,Merge
20466214.308,E6,P148,0.47750000000000026,0.0025,6099.838,1059.189,1.3787,10.086,0.6575257181646246,0.0,Merge
20691189.979,E0,P271,0.13250000000000003,0.0025,3978.620,1059.189,1.5286,7.0696,0.40024626748924225,0.0,Merge
20704554.047,E28,P796,0.41750000000000037,0.0025,5832.830,1059.189,4.0676,28.369,0.4993267217358931,0.0,Merge
20776747.389,E54,P699,0.05500000000000001,0.0025,2967.891,1059.189,3.5218,11.889,0.5680666948010948,0.0,Merge
21403594.399,E0,P83,0.13500000000000004,0.0025,4003.487,1059.189,3.1983,14.891,0.9710835040265486,0.0,Hit+Run
21408685.78,E46,P104,0.18847985347985352,0.0025000000000000022,4474.544,1059.189,2.4206,12.704,0.30775087757498243,0.0,Merge
21476254.885,E8,P539,0.19500000000000003,0.0025,4525.557,1059.189,1.4724,7.8228,0.49511918220292533,0.0,Merge
21553763.289,E63,P567,0.019404928404928405,0.0025,2097.158,1059.189,4.9676,11.691,0.8884033396386761,0.0,Hit+Run
21877597.272,E0,P270,0.13500000000000004,0.0025,4003.487,1059.189,3.0107,14.018,0.12201806569323816,0.0,Merge
21965690.94,E51,P235,0.030000000000000002,0.0025000000000000022,2424.939,1059.189,1.9261,5.2557,0.8136191168791761,0.0,Hit+Run
22013026.668,E61,P328,0.027500000000000004,0.0025,2355.617,1059.189,3.9362,10.423,0.9681685275428735,0.0,Hit+Run
22168494.766,E61,P454,0.027500000000000004,0.0025,2355.617,1059.189,3.9993,10.590,0.9393338681547067,0.0,Hit+Run
22353864.984,E38,P242,0.15750000000000003,0.0025,4214.577,1059.189,2.1508,10.584,0.10077392023533785,0.0,Merge
22386033.126,E6,P119,0.48000000000000026,0.0025,6110.465,1059.189,2.808,20.580,0.48204258478120704,0.0,Merge
22393314.154,E38,P446,0.16000000000000003,0.0025,4236.759,1059.189,1.2536,6.2039,0.90912,0.0,Hit+Run
22418619.031,E8,P363,0.19750000000000004,0.0025,4544.815,1059.189,1.8068,9.6434,0.7955852226068014,0.0,Merge
22566889.456,E0,P65,0.13750000000000004,0.0025,4028.049,1059.189,1.3272,6.2203,0.9139686601771999,0.0,Hit+Run
22679223.11,E28,P219,0.4200000000000004,0.0025,5844.449,1059.189,1.5159,10.595,0.7912937792026294,0.0,Merge
23109973.421,P35,P249,0.005,0.0025,1334.495,1059.189,7.2828,11.517,0.6139820912388819,0.007183936063936064,Graze+Frag
23225901.216,E55,P627,0.06500000000000003,0.0025,3137.846,1059.189,1.7436,6.2471,0.8890861375582462,0.0,Hit+Run
23225901.216,E55,P627,0.06500000000000003,0.0025,3137.846,1059.189,1.7436,6.2471,0.8890861375582462,0.0,Hit+Run
23562949.79,E6,P243,0.48250000000000026,0.0025,6121.055,1059.189,1.4439,10.602,0.4670768287925509,0.0,Merge
23679455.508,E53,P280,0.027500000000000004,0.0025,2355.617,1059.189,11.683,30.938,0.9699620709497929,0.0,Hit+Run
23679455.508,E53,P280,0.027500000000000004,0.0025,2355.617,1059.189,11.683,30.938,0.9699620709497929,0.0,Hit+Run
23728129.042,E6,P61,0.48500000000000026,0.0025,6131.608,1059.189,1.9309,14.204,0.5733568530158126,0.0,Merge
24001000.502,E8,P284,0.20000000000000004,0.0025,4563.911,1059.189,1.9572,10.493,0.6922443238210252,0.0,Merge
24191358.112,E55,P455,0.06500000000000003,0.0025,3137.846,1059.189,1.977,7.0834,0.606031973683749,0.0,Merge
24309392.509,E6,P463,0.48750000000000027,0.0025,6142.126,1059.189,2.2386,16.497,0.5814336329554196,0.0,Merge
24962362.725,E29,P640,0.04500000000000001,0.0025,2775.862,1059.189,4.6033,14.473,0.6235653048080417,0.0,Merge
25136021.419,E38,P517,0.16000000000000003,0.0025,4236.759,1059.189,1.3353,6.6083,0.9141600000000001,0.0,Hit+Run
25377101.618,E29,P344,0.047500000000000014,0.0025,2826.344,1059.189,3.2207,10.322,0.939148353579327,0.0,Hit+Run
25608642.595,E8,E0,0.20250000000000004,0.13750000000000004,4582.848,4028.049,1.2381,6.9506,0.999286838232598,0.0,Hit+Run
25948449.063,E54,P598,0.05750000000000001,0.0025,3012.195,1059.189,1.3554,4.6486,0.6566867023618296,0.0,Merge
26175457.776,E28,P83,0.4225000000000004,0.0025,5856.022,1059.189,1.3419,9.3987,0.4061405817037589,0.0,Merge
26371683.857,E69,P842,0.025,0.0025,2281.955,1059.189,1.7524,4.4916,0.8906137269791375,0.0,Hit+Run
26392534.63,E28,P122,0.4250000000000004,0.002500000000000014,5867.550,1059.189,2.234,15.679,0.18263191641897822,0.0,Merge
26460847.699,E41,E68,0.06445304695304695,0.025,3129.019,2281.955,2.2612,8.2140,0.45458024611157355,0.021831168831168833,Fragment
26525342.192,E11,E39,0.07278288378288379,0.037500000000000006,3258.394,2612.187,1.1015,4.2653,0.4555194702553486,0.007459220779220779,Fragment
26570801.593,E8,E27,0.20250000000000004,0.025,4582.848,2281.955,1.3606,6.9978,0.46657600734124866,0.006465874125874125,Fragment
26661354.332,E38,E29,0.16000000000000003,0.047500000000000014,4236.759,2826.344,1.0725,5.1935,0.535120736268775,0.007274592074592075,Fragment
26888520.234,E28,P265,0.4275000000000004,0.0025000000000000022,5879.032,1059.189,2.3977,16.864,0.9747797942833587,0.0,Hit+Run
26981001.85,E50,P261,0.03500000000000001,0.0025,2552.798,1059.189,1.7384,5.0043,0.8808313762734096,0.0,Hit+Run
26982008.75,E28,P438,0.4275000000000004,0.0025,5879.032,1059.189,3.5825,25.197,0.774892317343647,0.0,Merge
27282659.571,E0,P195,0.13750000000000004,0.0025,4028.049,1059.189,1.5432,7.2327,0.739061203681364,0.0,Merge
27355495.455,E46,P571,0.19097985347985352,0.0025,4494.241,1059.189,2.7349,14.422,0.9871510503089144,0.0,Hit+Run
27832225.063,E6,P92,0.49000000000000027,0.0025,6152.607,1059.189,2.2761,16.804,0.7400057723149992,0.0,Merge
27955099.472,E6,P72,0.49250000000000027,0.0025000000000000022,6163.053,1059.189,1.9519,14.437,0.9167467693777005,0.0,Hit+Run
28207587.071,E6,FRAG0001,0.49250000000000027,0.007217116217116218,6163.053,1508.163,1.3947,10.056,0.21595384160778508,0.0,Merge
28290073.809,E6,P205,0.4997171162171165,0.0025,6193.012,1059.189,1.6324,12.136,0.7040811097900174,0.0,Merge
28433018.743,E28,P478,0.4300000000000004,0.0025,5890.470,1059.189,2.077,14.638,0.3325947581159621,0.0,Merge
28500294.566,E6,P429,0.5022171162171165,0.0025,6203.322,1059.189,1.4836,11.049,0.7762574606688839,0.0,Merge
28673976.535,E3,P116,0.07500000000000007,0.0025000000000000022,3291.149,1059.189,5.5186,20.810,0.9428596668332364,0.0,Hit+Run
28745965.832,E61,P500,0.027500000000000004,0.0025,2355.617,1059.189,1.4708,3.8948,0.12678972238146075,0.0,Merge
28746862.201,E0,P568,0.14000000000000004,0.0025,4052.315,1059.189,1.9841,9.3595,0.40963105338248273,0.0,Merge
28882746.611,E11,P387,0.10282367632367634,0.0025,3656.157,1059.189,1.6204,6.8420,0.364735897351407,0.0,Merge
28888455.757,E28,P469,0.4325000000000004,0.0025000000000000022,5901.864,1059.189,1.7038,12.033,0.46927976310145275,0.0,Merge
29161388.95,E8,P765,0.22103413253413257,0.0025,4718.605,1059.189,2.7952,15.533,0.9900602056097965,0.0,Hit+Run
29841034.095,E6,P269,0.5047171162171165,0.0025000000000000022,6213.598,1059.189,1.8383,13.715,0.6727251179594638,0.0,Merge
30105651.028,E28,P128,0.4350000000000004,0.0025,5913.214,1059.189,2.3956,16.953,0.4870570938945125,0.0,Merge
30127979.896,E63,P496,0.019404928404928405,0.0025,2097.158,1059.189,7.1197,16.757,0.9460090307213724,0.0,Hit+Run
30181255.979,E8,E38,0.22103413253413257,0.20022560772560777,4718.605,4565.626,1.0251,6.1691,0.5351244410198656,0.02250922410922411,Graze+Merge
30291637.415,E28,E0,0.4375000000000004,0.14250000000000004,5924.520,4076.293,1.3738,9.3471,0.991091577670191,0.02250922410922411,Hit+Run
30306345.912,E69,FRAG0006,0.025,0.007277056277056278,2281.955,1512.327,2.9139,7.5930,0.8789144310189734,0.0,Hit+Run
30333454.468,E8,P44,0.42125974025974033,0.0025,5850.287,1059.189,1.0669,7.4648,0.704035003980244,0.0,Merge
30379047.213,E0,P225,0.14250000000000004,0.0025,4076.293,1059.189,3.7318,17.716,0.9449601996026566,0.0,Hit+Run
30402206.0,E28,P225,0.4375000000000004,0.0025,5924.520,1059.189,1.0239,7.2610,0.8633497256443693,0.0,Graze+Merge
30405293.634,E6,P430,0.5072171162171164,0.0025,6223.840,1059.189,2.5664,19.181,0.9825816220685698,0.0,Hit+Run
31181818.688,E6,P72,0.5072171162171164,0.0025000000000000022,6223.840,1059.189,1.5753,11.774,0.39463923558120156,0.0,Merge
31215610.853,E6,P427,0.5097171162171164,0.0025,6234.049,1059.189,1.1722,8.7765,0.9858928616807229,0.0,Hit+Run
31222320.517,E6,P427,0.5097171162171164,0.0025,6234.049,1059.189,1.0445,7.8204,0.8225461251910522,0.0,Merge
31373786.96,E8,P397,0.42375974025974034,0.0025,5861.837,1059.189,2.2206,15.569,0.9322495132454784,0.0,Hit+Run
31385494.881,E28,E0,0.4400000000000004,0.14250000000000004,5935.783,4076.293,1.0563,7.1983,0.8518246232510414,0.0,Hit+Run
31406337.722,E8,P458,0.42375974025974034,0.0025,5861.837,1059.189,2.0365,14.278,0.680024651753243,0.0,Merge
31755939.639,E46,P248,0.19097985347985352,0.0025,4494.241,1059.189,1.4767,7.7872,0.7379759327567627,0.0,Merge
31845353.902,E3,P264,0.07500000000000007,0.0025,3291.149,1059.189,3.3522,12.640,0.34603547429152076,0.0,Merge
32553497.404,E6,FRAG0011,0.5122171162171163,0.007274392274392276,6244.225,1512.142,2.4949,18.241,0.5110425685085577,0.0,Merge
32677180.701,E28,P344,0.4400000000000004,0.0025,5935.783,1059.189,1.879,13.352,0.3579303791744538,0.0,Merge
32767568.854,E6,P476,0.5194915084915086,0.0025,6273.645,1059.189,2.2718,17.124,0.8228729981418983,0.0,Merge
32797623.806,E6,P117,0.5219915084915085,0.0025,6283.693,1059.189,2.7196,20.535,0.5346743860440757,0.0,Merge
33062143.177,E3,P265,0.07750000000000007,0.0025000000000000022,3327.318,1059.189,6.4115,24.462,0.6078896547152118,0.0,Merge
33201003.675,E28,P334,0.4425000000000004,0.0025,5947.004,1059.189,3.7386,26.619,0.7376253911911334,0.0,Merge
33289853.901,E26,P597,0.0325,0.0025,2490.510,1059.189,2.1344,5.9878,0.38665805332746306,0.0,Merge
33475802.466,E92,P534,0.025,0.0025,2281.955,1059.189,5.4924,14.077,0.9908760698629852,0.0,Hit+Run
33978072.857,E92,P397,0.025,0.0025,2281.955,1059.189,2.9109,7.4611,0.9091226472254064,0.0,Hit+Run
34179231.943,E28,E0,0.4450000000000004,0.14250000000000004,5958.183,4076.293,1.1249,7.6900,0.5485851927773567,0.022807858807858808,Fragment
34473512.459,E6,FRAG0013,0.5244915084915085,0.005701964701964702,6293.709,1394.233,1.295,9.6081,0.9732073023910899,0.0,Hit+Run
34474876.548,E6,FRAG0013,0.5244915084915085,0.005701964701964702,6293.709,1394.233,1.0485,7.7792,0.4947082544035461,0.0,Merge
35214460.495,P87,P386,0.002500000000000014,0.0025,1059.189,1059.189,23.838,32.720,0.9718000000000009,0.0,Hit+Run
35330678.849,E28,P87,0.5646921411921416,0.002500000000000014,6450.565,1059.189,1.0212,7.9290,0.5755878381411925,0.0,Merge
35411991.943,E11,P343,0.10532367632367634,0.0025,3685.551,1059.189,1.9255,8.2007,0.5890212946344148,0.0,Merge
35436660.177,E3,P293,0.08000000000000007,0.0025,3362.718,1059.189,4.3512,16.791,0.44403708303695555,0.0,Merge
35901012.911,P54,P621,0.0025,0.0025,1059.189,1059.189,7.3548,10.095,0.30585,0.0,Merge
36112438.416,E8,P548,0.42625974025974034,0.0025,5873.342,1059.189,1.7421,12.240,0.31906100264150905,0.0,Merge
36421777.725,E6,FRAG0012,0.5301934731934732,0.005701964701964702,6316.434,1394.233,1.2392,9.2298,0.6120103314686122,0.0,Merge
36502899.328,E6,P85,0.5358954378954379,0.0025,6338.996,1059.189,1.3598,10.363,0.892218268675759,0.0,Hit+Run
36610695.915,E8,P206,0.42875974025974034,0.0025,5884.801,1059.189,1.8459,12.996,0.8661957203860019,0.0,Hit+Run
36905317.785,E51,P445,0.030000000000000002,0.0025,2424.939,1059.189,3.1075,8.4793,0.34229074566396817,0.0,Merge
37263827.647,NEPTUNE,K952,16.309423909423906,0.02,19791.25,2118.379,1.0039,24.485,0.8411649469671558,0.0,Merge
37286698.137,E8,P726,0.42875974025974034,0.0025,5884.801,1059.189,1.6324,11.493,0.918823402839745,0.0,Hit+Run
37583201.854,E28,P136,0.5671921411921417,0.0025,6460.070,1059.189,2.1393,16.636,0.8913540330237587,0.0,Hit+Run
37626199.199,E28,FRAG0004,0.5671921411921417,0.006523476523476524,6460.070,1458.210,1.021,7.7645,0.7600389113054422,0.0,Merge
37639720.349,E3,P546,0.08250000000000007,0.0025,3397.388,1059.189,2.1369,8.3377,0.8520574853253524,0.0,Hit+Run
38079783.143,E6,P253,0.5358954378954379,0.0025,6338.996,1059.189,2.2281,16.981,0.6310561364445372,0.0,Merge
38284348.193,E61,P526,0.030000000000000002,0.0025000000000000022,2424.939,1059.189,2.9852,8.1456,0.54593912342175,0.0,Merge
38827510.974,E6,P670,0.5383954378954379,0.0025,6348.838,1059.189,3.6826,28.113,0.8490510528975441,0.0,Merge
39725931.015,E6,P258,0.5408954378954378,0.0025,6358.650,1059.189,1.7697,13.532,0.3926023953201826,0.0,Merge
39924002.651,E28,P54,0.5737156177156182,0.005,6484.742,1334.495,1.7493,13.445,0.12879522073496344,0.0,Merge
41021704.43,E6,P254,0.5433954378954378,0.0025,6368.432,1059.189,2.4973,19.127,0.894266645536834,0.0,Hit+Run
41273253.628,E6,P254,0.5433954378954378,0.0025,6368.432,1059.189,1.2077,9.2500,0.8702594872673887,0.0,Hit+Run
42198491.728,E6,P136,0.5433954378954378,0.0025,6368.432,1059.189,1.342,10.278,0.5985498995678464,0.0,Merge
42527679.777,E6,P116,0.5458954378954377,0.0025000000000000022,6378.183,1059.189,2.5884,19.857,0.9725019353564949,0.0,Hit+Run
42756562.187,P85,P218,0.0025,0.0025000000000000022,1059.189,1059.189,11.379,15.619,0.6552999999999999,0.0,Graze+Frag
43270687.274,E50,P697,0.03500000000000001,0.0025,2552.798,1059.189,2.2654,6.5214,0.987834401522382,0.0,Hit+Run
43505152.888,E28,P314,0.5787156177156182,0.0025,6503.526,1059.189,1.9091,14.952,0.986357871443555,0.0,Hit+Run
43571945.002,E46,P587,0.19347985347985353,0.0025,4513.766,1059.189,1.2749,6.7545,0.9146664925878901,0.0,Hit+Run
43764741.663,E6,P116,0.5458954378954377,0.0025000000000000022,6378.183,1059.189,1.0977,8.4212,0.383254951420474,0.0,Merge
43784990.151,E55,P394,0.06750000000000003,0.0025,3177.569,1059.189,4.3526,15.806,0.355425,0.0,Merge
43840303.68,E92,P653,0.025,0.0025,2281.955,1059.189,5.5661,14.266,0.9261972968990863,0.0,Hit+Run
44334604.565,E8,P207,0.42875974025974034,0.0025,5884.801,1059.189,1.1541,8.1257,0.3938177783615841,0.0,Merge
44442464.234,E48,P178,0.030000000000000006,0.0025,2424.939,1059.189,5.6063,15.297,0.736781178039603,0.0,Graze+Frag
44469179.005,E8,P35,0.43125974025974034,0.007499833499833501,5896.217,1527.604,2.0241,13.902,0.5442853552891058,0.0,Merge
44912748.522,E46,P276,0.19347985347985353,0.0025,4513.766,1059.189,1.3643,7.2281,0.8696337670163976,0.0,Hit+Run
45495442.817,E28,FRAG0015,0.5787156177156182,0.005701964701964702,6503.526,1394.233,1.719,13.211,0.3223041009581127,0.0,Merge
45810232.614,E6,P37,0.5483954378954377,0.0025,6387.905,1059.189,2.1833,16.776,0.5473439270325999,0.0,Merge
45940056.642,E46,P339,0.19347985347985353,0.0025,4513.766,1059.189,2.0329,10.770,0.9500609189813116,0.0,Hit+Run
46039356.512,E28,P496,0.5844175824175829,0.0025,6524.816,1059.189,1.9894,15.635,0.7852313948403452,0.0,Merge
46525906.216,E6,P341,0.5508954378954376,0.0025,6397.597,1059.189,1.4923,11.485,0.8486045387308323,0.0,Merge
46844144.754,E3,P424,0.08250000000000007,0.0025,3397.388,1059.189,4.9682,19.384,0.7338961627652472,0.0,Merge
47130281.379,E46,E58,0.19347985347985353,0.025,4513.766,2281.955,1.79,9.0677,0.46049475011903573,0.01152047952047952,Fragment
47202575.901,E28,P452,0.5869175824175829,0.0025,6534.106,1059.189,2.1718,17.095,0.7328962547313004,0.0,Merge
47524380.885,E28,P623,0.5894175824175828,0.0025,6543.371,1059.189,2.2529,17.760,0.6881135379940697,0.0,Merge
47924501.552,E11,P397,0.10782367632367634,0.0025,3714.484,1059.189,2.4548,10.543,0.994513285929969,0.0,Hit+Run
48128327.898,P50,FRAG0009,0.0025,0.007459207459207459,1059.189,1524.841,12.438,21.815,0.48958243383017963,0.009899194139194139,Graze+Frag
48771161.814,E6,P385,0.5533954378954375,0.0025,6407.260,1059.189,1.3234,10.202,0.32360462904155185,0.0,Merge
49004813.978,E6,P534,0.5558954378954375,0.0025,6416.894,1059.189,3.0554,23.591,0.4109650035517946,0.0,Merge
49599906.565,E63,P673,0.019404928404928405,0.0025,2097.158,1059.189,5.2226,12.292,0.9102629386769773,0.0,Hit+Run
49864453.091,E50,P333,0.03500000000000001,0.0025,2552.798,1059.189,5.2141,15.009,0.4408044045428272,0.0075571095571095575,Fragment
50266292.029,E46,P111,0.206959373959374,0.0025,4616.245,1059.189,2.249,12.206,0.15340213159349125,0.0,Merge
50953799.909,E8,FRAG0014,0.43875957375957386,0.005701964701964702,5930.200,1394.233,1.6683,11.610,0.9826677205278812,0.0,Hit+Run
51219794.283,E6,P366,0.5583954378954374,0.0025,6426.499,1059.189,1.8545,14.341,0.4204955958636928,0.0,Merge
51771610.323,E6,P587,0.5608954378954374,0.0025,6436.075,1059.189,1.3296,10.298,0.8695907765757466,0.0,Hit+Run
52550067.349,E28,P596,0.5919175824175827,0.0025,6552.609,1059.189,2.7497,21.709,0.620069487618,0.0,Merge
52891481.375,E28,P386,0.5944175824175827,0.0025,6561.821,1059.189,1.9666,15.549,0.36085228263482183,0.0,Merge
53230575.279,E6,P349,0.5608954378954374,0.0025,6436.075,1059.189,2.7807,21.538,0.278214092634089,0.0,Merge
53629805.285,E28,P308,0.5969175824175826,0.0025,6571.007,1059.189,1.7163,13.590,0.4232721652481878,0.0,Merge
54478501.08,E6,P587,0.5633954378954373,0.0025,6445.623,1059.189,1.7828,13.831,0.4335551828038248,0.0,Merge
54587546.525,E8,P489,0.43875957375957386,0.0025,5930.200,1059.189,1.2094,8.5852,0.8543118230504451,0.0,Hit+Run
55035363.59,E6,P603,0.5658954378954373,0.0025,6455.143,1059.189,1.5516,12.056,0.5718656315422358,0.0,Merge
55113500.418,E6,P415,0.5683954378954372,0.0025,6464.635,1059.189,2.0132,15.667,0.9876755590744015,0.0,Hit+Run
55129659.099,E6,P415,0.5683954378954372,0.0025,6464.635,1059.189,1.0401,8.0945,0.8871465982986686,0.0,Hit+Run
55271294.138,E28,P85,0.5994175824175826,0.005,6580.168,1334.495,1.6745,13.073,0.9730582350709687,0.0,Hit+Run
55930956.724,E61,P96,0.0325,0.0025,2490.510,1059.189,2.8533,8.0046,0.8659288140387496,0.0,Hit+Run
56708795.22,E6,E51,0.5683954378954372,0.0325,6464.635,2490.510,1.1215,8.2076,0.9340542606240444,0.0,Hit+Run
56708800.175,E6,E51,0.5683954378954372,0.0325,6464.635,2490.510,1.0483,7.6719,0.3848398843331618,0.0,Merge
56964752.995,E28,P436,0.5994175824175826,0.0025,6580.168,1059.189,2.1373,16.949,0.8926179659814416,0.0,Hit+Run
57572110.567,E65,P402,0.036140469394022115,0.0025000000000000022,2580.230,1059.189,2.8188,8.2059,0.3254160293682044,0.0,Merge
60107331.919,E11,FRAG0006,0.10782367632367634,0.007277056277056278,3714.484,1512.327,3.2656,13.691,0.8141317739008996,0.0,Hit+Run
60875081.867,E3,P254,0.08500000000000008,0.0025,3431.364,1059.189,4.9924,19.688,0.9227626005861846,0.0,Hit+Run
60899646.09,E6,P569,0.6008954378954372,0.0025,6585.571,1059.189,2.3836,18.919,0.9276082021703018,0.0,Hit+Run
60953491.764,E6,P307,0.6008954378954372,0.0025,6585.571,1059.189,1.6521,13.113,0.8525760008246172,0.0,Merge
61019268.373,E6,P482,0.6033954378954371,0.0025,6594.692,1059.189,3.845,30.564,0.16551605364891578,0.0,Merge
61187138.085,E6,P415,0.6058954378954371,0.0025,6603.787,1059.189,1.9727,15.704,0.8570384922230245,0.0,Merge
61237670.674,E6,P588,0.608395437895437,0.0025,6612.857,1059.189,4.0554,32.330,0.8578043642153393,0.0,Merge
61687665.664,E6,P368,0.610895437895437,0.0025000000000000022,6621.903,1059.189,2.5723,20.537,0.45588073505899446,0.0,Merge
61775682.059,E28,P397,0.5994175824175826,0.0025,6580.168,1059.189,1.8011,14.283,0.9676416317509905,0.0,Hit+Run
61917115.922,E50,P50,0.029942890442890453,0.009959040959040958,2423.399,1679.060,2.0089,5.5974,0.7448962226101431,0.0,Hit+Run
62055330.194,E65,P50,0.03864046939402212,0.009959040959040958,2638.404,1679.060,2.3863,7.1529,0.6422053452513464,0.0,Hit+Run
62735801.827,E6,P314,0.6133954378954369,0.0025,6630.923,1059.189,2.9028,23.209,0.5038220359586271,0.0,Merge
63007214.852,E6,P397,0.6158954378954369,0.0025,6639.920,1059.189,1.5687,12.560,0.4784744778029433,0.0,Merge
63072893.509,E6,P543,0.6183954378954368,0.0025,6648.892,1059.189,3.4196,27.420,0.997409453939136,0.0,Hit+Run
64042583.406,E8,P383,0.43875957375957386,0.0025,5930.200,1059.189,1.7693,12.559,0.3310681034405439,0.0,Merge
64502052.659,E8,E50,0.44125957375957386,0.029942890442890453,5941.442,2423.399,1.0309,6.9127,0.4454922809467601,0.0,Merge
64861114.822,E8,P546,0.4712024642024643,0.0025,6072.903,1059.189,2.528,18.406,0.9808308818736552,0.0,Hit+Run
65920649.383,E46,P403,0.209459373959374,0.0025,4634.758,1059.189,2.0718,11.293,0.6977434079651363,0.0,Merge
66645353.812,E11,P107,0.10782367632367634,0.002500000000000014,3714.484,1059.189,2.6726,11.478,0.4140368667892468,0.0,Merge
67124296.028,E3,P465,0.08500000000000008,0.0025,3431.364,1059.189,1.4578,5.7492,0.5565154041130492,0.0,Merge
67574057.814,E11,E63,0.11032367632367636,0.019404928404928405,3742.973,2097.158,1.4265,6.0066,0.9746893383275556,0.0,Hit+Run
67835879.328,E8,P683,0.4712024642024643,0.0025,6072.903,1059.189,2.3711,17.264,0.041041799206797624,0.0,Merge
68108721.131,E28,P641,0.5994175824175826,0.0025,6580.168,1059.189,2.239,17.756,0.5234429585322031,0.0,Merge
68277384.044,E6,P331,0.6183954378954368,0.0025,6648.892,1059.189,1.9304,15.478,0.5728440874867943,0.0,Merge
68471235.109,E28,E65,0.6019175824175825,0.03864046939402212,6589.303,2638.404,1.3776,10.254,0.17230703636620015,0.007605727605727607,Fragment
68719071.006,E6,P471,0.6208954378954368,0.0025,6657.839,1059.189,2.3397,18.787,0.3625260459008452,0.0,Merge
68893691.914,E28,P546,0.632952324205877,0.0025,6700.659,1059.189,1.4524,11.742,0.8675622600300023,0.0,Hit+Run
69358168.675,E46,P436,0.211959373959374,0.0025,4653.125,1059.189,1.5494,8.4817,0.4964037182769247,0.0,Merge
69951484.108,E6,P569,0.6233954378954367,0.0025,6666.763,1059.189,1.6523,13.286,0.4311936059205277,0.0,Merge
70005889.959,P101,P751,0.002500000000000014,0.0025,1059.189,1059.189,9.3387,12.818,0.6936500000000007,0.0,Graze+Frag
72082157.881,E76,P430,0.0275,0.0025,2355.617,1059.189,5.596,14.818,0.22067482148982207,0.010397269397269399,Fragment
73096400.174,E8,P470,0.4737024642024643,0.0025,6083.624,1059.189,1.3815,10.077,0.5855523572182033,0.0,Merge
73107228.588,E28,P65,0.632952324205877,0.0025,6700.659,1059.189,2.3898,19.321,0.47181847206170324,0.0,Merge
73476641.783,E63,P712,0.019404928404928405,0.0025,2097.158,1059.189,8.7507,20.595,0.7785073614947549,0.0,Graze+Frag
74492257.343,E28,P375,0.6354523242058769,0.0025000000000000022,6709.469,1059.189,3.1468,25.476,0.984916257705496,0.0,Hit+Run
74831231.615,E6,P375,0.6258954378954367,0.0025000000000000022,6675.663,1059.189,1.1489,9.2518,0.6788851209890657,0.0,Merge
75314895.071,P120,P508,0.0025,0.0025,1059.189,1059.189,13.100,17.982,0.9411499999999999,0.0,Hit+Run
75914568.325,E6,P85,0.6283954378954366,0.005,6684.540,1334.495,2.0558,16.323,0.9772105414143132,0.0,Hit+Run
75990068.489,E6,P543,0.6283954378954366,0.0025,6684.540,1059.189,2.0491,16.524,0.6808213517593465,0.0,Merge
76456559.956,E8,P577,0.4762024642024643,0.0025,6094.308,1059.189,1.4945,10.922,0.39904587694765137,0.0,Merge
77334355.912,E55,P330,0.07000000000000003,0.0025,3216.324,1059.189,1.3398,4.9291,0.9963764260547064,0.0,Hit+Run
77619510.7,E46,E48,0.214459373959374,0.0325001665001665,4671.347,2490.514,1.1883,6.2342,0.27244617759403084,0.008315684315684316,Fragment
77648631.189,E6,P547,0.6308954378954366,0.0025,6693.392,1059.189,2.5114,20.280,0.8519792983956718,0.0,Merge
78130971.393,E3,P446,0.08750000000000008,0.0025,3464.680,1059.189,6.0259,24.012,0.8334158498677232,0.0,Hit+Run
79535473.003,E6,P544,0.6333954378954365,0.0025,6702.222,1059.189,3.0021,24.277,0.8802837919340658,0.0,Hit+Run
81196374.019,E3,P459,0.08750000000000008,0.0025,3464.680,1059.189,5.6816,22.640,0.71363434010912,0.0,Merge
81681038.689,E28,P763,0.6354523242058769,0.0025,6709.469,1059.189,1.2054,9.7590,0.7625241704035272,0.0,Merge
81792971.231,E55,P328,0.07000000000000003,0.0025,3216.324,1059.189,3.1543,11.604,0.8480295546179469,0.0,Hit+Run
83330543.013,E6,P157,0.6333954378954365,0.0025,6702.222,1059.189,1.6926,13.687,0.7723423813084446,0.0,Merge
83988113.427,E6,P697,0.6358954378954365,0.0025,6711.028,1059.189,3.2752,26.523,0.7807720987934162,0.0,Merge
84262826.439,E28,P85,0.6379523242058769,0.005,6718.256,1334.495,1.6736,13.360,0.2240878216605383,0.0,Merge
84566196.114,E11,P485,0.11032367632367636,0.0025,3742.973,1059.189,3.7019,16.031,0.7043752664964756,0.0,Merge
85043065.327,E8,P585,0.4787024642024643,0.0025,6104.954,1059.189,2.0821,15.245,0.8213912528109617,0.0,Merge
85870967.005,E28,P538,0.6429523242058769,0.0025,6735.762,1059.189,2.2049,17.925,0.5290133374182044,0.0,Merge
85941463.179,E6,P560,0.6383954378954364,0.0025,6719.811,1059.189,2.2812,18.499,0.7346958020621891,0.0,Merge
86236547.961,E28,P546,0.6454523242058768,0.0025,6744.481,1059.189,2.0144,16.399,0.9194107509549246,0.0,Hit+Run
86327104.543,E28,P516,0.6454523242058768,0.0025,6744.481,1059.189,1.3855,11.279,0.6383500476173222,0.0,Merge
87265888.351,E28,P497,0.6479523242058768,0.0025,6753.178,1059.189,1.6942,13.811,0.6335344406727424,0.0,Merge
87807517.483,E41,P674,0.06762187812187812,0.0025,3179.481,1059.189,4.4489,16.166,0.9654700965897037,0.0,Hit+Run
88243643.829,E6,P546,0.6408954378954363,0.0025,6728.572,1059.189,1.0494,8.5217,0.5783569313106014,0.0,Merge
88380627.384,P101,P461,0.005,0.0025,1334.495,1059.189,9.6091,15.196,0.9836090107806769,0.0,Hit+Run
89075932.679,E28,P660,0.6504523242058767,0.0025,6761.852,1059.189,1.5322,12.507,0.605632519592052,0.0,Merge
89209353.481,E28,P84,0.6529523242058767,0.0024999999999999905,6770.504,1059.189,2.1152,17.290,0.5374243580691425,0.0,Merge
89879565.338,E28,P254,0.6554523242058766,0.0025,6779.134,1059.189,2.4586,20.124,0.43805683359035424,0.0,Merge
90008868.104,E6,P446,0.6433954378954363,0.0025,6737.309,1059.189,2.1364,17.372,0.9070070634188588,0.0,Hit+Run
90824034.199,E6,P446,0.6433954378954363,0.0025,6737.309,1059.189,1.218,9.9045,0.9483132158878197,0.0,Hit+Run
91539751.501,E6,FRAG0019,0.6433954378954363,0.007605727605727607,6737.309,1534.761,2.2977,18.211,0.37025565598148236,0.0,Merge
91828606.578,E6,P446,0.6510011655011639,0.0025,6763.753,1059.189,1.366,11.154,0.3041679254926853,0.0,Merge
92732792.586,E63,P513,0.021904761904761906,0.0025,2183.601,1059.189,8.7127,21.354,0.376683692626979,0.018877122877122877,Fragment
95913149.709,E3,P790,0.09000000000000008,0.0025,3497.368,1059.189,6.3406,25.523,0.7754517699980643,0.0,Hit+Run
96291973.645,E53,P261,0.027500000000000004,0.0025,2355.617,1059.189,5.6697,15.013,0.7126575744955771,0.0,Graze+Frag
97368173.494,E6,P790,0.6535011655011639,0.0025,6772.400,1059.189,1.2666,10.356,0.881616877547613,0.0,Hit+Run
97552346.776,E28,P437,0.6579523242058766,0.0025,6787.742,1059.189,2.1604,17.707,0.7081907178128785,0.0,Merge
101056182.489,E8,P679,0.4812024642024643,0.0025,6115.563,1059.189,1.0756,7.8903,0.5644411552469775,0.0,Merge
103159889.444,E6,P790,0.6535011655011639,0.0025,6772.400,1059.189,1.6859,13.785,0.3861992128619558,0.0,Merge
105155538.056,E3,P206,0.09000000000000008,0.0025,3497.368,1059.189,4.8566,19.549,0.760331112897241,0.0,Merge
105924901.843,E6,P748,0.6560011655011638,0.0025,6781.025,1059.189,1.675,13.714,0.7576549892694541,0.0,Merge
107890745.611,E28,FRAG0006,0.6604523242058765,0.007277056277056278,6796.328,1512.327,2.1318,17.074,0.6972476145062637,0.0,Merge
110173228.991,E46,P739,0.2386438561438562,0.0025,4840.727,1059.189,1.1038,6.3046,0.8516517588916606,0.0,Hit+Run
110515141.833,E6,P179,0.6585011655011638,0.0025,6789.628,1059.189,2.7065,22.190,0.6395322317131198,0.0,Merge
112276385.331,E8,FRAG0017,0.4837024642024643,0.00576023976023976,6126.135,1398.966,1.4027,10.107,0.6399587726551044,0.0,Merge
113901415.702,E28,P457,0.6677293804829328,0.0025,6821.198,1059.189,2.8062,23.121,0.36701086154481016,0.0,Merge
113918357.482,E6,P435,0.6610011655011637,0.0025,6798.210,1059.189,1.0457,8.5851,0.7443302015928746,0.0,Merge
114080510.839,E8,E95,0.4894627039627041,0.0275,6150.357,2355.617,2.1275,14.818,0.6023839703003886,0.008581085581085581,Fragment
114818366.896,E8,FRAG0025,0.5083816183816184,0.008581085581085581,6228.600,1597.746,1.0368,7.5283,0.23971009876233146,0.0,Merge
115716341.537,E6,P487,0.6635011655011637,0.0025,6806.770,1059.189,3.3578,27.604,0.9686673199612922,0.0,Hit+Run
115733379.21,E6,P238,0.6635011655011637,0.0025,6806.770,1059.189,2.164,17.790,0.9979159847948562,0.0,Hit+Run
116868252.01,E6,E3,0.6635011655011637,0.09250000000000008,6806.770,3529.455,1.3912,10.629,0.9151007054879943,0.0,Hit+Run
116898611.473,E6,E3,0.6635011655011637,0.09250000000000008,6806.770,3529.455,1.0735,8.2023,0.6406231766686247,0.007974025974025975,Fragment
117109645.481,E6,P316,0.7480271395271378,0.0025,7084.343,1059.189,1.5789,13.542,0.9934655984057885,0.0,Hit+Run
118965163.149,E28,P719,0.6702293804829328,0.0025,6829.700,1059.189,2.6842,22.145,0.9264246440982933,0.0,Hit+Run
120108683.696,E6,P238,0.7480271395271378,0.0025,7084.343,1059.189,1.8844,16.162,0.9538835627425108,0.0,Hit+Run
120333775.364,E6,P238,0.7480271395271378,0.0025,7084.343,1059.189,1.3473,11.555,0.22983678730193463,0.0,Merge
122187624.473,E6,P667,0.7505271395271378,0.0025,7092.227,1059.189,2.722,23.374,0.7137977487356066,0.0,Merge
122542393.542,E6,P550,0.7530271395271377,0.0025,7100.093,1059.189,2.9504,25.365,0.8968135969719787,0.0,Hit+Run
124547381.126,E6,P421,0.7530271395271377,0.0025,7100.093,1059.189,3.6696,31.548,0.8077065599741807,0.0,Merge
126880391.207,E46,P461,0.2386438561438562,0.0025,4840.727,1059.189,3.3254,18.993,0.6799266017278603,0.0,Merge
127208489.188,E53,P575,0.03,0.0025,2424.939,1059.189,4.0126,10.949,0.4361805821626858,0.0,Merge
127221064.746,E28,P486,0.6702293804829328,0.0025,6829.700,1059.189,2.5753,21.246,0.6485232229642383,0.0,Merge
127231780.015,E8,P550,0.516962703962704,0.0025,6263.449,1059.189,1.5372,11.567,0.7240572266299726,0.0,Merge
127438581.167,E28,P316,0.6727293804829327,0.0025,6838.181,1059.189,2.0037,16.552,0.7921076677959146,0.0,Merge
128553365.757,P152,P544,0.0025,0.0025,1059.189,1059.189,26.004,35.693,0.66495,0.0,Graze+Frag
130078370.299,E6,P720,0.7555271395271377,0.0025,7107.942,1059.189,1.7595,15.144,0.8138274975156575,0.0,Merge
131283004.55,E28,FRAG0005,0.6752293804829327,0.006520146520146521,6846.642,1457.962,3.2957,26.678,0.8032511915352853,0.0,Merge
134506138.751,E46,P531,0.2411438561438562,0.0025,4857.572,1059.189,1.2319,7.0626,0.9136740551501313,0.0,Hit+Run
137906335.118,E55,P276,0.07000000000000003,0.0025,3216.324,1059.189,3.7682,13.863,0.44594333360908267,0.0,Merge
141388998.547,E6,FRAG0023,0.7580271395271376,0.006292374292374292,7115.773,1440.783,4.6114,38.938,0.672611382748866,0.0,Merge
143475322.922,E28,P673,0.6817495270030792,0.0025,6868.609,1059.189,2.441,20.260,0.6486702796580308,0.0,Merge
144171897.172,E6,P706,0.7643195138195119,0.0025,7135.408,1059.189,2.7557,23.816,0.48753032027274085,0.0,Merge
146564603.065,E6,P732,0.7668195138195119,0.0025,7143.179,1059.189,2.0688,17.900,0.9636152301350638,0.0,Hit+Run
147972888.822,E6,P806,0.7668195138195119,0.0025,7143.179,1059.189,3.824,33.087,0.6555892862590836,0.0,Merge
149939676.109,E8,E61,0.519462703962704,0.0325,6273.529,2490.510,2.5985,18.423,0.975957514547145,0.0,Hit+Run
150818123.074,E28,P101,0.6842495270030792,0.005,6876.994,1334.495,2.1104,17.274,0.582051620974268,0.0,Merge
153667125.966,E28,E8,0.6892495270030792,0.519462703962704,6893.704,6273.529,1.0547,9.0281,0.6430240175843124,0.0,Graze+Merge
154508062.757,E28,P464,1.2087122309657832,0.0025,8313.198,1059.189,1.519,15.427,0.8391795911934425,0.040752640692640694,Merge
155156498.877,E28,P259,1.2112122309657831,0.0025,8318.926,1059.189,1.729,17.573,0.6605028491771873,0.0,Merge
155649631.812,E28,FRAG0007,1.213712230965783,0.007277056277056278,8324.645,1512.327,2.9237,29.101,0.5930596507156365,0.0,Merge
155767162.541,E28,P557,1.2209892872428394,0.0025,8341.250,1059.189,2.7552,28.082,0.8523648661640472,0.0,Merge
156635260.482,E46,P711,0.2411438561438562,0.0025,4857.572,1059.189,1.7506,10.036,0.9679411546608006,0.0,Hit+Run
159237844.689,E6,E53,0.7693195138195118,0.0325,7150.934,2490.510,1.7256,14.059,0.25647537357390343,0.007252480852480853,Fragment
166384610.301,E28,P545,1.2234892872428393,0.0025,8346.939,1059.189,2.0085,20.486,0.9858055936069013,0.0,Hit+Run
167588662.22,E28,P549,1.2234892872428393,0.0025,8346.939,1059.189,2.8153,28.715,0.6024515415426458,0.0,Merge
169788878.514,E6,P750,0.7945674325674306,0.0025,7228.321,1059.189,3.3054,28.961,0.5129375528306727,0.0,Merge
171817200.919,E28,E61,1.2259892872428393,0.0325,8352.620,2490.510,2.4651,23.726,0.6606987272132994,0.007655677655677656,Fragment
174519333.567,E6,P545,0.7970674325674305,0.0025,7235.894,1059.189,1.0971,9.6232,0.4728798610502075,0.0,Merge
177291637.764,E6,FRAG0027,0.7995674325674305,0.007252081252081253,7243.451,1510.595,2.3599,20.241,0.6084168976292066,0.0,Merge
181228936.902,E28,P719,1.2508336095871615,0.0025,8408.664,1059.189,2.2486,23.114,0.38535864170263073,0.0,Merge
182198774.688,E6,P711,0.8068195138195117,0.0025,7265.284,1059.189,3.8876,34.246,0.7124355788801375,0.0,Merge
182838404.412,E28,P732,1.2533336095871614,0.0025,8414.263,1059.189,2.7948,28.748,0.659128682727112,0.0,Merge
184416744.874,E6,FRAG0026,0.8093195138195116,0.007974025974025975,7272.781,1559.144,1.7097,14.693,0.6077994668315756,0.0,Merge
185850055.236,E11,E41,0.11282367632367636,0.06762187812187812,3771.035,3179.481,1.9558,8.9032,0.8657002604017633,0.0,Hit+Run
187836580.245,E28,P152,1.2558336095871614,0.005,8419.853,1334.495,1.9144,19.445,0.8456669255283776,0.0,Merge
195829174.894,E6,P285,0.8172935397935376,0.0025,7296.588,1059.189,1.5566,13.775,0.9241484431533524,0.0,Hit+Run
