time_yr,target,projectile,Mt_Mearth,Mp_Mearth,Rt_km,Rp_km,vimp/vesc,vimp_km/s,b,m_frag_Mearth,Regime
3623.727,E0,PI104,0.4524555555544456,0.000625,5991.273,667.2478,0.9993,7.3646,0.4898458872672093,0.0,Perfect
9774.052,E0,EI10,0.4530805555544456,0.00625,5994.031,1437.541,1.0511,7.3828,0.6092776146717371,0.0,Merge
13865.283,E1,PI160,0.23462666666666668,0.000625,4813.411,667.2478,1.0039,5.8762,0.9598438905671246,0.0,Graze+Merge
30436.428,E0,PI83,0.4593305555544456,0.000625,6021.466,667.2478,1.2063,8.9371,0.4152819750746005,0.0,Merge
35884.811,E0,PI77,0.45995555555444556,0.000625,6024.196,667.2478,1.008,7.4715,0.6968193788282485,0.0,Merge
36406.884,E0,PI143,0.46058055555444555,0.000625,6026.924,667.2478,1.0112,7.4988,0.9864850750441786,0.0,Graze+Merge
38132.661,E0,PI97,0.46120555555444553,0.000625,6029.648,667.2478,1.0618,7.8777,0.8079872096335331,0.0,Merge
38386.083,E0,PI164,0.4618305555544455,0.000625,6032.371,667.2478,1.1383,8.4493,0.42679202088647694,0.0,Merge
42000.832,E0,PI89,0.4624555555544455,0.000625,6035.091,667.2478,1.0303,7.6513,0.41861712491963937,0.0,Merge
44209.476,E0,PI129,0.4630805555544455,0.000625,6037.808,667.2478,1.0314,7.6630,0.35461133757091773,0.0,Merge
47171.205,E0,PI92,0.4637055555544455,0.000625,6040.524,667.2478,1.0389,7.7224,0.4110901898917895,0.0,Merge
54003.886,EI2,PI21,0.00625,0.000625,1437.541,667.2478,2.5427,4.1056,0.3281747667281254,0.0,Merge
57490.401,E1,PI91,0.23525166666666666,0.000625,4817.681,667.2478,1.1561,6.7734,0.5321037450979993,0.0,Merge
57944.977,E8,P815,0.11363999999999999,0.0024355585714285716,3780.108,1050.009,1.1433,5.0073,0.6375157181352304,0.0,Merge
60448.153,E0,PI137,0.46433055555444547,0.000625,6043.236,667.2478,0.9999,7.4360,0.9095720305380137,0.0,Perfect
66830.295,E1,PI150,0.23587666666666665,0.000625,4821.944,667.2478,1.0847,6.3610,0.3405724821678784,0.0,Merge
84291.604,E6,P327,0.08018000000000002,0.0024355585714285716,3365.238,1050.009,1.4367,5.5523,0.7922918878631748,0.0,Hit+Run
91603.142,E0,PI191,0.46495555555444545,0.000625,6045.946,667.2478,1.0164,7.5623,0.8670138871030425,0.0,Merge
112511.329,E0,PI154,0.46558055555444544,0.000625,6048.654,667.2478,1.1544,8.5931,0.8855157220405963,0.0,Merge
126380.911,E0,PI118,0.4662055555544454,0.000625,6051.360,667.2478,1.0312,7.6796,0.2960556825586277,0.0,Merge
130647.248,EI13,PI38,0.00625,0.000625,1437.541,667.2478,6.6913,10.804,0.7521041688262471,0.0,Graze+Frag
136696.967,EI2,P244,0.006875,0.0024355585714285716,1483.945,1050.009,3.2717,5.6029,0.8253788084070414,0.0,Hit+Run
138895.206,E0,PI122,0.4668305555544454,0.000625,6054.063,667.2478,1.025,7.6370,0.9559410663149147,0.0,Hit+Run
158437.96,E0,PI78,0.4668305555544454,0.000625,6054.063,667.2478,1.0185,7.5885,0.9067613977755815,0.0,Graze+Merge
184573.239,E10,P626,0.14002,0.0024355585714285716,4052.507,1050.009,1.0846,5.1200,0.9147000716498993,0.0,Hit+Run
186303.834,E1,PI96,0.23650166666666664,0.000625,4826.199,667.2478,1.2983,7.6207,0.5303730849819575,0.0,Merge
201247.793,E0,PI102,0.4674555555544454,0.000625,6056.763,667.2478,1.3339,9.9432,0.6864740742448138,0.0,Merge
208927.536,EI9,PI86,0.00625,0.000625,1437.541,667.2478,2.2174,3.5804,0.6771806060581402,0.0,Merge
226177.403,E0,PI116,0.4680805555544454,0.000625,6059.461,667.2478,1.1305,8.4309,0.597774997368174,0.0,Merge
243811.242,E0,PI68,0.4687055555544454,0.000625,6062.157,667.2478,1.0131,7.5589,0.8643616802352003,0.0,Merge
245777.255,E0,PI82,0.46933055555444536,0.000625,6064.850,667.2478,1.2452,9.2950,0.16179905555515633,0.0,Merge
248101.594,E0,PI109,0.46995555555444535,0.000625,6067.541,667.2478,1.4063,10.502,0.9943511567743749,0.0,Hit+Run
260577.137,E1,PI151,0.23712666666666662,0.000625,4830.446,667.2478,1.8601,10.928,0.5541527850968759,0.0,Merge
271128.855,E6,P297,0.08018000000000002,0.0024355585714285716,3365.238,1050.009,1.601,6.1873,0.7756000241361872,0.0,Hit+Run
295000.404,EI0,P677,0.00625,0.0024355585714285716,1437.541,1050.009,7.7071,12.866,0.7962805190673695,0.0,Graze+Frag
338060.862,E6,PI75,0.08018000000000002,0.000625,3365.238,667.2478,1.7082,6.8316,0.9737318268750065,0.0,Hit+Run
345655.824,EI11,P425,0.00625,0.0024355585714285716,1437.541,1050.009,5.1659,8.6241,0.7690616987987919,0.0,Hit+Run
346321.833,EI15,PI168,0.00625,0.000625,1437.541,667.2478,5.8354,9.4223,0.7301120200465475,0.0,Graze+Frag
346461.675,E1,PI51,0.2377516666666666,0.000625,4834.687,667.2478,1.0907,6.4141,0.8742433768104391,0.0,Merge
379280.174,E0,PI55,0.46995555555444535,0.000625,6067.541,667.2478,1.0906,8.1447,0.9048892831966859,0.0,Hit+Run
398418.702,E0,PI99,0.46995555555444535,0.000625,6067.541,667.2478,1.409,10.522,0.1067596376531335,0.0,Merge
437394.678,E6,PI153,0.08018000000000002,0.000625,3365.238,667.2478,2.0639,8.2542,0.4728457774317609,0.0,Merge
438932.167,E0,PI45,0.47058055555444533,0.000625,6070.230,667.2478,1.4531,10.856,0.8373566366439814,0.0,Merge
460067.71,E0,PI121,0.4712055555544453,0.000625,6072.916,667.2478,1.0512,7.8577,0.5865537452221952,0.0,Merge
463352.675,EI3,PI114,0.00625,0.000625,1437.541,667.2478,7.0087,11.316,0.7248530279470542,0.0,Graze+Frag
474501.162,E10,P367,0.14002,0.0024355585714285716,4052.507,1050.009,1.0385,4.9024,0.8591048602098604,0.0,Hit+Run
482251.956,EI2,P771,0.006875,0.0024355585714285716,1483.945,1050.009,16.011,27.420,0.9326651697666059,0.0,Hit+Run
494871.487,E1,PI117,0.2383766666666666,0.000625,4838.919,667.2478,1.0294,6.0592,0.3383449690859802,0.0,Merge
508906.171,EI17,PI57,0.00625,0.000625,1437.541,667.2478,2.6922,4.3470,0.44038936438354903,0.0,Merge
521079.26,E15,P582,0.11428,0.0024355585714285716,3787.191,1050.009,1.2249,5.3755,0.5053815060334201,0.0,Merge
542974.51,E3,PI189,0.40336,0.000625,5766.223,667.2478,1.1195,7.9257,0.7806641816379811,0.0,Merge
561602.411,E1,PI122,0.23900166666666658,0.000625,4843.145,667.2478,1.2689,7.4758,0.6177865585689994,0.0,Merge
592269.861,E17,P601,0.040959999999999996,0.0024355585714285716,2690.174,1050.009,2.1118,6.4266,0.9692063022210551,0.0,Hit+Run
596484.328,EI5,PI73,0.00625,0.000625,1437.541,667.2478,3.5363,5.7100,0.2964159183350811,0.0,Merge
638014.062,E0,EI4,0.4718305555544453,0.00625,6075.600,1437.541,1.2774,9.1038,0.7408970632235732,0.0,Merge
680529.612,E0,PI149,0.4780805555544453,0.000625,6102.309,667.2478,1.3794,10.363,0.5424830081405694,0.0,Merge
744835.835,EI12,PI60,0.00625,0.000625,1437.541,667.2478,5.6558,9.1323,0.46354258934105874,0.0,Merge
759065.254,E1,PI196,0.23962666666666657,0.000625,4847.363,667.2478,1.3191,7.7787,0.20832386316026932,0.0,Merge
778531.895,E0,EI11,0.4787055555544453,0.00625,6104.967,1437.541,1.0781,7.7234,0.3098413812618084,0.0,Merge
779323.946,EI12,PI26,0.006875,0.000625,1483.945,667.2478,7.1005,11.845,0.6100117056688016,0.0,Merge
789306.926,EI0,P618,0.008685647685647686,0.0024355585714285716,1604.210,1050.009,9.8429,18.000,0.9319845489389275,0.0,Hit+Run
804677.982,E0,PI141,0.48495555555444525,0.000625,6131.421,667.2478,1.4717,11.112,0.07575591305950842,0.0,Merge
807035.251,EI0,P632,0.008685647685647686,0.0024355585714285716,1604.210,1050.009,12.089,22.109,0.8418080932309585,0.0,Graze+Frag
834865.549,E1,PI79,0.24025166666666656,0.000625,4851.573,667.2478,1.688,9.9633,0.2770031364367512,0.0,Merge
859675.879,EI2,PI36,0.006875,0.000625,1483.945,667.2478,13.389,22.335,0.4655624789730569,0.0,Fragment
884381.656,E12,P308,0.09854,0.0024355585714285716,3604.663,1050.009,1.507,6.2709,0.09052947974264981,0.0,Merge
896137.716,EI13,PI15,0.006875124875124875,0.000625,1483.954,667.2478,13.077,21.815,0.9783797658243019,0.0,Hit+Run
912780.782,E1,P67,0.24087666666666654,0.0024355585714285716,4855.777,1050.009,2.1204,12.159,0.9290934813454399,0.0,Hit+Run
940944.585,E10,P690,0.14002,0.0024355585714285716,4052.507,1050.009,2.7451,12.958,0.7463260027172097,0.0,Merge
975381.966,EI17,P554,0.006875,0.0024355585714285716,1483.945,1050.009,11.849,20.292,0.6691928227378503,0.0,Graze+Frag
983033.163,EI2,PI17,0.0075001665001665,0.000625,1527.627,667.2478,18.074,31.069,0.1148395691087458,0.008000392940392941,Fragment
1009507.849,E0,PI155,0.48558055555444524,0.000625,6134.054,667.2478,1.0825,8.1770,0.7916826416607263,0.0,Merge
1050235.959,EI0,PI8,0.01112121212121212,0.000625,1741.985,667.2478,9.9396,19.608,0.8583274047233872,0.0,Hit+Run
1067275.586,EI3,P19,0.006875124875124875,0.0024355585714285716,1483.954,1050.009,13.091,22.419,0.8411927733830369,0.0,Graze+Frag
1090151.176,EI9,PI8,0.006875,0.000625,1483.945,667.2478,10.041,16.751,0.39071653295353304,0.006955637695637696,Fragment
1114069.3,E0,PI24,0.4862055555544452,0.000625,6136.684,667.2478,1.5626,11.809,0.8001940985656597,0.0,Merge
1140454.737,E0,PI167,0.4868305555544452,0.000625,6139.313,667.2478,1.3996,10.581,0.6447280851948503,0.0,Merge
1144832.147,EI1,P231,0.00625,0.0024355585714285716,1437.541,1050.009,23.97,40.016,0.5343788344448774,0.0,Fragment
1162842.314,E0,PI125,0.4874555555544452,0.000625,6141.939,667.2478,1.317,9.9618,0.9633442327274021,0.0,Hit+Run
1175005.829,EI1,P207,0.008685647685647686,0.0024355585714285716,1604.210,1050.009,8.4381,15.431,0.6141306745634527,0.010584089244089245,Graze+Frag
1185490.316,EI1,FRAG0001,0.005527799663669663,0.005593406593406594,1379.890,1385.328,1.0831,1.9406,0.27585647555520065,0.0,Merge
1193707.064,E0,PI59,0.4874555555544452,0.000625,6141.939,667.2478,1.2085,9.1411,0.8566367208063798,0.0,Merge
1209761.857,E0,PI54,0.4880805555544452,0.000625,6144.563,667.2478,1.4273,10.801,0.38805995462522164,0.0,Merge
1213838.977,EI12,EI15,0.0075,0.006875124875124875,1527.616,1483.954,4.1864,8.1716,0.5721767891097984,0.008847152847152848,Graze+Frag
1233686.729,E6,EI6,0.08080500000000002,0.00625,3373.960,1437.541,1.5756,5.9876,0.9249898872052106,0.0,Hit+Run
1235397.246,E3,PI98,0.403985,0.000625,5769.200,667.2478,1.2808,9.0726,0.9456312139459011,0.0,Hit+Run
1261132.537,EI17,PI32,0.009310689310689312,0.000625,1641.803,667.2478,7.2249,13.389,0.7213393456599999,0.0,Graze+Frag
1281392.732,E0,PI39,0.48870555555444517,0.000625,6147.184,667.2478,1.7949,13.588,0.9543137534621537,0.0,Hit+Run
1286458.255,E0,P101,0.48870555555444517,0.0024355585714285716,6147.184,1050.009,1.5762,11.632,0.9973424434944482,0.0,Hit+Run
1289970.697,E0,PI39,0.48870555555444517,0.000625,6147.184,667.2478,1.0438,7.9024,0.5992538296860844,0.0,Merge
1306842.196,E0,PI140,0.48933055555444516,0.000625,6149.804,667.2478,1.2528,9.4889,0.48516054663978986,0.0,Merge
1339876.018,E0,P374,0.48995555555444514,0.0024355585714285716,6152.421,1050.009,1.0031,7.4099,0.9868740430881638,0.0,Graze+Merge
1384809.014,E0,P101,0.4923911141258737,0.0024355585714285716,6162.599,1050.009,1.2273,9.0821,0.19557679387773688,0.0,Merge
1415993.913,E11,PI63,0.020565714285714288,0.000625,2138.167,667.2478,2.0045,4.9219,0.25387456968541816,0.0,Merge
1437152.555,EI0,P255,0.01112121212121212,0.0024355585714285716,1741.985,1050.009,10.414,20.502,0.978121512465733,0.0,Hit+Run
1437312.873,EI0,P255,0.01112121212121212,0.0024355585714285716,1741.985,1050.009,1.0534,2.0738,0.6437620568744935,0.0,Graze+Merge
1452592.782,E3,P719,0.403985,0.0024355585714285716,5769.200,1050.009,1.1543,7.9615,0.5044827823700404,0.0,Merge
1462417.811,E20,PI31,0.02242,0.000625,2200.589,667.2478,10.248,25.954,0.972596024893143,0.0,Hit+Run
1467202.434,EI2,P257,0.008124875124875124,0.0024355585714285716,1568.915,1050.009,7.0308,12.613,0.9590485256408626,0.0,Hit+Run
1472419.458,E0,PI113,0.4948266726973023,0.000625,6172.743,667.2478,1.1333,8.6173,0.6569828846489445,0.0,Merge
1507260.23,E1,P425,0.24087666666666654,0.0024355585714285716,4855.777,1050.009,1.8591,10.661,0.8458861713346801,0.0,Hit+Run
1532074.438,EI1,P654,0.011121206257076258,0.0024355585714285716,1741.985,1050.009,12.570,24.747,0.8937672858256343,0.0,Hit+Run
1539922.888,EI1,P654,0.011121206257076258,0.0024355585714285716,1741.985,1050.009,1.0293,2.0263,0.8287546846507433,0.0,Graze+Merge
1560715.609,EI5,PI152,0.006875,0.000625,1483.945,667.2478,7.171,11.962,0.6168409671028411,0.0,Merge
1569353.451,E0,PI80,0.4954516726973023,0.000625,6175.341,667.2478,1.6068,12.223,0.2634356786874606,0.0,Merge
1589414.462,E5,P378,0.0735,0.0024355585714285716,3269.060,1050.009,1.9477,7.2963,0.8628544275220837,0.0,Hit+Run
1589693.983,E3,E4,0.40642055857142856,0.0574,5780.770,3010.448,1.0016,6.4998,0.9105259837891644,0.0,Graze+Merge
1597985.034,E1,P186,0.24087666666666654,0.0024355585714285716,4855.777,1050.009,1.3325,7.6413,0.8170267189495253,0.0,Merge
1611902.635,E1,P569,0.24331222523809512,0.0024355585714285716,4872.088,1050.009,2.4769,14.255,0.7298138992511788,0.0,Merge
1625727.846,EI17,PI14,0.009935397935397937,0.000625,1677.730,667.2478,23.915,45.342,0.5496138700251653,0.0,Fragment
1632563.689,E6,EI3,0.08080500000000002,0.009310689310689312,3373.960,1641.803,2.2099,8.3687,0.9214251377065434,0.0,Hit+Run
1637849.568,E3,P584,0.46382055857142857,0.0024355585714285716,6041.023,1050.009,1.2911,9.3535,0.6000102695728128,0.0,Merge
1642235.995,EI3,PI50,0.009310689310689312,0.000625,1641.803,667.2478,5.9421,11.012,0.7484295665270734,0.0,Graze+Frag
1646046.944,E0,PI18,0.49607667269730227,0.000625,6177.936,667.2478,1.9762,15.039,0.3303234283074548,0.0,Merge
1704374.371,E3,P536,0.46625611714285714,0.0024355585714285716,6051.578,1050.009,1.214,8.8113,0.2711523393273645,0.0,Merge
1704417.591,E12,P368,0.10097555857142858,0.0024355585714285716,3634.120,1050.009,1.5944,6.6930,0.9438829717373587,0.0,Hit+Run
1717452.75,EI5,P358,0.0075,0.0024355585714285716,1527.616,1050.009,16.885,29.618,0.8630090999381145,0.0,Graze+Frag
1754400.91,E1,PI90,0.2457477838095237,0.000625,4888.291,667.2478,2.314,13.767,0.9487028157474671,0.0,Hit+Run
1761756.499,E6,EI17,0.08080500000000002,0.01056043956043956,3373.960,1712.200,1.7245,6.5300,0.11827725768491451,0.0,Merge
1806188.261,E0,P515,0.49670167269730225,0.0024355585714285716,6180.530,1050.009,1.1888,8.8245,0.6382651711410026,0.0,Merge
1813306.848,EI1,PI10,0.01355676482850483,0.000625,1860.855,667.2478,8.4961,17.978,0.7427659748388267,0.0,Graze+Frag
1822974.07,E20,P409,0.02242,0.0024355585714285716,2200.589,1050.009,23.027,56.889,0.7206448085215299,0.024178621378621378,Graze+Frag
1829060.139,E0,P472,0.49913723126873083,0.0024355585714285716,6190.615,1050.009,1.4958,11.122,0.8541285587424973,0.0,Merge
1834787.418,E20,P322,0.00552788624375624,0.0024355585714285716,1379.897,1050.009,26.287,42.516,0.3410123811413871,0.0,Fragment
1836833.544,E20,P212,0.007963369963369965,0.0024355585714285716,1558.449,1050.009,14.250,25.421,0.8745019149868234,0.0,Graze+Frag
1840239.039,E20,P550,0.0103989343989344,0.0024355585714285716,1703.426,1050.009,10.212,19.698,0.7866814327672939,0.006007066267066267,Graze+Frag
1840387.256,E20,FRAG0006,0.006827499963369964,0.006006993006993007,1480.520,1418.664,1.0624,1.9970,0.8079787575950288,0.0,Hit+Run
1840676.992,E20,P655,0.006827499963369964,0.0024355585714285716,1480.520,1050.009,11.067,18.917,0.48291126397703404,0.009194398934398934,Fragment
1840746.891,E20,P641,0.009263070263070263,0.0024355585714285716,1638.999,1050.009,6.3067,11.752,0.862589829847769,0.0,Hit+Run
1843384.737,E20,P840,0.009263070263070263,0.0024355585714285716,1638.999,1050.009,6.6499,12.392,0.8983075828360952,0.0,Hit+Run
1846239.784,E20,P571,0.009263070263070263,0.0024355585714285716,1638.999,1050.009,4.653,8.6708,0.4557975372810639,0.008951175491175491,Fragment
1847691.976,E20,P763,0.005527799663669665,0.0024355585714285716,1379.890,1050.009,3.1809,5.1447,0.8287632743905452,0.0,Hit+Run
1848158.827,E20,P568,0.005527799663669665,0.0024355585714285716,1379.890,1050.009,3.5839,5.7965,0.4322130520341537,0.005585847485847485,Fragment
1848715.061,E20,P242,0.007963369963369965,0.0024355585714285716,1558.449,1050.009,2.0571,3.6695,0.4707385795027111,0.0,Merge
1849948.766,E20,P763,0.010398928534798537,0.0024355585714285716,1703.426,1050.009,1.9156,3.6949,0.49882132256374073,0.0,Merge
1850703.111,E20,P220,0.012834487106227109,0.0024355585714285716,1827.202,1050.009,2.3251,4.7855,0.7412420456719954,0.0,Hit+Run
1850839.026,E20,P220,0.012834487106227109,0.0024355585714285716,1827.202,1050.009,1.0492,2.1594,0.1943283635843305,0.0,Merge
1851147.313,E20,P112,0.015270045677655681,0.0024355585714285716,1936.157,1050.009,1.7449,3.7960,0.9111619310860238,0.0,Hit+Run
1853375.956,E20,P136,0.015270045677655681,0.0024355585714285716,1936.157,1050.009,1.4226,3.0948,0.8203893769324314,0.0,Hit+Run
1853432.46,E20,P136,0.015270045677655681,0.0024355585714285716,1936.157,1050.009,0.9712,2.1128,0.8673317549375749,0.0,Perfect
1853766.36,E20,P794,0.017705604249084253,0.0024355585714285716,2034.061,1050.009,1.896,4.3288,0.9271781918200301,0.0,Hit+Run
1853770.392,E20,P794,0.017705604249084253,0.0024355585714285716,2034.061,1050.009,1.0436,2.3827,0.3287795764847667,0.0,Merge
1853850.254,E20,P682,0.020141162820512825,0.0024355585714285716,2123.352,1050.009,1.6615,3.9593,0.6583447403380439,0.0,Merge
1855402.491,E20,P546,0.022576721391941397,0.0024355585714285716,2205.705,1050.009,1.503,3.7219,0.8469267234879436,0.0,Hit+Run
1855859.446,E20,P825,0.022576721391941397,0.0024355585714285716,2205.705,1050.009,1.7786,4.4044,0.6921886516179762,0.0,Hit+Run
1857552.001,E20,P112,0.022576721391941397,0.0024355585714285716,2205.705,1050.009,1.5985,3.9584,0.2996525796326034,0.0,Merge
1857685.798,E20,P80,0.02501227996336997,0.0024355585714285716,2282.329,1050.009,1.3055,3.3474,0.6270287423635725,0.0,Merge
1858373.309,E20,P276,0.02744783853479854,0.0024355585714285716,2354.127,1050.009,2.0261,5.3632,0.8415458280491853,0.0,Hit+Run
1859001.113,E20,P442,0.02744783853479854,0.0024355585714285716,2354.127,1050.009,2.3155,6.1293,0.7140933700744422,0.0,Hit+Run
1859428.403,E20,P276,0.02744783853479854,0.0024355585714285716,2354.127,1050.009,1.0368,2.7445,0.3719841407738161,0.0,Merge
1859649.047,E20,P70,0.029883397106227113,0.0024355585714285716,2421.793,1050.009,2.0099,5.4787,0.5350988186866212,0.0,Merge
1859850.283,E20,P185,0.032318955677655685,0.0024355585714285716,2485.876,1050.009,1.5184,4.2530,0.22905108451162356,0.0,Merge
1861045.336,E20,P21,0.03475451424908425,0.0024355585714285716,2546.816,1050.009,1.0087,2.8978,0.6519938133583629,0.0,Merge
1861614.884,E20,P222,0.03719007282051282,0.0024355585714285716,2604.970,1050.009,1.0089,2.9679,0.6803606801642271,0.0,Merge
1865447.795,E20,P202,0.03962563139194139,0.0024355585714285716,2660.638,1050.009,2.131,6.4099,0.19115965086882516,0.0,Merge
1868321.019,E20,P442,0.04206118996336996,0.0024355585714285716,2714.069,1050.009,1.5621,4.7984,0.9123379100591998,0.0,Hit+Run
1868807.888,E20,P90,0.04206118996336996,0.0024355585714285716,2714.069,1050.009,1.1334,3.4815,0.5012703035431563,0.0,Merge
1869009.763,E20,P641,0.04449674853479853,0.0024355585714285716,2765.476,1050.009,5.6132,17.588,0.936155720539187,0.0,Hit+Run
1873535.879,E20,P442,0.04449674853479853,0.0024355585714285716,2765.476,1050.009,1.3662,4.2808,0.9008578081899623,0.0,Hit+Run
1874364.204,E20,FRAG0007,0.04449674853479853,0.00617082917082917,2765.476,1431.446,2.1915,6.8029,0.34073247777689314,0.0,Merge
1884143.35,E20,P52,0.0506675777056277,0.0024355585714285716,2887.822,1050.009,1.2116,3.9751,0.8239958441129595,0.0,Hit+Run
1885202.017,E20,P442,0.0506675777056277,0.0024355585714285716,2887.822,1050.009,0.9845,3.2300,0.0655617910855274,0.0,Perfect
1885361.956,E20,P52,0.05310313627705627,0.0024355585714285716,2933.372,1050.009,1.171,3.9064,0.94811815959339,0.0,Hit+Run
1885620.948,E20,P52,0.05310313627705627,0.0024355585714285716,2933.372,1050.009,1.026,3.4227,0.7942836869416934,0.0,Graze+Merge
1887771.102,EI14,PI173,0.00625,0.000625,1437.541,667.2478,8.2357,13.298,0.5679711467452844,0.0,Merge
1900923.565,E20,P825,0.05553869484848484,0.0024355585714285716,2977.550,1050.009,1.365,4.6268,0.44934276964769837,0.0,Merge
1922187.9,EI3,PI29,0.009935397935397937,0.000625,1677.730,667.2478,8.5458,16.202,0.8086092110159359,0.0,Graze+Frag
1924079.521,EI0,PI22,0.013556770692640692,0.000625,1860.855,667.2478,14.639,30.978,0.7214200373040011,0.0,Merge
1926219.584,E0,PI81,0.5015727898401594,0.000625,6200.668,667.2478,2.2839,17.448,0.42894197383621563,0.0,Merge
1928862.048,E20,P546,0.057974253419913406,0.0024355585714285716,3020.454,1050.009,1.2007,4.1326,0.2985975901224208,0.0,Merge
1945798.831,E6,P400,0.09136543956043958,0.0024355585714285716,3514.966,1050.009,3.1305,12.678,0.7962421985693198,0.0,Hit+Run
1945917.245,E6,P400,0.09136543956043958,0.0024355585714285716,3514.966,1050.009,1.0499,4.2519,0.5424549162480281,0.0,Merge
1972031.92,E20,FRAG0006,0.060409811991341975,0.006006993006993007,3062.172,1418.664,6.5204,22.428,0.897158399650077,0.0,Hit+Run
1972406.04,E20,FRAG0006,0.060409811991341975,0.006006993006993007,3062.172,1418.664,1.0523,3.6195,0.8946298453549024,0.0,Hit+Run
1982003.768,EI0,P681,0.014181770692640693,0.0024355585714285716,1889.023,1050.009,15.261,32.421,0.6488423074280791,0.016262803862803862,Graze+Frag
1984320.741,EI2,EI0,0.008124875124875124,0.005527752174492173,1568.915,1379.886,7.227,13.893,0.1946777342878331,0.013544781884781884,Fragment
1984376.71,EI2,FRAG0010,0.005527752174492173,0.008124875124875124,1379.886,1568.915,1.0493,2.0171,0.8236825146393995,0.0,Graze+Merge
2014094.832,E3,PI178,0.4686916757142857,0.000625,6062.097,667.2478,1.1927,8.8988,0.9639942977599886,0.0,Hit+Run
2020773.964,E6,P749,0.09380099813186815,0.0024355585714285716,3545.926,1050.009,3.5639,14.570,0.8225336101016519,0.0,Hit+Run
2022728.47,E20,P840,0.060409811991341975,0.0024355585714285716,3062.172,1050.009,4.7442,16.569,0.9980661138850436,0.0,Hit+Run
2022760.296,E20,P840,0.060409811991341975,0.0024355585714285716,3062.172,1050.009,1.0558,3.6875,0.7830086687682783,0.0,Graze+Merge
2039298.027,E0,PI139,0.5021977898401594,0.000625,6203.242,667.2478,1.2669,9.6830,0.39284398705582235,0.0,Merge
2064341.762,E12,P698,0.10097555857142858,0.0024355585714285716,3634.120,1050.009,1.6213,6.8059,0.9637443921520195,0.0,Hit+Run
2077820.449,E10,P443,0.14245555857142858,0.0024355585714285716,4075.869,1050.009,1.1687,5.5513,0.9094985096202226,0.0,Hit+Run
2087338.169,E6,PI130,0.09380099813186815,0.000625,3545.926,667.2478,3.3592,14.208,0.5052294185649825,0.0,Merge
2104703.518,E1,PI120,0.2457477838095237,0.000625,4888.291,667.2478,1.9666,11.700,0.3196658625125717,0.0,Merge
2116700.458,E0,P721,0.5028227898401594,0.0024355585714285716,6205.815,1050.009,1.4062,10.483,0.6703742039659359,0.0,Merge
2127360.402,E3,E9,0.4686916757142857,0.07894000000000001,6062.097,3347.800,1.0814,7.3704,0.6985982915529708,0.0,Graze+Merge
2156858.944,EI2,PI1,0.013652627299367297,0.000625,1865.230,667.2478,18.353,38.935,0.7710667717263952,0.0,Graze+Frag
2190396.384,E6,PI16,0.09442599813186815,0.000625,3553.784,667.2478,3.9192,16.615,0.575117636249668,0.0,Merge
2220223.642,E0,PI27,0.5052583484115879,0.000625,6215.818,667.2478,1.5267,11.693,0.3280815200103074,0.0,Merge
2231254.35,E0,PI174,0.5058833484115879,0.000625,6218.380,667.2478,1.8154,13.910,0.8814212845402527,0.0,Merge
2243831.494,E6,P91,0.09505099813186815,0.0024355585714285716,3561.607,1050.009,1.9485,8.0039,0.7745517294248533,0.0,Hit+Run
2284205.289,E0,E11,0.5065083484115879,0.02119071428571429,6220.940,2159.611,1.3418,9.5126,0.9600253029233287,0.0,Hit+Run
2320228.294,EI2,PI23,0.014277722277722279,0.000625,1893.274,667.2478,12.422,26.774,0.8637781039284961,0.0,Hit+Run
2341989.987,E1,P402,0.24637278380952368,0.0024355585714285716,4892.431,1050.009,2.003,11.579,0.590720109742448,0.0,Merge
2343703.099,E1,PI37,0.24880834238095226,0.000625,4908.500,667.2478,1.5596,9.3195,0.38945814536983464,0.0,Merge
2384180.271,E0,PI135,0.5065083484115879,0.000625,6220.940,667.2478,1.0396,7.9695,0.40902829723684314,0.0,Merge
2399925.907,E6,PI46,0.09505099813186815,0.000625,3561.607,667.2478,1.5802,6.7152,0.949850639600675,0.0,Hit+Run
2400970.292,E6,FRAG0008,0.09505099813186815,0.005544788544788545,3561.607,1381.302,3.3697,13.581,0.7595303975540595,0.0,Hit+Run
2442662.38,E6,PI0,0.09505099813186815,0.000625,3561.607,667.2478,4.5279,19.241,0.1652426808739603,0.0,Merge
2469418.119,E0,PI115,0.5071333484115879,0.000625,6223.498,667.2478,2.1831,16.742,0.8944068206042891,0.0,Merge
2478493.375,E20,P641,0.06284537056277055,0.0024355585714285716,3102.784,1050.009,1.7394,6.1614,0.28235018691274616,0.0,Merge
2485930.164,E0,E11,0.5077583484115878,0.02119071428571429,6226.053,2159.611,1.703,12.083,0.31376523135707973,0.0,Merge
2492470.73,EI16,P361,0.00625,0.0024355585714285716,1437.541,1050.009,8.131,13.574,0.8006147261165062,0.0,Graze+Frag
2496619.999,E3,P232,0.5476316757142857,0.0024355585714285716,6384.938,1050.009,1.216,9.3445,0.7181924856828423,0.0,Merge
2516660.489,EI3,PI134,0.01056043956043956,0.000625,1712.200,667.2478,5.7564,11.150,0.24472871979716168,0.0,Merge
2537739.344,E3,PI188,0.5500672342857142,0.000625,6394.389,667.2478,1.7207,13.575,0.8442078028050043,0.0,Merge
2544344.711,E20,FRAG0006,0.06528092913419913,0.006006993006993007,3142.360,1418.664,1.7047,6.0211,0.5115523000219148,0.0,Merge
2555602.796,E19,P167,0.041620000000000004,0.0024355585714285716,2704.547,1050.009,1.7504,5.3569,0.850214010315629,0.0,Hit+Run
2591668.697,P0,PI186,0.0024355585714285716,0.000625,1050.009,667.2478,10.393,12.396,0.6953972016315363,0.0,Graze+Frag
2598429.583,EI18,P91,0.00625,0.0024355585714285716,1437.541,1050.009,5.8127,9.7039,0.3090000678897761,0.00844980352980353,Fragment
2625565.225,E19,P376,0.041620000000000004,0.0024355585714285716,2704.547,1050.009,3.4798,10.649,0.9089935267451431,0.0,Hit+Run
2671897.012,EI12,PI165,0.0055279720279720265,0.000625,1379.904,667.2478,9.245,14.319,0.9549415509286823,0.0,Hit+Run
2694867.917,EI3,FRAG0002,0.011185439560439561,0.008847152847152848,1745.332,1614.092,11.041,24.088,0.8326557854796262,0.012465201465201465,Graze+Frag
2730003.385,E1,P30,0.24943334238095224,0.0024355585714285716,4912.607,1050.009,1.1053,6.4180,0.43098270091576374,0.0,Merge
2761325.608,E10,P651,0.14245555857142858,0.0024355585714285716,4075.869,1050.009,2.4701,11.732,0.6285701799744587,0.0,Merge
2816477.71,EI9,PI5,0.0075001665001665,0.000625,1527.627,667.2478,13.670,23.499,0.6985725788754434,0.0,Graze+Frag
2843533.387,E20,P801,0.07128792214119213,0.0024355585714285716,3235.930,1050.009,1.2761,4.7284,0.4644070299726842,0.0,Merge
3011407.149,E0,PI46,0.5289490626973021,0.000625,6311.488,667.2478,1.4594,11.358,0.9470755771242768,0.0,Hit+Run
3016373.556,EI2,P851,0.014277722277722279,0.0024355585714285716,1893.274,1050.009,13.252,28.213,0.3308889699110798,0.016580099900099902,Fragment
3048734.049,E0,PI157,0.5289490626973021,0.000625,6311.488,667.2478,1.1641,9.0598,0.9912097331247207,0.0,Hit+Run
3055320.321,EI1,P257,0.01418181818181818,0.0024355585714285716,1889.025,1050.009,9.2633,19.678,0.33390164747534423,0.01623295371295371,Fragment
3072375.944,E3,PI194,0.5506922342857142,0.000625,6396.810,667.2478,1.328,10.481,0.6936461464841631,0.0,Merge
3081078.166,EI2,FRAG0013,0.005527799663669666,0.005592740592740592,1379.890,1385.273,1.7689,3.1692,0.9870249142494951,0.0,Hit+Run
3082712.18,E10,P699,0.14489111714285716,0.0024355585714285716,4098.967,1050.009,1.4683,7.0170,0.11479388274542068,0.0,Merge
3165071.774,EI3,PI170,0.007567723942723944,0.000625,1532.200,667.2478,9.3194,16.069,0.8523958009552773,0.0,Hit+Run
3190274.122,E0,PI127,0.5289490626973021,0.000625,6311.488,667.2478,1.2412,9.6599,0.9761968849770286,0.0,Hit+Run
3224929.265,E6,P766,0.09567599813186815,0.0024355585714285716,3569.397,1050.009,1.2934,5.3254,0.9116266877338149,0.0,Hit+Run
3225876.414,EI3,P561,0.007567723942723944,0.0024355585714285716,1532.200,1050.009,14.803,26.030,0.9861773072344233,0.0,Hit+Run
3261745.509,E1,PI62,0.2518689009523808,0.000625,4928.544,667.2478,2.0541,12.327,0.8265923282529408,0.0,Merge
3263122.751,E0,P279,0.5289490626973021,0.0024355585714285716,6311.488,1050.009,1.8486,14.032,0.8058370407717493,0.0,Merge
3309001.387,E12,P786,0.10097555857142858,0.0024355585714285716,3634.120,1050.009,4.0167,16.861,0.9052463023369638,0.0,Hit+Run
3321788.202,EI18,FRAG0012,0.008685647685647686,0.006232434232434233,1604.210,1436.193,2.5234,4.9938,0.6391189110627453,0.0,Hit+Run
3325164.335,E6,PI107,0.09567599813186815,0.000625,3569.397,667.2478,2.5057,10.673,0.9738522164957639,0.0,Hit+Run
3339787.916,E6,PI6,0.09567599813186815,0.000625,3569.397,667.2478,3.7669,16.045,0.326723669484434,0.0,Merge
3368289.017,E6,PI103,0.09630099813186815,0.000625,3577.152,667.2478,4.2956,18.339,0.4020967174813649,0.0,Merge
3449610.939,EI1,P821,0.0055277996636696625,0.0024355585714285716,1379.890,1050.009,16.481,26.656,0.8330223702915519,0.0,Graze+Frag
3461536.938,E15,P465,0.11671555857142858,0.0024355585714285716,3813.907,1050.009,1.1705,5.1758,0.446949866990214,0.0,Merge
3565362.384,E0,P613,0.5313846212687307,0.0024355585714285716,6321.160,1050.009,1.1817,8.9844,0.522334813490365,0.0,Merge
3572328.392,EI1,P843,0.007963369963369965,0.0024355585714285716,1558.449,1050.009,9.8903,17.642,0.4921276404827809,0.0,Fragment
3630311.861,EI18,P766,0.008685647685647686,0.0024355585714285716,1604.210,1050.009,6.1806,11.303,0.3720685397709492,0.005593406593406594,Fragment
3695857.638,E0,PI147,0.5338201798401592,0.000625,6330.803,667.2478,1.7397,13.582,0.2047228238638438,0.0,Merge
3702583.973,EI1,FRAG0015,0.0103989343989344,0.005544788544788545,1703.426,1381.302,8.0409,16.332,0.3536922337059925,0.010415917415917415,Fragment
3712873.825,E3,PI101,0.5513172342857142,0.000625,6399.229,667.2478,1.1115,8.7763,0.7789761376821589,0.0,Merge
3721379.767,E0,PI127,0.5344451798401592,0.000625,6333.273,667.2478,1.4424,11.266,0.862527608768464,0.0,Merge
3723543.336,E0,PI199,0.5350701798401591,0.000625,6335.741,667.2478,2.0511,16.027,0.3162899594030434,0.0,Merge
3740583.081,EI1,FRAG0018,0.005527805527805529,0.010415917415917415,1379.890,1704.353,1.1432,2.3222,0.10876293679064683,0.0,Merge
3767407.889,EI3,P169,0.007567723942723944,0.0024355585714285716,1532.200,1050.009,9.8779,17.369,0.46347959968761016,0.0,Fragment
3772714.592,E15,P804,0.11915111714285716,0.0024355585714285716,3840.253,1050.009,1.2069,5.3765,0.8437108701077133,0.0,Hit+Run
3802592.344,EI9,PI131,0.008124875124875124,0.000625,1568.915,667.2478,8.9726,15.857,0.8561049454500541,0.0,Hit+Run
3905882.846,E6,P749,0.09692599813186815,0.0024355585714285716,3584.874,1050.009,4.1062,16.985,0.9197153395916801,0.0,Hit+Run
3910032.252,E1,PI119,0.2524939009523808,0.000625,4932.618,667.2478,1.5487,9.3024,0.6970132354220517,0.0,Merge
3923185.157,E3,P729,0.5519422342857142,0.0024355585714285716,6401.647,1050.009,2.1124,16.278,0.8401904291362605,0.0,Merge
3933159.788,EI13,PI131,0.006875124875124875,0.000625,1483.954,667.2478,9.3394,15.580,0.8927034160285053,0.0,Hit+Run
3938755.528,EI7,PI47,0.00625,0.000625,1437.541,667.2478,8.247,13.316,0.8915699073608636,0.0,Hit+Run
4007331.779,E6,PI12,0.09692599813186815,0.000625,3584.874,667.2478,3.1621,13.531,0.7602885186431848,0.0,Merge
4018335.611,EI5,FRAG0008,0.009935397935397937,0.005544788544788545,1677.730,1381.302,3.5128,7.0600,0.40508610994081967,0.009952380952380954,Fragment
4024837.597,E0,PI183,0.5356951798401591,0.000625,6338.207,667.2478,1.8752,14.658,0.7661449267938961,0.0,Merge
4048671.494,E20,P449,0.0737234807126207,0.0024355585714285716,3272.370,1050.009,3.3158,12.434,0.6557035343012356,0.0,Merge
4060739.502,E0,PI69,0.5363201798401591,0.000625,6340.671,667.2478,2.1058,16.468,0.2013150164722747,0.0,Merge
4102595.296,E16,P139,0.04256,0.0024355585714285716,2724.756,1050.009,1.6539,5.1015,0.8509706792827175,0.0,Hit+Run
4114323.566,E6,PI41,0.09755099813186816,0.000625,3592.563,667.2478,3.1746,13.616,0.4926078035179152,0.0,Merge
4115491.97,EI3,P612,0.010002997002997003,0.0024355585714285716,1681.527,1050.009,14.642,27.915,0.8440456397698043,0.0,Graze+Frag
4196424.688,EI3,PI25,0.012438561438561438,0.000625,1808.217,667.2478,11.686,23.985,0.2119051524562718,0.0073420313020313025,Fragment
4212721.644,EI9,P561,0.008124875124875124,0.0024355585714285716,1568.915,1050.009,7.226,12.963,0.48542508609331686,0.010214831834831836,Fragment
4309580.154,E6,PI49,0.09817599813186816,0.000625,3600.219,667.2478,4.2855,18.422,0.8762921074711528,0.0,Hit+Run
4327349.214,E6,P740,0.09817599813186816,0.0024355585714285716,3600.219,1050.009,2.0005,8.3134,0.7961124896009841,0.0,Hit+Run
4362635.534,E1,P16,0.25311890095238077,0.0024355585714285716,4936.684,1050.009,1.9962,11.652,0.43811497987214515,0.0,Merge
4365040.335,E0,PI48,0.5369451798401591,0.000625,6343.133,667.2478,1.7933,14.029,0.8933288158442987,0.0,Merge
4370071.16,E0,P54,0.5375701798401591,0.0024355585714285716,6345.593,1050.009,1.0835,8.2717,0.4616160615230421,0.0,Merge
4393856.041,EI16,P587,0.008685647685647686,0.0024355585714285716,1604.210,1050.009,2.6141,4.7806,0.8483960514562726,0.0,Hit+Run
4417325.599,E6,EI13,0.09817599813186816,0.006875124875124875,3600.219,1483.954,2.7278,11.077,0.6065779245535124,0.0,Merge
4429061.012,EI19,EI5,0.00625,0.005527805527805527,1437.541,1379.890,1.2653,2.3112,0.9476012326400683,0.0,Hit+Run
4461918.81,EI2,P46,0.005527799663669666,0.0024355585714285716,1379.890,1050.009,13.042,21.094,0.9971395323436744,0.0,Hit+Run
4467153.522,E6,EI12,0.10505112300699303,0.0055279720279720265,3682.369,1379.904,2.2357,9.3354,0.82459660300594,0.0,Hit+Run
4469287.424,E6,EI12,0.10505112300699303,0.0055279720279720265,3682.369,1379.904,1.0464,4.3693,0.5649825172501002,0.0,Merge
4488870.024,E0,P359,0.5400057384115876,0.0024355585714285716,6355.162,1050.009,1.6695,12.765,0.6837326249216714,0.0,Merge
4558537.171,EI9,PI72,0.01056043956043956,0.000625,1712.200,667.2478,7.8538,15.213,0.9564640233883778,0.0,Hit+Run
4566240.446,EI2,P46,0.005527799663669666,0.0024355585714285716,1379.890,1050.009,1.0674,1.7263,0.6113222316578196,0.0,Graze+Merge
4595605.458,E1,PI197,0.25555445952380934,0.000625,4952.467,667.2478,2.2011,13.277,0.36678316651967674,0.0,Merge
4608946.379,E8,P705,0.11607555857142857,0.0024355585714285716,3806.923,1050.009,3.176,14.016,0.5035993128666427,0.0,Merge
4642268.674,E20,PI20,0.07615903928404928,0.000625,3308.016,667.2478,23.618,92.738,0.5667774105495256,0.006221778221778222,Fragment
4642559.194,E20,FRAG0021,0.07056226106227106,0.006221778221778222,3224.913,1435.374,1.0379,3.7639,0.5352609660005745,0.0,Merge
4702972.531,EI1,EI3,0.015943722943722944,0.005721570096570096,1964.221,1395.829,7.1743,16.275,0.7082197677628547,0.015049617049617051,Graze+Frag
4720608.547,E3,PI145,0.5543777928571427,0.000625,6411.049,667.2478,2.9592,23.410,0.7455996371321341,0.0,Merge
4754516.154,E5,PI195,0.0735,0.000625,3269.060,667.2478,2.2144,8.5852,0.9076413485095014,0.0,Hit+Run
4761388.862,E6,PI65,0.11057909503496505,0.000625,3745.859,667.2478,4.3478,19.499,0.9841872862366982,0.0,Hit+Run
4783792.746,EI2,PI53,0.007963358235098238,0.000625,1558.449,667.2478,12.178,21.373,0.7768799088441901,0.0,Graze+Frag
4804775.095,EI1,FRAG0014,0.006615675990675991,0.005592740592740592,1465.048,1385.273,3.4709,6.4177,0.6505622775369226,0.0,Hit+Run
4821532.23,E3,PI169,0.5550027928571427,0.000625,6413.457,667.2478,1.4343,11.351,0.7810414561392827,0.0,Merge
4951822.363,E6,PI170,0.11057909503496505,0.000625,3745.859,667.2478,1.5238,6.8339,0.9917416345312274,0.0,Hit+Run
4973170.791,E0,PI108,0.5424412969830161,0.000625,6364.702,667.2478,1.1901,9.3439,0.5061386170776739,0.0,Merge
4995242.23,E15,P378,0.11915111714285716,0.0024355585714285716,3840.253,1050.009,1.938,8.6335,0.5495428768627864,0.0,Merge
4999400.206,E0,PI15,0.5430662969830161,0.000625,6367.145,667.2478,1.4779,11.608,0.1854641976544626,0.0,Merge
5039476.745,E0,PI49,0.5436912969830161,0.000625,6369.587,667.2478,1.0565,8.3016,0.4027136255965501,0.0,Merge
5116460.563,EI1,P155,0.006615675990675991,0.0024355585714285716,1465.048,1050.009,4.3779,7.4199,0.6616738988319298,0.0,Graze+Frag
5149249.376,EI2,PI56,0.00858841158841159,0.000625,1598.201,667.2478,19.201,34.596,0.3328396770764183,0.00904957042957043,Fragment
5168175.598,E8,P709,0.11851111714285714,0.0024355585714285716,3833.365,1050.009,1.0204,4.5369,0.973143128570741,0.0,Graze+Merge
5202350.25,EI1,P771,0.009051282051282052,0.0024355585714285716,1626.411,1050.009,6.6486,12.305,0.8635761377960409,0.0,Hit+Run
5234330.685,P2,P237,0.0024355585714285716,0.0024355585714285716,1050.009,1050.009,7.326,9.9684,0.53735,0.0,Graze+Frag
5305616.847,EI2,FRAG0023,0.009213453213453213,0.007524808524808526,1636.067,1529.298,5.4234,11.142,0.3593763823197169,0.016332454212454214,Fragment
5478763.765,EI1,P493,0.009051282051282052,0.0024355585714285716,1626.411,1050.009,20.243,37.469,0.3830216308865277,0.011473513153513155,Fragment
5573508.801,E3,PI74,0.5556277928571427,0.000625,6415.864,667.2478,1.0215,8.0876,0.7574277532006051,0.0,Merge
5606418.91,E3,P339,0.5562527928571427,0.0024355585714285716,6418.269,1050.009,1.8541,14.327,0.7292043262097676,0.0,Merge
5615681.969,EI1,FRAG0026,0.005527799663669665,0.005959040959040959,1379.890,1414.879,5.7518,10.418,0.3776126206384859,0.005959040959040959,Fragment
5650854.949,EI1,FRAG0027,0.005527799663669665,0.005959040959040959,1379.890,1414.879,1.4584,2.6415,0.44031764524764866,0.0,Merge
5667343.246,EI1,FRAG0009,0.011486840622710624,0.005544788544788545,1760.870,1381.302,2.2976,4.7790,0.9715075644269054,0.0,Hit+Run
5717700.226,EI1,FRAG0009,0.011486840622710624,0.005544788544788545,1760.870,1381.302,1.5046,3.1296,0.6750004968575263,0.0,Hit+Run
5719055.814,EI1,FRAG0009,0.011486840622710624,0.005544788544788545,1760.870,1381.302,1.1125,2.3140,0.32155689920867464,0.0,Merge
5824954.595,EI1,PI28,0.01703162916749917,0.000625,2007.917,667.2478,9.962,22.865,0.9833309115653647,0.0,Hit+Run
5840435.722,E0,PI64,0.5443162969830161,0.000625,6372.027,667.2478,1.9855,15.607,0.1414844347956206,0.0,Merge
5881429.373,E5,P558,0.0735,0.0024355585714285716,3269.060,1050.009,3.5165,13.173,0.5340614772452477,0.0,Merge
5984738.409,E1,P67,0.2561794595238093,0.0024355585714285716,4956.502,1050.009,2.6962,15.806,0.9121629057929818,0.0,Hit+Run
6025873.11,E1,P14,0.2561794595238093,0.0024355585714285716,4956.502,1050.009,2.2306,13.076,0.5836555303667235,0.0,Merge
6062493.717,EI9,PI11,0.01056043956043956,0.000625,1712.200,667.2478,12.595,24.397,0.40102121594518736,0.005657675657675657,Fragment
6122564.16,E0,PI58,0.5449412969830161,0.000625,6374.465,667.2478,1.9552,15.375,0.9777535392747337,0.0,Hit+Run
6126069.644,E0,PI58,0.5449412969830161,0.000625,6374.465,667.2478,1.059,8.3279,0.28270755514813384,0.0,Merge
6171567.156,EI2,P751,0.00552813852813853,0.0024355585714285716,1379.918,1050.009,10.709,17.320,0.5514726065294274,0.0,Fragment
6204642.299,E1,P518,0.2586150180952379,0.0024355585714285716,4972.160,1050.009,1.6438,9.6692,0.867667812691941,0.0,Hit+Run
6296844.611,EI9,FRAG0022,0.005527763902763904,0.007524808524808526,1379.887,1529.298,9.5546,18.081,0.40018444320278523,0.012983156843156844,Fragment
6301121.695,E6,PI100,0.11057909503496505,0.000625,3745.859,667.2478,4.1479,18.602,0.4506296078163545,0.0,Merge
6305045.507,EI9,FRAG0029,0.005527763902763905,0.007524808524808526,1379.887,1529.298,1.0662,2.0177,0.6472107061161556,0.0,Graze+Merge
6313907.23,E8,P534,0.12094667571428572,0.0024355585714285716,3859.447,1050.009,2.299,10.296,0.5359014654876763,0.0,Merge
6326381.477,E0,PI67,0.5455662969830161,0.000625,6376.901,667.2478,2.8709,22.585,0.8425406539311174,0.0,Merge
6387959.119,EI2,PI109,0.007963369963369965,0.000625,1558.449,667.2478,10.53,18.480,0.617372795349149,0.0,Merge
6429476.591,E3,PI195,0.5586883514285712,0.000625,6427.622,667.2478,1.4515,11.514,0.9385678118129778,0.0,Hit+Run
6481671.498,E6,PI125,0.11120409503496505,0.000625,3752.903,667.2478,1.1409,5.1270,0.9512690419259667,0.0,Hit+Run
6585157.435,EI1,FRAG0016,0.01703162916749917,0.005544788544788545,2007.917,1381.302,3.652,8.4210,0.8271087814750665,0.0,Hit+Run
6603607.916,E6,PI125,0.11120409503496505,0.000625,3752.903,667.2478,1.0003,4.4951,0.7572624584914046,0.0,Merge
6617017.161,EI1,FRAG0016,0.01703162916749917,0.005544788544788545,2007.917,1381.302,1.133,2.6125,0.5757354873128498,0.0,Merge
6628289.356,E10,E16,0.14732667571428573,0.04256,4121.806,2724.756,1.2055,5.6719,0.15592464481212281,0.014602064602064603,Fragment
6637765.981,E6,PI4,0.11182909503496505,0.000625,3759.921,667.2478,3.5768,16.105,0.8591351025132861,0.0,Hit+Run
6673027.995,E1,PI179,0.2586150180952379,0.000625,4972.160,667.2478,2.5642,15.532,0.6973216770130627,0.0,Merge
6704794.016,E1,PI132,0.2592400180952379,0.000625,4976.162,667.2478,1.7568,10.650,0.8866148381556259,0.0,Hit+Run
6777828.17,E0,FRAG0017,0.546191296983016,0.005593406593406594,6379.335,1385.328,1.2352,9.3028,0.6345105276806404,0.0,Merge
6919175.308,EI8,PI148,0.00625,0.000625,1437.541,667.2478,3.7132,5.9956,0.9124692785614477,0.0,Hit+Run
7006237.337,E0,PI4,0.5517847035764226,0.000625,6401.038,667.2478,1.5511,12.250,0.5619246526529545,0.0,Merge
7094166.18,E0,PI180,0.5524097035764226,0.000625,6403.453,667.2478,1.9437,15.357,0.6111204848879409,0.0,Merge
7166852.577,E6,FRAG0028,0.11182909503496505,0.005657675657675657,3759.921,1390.613,3.8451,16.407,0.9315606206939598,0.0,Hit+Run
7171675.467,E6,FRAG0028,0.11182909503496505,0.005657675657675657,3759.921,1390.613,1.0613,4.5285,0.20797870138367616,0.0,Merge
7228536.677,E3,PI123,0.5586883514285712,0.000625,6427.622,667.2478,2.6461,20.990,0.7750432075347514,0.0,Merge
7284457.099,EI9,P618,0.01305257242757243,0.0024355585714285716,1837.493,1050.009,11.178,23.130,0.93914110013723,0.0,Hit+Run
7290027.685,EI9,P618,0.01305257242757243,0.0024355585714285716,1837.493,1050.009,1.0075,2.0846,0.8272688915695887,0.0,Graze+Merge
7344931.933,E0,PI94,0.5530347035764226,0.000625,6405.867,667.2478,2.3661,18.702,0.7860259805242509,0.0,Merge
7365282.656,E15,P644,0.12158667571428573,0.0024355585714285716,3866.243,1050.009,1.9282,8.6525,0.7968801049389016,0.0,Hit+Run
7384542.36,EI1,P771,0.022576417712287716,0.0024355585714285716,2205.695,1050.009,5.6079,13.887,0.9917042997568667,0.0,Hit+Run
7416088.221,EI1,P771,0.022576417712287716,0.0024355585714285716,2205.695,1050.009,1.1496,2.8467,0.640495453607147,0.0,Merge
7432424.118,EI6,P783,0.00625,0.0024355585714285716,1437.541,1050.009,4.4337,7.4017,0.8523940529968577,0.0,Hit+Run
7501732.909,P33,P476,0.0024355585714285716,0.0024355585714285716,1050.009,1050.009,5.676,7.7232,0.34045,0.0,Merge
7558480.813,E0,P354,0.5536597035764226,0.0024355585714285716,6408.280,1050.009,2.1609,16.670,0.6160576837233203,0.0,Merge
7565751.885,E1,PI43,0.2592400180952379,0.000625,4976.162,667.2478,1.9184,11.630,0.9844025910660773,0.0,Hit+Run
7811127.079,EI1,P440,0.02501197628371629,0.0024355585714285716,2282.319,1050.009,20.820,53.386,0.9256452917941492,0.0,Hit+Run
7892710.466,E6,PI184,0.1174867706926407,0.000625,3822.288,667.2478,2.8637,13.122,0.4788996323763765,0.0,Merge
7908758.637,E3,P194,0.5593133514285712,0.0024355585714285716,6430.018,1050.009,1.4688,11.372,0.7117694082937441,0.0,Merge
7909462.241,E0,P67,0.5560952621478511,0.0024355585714285716,6417.663,1050.009,1.1187,8.6437,0.5861057734768137,0.0,Merge
7919893.274,E3,PI128,0.5617489099999997,0.000625,6439.338,667.2478,1.4011,11.135,0.6949852415264032,0.0,Merge
7933360.438,E6,PI106,0.1181117706926407,0.000625,3829.054,667.2478,5.235,24.034,0.9105315400940054,0.0,Hit+Run
7999714.964,E0,P799,0.5585308207192796,0.0024355585714285716,6427.018,1050.009,1.5518,12.008,0.7509190977555388,0.0,Merge
8020594.881,EI1,P744,0.02501197628371629,0.0024355585714285716,2282.319,1050.009,14.807,37.968,0.9468087690538158,0.0,Hit+Run
8167280.331,EI1,FRAG0025,0.02501197628371629,0.005605061605061606,2282.319,1386.289,2.6888,6.9397,0.8531148504125106,0.0,Hit+Run
8167564.812,EI1,FRAG0025,0.02501197628371629,0.005605061605061606,2282.319,1386.289,1.0438,2.6940,0.9257163986099438,0.0,Hit+Run
8167632.229,EI1,FRAG0025,0.02501197628371629,0.005605061605061606,2282.319,1386.289,1.0398,2.6837,0.946433035756255,0.0,Hit+Run
8179599.544,EI1,FRAG0014,0.02501197628371629,0.005592740592740592,2282.319,1385.273,15.274,39.421,0.7842767059257886,0.028121052281052283,Graze+Frag
8189499.119,EI1,FRAG0032,0.005528459800199805,0.006269064269064269,1379.945,1439.002,1.7259,3.1544,0.32807968572263785,0.0,Merge
8197525.405,EI1,FRAG0033,0.011797524069264074,0.006269064269064269,1776.604,1439.002,1.062,2.2489,0.4577968490995477,0.0,Merge
8208354.89,EI1,FRAG0035,0.018066588338328343,0.006269064269064269,2047.792,1439.002,1.4377,3.3933,0.8920490745162822,0.0,Hit+Run
8219894.609,E6,P740,0.1181117706926407,0.0024355585714285716,3829.054,1050.009,1.3092,5.8139,0.9656875345555687,0.0,Hit+Run
8247694.614,EI1,FRAG0035,0.018066588338328343,0.006269064269064269,2047.792,1439.002,1.1999,2.8321,0.46120622701799757,0.0,Merge
8340742.329,EI5,PI106,0.005527805527805527,0.000625,1379.890,667.2478,2.0037,3.1035,0.9081587783350253,0.0,Hit+Run
8364732.722,EI1,P440,0.02433565260739261,0.0024355585714285716,2261.560,1050.009,4.8656,12.359,0.5264000489270989,0.006424415584415584,Fragment
8374532.032,EI9,PI71,0.015488130999001003,0.000625,1945.331,667.2478,8.3456,18.516,0.9857783707492939,0.0,Hit+Run
8453277.813,E1,PI192,0.2592400180952379,0.000625,4976.162,667.2478,2.3562,14.284,0.8993122560267757,0.0,Hit+Run
8456106.992,EI5,PI93,0.005527805527805527,0.000625,1379.890,667.2478,8.6441,13.388,0.866097538991074,0.0,Hit+Run
8457780.218,EI9,PI3,0.015488130999001003,0.000625,1945.331,667.2478,16.248,36.051,0.8037976820181755,0.0,Graze+Frag
8469420.674,E6,EI5,0.1181117706926407,0.005527805527805527,3829.054,1379.890,1.0125,4.4071,0.8536624362676762,0.0,Graze+Merge
8475560.9,E1,PI192,0.2592400180952379,0.000625,4976.162,667.2478,1.0577,6.4124,0.8998413151047401,0.0,Hit+Run
8478786.116,E0,PI198,0.5609663792907081,0.000625,6436.347,667.2478,1.5965,12.682,0.6967670528688714,0.0,Merge
8529792.697,E6,PI93,0.12363957622044623,0.000625,3887.881,667.2478,1.0084,4.7055,0.9094226335361121,0.0,Graze+Merge
8549659.557,EI1,P744,0.020346968754578757,0.0024355585714285716,2130.559,1050.009,1.9844,4.7449,0.9400918730539977,0.0,Hit+Run
8552263.597,EI18,PI166,0.005527799663669663,0.000625,1379.890,667.2478,6.9764,10.805,0.7770543449850357,0.0,Graze+Frag
8557446.506,EI1,P744,0.020346968754578757,0.0024355585714285716,2130.559,1050.009,1.1532,2.7574,0.5488223397414425,0.0,Merge
8704674.949,EI1,P311,0.02278252732600733,0.0024355585714285716,2212.387,1050.009,7.6017,18.882,0.47673786763987475,0.01822977022977023,Fragment
8709631.149,EI1,FRAG0039,0.006988315667665671,0.006076590076590077,1492.054,1424.121,1.4219,2.6888,0.4541383636899676,0.0,Merge
8729523.214,E10,E19,0.17528461111222116,0.041620000000000004,4367.589,2704.547,1.1592,5.7355,0.8481803477337547,0.0,Hit+Run
8803559.13,EI1,FRAG0038,0.013064905744255749,0.006076590076590077,1838.072,1424.121,1.7032,3.6860,0.6939972186169447,0.0,Hit+Run
8805219.483,EI1,FRAG0038,0.013064905744255749,0.006076590076590077,1838.072,1424.121,1.0563,2.2860,0.9066983228045687,0.0,Hit+Run
8809287.861,EI1,FRAG0038,0.013064905744255749,0.006076590076590077,1838.072,1424.121,1.139,2.4649,0.29586582730840116,0.0,Merge
8857674.587,EI2,P269,0.008588369963369966,0.0024355585714285716,1598.198,1050.009,11.401,20.782,0.7761033424752085,0.0,Graze+Frag
8878914.39,EI1,FRAG0037,0.019141495820845827,0.006076590076590077,2087.624,1424.121,1.8596,4.4521,0.6315639583661978,0.0,Hit+Run
8880571.109,EI1,FRAG0037,0.019141495820845827,0.006076590076590077,2087.624,1424.121,1.0996,2.6326,0.5828174932061562,0.0,Merge
8882991.806,E1,P116,0.2592400180952379,0.0024355585714285716,4976.162,1050.009,3.5428,20.857,0.5246868884453941,0.0,Merge
8890352.189,E3,P706,0.5623739099999997,0.0024355585714285716,6441.725,1050.009,1.867,14.483,0.5441094397241469,0.0,Merge
8953315.455,E1,PI157,0.26167557666666647,0.000625,4991.697,667.2478,1.9107,11.622,0.7691822290379947,0.0,Merge
8969111.728,E10,P446,0.17528461111222116,0.0024355585714285716,4367.589,1050.009,1.9283,9.8672,0.6398693417483986,0.0,Merge
9009982.191,EI2,PI9,0.011023976023976024,0.000625,1736.893,667.2478,12.485,24.554,0.6190751265940468,0.006121212121212121,Fragment
9015535.633,EI2,FRAG0040,0.005527763902763903,0.006121212121212121,1379.887,1427.599,1.0474,1.9061,0.947371560010058,0.0,Hit+Run
9015626.628,EI9,PI23,0.016113220113220115,0.000625,1971.157,667.2478,2.7549,6.1993,0.6725410650276894,0.0,Merge
9048937.228,E20,P647,0.07678403928404928,0.0024355585714285716,3317.040,1050.009,7.3779,28.074,0.4135808990896622,0.00784948384948385,Fragment
9052082.62,E20,FRAG0041,0.07137011400599401,0.00784948384948385,3237.173,1550.984,0.9731,3.5362,0.6856793669425686,0.0,Perfect
9053486.217,E6,PI182,0.12426457622044623,0.000625,3894.421,667.2478,3.9727,18.571,0.9275746751948145,0.0,Hit+Run
9111294.818,E6,PI182,0.12426457622044623,0.000625,3894.421,667.2478,1.057,4.9412,0.18961282591879272,0.0,Merge
9116075.763,EI1,FRAG0036,0.025218085897435905,0.006424242424242425,2288.571,1450.778,3.0623,7.9586,0.33349182032760666,0.012811854811854812,Fragment
9117814.153,EI1,FRAG0043,0.018830473509823517,0.006405927405927406,2076.256,1449.398,1.1051,2.6415,0.8614421033377809,0.0,Hit+Run
9130655.444,EI1,FRAG0042,0.018830473509823517,0.006405927405927406,2076.256,1449.398,1.246,2.9783,0.8862347698338984,0.0,Hit+Run
9147407.903,EI1,FRAG0043,0.018830473509823517,0.006405927405927406,2076.256,1449.398,1.0062,2.4051,0.7673359725520429,0.0,Graze+Merge
9157502.185,EI9,FRAG0025,0.016738220113220115,0.005605061605061606,1996.320,1386.289,3.9001,8.9553,0.0982045578189932,0.016815184815184816,Fragment
9270534.965,E0,PI171,0.5615913792907081,0.000625,6438.736,667.2478,2.4589,19.540,0.9340084724207629,0.0,Hit+Run
9342169.133,E3,P261,0.5648094685714282,0.0024355585714285716,6451.011,1050.009,1.2888,10.013,0.21534844588977453,0.0,Merge
9355416.839,EI9,FRAG0046,0.005528096903096906,0.005605061605061606,1379.915,1386.289,1.5901,2.8500,0.9497563252674177,0.0,Hit+Run
9364117.597,E0,FRAG0020,0.5615913792907081,0.007341991341991342,6438.736,1516.812,1.9124,14.448,0.9878792930866382,0.0,Hit+Run
9375207.859,E0,FRAG0020,0.5615913792907081,0.007341991341991342,6438.736,1516.812,1.075,8.1219,0.8208317049389388,0.0,Hit+Run
9401827.249,E0,PI171,0.5615913792907081,0.000625,6438.736,667.2478,1.2283,9.7611,0.8419486540292714,0.0,Merge
9434961.495,E6,PI34,0.12488957622044623,0.000625,3900.939,667.2478,2.7312,12.790,0.6716206470868331,0.0,Merge
9479005.928,EI19,FRAG0011,0.00625,0.006232434232434233,1437.541,1436.193,5.2341,9.7459,0.46141633966057255,0.006954711954711955,Fragment
9495905.227,EI9,PI30,0.005528096903096906,0.000625,1379.915,667.2478,10.297,15.950,0.7106637594968048,0.0,Graze+Frag
9547523.395,EI9,PI2,0.006152847152847154,0.000625,1430.054,667.2478,19.664,31.582,0.6376018830052466,0.006633919413919414,Fragment
9562967.594,E6,PI33,0.12551457622044623,0.000625,3907.436,667.2478,1.7702,8.3047,0.19807585524861746,0.0,Merge
9595641.769,E0,PI72,0.5622163792907081,0.000625,6441.124,667.2478,2.4834,19.742,0.5687791288213545,0.0,Merge
9598395.544,E0,P679,0.5628413792907081,0.0024355585714285716,6443.510,1050.009,1.1308,8.7746,0.9624610220433724,0.0,Hit+Run
9627411.507,P60,P686,0.0024355585714285716,0.0024355585714285716,1050.009,1050.009,14.404,19.600,0.1735,0.0,Merge
9649398.38,E3,P259,0.5672450271428567,0.0024355585714285716,6460.271,1050.009,1.0228,7.9585,0.7219577503889757,0.0,Merge
9681858.431,EI1,P813,0.025236400915750922,0.0024355585714285716,2289.125,1050.009,13.017,33.479,0.6081464485677757,0.022143190143190144,Fragment
9683020.141,EI1,FRAG0048,0.00552876934398935,0.005535797535797536,1379.971,1380.555,1.5667,2.8022,0.7677374104414165,0.0,Hit+Run
9717994.22,EI9,FRAG0044,0.006777888777888779,0.005605061605061606,1476.925,1386.289,2.4202,4.4966,0.5115978911075152,0.0,Merge
9747734.982,EI1,FRAG0048,0.00552876934398935,0.005535797535797536,1379.971,1380.555,1.6834,3.0110,0.9538479963948867,0.0,Hit+Run
9748169.483,EI1,FRAG0048,0.00552876934398935,0.005535797535797536,1379.971,1380.555,1.0101,1.8067,0.9534480810879762,0.0,Graze+Merge
9850042.051,E0,P679,0.5628413792907081,0.0024355585714285716,6443.510,1050.009,1.1804,9.1595,0.8511928577867724,0.0,Merge
9907167.856,EI1,P728,0.011064566879786887,0.0024355585714285716,1739.023,1050.009,16.309,32.058,0.9762481989779495,0.0,Hit+Run
9920697.915,EI1,P728,0.011064566879786887,0.0024355585714285716,1739.023,1050.009,1.0728,2.1087,0.9437627093140603,0.0,Hit+Run
9947535.456,EI1,P728,0.011064566879786887,0.0024355585714285716,1739.023,1050.009,1.4785,2.9061,0.6938551419956965,0.0,Hit+Run
9964224.745,EI1,P728,0.011064566879786887,0.0024355585714285716,1739.023,1050.009,1.6848,3.3116,0.6692260279510973,0.0,Hit+Run
9964756.072,EI1,P728,0.011064566879786887,0.0024355585714285716,1739.023,1050.009,1.0535,2.0707,0.7585143603862013,0.0,Graze+Merge
9971040.391,E1,P64,0.26230057666666645,0.0024355585714285716,4995.668,1050.009,3.8518,22.772,0.21451282370819105,0.0,Merge
9984188.986,E3,EI16,0.5696805857142853,0.008685647685647686,6469.504,1604.210,1.3055,9.8718,0.7922498267372176,0.0,Merge
9985147.696,E8,P603,0.12338223428571429,0.0024355585714285716,3885.182,1050.009,1.2805,5.7763,0.8572259914551998,0.0,Hit+Run
10051540.848,E3,P608,0.578366233399933,0.0024355585714285716,6502.217,1050.009,1.7104,13.400,0.6592423275148945,0.0,Merge
10073341.055,EI1,FRAG0051,0.013500125451215459,0.005535797535797536,1858.259,1380.555,4.2268,9.1550,0.9979177225192086,0.0,Hit+Run
10141577.444,E1,PI13,0.264736135238095,0.000625,5011.082,667.2478,2.5589,15.628,0.3307580964525888,0.0,Merge
10177646.473,P60,P6,0.004871117142857143,0.0024355585714285716,1322.929,1050.009,13.840,21.698,0.900484766883721,0.0,Hit+Run
10245038.304,E10,P1,0.17772016968364973,0.0024355585714285716,4387.725,1050.009,1.273,6.5463,0.29435824625790646,0.0,Merge
10266894.569,E3,PI75,0.5808017919713615,0.000625,6511.331,667.2478,2.0702,16.645,0.9180254641253028,0.0,Hit+Run
10277339.277,EI1,FRAG0049,0.013500125451215459,0.005535797535797536,1858.259,1380.555,1.6132,3.4941,0.8046224423969058,0.0,Hit+Run
10279723.431,EI1,FRAG0049,0.013500125451215459,0.005535797535797536,1858.259,1380.555,1.1252,2.4371,0.7028397689219976,0.0,Hit+Run
10312459.653,EI9,FRAG0024,0.012382950382950383,0.005605061605061606,1805.518,1386.289,8.1907,17.372,0.26807224497373155,0.017847072927072927,Fragment
10326366.332,E3,P462,0.5808017919713615,0.0024355585714285716,6511.331,1050.009,1.8968,14.883,0.2852938443250184,0.0,Merge
10326417.532,E6,FRAG0047,0.12613957622044622,0.006954711954711955,3913.911,1489.659,1.87,8.2915,0.612267251517315,0.0,Merge
10328571.563,EI2,P164,0.005527763902763903,0.0024355585714285716,1379.887,1050.009,14.469,23.403,0.8296711083946536,0.0,Graze+Frag
10422195.544,E20,P180,0.07921959785547786,0.0024355585714285716,3351.748,1050.009,2.4883,9.5750,0.8206980443586988,0.0,Hit+Run
10422868.949,E20,P180,0.07921959785547786,0.0024355585714285716,3351.748,1050.009,1.0917,4.2008,0.9567703588204721,0.0,Hit+Run
10423098.3,E20,P180,0.07921959785547786,0.0024355585714285716,3351.748,1050.009,1.0699,4.1169,0.9759590679667323,0.0,Hit+Run
10423194.56,E20,P180,0.07921959785547786,0.0024355585714285716,3351.748,1050.009,1.0381,3.9946,0.0769071279274713,0.0,Merge
10426300.866,EI2,FRAG0049,0.007963369963369965,0.005535797535797536,1558.449,1380.555,4.9498,9.4775,0.5552928211272085,0.007971361971361971,Graze+Frag
10448790.881,EI2,FRAG0051,0.00552780552780553,0.005535797535797536,1379.890,1380.555,3.8148,6.8231,0.7374723813835662,0.0,Hit+Run
10491218.118,EI2,P437,0.00552780552780553,0.0024355585714285716,1379.890,1050.009,8.0769,13.063,0.5763977333455175,0.007754958374958375,Graze+Frag
10527640.178,EI2,P391,0.007963369963369965,0.0024355585714285716,1558.449,1050.009,7.8146,13.940,0.27285989244686903,0.010252420912420913,Fragment
10549496.69,EI1,FRAG0054,0.013500125451215459,0.007971361971361971,1858.259,1558.970,5.5614,12.454,0.8462477833418159,0.0,Hit+Run
10563584.41,EI2,FRAG0051,0.0103989343989344,0.005535797535797536,1703.426,1380.555,5.8576,11.895,0.8165890023193448,0.0,Hit+Run
10576356.796,EI2,FRAG0051,0.0103989343989344,0.005535797535797536,1703.426,1380.555,1.1318,2.2984,0.9251250811584624,0.0,Hit+Run
10587159.056,EI2,FRAG0051,0.0103989343989344,0.005535797535797536,1703.426,1380.555,1.3209,2.6825,0.7256727754647966,0.0,Hit+Run
10591193.525,EI1,FRAG0050,0.013500125451215459,0.005535797535797536,1858.259,1380.555,11.504,24.917,0.19260678402213438,0.01898082584082584,Fragment
10608570.083,E1,PI165,0.265361135238095,0.000625,5015.023,667.2478,2.8483,17.410,0.4085433835765508,0.0,Merge
10646548.736,E1,P97,0.265986135238095,0.0024355585714285716,5018.957,1050.009,2.1434,12.735,0.8106127202070375,0.0,Merge
10654745.461,EI1,FRAG0055,0.005528763479853488,0.006753579753579754,1379.970,1475.157,1.7922,3.3210,0.5602283489239188,0.0,Hit+Run
10667191.536,EI1,FRAG0055,0.005528763479853488,0.006753579753579754,1379.970,1475.157,1.2186,2.2581,0.7890369938903439,0.0,Hit+Run
10751118.841,EI19,FRAG0052,0.005527722277722277,0.00623010323010323,1379.884,1436.014,3.2497,5.9327,0.8926445360634444,0.0,Hit+Run
10811918.117,EI1,FRAG0056,0.005528763479853488,0.006753579753579754,1379.970,1475.157,4.0514,7.5074,0.7729420892063937,0.0,Hit+Run
10851664.949,E0,PI159,0.5652769378621366,0.000625,6452.791,667.2478,2.7431,21.848,0.9734417129473881,0.0,Hit+Run
10852724.893,E0,PI159,0.5652769378621366,0.000625,6452.791,667.2478,1.046,8.3314,0.7675335505959808,0.0,Merge
10878441.433,E20,P190,0.08165515642690643,0.0024355585714285716,3385.751,1050.009,7.9295,30.845,0.6679509693173837,0.006053613053613054,Fragment
10879166.102,E20,FRAG0057,0.07803710194472195,0.006053613053613054,3334.987,1422.324,1.0278,3.8606,0.29001341564178323,0.0,Merge
10900368.312,E0,P411,0.5659019378621366,0.0024355585714285716,6455.168,1050.009,2.0995,16.322,0.48586782418308055,0.0,Merge
10940423.975,E0,P782,0.5683374964335651,0.0024355585714285716,6464.415,1050.009,1.6345,12.727,0.3559786713159811,0.0,Merge
10976991.286,EI2,FRAG0056,0.0103989343989344,0.006753579753579754,1703.426,1475.157,4.2628,8.8470,0.8087912966961933,0.0,Hit+Run
10981400.388,EI2,FRAG0056,0.0103989343989344,0.006753579753579754,1703.426,1475.157,1.0276,2.1326,0.9210638759818097,0.0,Graze+Merge
10982971.383,E6,P278,0.13309428817515817,0.0024355585714285716,3984.559,1050.009,3.4617,16.046,0.7175194932012439,0.0,Merge
10985879.59,EI2,FRAG0042,0.017152514152514155,0.006405927405927406,2012.657,1449.398,6.4452,15.021,0.8295245912497292,0.0,Hit+Run
10987404.644,EI2,FRAG0042,0.017152514152514155,0.006405927405927406,2012.657,1449.398,1.0899,2.5400,0.8642310304519217,0.0,Hit+Run
11006372.255,EI2,FRAG0042,0.017152514152514155,0.006405927405927406,2012.657,1449.398,1.4997,3.4951,0.4089778890911657,0.0,Merge
11008920.039,EI2,FRAG0051,0.02355844155844156,0.005535797535797536,2237.223,1380.555,1.9746,5.0028,0.2712907303889631,0.0,Merge
11045972.674,EI1,FRAG0055,0.005528763479853488,0.006753579753579754,1379.970,1475.157,4.9283,9.1323,0.4295841226154595,0.006753579753579754,Fragment
11061184.433,EI19,P297,0.005527722277722277,0.0024355585714285716,1379.884,1050.009,18.516,29.947,0.6315374667080228,0.007937375957375956,Graze+Frag
11063333.034,EI1,FRAG0058,0.0055287634798534884,0.006753579753579754,1379.970,1475.157,1.4054,2.6042,0.5455834356529372,0.0,Hit+Run
11063911.099,EI1,FRAG0058,0.0055287634798534884,0.006753579753579754,1379.970,1475.157,1.055,1.9549,0.9790342020363125,0.0,Hit+Run
11064439.033,EI1,FRAG0058,0.0055287634798534884,0.006753579753579754,1379.970,1475.157,1.0476,1.9412,0.7034875005252039,0.0,Graze+Merge
11122535.513,EI2,FRAG0040,0.029094239094239097,0.006121212121212121,2400.285,1427.599,7.3551,19.931,0.9722451694528991,0.0,Hit+Run
11148026.738,E20,P346,0.08409071499833501,0.0024355585714285716,3419.084,1050.009,5.9059,23.217,0.9647291558650803,0.0,Hit+Run
11181510.594,EI9,FRAG0034,0.00552780552780553,0.006269064269064269,1379.890,1439.002,16.355,29.893,0.8125952110907825,0.011438687978687979,Graze+Frag
11203361.926,E20,P203,0.08409071499833501,0.0024355585714285716,3419.084,1050.009,5.6482,22.204,0.7285579501429945,0.0,Merge
11222290.426,EI2,FRAG0040,0.029094239094239097,0.006121212121212121,2400.285,1427.599,2.4132,6.5394,0.13249622980032089,0.007548784548784549,Fragment
11226579.083,E0,P643,0.5707730550049936,0.0024355585714285716,6473.636,1050.009,1.7457,13.613,0.6214948794637819,0.0,Merge
11242882.843,EI2,FRAG0054,0.027666666666666673,0.007971361971361971,2360.366,1558.970,1.7023,4.5861,0.896368224299761,0.0,Hit+Run
11323824.303,E0,P496,0.5732086135764222,0.0024355585714285716,6482.831,1050.009,1.7615,13.757,0.8747230512868863,0.0,Hit+Run
11372449.109,E20,P346,0.08652627356976358,0.0024355585714285716,3451.780,1050.009,1.5806,6.2775,0.9963244078557482,0.0,Hit+Run
11372582.199,E20,P346,0.08652627356976358,0.0024355585714285716,3451.780,1050.009,1.0559,4.1936,0.428387291572269,0.0,Merge
11422169.866,EI2,FRAG0053,0.027666666666666673,0.00623010323010323,2360.366,1436.014,7.729,20.633,0.7397476314427646,0.014364968364968365,Graze+Frag
11423057.581,EI2,FRAG0062,0.019531801531801535,0.0071824841824841825,2101.718,1505.747,1.0418,2.5328,0.956225521027574,0.0,Hit+Run
11447310.919,EI2,FRAG0062,0.019531801531801535,0.0071824841824841825,2101.718,1505.747,1.0304,2.5051,0.7281366332664729,0.0,Graze+Merge
11509094.013,E3,P796,0.58323735054279,0.0024355585714285716,6520.420,1050.009,2.9715,23.350,0.8454532313095238,0.0,Merge
11527723.593,EI1,FRAG0060,0.012282343233433243,0.007548784548784549,1800.615,1530.921,2.6034,5.6747,0.7877976937011223,0.0,Hit+Run
11529920.593,EI1,FRAG0060,0.012282343233433243,0.007548784548784549,1800.615,1530.921,1.0596,2.3096,0.5599870955294545,0.0,Graze+Merge
11633789.36,E6,FRAG0003,0.13552984674658675,0.006442557442557444,4008.717,1452.156,8.5244,38.832,0.6144248945936112,0.028712953712953716,Fragment
11638790.437,EI2,P653,0.026714285714285718,0.0024355585714285716,2332.965,1050.009,12.659,33.199,0.5676257663265413,0.027392487512487514,Fragment
11640814.54,EI2,FRAG0068,0.005526800662670667,0.005905760905760906,1379.807,1410.649,1.1073,2.0024,0.9294620740958939,0.0,Hit+Run
11640902.783,E6,FRAG0067,0.11325945047619049,0.005742590742590743,3775.884,1397.536,1.1391,4.8809,0.8645947700087447,0.0,Hit+Run
11644111.211,E6,FRAG0067,0.11325945047619049,0.005742590742590743,3775.884,1397.536,1.075,4.6063,0.8864906362085271,0.0,Hit+Run
11678425.787,EI2,FRAG0069,0.005526800662670667,0.005905760905760906,1379.807,1410.649,2.0838,3.7683,0.8721525808854272,0.0,Hit+Run
11716588.868,EI2,PI7,0.005526800662670667,0.000625,1379.807,667.2478,10.297,15.948,0.5631646046987109,0.005699167499167499,Fragment
11734187.668,EI9,FRAG0054,0.00552780552780553,0.007971361971361971,1379.890,1558.970,6.4274,12.307,0.8640805167511694,0.0,Hit+Run
11812756.146,E0,FRAG0020,0.5732086135764222,0.007341991341991342,6482.831,1516.812,1.2379,9.4216,0.8017999050464371,0.0,Merge
11852218.412,E0,FRAG0066,0.5805506049184135,0.005742590742590743,6510.393,1397.536,1.2791,9.8398,0.44884900662897714,0.0,Merge
11857666.248,E1,P226,0.2684216938095236,0.0024355585714285716,5034.230,1050.009,2.6343,15.703,0.8546435201217147,0.0,Hit+Run
11866036.85,E6,FRAG0065,0.11325945047619049,0.005742590742590743,3775.884,1397.536,1.0156,4.3517,0.4107664499079195,0.0,Merge
11879313.458,EI2,PI132,0.006152847152847154,0.000625,1430.054,667.2478,14.801,23.772,0.7357888909752556,0.0,Graze+Frag
11968146.068,EI1,FRAG0069,0.01983112778221779,0.005905760905760906,2112.400,1410.649,3.4518,8.3353,0.8124502313895527,0.0,Hit+Run
11985916.003,E1,PI43,0.2684216938095236,0.000625,5034.230,667.2478,2.6381,16.190,0.867075867537937,0.0,Merge
11988010.401,EI2,FRAG0054,0.006777888777888779,0.007971361971361971,1476.925,1558.970,5.8647,11.549,0.9583316919786666,0.0,Hit+Run
11989409.325,EI2,FRAG0054,0.006777888777888779,0.007971361971361971,1476.925,1558.970,1.0973,2.1608,0.7452501745987713,0.0,Hit+Run
11997861.585,EI2,FRAG0054,0.006777888777888779,0.007971361971361971,1476.925,1558.970,0.9896,1.9487,0.21079502621166366,0.0,Perfect
12008835.635,E0,P309,0.5862931956610042,0.0024355585714285716,6531.788,1050.009,1.5003,11.811,0.48373737923823845,0.0,Merge
12015959.075,E0,P474,0.5887287542324328,0.0024355585714285716,6540.821,1050.009,2.1399,16.871,0.525362590881848,0.0,Merge
12044058.705,E3,P71,0.5856729091142185,0.0024355585714285716,6529.484,1050.009,1.8333,14.427,0.7362958713685991,0.0,Merge
12052445.509,EI2,EI9,0.01474925074925075,0.00552780552780553,1913.890,1379.890,2.9799,6.6056,0.5646758781308024,0.005781551781551782,Fragment
12052708.683,EI2,FRAG0072,0.014495504495504501,0.005781551781551782,1902.851,1400.689,1.0506,2.3254,0.8771958337738709,0.0,Hit+Run
12099656.378,E6,PI28,0.11900204121878123,0.000625,3838.651,667.2478,5.5578,25.584,0.07812077249110706,0.0,Merge
12218964.742,E3,P352,0.5881084676856471,0.0024355585714285716,6538.523,1050.009,1.0221,8.0556,0.7327318828235343,0.0,Merge
12223233.369,P61,P384,0.0024355585714285716,0.0024355585714285716,1050.009,1050.009,1.8295,2.4893,0.8753,0.0,Hit+Run
12348205.888,E6,FRAG0045,0.11962704121878123,0.005605061605061606,3845.359,1386.289,3.4207,14.952,0.4770270863593648,0.0,Merge
12436768.463,E0,P518,0.5911643128038613,0.0024355585714285716,6549.828,1050.009,2.7768,21.925,0.21296013700325614,0.0,Merge
12437085.767,E20,P244,0.08896183214119216,0.0024355585714285716,3483.868,1050.009,12.599,50.541,0.34401627181125455,0.020214785214785213,Fragment
12439207.398,E20,FRAG0073,0.07118260549783552,0.006738261738261738,3234.336,1474.041,1.1896,4.3236,0.6738117277404221,0.0,Merge
12439473.177,E20,FRAG0074,0.07792086723609726,0.006738261738261738,3333.331,1474.041,1.0843,4.0652,0.4810662975786752,0.0,Merge
12452517.574,E20,FRAG0075,0.084659128974359,0.006738261738261738,3426.771,1474.041,0.9993,3.8555,0.4002364161389426,0.0,Perfect
12468534.387,E0,PI42,0.5935998713752898,0.000625,6558.811,667.2478,1.9207,15.561,0.6872808242492167,0.0,Merge
12485088.446,E10,P776,0.1801557282550783,0.0024355585714285716,4407.678,1050.009,1.8853,9.7425,0.6860638762132719,0.0,Merge
12527441.143,EI2,FRAG0068,0.014495504495504501,0.005905760905760906,1902.851,1410.649,2.5775,5.7140,0.8414236623340923,0.0,Hit+Run
12594153.211,EI1,PI19,0.01983112778221779,0.000625,2112.400,667.2478,24.178,58.601,0.7650441272670491,0.007422244422244422,Graze+Frag
12643588.097,EI2,FRAG0071,0.014495504495504501,0.005905760905760906,1902.851,1410.649,1.8261,4.0482,0.9716111754730077,0.0,Hit+Run
12659527.537,EI2,FRAG0071,0.014495504495504501,0.005905760905760906,1902.851,1410.649,2.0606,4.5681,0.7224918847819557,0.0,Hit+Run
12689336.071,EI1,FRAG0069,0.01303388335997337,0.005905760905760906,1836.616,1410.649,3.0303,6.5383,0.7262156822134685,0.0,Hit+Run
12689684.476,EI1,FRAG0069,0.01303388335997337,0.005905760905760906,1836.616,1410.649,1.0447,2.2541,0.06572138806324379,0.0,Merge
12689914.557,EI6,PI90,0.00625,0.000625,1437.541,667.2478,3.4422,5.5580,0.9241483389382447,0.0,Hit+Run
12770695.197,E5,P111,0.07593555857142857,0.0024355585714285716,3304.777,1050.009,3.6412,13.800,0.9965661949841573,0.0,Hit+Run
12789626.837,EI2,FRAG0070,0.014495504495504501,0.005905760905760906,1902.851,1410.649,2.2307,4.9451,0.5704820271380612,0.0,Merge
12812885.078,E0,PI44,0.5942248713752898,0.000625,6561.112,667.2478,1.688,13.680,0.3262238878892726,0.0,Merge
12836670.756,EI1,FRAG0071,0.018939644265734277,0.005905760905760906,2080.260,1410.649,2.2265,5.3068,0.5810101319286065,0.0,Merge
12883784.559,E3,FRAG0012,0.5905440262570756,0.006232434232434233,6547.536,1436.193,1.2294,9.4962,0.9957774684079561,0.0,Hit+Run
12914694.738,EI2,FRAG0068,0.020401265401265408,0.005905760905760906,2132.453,1410.649,2.2939,5.5843,0.9223510810732782,0.0,Hit+Run
13043370.157,EI1,FRAG0076,0.024845405171495184,0.007422244422244422,2277.242,1522.318,1.5115,3.9353,0.610970765965899,0.0,Hit+Run
13046115.902,EI1,FRAG0076,0.024845405171495184,0.007422244422244422,2277.242,1522.318,1.0461,2.7236,0.7556522873551161,0.0,Graze+Merge
13206752.891,E0,P6,0.5948498713752898,0.0024355585714285716,6563.411,1050.009,1.4324,11.335,0.34491995436142137,0.0,Merge
13294780.826,E6,P316,0.12523210282384284,0.0024355585714285716,3904.502,1050.009,4.6161,20.934,0.7526068528881789,0.0,Merge
13440143.538,EI2,FRAG0068,0.020401265401265408,0.005905760905760906,2132.453,1410.649,3.9503,9.6168,0.9683332165342886,0.0,Hit+Run
13595851.493,EI1,FRAG0068,0.03226764959373961,0.005905760905760906,2484.560,1410.649,1.8189,5.0872,0.33761412329375373,0.0,Merge
13741655.227,EI1,FRAG0061,0.038173410499500515,0.0071824841824841825,2627.730,1505.747,2.0922,6.1918,0.7043767051550551,0.0,Hit+Run
13752207.297,EI1,FRAG0061,0.038173410499500515,0.0071824841824841825,2627.730,1505.747,1.1304,3.3454,0.7015159694391725,0.0,Hit+Run
13793449.117,EI1,FRAG0061,0.038173410499500515,0.0071824841824841825,2627.730,1505.747,1.0855,3.2125,0.7106703237299964,0.0,Graze+Merge
13850880.921,EI2,FRAG0059,0.020401265401265408,0.006269064269064269,2132.453,1439.002,9.8615,24.076,0.6197715866319679,0.021142857142857144,Graze+Frag
13994512.365,E6,PI87,0.12766766139527141,0.000625,3929.652,667.2478,2.999,14.154,0.8754501546077998,0.0,Hit+Run
13996106.244,E6,PI87,0.12766766139527141,0.000625,3929.652,667.2478,1.0436,4.9256,0.9814513450885801,0.0,Hit+Run
14149902.85,E6,PI87,0.12766766139527141,0.000625,3929.652,667.2478,1.0091,4.7627,0.5317156490245597,0.0,Merge
14160005.074,EI2,FRAG0079,0.005527472527472533,0.007047619047619048,1379.863,1496.263,2.1317,3.9823,0.9005658700242635,0.0,Hit+Run
14160025.858,EI2,FRAG0079,0.005527472527472533,0.007047619047619048,1379.863,1496.263,1.0506,1.9626,0.7591313068773066,0.0,Graze+Merge
14162641.706,EI1,EI2,0.0453558946819847,0.012575091575091582,2783.161,1814.808,1.2317,3.9060,0.9279282562219222,0.0,Hit+Run
14162726.458,EI1,EI2,0.0453558946819847,0.012575091575091582,2783.161,1814.808,1.0454,3.3152,0.7856822417325866,0.0,Graze+Merge
14312068.337,E6,FRAG0052,0.1282926613952714,0.00623010323010323,3936.054,1436.014,3.8293,17.120,0.4673821260332761,0.00764968364968365,Fragment
14360010.669,E6,FRAG0080,0.12687308097569097,0.00764968364968365,3921.483,1537.712,1.0894,4.8314,0.8625661472462995,0.0,Hit+Run
14374444.022,E6,FRAG0080,0.12687308097569097,0.00764968364968365,3921.483,1537.712,1.0748,4.7667,0.25220434235357747,0.0,Merge
14518802.321,E3,P410,0.5905440262570756,0.0024355585714285716,6547.536,1050.009,1.2642,9.9782,0.016029409203370894,0.0,Merge
14553928.748,E6,FRAG0019,0.13452276462537463,0.009952380952380954,3998.764,1678.686,3.775,17.013,0.6010700407120098,0.010903762903762904,Fragment
14557134.13,E6,FRAG0081,0.13357138267399268,0.010903762903762904,3989.314,1730.557,1.0411,4.6746,0.8882701042702558,0.0,Hit+Run
14564391.671,E3,PI35,0.5929795848285041,0.000625,6556.525,667.2478,1.4308,11.587,0.4303989402208812,0.0,Merge
14590793.405,E6,P532,0.13357138267399268,0.0024355585714285716,3989.314,1050.009,7.514,34.875,0.9891501777296984,0.0,Hit+Run
14596443.823,E6,PI65,0.13357138267399268,0.000625,3989.314,667.2478,3.1215,14.971,0.8449711719821223,0.0,Merge
14620382.545,E6,FRAG0081,0.13419638267399267,0.010903762903762904,3995.527,1730.557,1.9272,8.6674,0.4779769119455758,0.0,Merge
14682958.71,E0,PI146,0.5972854299467183,0.000625,6572.357,667.2478,2.8529,23.163,0.9100124662493461,0.0,Hit+Run
14998270.865,E8,P490,0.12338223428571429,0.0024355585714285716,3885.182,1050.009,1.4459,6.5225,0.9456330801138636,0.0,Hit+Run
15008092.719,EI1,FRAG0046,0.05793098625707628,0.005605061605061606,3019.702,1386.289,5.6641,19.216,0.15448074352954308,0.024896436896436894,Fragment
15011304.39,EI1,FRAG0082,0.038639610965700996,0.006224109224109224,2638.384,1435.554,1.2037,3.5687,0.6471068983607575,0.0,Merge
15020300.792,EI1,FRAG0085,0.04486372018981022,0.006224109224109224,2773.057,1435.554,1.3241,4.1216,0.8841790011099669,0.0,Hit+Run
15074683.515,EI1,FRAG0085,0.04486372018981022,0.006224109224109224,2773.057,1435.554,1.4522,4.5203,0.8093278687408691,0.0,Hit+Run
15075110.429,EI1,FRAG0085,0.04486372018981022,0.006224109224109224,2773.057,1435.554,1.0675,3.3228,0.9692430960822427,0.0,Hit+Run
15088690.583,EI1,FRAG0084,0.04486372018981022,0.006224109224109224,2773.057,1435.554,1.262,3.9283,0.34717483842673935,0.0,Merge
15104190.42,EI1,FRAG0083,0.05108782941391944,0.006224109224109224,2895.785,1435.554,1.5981,5.1936,0.9905470228456515,0.0,Hit+Run
15104242.209,EI1,FRAG0083,0.05108782941391944,0.006224109224109224,2895.785,1435.554,1.0516,3.4175,0.3175018771256749,0.0,Merge
15172467.273,E0,PI162,0.5972854299467183,0.000625,6572.357,667.2478,1.7404,14.130,0.5962651514690449,0.0,Merge
15204270.608,EI1,FRAG0085,0.057311938638028664,0.006224109224109224,3008.907,1435.554,1.2233,4.1322,0.47796312032413973,0.0,Merge
15208122.917,E6,P532,0.14510014557775558,0.0024355585714285716,4100.937,1050.009,1.0105,4.8316,0.6171770944478655,0.0,Merge
15575242.937,E0,PI95,0.5979104299467183,0.000625,6574.648,667.2478,2.1409,17.388,0.44839345211259773,0.0,Merge
15763216.193,EI19,P601,0.007963369963369965,0.0024355585714285716,1558.449,1050.009,23.355,41.661,0.23133643607494572,0.0,Fragment
15821128.74,EI19,FRAG0013,0.0103989343989344,0.005592740592740592,1703.426,1385.273,11.580,23.541,0.7032212700390099,0.015624342324342323,Graze+Frag
15824909.441,EI19,FRAG0086,0.005527805527805527,0.010463869463869466,1379.890,1706.965,1.013,2.0599,0.6786233237149263,0.0,Graze+Merge
16256878.938,EI1,PI161,0.06353604786213789,0.000625,3114.109,667.2478,9.133,33.611,0.5372793086391058,0.0,Merge
16414009.218,EI1,FRAG0078,0.06416104786213789,0.007047619047619048,3124.287,1496.263,2.4047,8.4340,0.6445272580043768,0.0,Merge
16696655.408,E19,P226,0.041620000000000004,0.0024355585714285716,2704.547,1050.009,3.7483,11.471,0.8007268439098986,0.0,Hit+Run
16753060.528,EI1,FRAG0077,0.07120866690975694,0.007047619047619048,3234.730,1496.263,3.1677,11.510,0.9874453883403116,0.0,Hit+Run
16788348.365,E0,FRAG0012,0.5985354299467183,0.006232434232434233,6576.938,1436.193,1.4855,11.529,0.763808546336963,0.0,Merge
16822816.934,E0,P325,0.6047678641791525,0.0024355585714285716,6599.688,1050.009,2.2784,18.135,0.9183850183395909,0.0,Hit+Run
16827888.292,EI1,FRAG0077,0.07120866690975694,0.007047619047619048,3234.730,1496.263,1.2813,4.6557,0.8169226907554384,0.0,Hit+Run
16830935.338,EI1,FRAG0077,0.07120866690975694,0.007047619047619048,3234.730,1496.263,1.0632,3.8632,0.5731723231170774,0.0,Merge
17081825.702,E0,P325,0.6047678641791525,0.0024355585714285716,6599.688,1050.009,1.1772,9.3702,0.36312658921478047,0.0,Merge
17116953.027,EI1,PI170,0.07825628595737599,0.000625,3338.107,667.2478,5.6876,22.550,0.6604782592027502,0.0,Merge
17180896.041,P36,P455,0.0024355585714285716,0.0024355585714285716,1050.009,1050.009,11.329,15.416,0.8619,0.0,Hit+Run
17354885.826,E6,P383,0.14753570414918415,0.0024355585714285716,4123.755,1050.009,1.4297,6.8770,0.6152437598497466,0.0,Merge
17485240.145,E0,PI88,0.607203422750581,0.000625,6608.535,667.2478,1.728,14.110,0.28665694296007943,0.0,Merge
18018555.668,EI1,FRAG0072,0.078881285957376,0.005781551781551782,3346.970,1400.689,4.2479,16.026,0.32908120261262563,0.011922077922077922,Fragment
18021635.196,EI1,FRAG0087,0.07274075981684985,0.005961038961038961,3257.765,1415.037,1.0397,3.8121,0.5134700599374232,0.0,Merge
18084531.895,E0,EI7,0.607828422750581,0.00625,6610.802,1437.541,2.033,15.865,0.15138155575624204,0.0,Merge
18258886.936,E0,PI185,0.614078422750581,0.000625,6633.383,667.2478,4.1564,34.074,0.823013587145302,0.0,Merge
18337256.858,E0,PI46,0.614703422750581,0.000625,6635.633,667.2478,1.7602,14.435,0.7170925698521691,0.0,Merge
18477436.597,E17,P252,0.040959999999999996,0.0024355585714285716,2690.174,1050.009,3.7163,11.309,0.40444133858174347,0.0,Merge
18855401.413,P12,P524,0.0024355585714285716,0.0024355585714285716,1050.009,1050.009,4.2009,5.7161,0.66695,0.0,Hit+Run
19029626.242,EI1,EI19,0.07870179877788881,0.015991674991674993,3344.429,1966.188,4.3681,16.479,0.7457650764468988,0.01103902763902764,Hit+Run+Frag
19052321.164,EI1,PI55,0.0787017987778888,0.000625,3344.429,667.2478,10.334,41.059,0.8385089130417381,0.0,Hit+Run
19052798.856,EI1,PI55,0.0787017987778888,0.000625,3344.429,667.2478,1.0165,4.0384,0.7000357270641753,0.0,Merge
19075924.021,E3,P658,0.5936045848285041,0.0024355585714285716,6558.828,1050.009,3.2306,25.545,0.9114801641673627,0.0,Hit+Run
19160580.628,EI19,FRAG0089,0.005527805527805528,0.010463869463869466,1379.890,1706.965,2.059,4.1869,0.8486702984472613,0.0,Hit+Run
19162170.532,EI1,FRAG0089,0.0793267987778888,0.010463869463869466,3353.259,1706.965,1.1313,4.2576,0.5476305709067663,0.0,Merge
19211755.874,EI1,EI19,0.08979066824175827,0.005527805527805528,3494.654,1379.890,1.4528,5.7396,0.8244569109308082,0.0,Hit+Run
19225405.635,EI1,EI19,0.08979066824175827,0.005527805527805528,3494.654,1379.890,1.3583,5.3662,0.5406286578547153,0.0,Merge
19278097.951,E1,PI156,0.26904669380952356,0.000625,5038.134,667.2478,3.1701,19.471,0.9960797237019238,0.0,Hit+Run
19318684.429,E1,P658,0.26904669380952356,0.0024355585714285716,5038.134,1050.009,1.1671,6.9629,0.310407264423061,0.0,Merge
19423173.215,EI1,FRAG0088,0.0953184737695638,0.005961038961038961,3564.945,1415.037,1.5435,6.2188,0.6625953860253067,0.0,Merge
19592656.371,E0,P666,0.615328422750581,0.0024355585714285716,6637.881,1050.009,1.3563,10.862,0.5019925674571861,0.0,Merge
19743822.747,E5,P731,0.07593555857142857,0.0024355585714285716,3304.777,1050.009,6.5781,24.931,0.7393804780483282,0.0,Merge
19778232.73,EI1,PI71,0.10127951273060276,0.000625,3637.762,667.2478,3.0592,13.297,0.7753781390305792,0.0,Merge
19845233.104,E13,P485,0.02222,0.0024355585714285716,2194.026,1050.009,5.447,13.416,0.6358141786198452,0.0,Merge
19935771.64,E3,PI156,0.5936045848285041,0.000625,6558.828,667.2478,1.2499,10.126,0.6628649083736953,0.0,Merge
20055954.827,E3,P48,0.5942295848285041,0.0024355585714285716,6561.129,1050.009,1.0983,8.6879,0.9174723773498992,0.0,Hit+Run
20074052.864,E0,P668,0.6177639813220095,0.0024355585714285716,6646.628,1050.009,1.5997,12.829,0.5340350992183859,0.0,Merge
20549293.605,E3,PI146,0.5942295848285041,0.000625,6561.129,667.2478,1.5866,12.859,0.9267520056429545,0.0,Hit+Run
20697421.161,E8,PI47,0.12338223428571429,0.000625,3885.182,667.2478,3.359,15.662,0.7684287316991293,0.0,Merge
21137643.508,E8,PI90,0.1240072342857143,0.000625,3891.731,667.2478,2.067,9.6555,0.2942500364072844,0.0,Merge
21179555.668,E0,FRAG0063,0.620199539893438,0.005742590742590743,6655.351,1397.536,2.3459,18.478,0.9714981444402007,0.0,Hit+Run
21380918.143,E1,FRAG0063,0.27148225238095214,0.005742590742590743,5053.291,1397.536,2.1865,12.806,0.42779043073867107,0.0,Merge
21563935.058,E6,PI106,0.14997126272061273,0.000625,4146.323,667.2478,8.5668,42.810,0.8784373205725874,0.0,Hit+Run
21637928.883,E3,P168,0.5942295848285041,0.0024355585714285716,6561.129,1050.009,1.1975,9.4726,0.21930374217590376,0.0,Merge
21678854.706,E19,FRAG0005,0.041620000000000004,0.006442557442557444,2704.547,1452.156,6.4218,19.509,0.5765384477558723,0.027808857808857806,Fragment
22492066.484,E6,FRAG0067,0.14997126272061273,0.005742590742590743,4146.323,1397.536,5.332,25.246,0.4468030779527927,0.011296703296703297,Fragment
22494270.142,E6,FRAG0096,0.14441715016650017,0.005648351648351649,4094.492,1389.849,1.0643,4.9739,0.9295650673052863,0.0,Hit+Run
22650220.671,E1,PI105,0.2772248431235429,0.000625,5088.673,667.2478,3.261,20.242,0.7075262368903846,0.0,Merge
22672519.517,P32,P490,0.0024355585714285716,0.0024355585714285716,1050.009,1050.009,6.0226,8.1949,0.6895000000000001,0.0,Graze+Frag
22757729.067,P111,FRAG0004,0.0024355585714285716,0.006442557442557444,1050.009,1452.156,2.0311,3.4181,0.720228792798725,0.0,Hit+Run
22983971.514,E0,FRAG0094,0.620199539893438,0.005561771561771562,6655.351,1382.711,1.4064,11.086,0.8702892704881584,0.0,Hit+Run
23036016.345,E0,FRAG0094,0.620199539893438,0.005561771561771562,6655.351,1382.711,1.142,9.0022,0.821024489217066,0.0,Merge
23343766.884,E3,P804,0.5966651433999326,0.0024355585714285716,6570.081,1050.009,1.0366,8.2118,0.5439651837283613,0.0,Merge
23754834.175,E0,P48,0.6257613114552095,0.0024355585714285716,6675.186,1050.009,1.4593,11.756,0.34191639782368377,0.0,Merge
23787430.937,E0,FRAG0031,0.628196870026638,0.007301032301032301,6683.835,1513.986,2.5979,20.435,0.8907354344547996,0.0,Hit+Run
23815054.005,E3,P245,0.5991007019713611,0.0024355585714285716,6579.008,1050.009,1.3334,10.578,0.8839254832715253,0.0,Hit+Run
24115021.028,E6,PI126,0.14441715016650017,0.000625,4094.492,667.2478,1.8583,9.1629,0.9652935636266364,0.0,Hit+Run
24125167.38,E8,P770,0.1246322342857143,0.0024355585714285716,3898.258,1050.009,2.847,12.889,0.4885951524744625,0.0,Merge
24155083.855,E6,FRAG0092,0.14441715016650017,0.005561771561771562,4094.492,1382.711,3.7898,17.717,0.20079235839784676,0.0055537795537795535,Fragment
24244407.776,E6,PI146,0.14442514217449218,0.000625,4094.568,667.2478,3.5738,17.622,0.8485249872767019,0.0,Merge
24343344.275,E10,P563,0.18259128682650688,0.0024355585714285716,4427.452,1050.009,1.9866,10.315,0.8453238803988493,0.0,Hit+Run
24507732.043,E0,PI172,0.628196870026638,0.000625,6683.835,667.2478,2.7949,23.094,0.6592836599072526,0.0,Merge
24827951.753,E3,P483,0.5991007019713611,0.0024355585714285716,6579.008,1050.009,1.4138,11.216,0.5951190009811509,0.0,Merge
24863459.059,E0,P245,0.628821870026638,0.0024355585714285716,6686.051,1050.009,1.4133,11.406,0.9769716519377262,0.0,Hit+Run
25082163.326,E6,PI52,0.14505014217449216,0.000625,4100.466,667.2478,5.6452,27.878,0.6305016898572138,0.0,Merge
25106178.321,E0,FRAG0096,0.628821870026638,0.005648351648351649,6686.051,1389.849,1.5509,12.281,0.24423097985545328,0.0,Merge
25139402.455,E6,PI131,0.14567514217449215,0.000625,4106.347,667.2478,5.0894,25.172,0.17711952478780893,0.0,Merge
25153870.344,E3,P749,0.6015362605427896,0.0024355585714285716,6587.912,1050.009,2.5898,20.575,0.9283375522361319,0.0,Hit+Run
25249995.802,E1,FRAG0090,0.2778498431235429,0.005561771561771562,5092.494,1382.711,1.8336,10.837,0.4589784176153736,0.0,Merge
25287319.852,E0,P245,0.6344702216749897,0.0024355585714285716,6706.011,1050.009,1.006,8.1446,0.5344216421658178,0.0,Merge
25309961.921,P226,P824,0.0024355585714285716,0.0024355585714285716,1050.009,1050.009,10.957,14.910,0.0252,0.0,Merge
25348726.94,E3,P433,0.6015362605427896,0.0024355585714285716,6587.912,1050.009,2.6775,21.271,0.8520039339392838,0.0,Merge
25487660.787,P230,P484,0.0024355585714285716,0.0024355585714285716,1050.009,1050.009,1.5587,2.1209,0.3461,0.0,Merge
25784687.71,E3,E8,0.6039718191142182,0.12706779285714287,6596.791,3923.488,1.033,7.6933,0.8057653637257467,0.0,Graze+Merge
25838074.291,E0,FRAG0093,0.6369057802464182,0.005561771561771562,6714.581,1382.711,1.4331,11.404,0.7628158517193807,0.0,Merge
26114087.081,E3,P294,0.731039611971361,0.0024355585714285716,7030.304,1050.009,1.6025,13.640,0.8646590145115892,0.0,Merge
26284873.931,EI1,FRAG0064,0.10190451273060276,0.005742590742590743,3645.230,1397.536,4.6269,19.099,0.37726228773836046,0.011555777555777557,Fragment
26370353.508,E0,E19,0.6424675518081897,0.02025369963369964,6734.069,2127.299,1.8908,14.608,0.726878367730298,0.0,Merge
26376326.614,EI1,FRAG0098,0.09609132591741595,0.005777888777888779,3574.554,1400.394,1.4217,5.7476,0.5856581932475659,0.0,Merge
26428377.783,E0,P603,0.6627212514418893,0.0024355585714285716,6804.102,1050.009,2.4211,19.905,0.7535171420868265,0.0,Merge
26441934.068,EI1,FRAG0099,0.10186921469530473,0.005777888777888779,3644.809,1400.394,1.213,5.0058,0.271633913769596,0.0,Merge
26546604.743,E6,FRAG0097,0.14630014217449214,0.0055537795537795535,4112.211,1382.048,2.7406,12.872,0.6766041163841403,0.0,Merge
26702682.906,E0,PI75,0.6651568100133178,0.000625,6812.427,667.2478,2.2376,18.860,0.6837314519219956,0.0,Merge
26720218.398,E3,P226,0.7334751705427895,0.004871117142857143,7038.103,1322.929,1.1317,9.5014,0.4687841607984878,0.0,Merge
27178552.786,E0,PI40,0.6657818100133178,0.000625,6814.560,667.2478,1.5696,13.234,0.3878260048686518,0.0,Merge
27367530.446,E3,P749,0.7383462876856467,0.0024355585714285716,7053.649,1050.009,1.1064,9.4509,0.5132912101547843,0.0,Merge
27376066.271,E0,PI190,0.6664068100133178,0.000625,6816.691,667.2478,2.224,18.758,0.622652069175205,0.0,Merge
27536224.104,E3,P781,0.7407818462570752,0.0024355585714285716,7061.397,1050.009,1.0106,8.6426,0.8797792947948386,0.0,Graze+Merge
27734531.526,P147,P487,0.0024355585714285716,0.0024355585714285716,1050.009,1050.009,11.223,15.271,0.9541,0.0,Hit+Run
27752023.104,E3,PI195,0.7432174048285037,0.000625,7069.127,667.2478,1.4117,12.367,0.8029137724640989,0.0,Merge
27915811.565,E1,P60,0.28341161468531445,0.004871117142857143,5126.249,1322.929,4.8719,29.101,0.7968557061441484,0.0,Hit+Run
28094760.827,E17,P833,0.043395558571428565,0.0024355585714285716,2742.472,1050.009,3.6798,11.428,0.661739816410917,0.0,Merge
28853136.726,E6,P367,0.1518539217282717,0.0024355585714285716,4163.601,1050.009,6.3847,31.031,0.5725179254898197,0.0,Merge
29241401.444,E0,PI106,0.6670318100133178,0.000625,6818.822,667.2478,1.7315,14.609,0.7749665552577872,0.0,Merge
29440761.199,E0,P147,0.6676568100133178,0.0024355585714285716,6820.951,1050.009,2.3406,19.294,0.8265602143550955,0.0,Merge
29543163.681,E17,PI136,0.04583111714285713,0.000625,2792.848,667.2478,3.7106,12.147,0.8194279708225699,0.0,Hit+Run
30039455.419,E0,P329,0.6700923685847463,0.0024355585714285716,6829.235,1050.009,3.8821,32.043,0.9339093889594527,0.0,Hit+Run
30302744.527,P7,P197,0.0024355585714285716,0.0024355585714285716,1050.009,1050.009,8.7764,11.941,0.52725,0.0,Graze+Frag
30734889.921,E10,P754,0.18259128682650688,0.0024355585714285716,4427.452,1050.009,3.1388,16.298,0.4168421544479695,0.0,Merge
32073313.91,E3,P305,0.7438424048285037,0.0024355585714285716,7071.108,1050.009,1.1944,10.229,0.8351814320599795,0.0,Merge
32302149.171,E5,P587,0.07837111714285715,0.0024355585714285716,3339.739,1050.009,4.8063,18.423,0.9298547914986198,0.0,Hit+Run
32488330.02,E3,P145,0.7462779633999322,0.0024355585714285716,7078.817,1050.009,1.0606,9.0939,0.34197449591331464,0.0,Merge
32722243.532,E1,P404,0.28341161468531445,0.0024355585714285716,5126.249,1050.009,3.0303,18.418,0.7128806331535925,0.0,Merge
32956360.847,E0,PI187,0.6700923685847463,0.000625,6829.235,667.2478,1.0909,9.2189,0.9856932155769075,0.0,Hit+Run
33059045.975,EI1,P740,0.1076471034731935,0.0024355585714285716,3712.455,1050.009,6.3479,27.266,0.7528641850761457,0.0,Merge
33109309.882,E0,PI187,0.6700923685847463,0.000625,6829.235,667.2478,1.0658,9.0068,0.790285457036014,0.0,Merge
33191731.208,E0,P819,0.6707173685847463,0.0024355585714285716,6831.357,1050.009,2.2073,18.225,0.4554026085513159,0.0,Merge
33304959.256,EI1,PI163,0.11008266204462208,0.000625,3740.245,667.2478,7.8117,34.978,0.9411091501962316,0.0,Hit+Run
33309239.246,EI1,PI163,0.11008266204462208,0.000625,3740.245,667.2478,1.0524,4.7122,0.7439769089062547,0.0,Merge
33399505.119,E15,PI142,0.12158667571428573,0.000625,3866.243,667.2478,2.114,9.8062,0.5180017113026517,0.0,Merge
34365053.998,E10,P764,0.18502684539793546,0.0024355585714285716,4447.050,1050.009,2.0957,10.933,0.23646691100582545,0.0,Merge
34579029.312,E0,P329,0.6731529271561748,0.0024355585714285716,6839.616,1050.009,1.8808,15.549,0.7483189591637683,0.0,Merge
35163197.31,P132,PI177,0.0024355585714285716,0.000625,1050.009,667.2478,30.154,35.965,0.7839345398855119,0.0,Graze+Frag
35328377.299,E12,P714,0.10097555857142858,0.0024355585714285716,3634.120,1050.009,2.9734,12.481,0.4186415021777731,0.0,Merge
35444086.26,E0,P233,0.6755884857276033,0.0024355585714285716,6847.855,1050.009,1.2333,10.209,0.5729475905382946,0.0,Merge
35470891.953,E3,P811,0.7487135219713608,0.0024355585714285716,7086.510,1050.009,1.0744,9.2228,0.19866392039935027,0.0,Merge
35652020.484,E0,P487,0.6780240442990318,0.0024355585714285716,6856.074,1050.009,1.7242,14.291,0.8367512952546422,0.0,Merge
36645527.633,E1,P841,0.285847173256743,0.0024355585714285716,5140.892,1050.009,2.7952,17.041,0.2844932196293261,0.0,Merge
37932419.494,E0,P526,0.6804596028704604,0.0024355585714285716,6864.274,1050.009,2.7062,22.458,0.6672348526371542,0.0,Merge
38286772.403,E1,P60,0.2882827318281716,0.004871117142857143,5155.451,1322.929,1.966,11.815,0.6162622524456381,0.0,Merge
38697404.541,P230,P253,0.004871117142857143,0.0024355585714285716,1322.929,1050.009,6.1998,9.7196,0.2384456010377461,0.0,Fragment
39564944.129,E3,P567,0.7511490805427893,0.0024355585714285716,7094.185,1050.009,2.2752,19.553,0.9552182298515046,0.0,Hit+Run
40266636.093,E0,P567,0.6828951614418889,0.0024355585714285716,6872.454,1050.009,1.3946,11.588,0.4175972823286314,0.0,Merge
41152474.862,E0,FRAG0095,0.6853307200133174,0.005648351648351649,6880.614,1389.849,2.6012,21.242,0.42753923431856317,0.0,Merge
41397994.395,E3,P132,0.7511490805427893,0.0030605727605727607,7094.185,1133.082,1.3267,11.348,0.8825407378755766,0.0,Hit+Run
41670158.248,E3,P516,0.7511490805427893,0.0024355585714285716,7094.185,1050.009,1.7772,15.273,0.9664550665878573,0.0,Hit+Run
42122045.222,E0,E17,0.690979071661669,0.04583111714285713,6899.466,2792.848,1.3731,10.696,0.6844429960181858,0.0,Merge
42229348.773,E3,PI124,0.7511490805427893,0.000625,7094.185,667.2478,1.8464,16.235,0.23572842335972016,0.0,Merge
42527094.204,E0,P516,0.7368101888045262,0.0024355585714285716,7048.754,1050.009,1.5826,13.508,0.6179480576848948,0.0,Merge
42849418.64,E6,EI1,0.15428948029970027,0.11070766204462208,4185.743,3747.311,3.4808,17.973,0.9702648289181536,0.0,Hit+Run
42869901.035,E6,EI1,0.15428948029970027,0.11070766204462208,4185.743,3747.311,1.1297,5.8333,0.7565733526487249,0.0,Hit+Run
43901707.956,E6,EI1,0.15428948029970027,0.11070766204462208,4185.743,3747.311,1.0255,5.2953,0.7164204604410619,0.0,Graze+Merge
43999520.641,E3,P615,0.7517740805427893,0.0024355585714285716,7096.152,1050.009,1.3797,11.860,0.1736980871936025,0.0,Merge
44946023.073,E3,E5,0.7542096391142178,0.07837111714285715,7103.807,3339.739,1.1366,9.0668,0.6322554496681012,0.007426906426906427,Fragment
46218633.913,P32,P36,0.004871128871128871,0.0024355585714285716,1322.930,1050.009,10.675,16.735,0.8451804057698433,0.0,Graze+Frag
47567860.104,E1,P850,0.29315384897102875,0.0024355585714285716,5184.327,1050.009,2.6223,16.132,0.6338274824004351,0.0,Merge
48430816.662,E0,PI193,0.7392457473759547,0.000625,7056.512,667.2478,2.3161,20.252,0.8280970212901502,0.0,Merge
49398386.874,E1,P489,0.2955894075424573,0.0024355585714285716,5198.644,1050.009,5.0723,31.296,0.821812310536503,0.0,Merge
51629615.801,E3,P132,0.8251538498301685,0.0030605727605727607,7319.905,1133.082,1.9637,17.365,0.8992940922826937,0.0,Hit+Run
51638412.798,E3,P132,0.8251538498301685,0.0030605727605727607,7319.905,1133.082,1.0525,9.3077,0.3313143184471436,0.0,Merge
51990367.547,E3,P491,0.8282144225907413,0.0024355585714285716,7328.944,1050.009,1.814,16.136,0.7042962502048422,0.0,Merge
52261019.657,E3,P626,0.8306499811621698,0.0024355585714285716,7336.121,1050.009,1.5779,14.050,0.780489520542608,0.0,Merge
54658848.871,E0,E1,0.7398707473759547,0.2980249661138859,7058.500,5212.884,1.0603,8.7119,0.6947265830090268,0.0,Graze+Merge
54719364.603,E6,FRAG0091,0.26499714234432237,0.005561771561771562,5012.729,1382.711,3.1319,18.199,0.7900676907142262,0.018874691974691975,Hit+Run
54769257.98,E6,FRAG0091,0.26499714234432237,0.005561771561771562,5012.729,1382.711,1.0295,5.9824,0.3096783180567369,0.0,Merge
57718276.648,E0,PI111,1.0378957134898406,0.000625,7901.540,667.2478,1.2407,12.203,0.8711366156064086,0.0,Merge
58565286.133,E3,P581,0.8330855397335983,0.0024355585714285716,7343.285,1050.009,3.3461,29.826,0.2686814726191702,0.0,Merge
58643755.376,E3,E10,0.8355210983050269,0.18746240396936403,7350.434,4466.478,1.1449,9.5171,0.8463916142317524,0.0,Hit+Run
59027562.318,E3,E10,0.8355210983050269,0.18746240396936403,7350.434,4466.478,1.0303,8.5645,0.39057051118991504,0.03804843822843823,Fragment
59609877.769,P7,P365,0.004871128871128871,0.0024355585714285716,1322.930,1050.009,28.991,45.451,0.12878408557574791,0.0073055477855477865,Fragment
60097937.937,E0,FRAG0106,1.0385207134898407,0.006341325341325341,7903.126,1444.509,1.9809,18.711,0.8715082986253357,0.0,Hit+Run
60338011.724,E3,FRAG0105,0.9849355502264389,0.006341325341325341,7764.791,1444.509,1.0249,9.4999,0.0994913025113633,0.0,Merge
60903117.825,E0,FRAG0106,1.0385207134898407,0.006341325341325341,7903.126,1444.509,1.3078,12.353,0.5923348021118647,0.0,Merge
61060377.7,P7,P846,0.0073066933066933066,0.0024355585714285716,1514.377,1050.009,19.306,33.620,0.795105251813366,0.0,Graze+Frag
64561172.495,E0,PI158,1.044862038831166,0.000625,7919.179,667.2478,2.254,22.221,0.2191361975981399,0.0,Merge
65943900.402,E0,P205,1.0454870388311661,0.0024355585714285716,7920.757,1050.009,3.428,33.101,0.7282588608281344,0.0,Merge
67614104.972,E3,FRAG0100,0.9912768755677642,0.007426906426906427,7781.419,1522.637,2.2722,21.032,0.967820678570774,0.0,Hit+Run
69084967.645,E0,P7,1.0479225974025947,0.009742257742257742,7926.903,1666.788,3.6904,34.618,0.7995738124737509,0.0,Merge
71121359.574,E0,FRAG0104,1.0576648551448524,0.006341325341325341,7951.392,1444.509,1.3155,12.506,0.4449644125402717,0.0,Merge
73518352.767,E3,P741,0.9912768755677642,0.0024355585714285716,7781.419,1050.009,2.4253,22.984,0.5987110755162394,0.0,Merge
82368249.019,E0,P445,1.0640061804861778,0.0024355585714285716,7967.252,1050.009,3.0618,29.748,0.5208560142576687,0.0,Merge
87893266.345,P125,FRAG0100,0.0024355585714285716,0.007426906426906427,1050.009,1522.637,7.4718,13.070,0.6954769149375575,0.0,Graze+Frag
103429634.203,E0,P381,1.0664417390576064,0.0024355585714285716,7973.326,1050.009,4.0912,39.782,0.6828723320285229,0.0,Merge
132559379.86,E0,P631,1.068877297629035,0.0024355585714285716,7979.392,1050.009,6.0959,59.323,0.69283031446384,0.0,Merge
148852419.092,E12,P473,0.10341111714285715,0.0024355585714285716,3663.106,1050.009,5.7247,24.237,0.8320090800912183,0.0,Hit+Run
198276221.352,E12,P17,0.10341111714285715,0.0024355585714285716,3663.106,1050.009,3.8823,16.437,0.4434791042503962,0.0,Merge
199830879.75,E3,P139,0.9937124341391927,0.0024355585714285716,7787.787,1050.009,2.7295,25.889,0.9225188586464302,0.0,Hit+Run
