time_yr,target,projectile,Mt_Mearth,Mp_Mearth,Rt_km,Rp_km,vimp/vesc,vimp_km/s,b,m_frag_Mearth,Regime
22858.006,E191,E202,0.48050518862183184,0.005,6112.608,1334.495,1.5935,11.495,0.5064356931297355,0.0,Merge
143273.616,E183,E341,0.11810886499252587,0.009999999999999998,3829.023,1681.359,1.5546,6.6969,0.9136207539577759,0.0,Hit+Run
148685.292,E191,FRAG1007,0.48550518862183184,0.005527805527805528,6133.736,1379.890,1.1293,8.1563,0.8606759520447402,0.0,Hit+Run
183591.73,E132,E315,0.01,0.005,1681.359,1334.495,7.3172,14.579,0.9945918921003953,0.0,Hit+Run
230711.077,E191,FRAG1007,0.48550518862183184,0.005527805527805528,6133.736,1379.890,1.0777,7.7836,0.8283485616426044,0.0,Hit+Run
250773.405,E93,E349,0.005,0.005,1334.495,1334.495,7.9688,13.780,0.9199499999999999,0.0,Hit+Run
272514.988,E117,E286,0.010000000000000007,0.006441598572611525,1681.359,1452.084,2.9238,5.9836,0.5313803183478105,0.006745028305028305,Fragment
538759.168,E311,E396,0.009999999999999998,0.005,1681.359,1334.495,2.6566,5.2932,0.454702436769665,0.005831282051282051,Fragment
658676.929,E111,FRAG1042,0.5693050724522937,0.005527805527805528,6468.082,1379.890,1.1905,9.1028,0.9507651833524196,0.0,Hit+Run
671373.902,NEPTUNE,K249,16.10942390942391,0.02,19710.02,2118.379,0.9999,24.283,0.9540602053486269,0.0,Perfect
817627.466,FRAG1007,E13,0.005527805527805528,0.005,1379.890,1334.495,3.309,5.8222,0.22312006853477856,0.0,Fragment
890689.765,FRAG1042,E256,0.005527805527805528,0.005,1379.890,1334.495,3.1601,5.5602,0.9767158525310321,0.0,Hit+Run
952055.018,FRAG1056,E163,0.005930859065682864,0.00499999999999998,1412.645,1334.495,4.0993,7.3055,0.5285191781738326,0.00947908091908092,Graze+Frag
1093798.199,E111,E93,0.5693050724522937,0.005,6468.082,1334.495,1.6375,12.551,0.5108925675127678,0.0,Merge
1152931.858,E111,E256,0.5743050724522937,0.005,6486.962,1334.495,1.0624,8.1687,0.9225195896977758,0.0,Hit+Run
1180933.139,FRAG1034,FRAG1042,0.005527805527805528,0.005527805527805528,1379.890,1379.890,10.933,19.551,0.41600000000000004,0.011017469197469197,Fragment
1203074.907,E111,E316,0.5743050724522937,0.005,6486.962,1334.495,1.3477,10.362,0.9653985457234657,0.0,Hit+Run
1336574.136,E111,E283,0.5743050724522937,0.005,6486.962,1334.495,1.802,13.855,0.516040356657337,0.0,Merge
1513081.598,E323,FRAG1063,0.015,0.005542921037841315,1924.675,1381.147,1.7921,3.9912,0.623835555991656,0.0,Hit+Run
1577016.322,FRAG1026,E256,0.0059619914289775625,0.005,1415.112,1334.495,4.8005,8.5635,0.6595363854572163,0.007133080253080253,Graze+Frag
1587633.139,E360,FRAG1060,0.01,0.005669705282454659,1681.359,1391.598,4.74,9.5628,0.6063481359671343,0.011724475524475524,Graze+Frag
1596389.135,E333,FRAG1059,0.01,0.005930859065682864,1681.359,1412.645,2.8838,5.8463,0.75248058092841,0.0,Hit+Run
1742298.441,E183,FRAG1005,0.11810886499252587,0.0223864742019519,3829.023,2199.492,1.0318,4.4501,0.31293936383942594,0.0,Merge
1799656.956,E270,FRAG1039,0.009276801997969389,0.005559923303950979,1639.809,1382.558,4.682,9.2679,0.6347383996871656,0.00930902430902431,Graze+Frag
1819644.26,E111,E179,0.5793050724522937,0.004999999999999993,6505.733,1334.495,1.9029,14.676,0.775935407684229,0.0,Merge
2120834.035,E270,FRAG0003,0.005527700992896057,0.010141858141858142,1379.882,1689.272,6.5773,13.277,0.5562412144025889,0.010141858141858142,Graze+Frag
2122311.764,E218,FRAG1054,0.02,0.00661321736952748,2118.379,1464.866,2.0067,4.8859,0.8756707631307254,0.0,Hit+Run
2198714.853,E193,FRAG1052,0.01499999999999999,0.005575286250641551,1924.675,1383.830,6.0696,13.523,0.6707992921225312,0.01374825174825175,Graze+Frag
2333081.665,E111,FRAG0006,0.5843050724522937,0.006874125874125875,6524.397,1483.883,1.2764,9.7979,0.8109587562898126,0.0,Merge
2360990.466,FRAG1057,FRAG1022,0.00593085906568286,0.005527805527805528,1412.645,1379.890,4.7249,8.5510,0.3088303248890571,0.0059307359307359305,Fragment
2386465.092,E191,FRAG1061,0.48550518862183184,0.010120937486954149,6133.736,1688.110,1.3666,9.7189,0.9316059808438113,0.0,Hit+Run
2542435.276,E306,E70,0.009999999999999998,0.005,1681.359,1334.495,6.1718,12.297,0.7213578751057744,0.008517795537795537,Graze+Frag
2584809.62,E183,E362,0.14049533919447776,0.005000000000000004,4057.088,1334.495,1.086,5.0402,0.6384838792824711,0.0,Merge
2596822.61,E191,FRAG1044,0.48550518862183184,0.009593131959148621,6133.736,1658.239,1.1326,8.0659,0.45467877889063135,0.0,Merge
2678905.397,FRAG1055,FRAG1057,0.005527805527805528,0.005527928662752457,1379.890,1379.901,2.6539,4.7456,0.8607468044213151,0.0,Hit+Run
2989146.283,E111,E360,0.5911791983264195,0.005527847140596518,6549.883,1379.894,1.2698,9.8410,0.746938903406382,0.0,Merge
2991428.727,E282,E333,0.026276563737268537,0.01,2320.153,1681.359,3.0694,8.2568,0.07508657197495347,0.0234965034965035,Fragment
3011924.308,E35,FRAG1053,0.01663858829345743,0.00661321736952748,1992.351,1464.866,4.3799,10.148,0.9418266331478644,0.0,Hit+Run
3017017.705,E111,FRAG0007,0.596707045467016,0.006874125874125875,6570.235,1483.883,1.1923,9.2215,0.7163196907959263,0.0,Merge
3056800.883,E191,E282,0.49509832058098047,0.012780060240765036,6173.872,1824.616,1.3454,9.5782,0.6351799715312185,0.0,Merge
3191115.619,E56,E186,0.005,0.005,1334.495,1334.495,7.0986,12.275,0.65605,0.0,Graze+Frag
3215424.423,E191,E141,0.5078783808217455,0.005,6226.544,1334.495,1.4779,10.874,0.6778258838941317,0.0,Merge
3308408.979,E341,FRAG1049,0.009999999999999998,0.007822501762604066,1681.359,1549.205,4.8745,10.228,0.646923868785077,0.012294372294372295,Graze+Frag
3533917.935,E111,FRAG1058,0.6035811713411419,0.005930859065682864,6595.368,1412.645,1.1911,9.2839,0.5113708034322525,0.0,Merge
3629247.23,FRAG1034,E316,0.011055611055611056,0.005,1738.553,1334.495,3.0395,6.2070,0.8273979415278981,0.0,Hit+Run
3712179.563,E111,FRAG1046,0.6095120304068248,0.005669705282454659,6616.900,1391.598,1.3203,10.338,0.976774749607812,0.0,Hit+Run
3886087.892,E323,FRAG1053,0.015,0.00661321736952748,1924.675,1464.866,5.4663,12.332,0.5376759634618955,0.020176490176490175,Fragment
3920386.032,FRAG1064,FRAG0004,0.005542921037841315,0.00930902430902431,1381.147,1641.705,7.2057,14.269,0.4564907806990567,0.014607226107226107,Fragment
4037187.788,E111,FRAG1070,0.6095120304068248,0.011011139760611105,6616.900,1736.219,1.2256,9.4375,0.7573719343626364,0.0,Merge
4117854.729,FRAG1065,FRAG0005,0.005542921037841315,0.010141858141858142,1381.147,1689.272,2.455,4.9573,0.646486565579981,0.0,Hit+Run
4222109.74,E111,E190,0.6205231701674359,0.005527805527805528,6656.508,1379.890,1.1807,9.3104,0.7888680491614761,0.0,Merge
4466777.373,E191,E77,0.5128783808217455,0.005,6246.911,1334.495,1.1259,8.3137,0.5444845442057937,0.0,Merge
4477793.916,E191,E291,0.5178783808217455,0.005,6267.145,1334.495,1.3814,10.235,0.3279647654832719,0.0,Merge
4735504.824,E249,E326,0.005,0.005,1334.495,1334.495,2.7418,4.7415,0.71715,0.0,Hit+Run
4758836.853,FRAG1065,E270,0.005542921037841315,0.005527700992896059,1381.147,1379.882,5.1878,9.2809,0.6405934312757118,0.00961948717948718,Graze+Frag
4874425.925,E111,E352,0.6260509756952414,0.005527805527805528,6676.216,1379.890,1.5868,12.552,0.8378307920367413,0.0,Hit+Run
5067243.734,E111,E352,0.6260509756952414,0.005527805527805528,6676.216,1379.890,1.1415,9.0299,0.6434971414604644,0.0,Merge
5070800.376,E56,FRAG1035,0.01,0.00689113500747417,1681.359,1485.105,5.5917,11.538,0.8727871705196356,0.0,Hit+Run
5099065.363,E111,FRAG1059,0.6315787812230469,0.005930859065682864,6695.808,1412.645,1.5728,12.459,0.7578194079303952,0.0,Merge
5442888.611,E111,FRAG0010,0.6375096402887298,0.005874125874125875,6716.702,1408.126,2.1306,16.938,0.8764551433136497,0.0,Hit+Run
5620531.073,E35,FRAG1065,0.01663858829345743,0.00552783148794683,1992.351,1379.893,5.0279,11.516,0.9810379106536793,0.0,Hit+Run
5637446.783,E111,FRAG1035,0.6375096402887298,0.00689113500747417,6716.702,1485.105,1.2455,9.8633,0.9417688664975082,0.0,Hit+Run
5667496.844,E111,FRAG1035,0.6375096402887298,0.00689113500747417,6716.702,1485.105,1.0044,7.9540,0.896072603236151,0.0,Graze+Merge
5672380.851,FRAG1065,FRAG0005,0.00552783148794683,0.010141858141858142,1379.893,1689.272,5.9951,12.102,0.8469092416124174,0.0,Hit+Run
5746888.166,E316,FRAG0009,0.005,0.008517482517482517,1334.495,1593.789,3.3851,6.4978,0.8363028173193657,0.0,Hit+Run
5783992.618,E111,FRAG1054,0.644400775296204,0.00661321736952748,6740.817,1464.866,1.7958,14.290,0.3789493942082377,0.0,Merge
5812923.526,FRAG1019,FRAG1013,0.008170658403719904,0.007899415646949674,1571.856,1554.266,4.7634,9.6489,0.2038405371341058,0.010542124542124541,Fragment
5936359.132,E111,FRAG1063,0.6510139926657315,0.005542921037841315,6763.797,1381.147,1.4222,11.408,0.9926116356616945,0.0,Hit+Run
5954582.811,E111,FRAG1063,0.6510139926657315,0.005542921037841315,6763.797,1381.147,1.0704,8.5860,0.8809189518195646,0.0,Hit+Run
6011404.058,E191,E7,0.5228783808217455,0.03,6287.250,2424.939,1.0805,7.6901,0.20726112383046416,0.0,Merge
6015858.669,E111,FRAG0002,0.6510139926657315,0.005831168831168832,6763.797,1404.685,1.8968,15.196,0.7068943021145578,0.0,Merge
6062435.411,E111,E316,0.6568451614969003,0.005,6783.932,1334.495,1.1742,9.4719,0.8648681677491885,0.0,Hit+Run
6208387.254,E111,FRAG1063,0.6568451614969003,0.005542921037841315,6783.932,1381.147,1.3374,10.762,0.7712752960184034,0.0,Merge
6276695.792,E111,E316,0.6623880825347416,0.005,6802.961,1334.495,1.0031,8.1160,0.3099073539664096,0.0,Merge
6319736.672,E191,E368,0.5528783808217456,0.01,6405.264,1681.359,1.3976,10.417,0.8113290025409258,0.0,Hit+Run
6618188.658,E111,E177,0.6673880825347416,0.009999999999999998,6820.036,1681.359,1.9512,15.560,0.6553380054934583,0.0,Merge
6634013.667,E306,FRAG0016,0.006482517482517483,0.008042624042624043,1455.152,1563.602,9.3441,18.312,0.6856979097122317,0.008997335997335997,Graze+Frag
6659110.372,E191,FRAG0013,0.5528783808217456,0.005874125874125875,6405.264,1408.126,1.6591,12.534,0.6495119958167603,0.0,Merge
6818907.229,E193,FRAG0018,0.00682703450238979,0.009324009324009324,1480.486,1642.585,6.0054,12.201,0.7054310496022983,0.010623043623043624,Graze+Frag
7054429.076,E111,FRAG1007,0.6773880825347416,0.01052780552780553,6853.930,1710.434,1.3286,10.638,0.9857106901828891,0.0,Hit+Run
7073050.297,E111,FRAG1007,0.6773880825347416,0.01052780552780553,6853.930,1710.434,1.0412,8.3370,0.6880047741740926,0.0,Merge
7102483.253,FRAG1034,E287,0.011055611055611056,0.005527805527805528,1738.553,1379.890,8.0052,16.492,0.8326362056344958,0.0,Hit+Run
7297974.993,E301,FRAG0001,0.010000000000000004,0.006744921744921745,1681.359,1474.527,6.8847,14.168,0.8772045339900765,0.0,Hit+Run
7419122.192,E306,FRAG0017,0.005527805527805529,0.008042624042624043,1379.890,1563.602,3.7224,7.1407,0.9800598451359086,0.0,Hit+Run
7756645.563,E35,E306,0.01663858829345743,0.005527805527805529,1992.351,1379.890,3.9497,9.0471,0.7486733132811516,0.0,Hit+Run
7770003.709,E35,E306,0.01663858829345743,0.005527805527805529,1992.351,1379.890,1.0642,2.4376,0.7012904220839069,0.0,Graze+Merge
7776703.692,E191,E294,0.5587525066958714,0.005,6427.868,1334.495,1.4842,11.300,0.9696003818222451,0.0,Hit+Run
8310042.378,E334,E349,0.005,0.005,1334.495,1334.495,4.0779,7.0521,0.51485,0.009015298035298035,Graze+Frag
8551998.97,E56,E341,0.01,0.005528129468231769,1681.359,1379.917,11.258,22.654,0.9089832150309136,0.0,Hit+Run
8892093.631,E193,E124,0.005528000203355489,0.005,1379.907,1334.495,6.2387,10.977,0.5759265993971756,0.010119753579753579,Graze+Frag
9124788.697,E111,FRAG1065,0.6879158880625471,0.00552783148794683,6889.255,1379.893,1.3809,11.297,0.6864137869726954,0.0,Merge
9163590.84,E377,FRAG0011,0.005,0.005874125874125875,1334.495,1408.126,13.160,23.412,0.8670795260260186,0.0,Hit+Run
9166880.346,E111,E193,0.6934437195504939,0.01052780552780553,6907.659,1710.434,1.1479,9.2690,0.8963508117225204,0.0,Hit+Run
9230404.19,E111,E377,0.6934437195504939,0.005,6907.659,1334.495,1.502,12.353,0.5150894903423981,0.0,Merge
9416336.784,E241,E326,0.01,0.005,1681.359,1334.495,5.6129,11.183,0.9060598335434766,0.0,Hit+Run
9447038.355,FRAG1064,FRAG0011,0.005527936022856301,0.005874125874125875,1379.901,1408.126,10.234,18.491,0.8556492936585974,0.0,Hit+Run
9713238.947,FRAG1061,FRAG0005,0.010120937486954149,0.010141858141858142,1688.110,1689.272,6.1223,13.397,0.9963069973581529,0.0,Hit+Run
9794833.78,E323,FRAG0017,0.005527969284279392,0.008042624042624043,1379.904,1563.602,2.7594,5.2934,0.5754002505437634,0.0,Hit+Run
9945828.584,E111,FRAG1061,0.6984437195504939,0.010120937486954149,6924.222,1688.110,1.0079,8.1677,0.9578727376384885,0.0,Graze+Merge
10002585.316,E183,FRAG1034,0.14549533919447777,0.011055611055611056,4104.657,1738.553,2.6714,12.353,0.8920616153608054,0.0,Hit+Run
10663541.015,E231,E159,0.009999999999999998,0.004999999999999997,1681.359,1334.495,3.3158,6.6067,0.9390642281692297,0.0,Hit+Run
10938160.493,E111,E341,0.7085646570374481,0.005528129468231769,6957.507,1379.917,1.9992,16.530,0.66659150843783,0.0,Merge
11033447.425,E35,FRAG0021,0.02216639382126296,0.008997335997335997,2192.260,1623.174,5.5003,14.044,0.604799610177886,0.025635697635697636,Graze+Frag
12172383.656,E111,FRAG0020,0.7140927865056799,0.010542124542124541,6975.554,1711.209,1.2729,10.386,0.466147035988325,0.0,Merge
12715583.883,E111,E35,0.7246349110478044,0.005528032182901321,7009.713,1379.909,1.1801,9.8359,0.3545119161661685,0.0,Merge
12776403.801,E191,FRAG0022,0.5587525066958714,0.010623043623043624,6427.868,1715.576,1.0895,8.1391,0.7900407518045324,0.0,Hit+Run
12835362.735,FRAG1006,FRAG1034,0.01215870283405814,0.011055611055611056,1794.552,1738.553,3.2839,7.5205,0.6694450560218773,0.006751108891108891,Hit+Run
13286311.901,E111,FRAG0017,0.7301629432307057,0.008042624042624043,7027.493,1563.602,1.4337,11.873,0.5271174529100264,0.0,Merge
13868939.305,E191,E132,0.5587525066958714,0.01,6427.868,1681.359,1.5218,11.386,0.97275358086493,0.0,Hit+Run
14085872.093,E111,FRAG1015,0.7382055672733298,0.007236097236097237,7053.201,1509.484,1.4041,11.704,0.9504832052845154,0.0,Hit+Run
14088642.392,E56,E140,0.01,0.009911392056492828,1681.359,1676.378,5.5905,12.162,0.4701964467621717,0.019285407925407925,Fragment
14546596.766,E183,E364,0.14549533919447777,0.005000000000000004,4104.657,1334.495,1.1857,5.5722,0.6259067730352458,0.0,Merge
14728430.731,E56,E50,0.0055277756728764425,0.005,1379.888,1334.495,10.85,19.090,0.7166372345026882,0.0,Graze+Frag
15235967.625,E191,E264,0.5587525066958714,0.014999999999999998,6427.868,1924.675,1.8057,13.370,0.6569050562035085,0.0,Merge
15408990.795,FRAG1057,E125,0.005527928662752457,0.005,1379.901,1334.495,10.921,19.217,0.8222784877990642,0.0,Graze+Frag
15485407.169,FRAG1057,FRAG0025,0.01052780552780553,0.006408924408924409,1710.434,1449.624,7.6167,15.754,0.853631586067479,0.0,Hit+Run
15626215.437,E183,FRAG1006,0.15049533919447777,0.01215870283405814,4151.147,1794.552,3.7429,17.490,0.6624297524896525,0.009864921744921745,Fragment
15916339.681,URANUS,K103,15.94942390942391,0.02,19644.55,2118.379,1.0022,24.254,0.9167426218281276,0.0,Graze+Merge
16555108.706,E111,E200,0.7382055672733298,0.005,7053.201,1334.495,1.3124,11.037,0.16927285566788422,0.0,Merge
17427316.514,E191,E113,0.5737525066958714,0.016829341596280096,6484.881,1999.936,1.4173,10.564,0.40484565532663996,0.0,Merge
17434900.471,E111,FRAG0028,0.7432055672733298,0.007191808191808193,7069.089,1506.398,1.0155,8.4869,0.7978754987612342,0.0,Merge
17621623.765,E111,FRAG0025,0.750397375465138,0.006408924408924409,7091.818,1449.624,1.8905,15.898,0.6426393566450169,0.0,Merge
17864956.335,E231,FRAG0027,0.009999999999999998,0.007191808191808193,1681.359,1506.398,8.9668,18.604,0.36319697414033075,0.011663669663669664,Fragment
19097540.045,E183,FRAG1015,0.15278924016373405,0.007236097236097237,4172.132,1509.484,1.5013,7.1184,0.9720945790631145,0.0,Hit+Run
19621974.813,E111,E326,0.7568062998740623,0.005,7111.951,1334.495,2.5598,21.719,0.9057448611704684,0.0,Hit+Run
19876351.121,E111,E137,0.7568062998740623,0.01,7111.951,1681.359,2.537,21.166,0.9178161344859015,0.0,Hit+Run
20858699.271,E111,E137,0.7568062998740623,0.01,7111.951,1681.359,1.3052,10.889,0.9459620645882184,0.0,Hit+Run
21168842.123,E111,E137,0.7568062998740623,0.01,7111.951,1681.359,1.0866,9.0655,0.803048678120419,0.0,Merge
22589721.048,E191,E321,0.5905818482921515,0.005,6547.676,1334.495,1.2361,9.5997,0.656913149589437,0.0,Merge
22884033.104,E111,E287,0.7668062998740623,0.005527805527805528,7143.138,1379.890,2.0231,17.206,0.7711344627852555,0.0,Merge
23590843.669,E191,E232,0.5955818482921515,0.01,6566.102,1681.359,1.8463,14.134,0.7655645320590658,0.0,Merge
24054842.917,E191,E159,0.6055818482921516,0.004999999999999997,6602.647,1334.495,2.8103,22.021,0.5110159009044664,0.0,Merge
24450580.951,E191,FRAG0024,0.6105818482921516,0.006408924408924409,6620.769,1449.624,1.713,13.381,0.7261981357374281,0.0,Merge
24673504.647,E191,E132,0.6169907727010759,0.01,6643.853,1681.359,2.7136,21.039,0.9856593224526855,0.0,Hit+Run
28505048.811,E111,FRAG1055,0.7723341054018679,0.005527805527805528,7160.262,1379.890,3.6105,30.785,0.5941904926701733,0.0,Merge
30346643.749,E183,E102,0.15278924016373405,0.005527805527805528,4172.132,1379.890,5.5928,26.682,0.7011136903502754,0.006092574092574093,Fragment
32296117.702,E191,FRAG1046,0.6169907727010759,0.005669705282454659,6643.853,1391.598,2.9117,22.899,0.6868374084831127,0.0,Merge
37838243.825,E111,FRAG1015,0.7778619109296734,0.007236097236097237,7177.304,1509.484,3.5568,30.209,0.9435571310301782,0.0,Hit+Run
40355352.666,E111,FRAG1015,0.7778619109296734,0.007236097236097237,7177.304,1509.484,2.2287,18.929,0.9552070045393951,0.0,Hit+Run
40378260.87,E191,FRAG0030,0.6226604779835306,0.005831834831834832,6664.142,1404.738,1.8731,14.769,0.6512273711819828,0.0,Merge
63266702.214,E111,FRAG1015,0.7778619109296734,0.007236097236097237,7177.304,1509.484,2.0565,17.467,0.6378512304337108,0.0,Merge
146660696.909,E111,E326,0.7850980081657706,0.005,7199.491,1334.495,3.7714,32.420,0.9018359385164635,0.0,Hit+Run
146679482.928,E111,E326,0.7850980081657706,0.005,7199.491,1334.495,1.0545,9.0650,0.6257172269388784,0.0,Merge
