time_yr,target,projectile,Mt_Mearth,Mp_Mearth,Rt_km,Rp_km,vimp/vesc,vimp_km/s,b,m_frag_Mearth,Regime
21223.049,E2,P187,0.027500000000000004,0.002500000000000014,2355.617,1059.189,1.2484,3.3058,0.7259022027312898,0.0,Hit+Run
48595.491,ICE1,P994,7.9547119547119545,0.0025,15578.84,1059.189,1.008,19.694,0.7472923559974589,0.0,Merge
52477.186,E4,P235,0.26357117430360666,0.0025,5003.721,1059.189,1.5658,9.2672,0.9786408820444434,0.0,Hit+Run
89613.394,E39,P371,0.16367416750936278,0.0025,4268.945,1059.189,1.0808,5.3925,0.4656621613662649,0.0,Merge
163145.236,E58,P963,0.05500000000000001,0.0025,2967.891,1059.189,1.0091,3.4066,0.9212290717454185,0.0,Graze+Merge
195401.311,NEPTUNE,K484,16.10942390942391,0.02,19710.02,2118.379,1.0001,24.288,0.18447331057422342,0.0,Merge
197638.893,E23,P47,0.3575000000000004,0.0025,5538.844,1059.189,1.8224,12.026,0.6421936885742429,0.0,Merge
253212.692,URANUS,K504,15.909423909423909,0.02,19628.11,2118.379,0.9999,24.177,0.7985191959954558,0.0,Perfect
301976.771,URANUS,K458,15.929423909423909,0.02,19636.34,2118.379,1.0002,24.195,0.5631473339583262,0.0,Merge
335522.736,E23,P64,0.3600000000000004,0.0025000000000000022,5551.725,1059.189,1.2075,7.9885,0.5298182504563259,0.0,Merge
412556.964,E23,E13,0.3625000000000004,0.03250000000000003,5564.547,2490.510,1.223,7.6515,0.7371677455423915,0.010241425241425241,Hit+Run+Frag
454642.748,E23,FRAG0001,0.3624998334998339,0.010241425241425241,5564.546,1694.782,1.1077,7.0914,0.7862373150716196,0.0,Hit+Run
495158.506,E49,P400,0.08750000000000001,0.0025,3464.680,1059.189,1.4068,5.6060,0.41150003320522666,0.0,Merge
507437.826,E4,FRAG0001,0.26357117430360666,0.010241425241425241,5003.721,1694.782,1.5278,8.7269,0.7906898682799762,0.0,Hit+Run
525466.504,E23,E13,0.3624998334998339,0.02225874125874126,5564.546,2195.300,1.0643,6.6955,0.9680063296029889,0.0,Hit+Run
540255.982,E4,P126,0.26357117430360666,0.0025000000000000022,5003.721,1059.189,2.7007,15.984,0.5893468155405102,0.0,Merge
557730.077,E4,FRAG0001,0.26607117430360666,0.010241425241425241,5019.492,1694.782,1.0968,6.2861,0.7262789920948,0.0,Merge
642367.829,E23,P176,0.3624998334998339,0.0025,5564.546,1059.189,1.2979,8.6078,0.24555882620412736,0.0,Merge
646091.745,E23,P217,0.3649998334998339,0.0025,5577.309,1059.189,1.0459,6.9535,0.9547776432242001,0.0,Hit+Run
809268.302,E23,E13,0.3649998334998339,0.02225874125874126,5577.309,2195.300,1.0584,6.6745,0.3624392425113873,0.0,Merge
862733.201,E48,P94,0.03250000000000001,0.0025,2490.510,1059.189,2.3916,6.7094,0.7532500200550979,0.0,Hit+Run
881390.633,E23,P244,0.38725857475857517,0.0025,5688.453,1059.189,1.2999,8.8265,0.5054796869214049,0.0,Merge
991812.676,E23,P263,0.38975857475857517,0.0025,5700.667,1059.189,1.7661,12.019,0.9907227041557073,0.0,Hit+Run
1025159.242,E49,P384,0.09000000000000001,0.0025,3497.368,1059.189,1.2008,4.8337,0.9050135425167947,0.0,Hit+Run
1046546.044,NEPTUNE,K125,16.12942390942391,0.02,19718.17,2118.379,1.001,24.320,0.18177174558850293,0.0,Merge
1069188.878,E29,P365,0.1788258324906372,0.0025,4396.805,1059.189,1.7,8.7558,0.19566445595990267,0.0,Merge
1080193.094,E4,P187,0.2763125995450319,0.002500000000000014,5083.085,1059.189,1.5395,9.2667,0.5724214526317848,0.0,Merge
1093263.399,E23,P399,0.38975857475857517,0.0025000000000000022,5700.667,1059.189,1.4257,9.7029,0.8814294947084993,0.0,Hit+Run
1159581.104,E49,P364,0.09000000000000001,0.0025,3497.368,1059.189,1.0955,4.4098,0.8119869617746731,0.0,Hit+Run
1168096.929,E4,P214,0.2788125995450319,0.0024999999999999905,5098.369,1059.189,2.0758,12.535,0.6965013442269685,0.0,Merge
1240589.423,E4,P10,0.2813125995450319,0.0025,5113.562,1059.189,1.4838,8.9889,0.5389627722790906,0.0,Merge
1259309.379,E25,E45,0.030000000000000002,0.025,2424.939,2281.955,1.1425,3.4892,0.8107525963375389,0.0,Hit+Run
1319653.874,E43,P295,0.065,0.0025,3137.846,1059.189,2.4129,8.6452,0.9522611952639911,0.0,Hit+Run
1348826.564,E4,P282,0.2838125995450319,0.0025,5128.665,1059.189,1.6899,10.269,0.9052455366750645,0.0,Hit+Run
1417307.352,E23,P109,0.38975857475857517,0.002500000000000014,5700.667,1059.189,1.7105,11.641,0.39888648201025645,0.0,Merge
1549140.01,E46,P772,0.025,0.0025,2281.955,1059.189,1.7088,4.3799,0.9289975394455696,0.0,Hit+Run
1613081.214,E4,P128,0.2838125995450319,0.002500000000000014,5128.665,1059.189,1.4207,8.6339,0.45353447872971536,0.0,Merge
1749316.866,NEPTUNE,K417,16.14942390942391,0.02,19726.32,2118.379,0.9999,24.304,0.3751167827399055,0.0,Perfect
1772176.409,E24,P189,0.030000000000000002,0.0025,2424.939,1059.189,1.8431,5.0292,0.8425029435262982,0.0,Hit+Run
1783585.08,E82,P577,0.027500000000000004,0.0025,2355.617,1059.189,1.1616,3.0760,0.7691541918135404,0.0,Hit+Run
1807085.351,E19,E27,0.027500000000000004,0.025,2355.617,2281.955,1.3916,4.1831,0.4197123481720694,0.007152181152181152,Fragment
1929895.757,E43,P125,0.065,0.0025,3137.846,1059.189,2.8933,10.366,0.2336355684384056,0.0,Merge
1953087.804,E4,P12,0.2863125995450319,0.0025,5143.680,1059.189,2.1145,12.890,0.8705382240675097,0.0,Hit+Run
1962407.145,E23,P136,0.3922585747585752,0.002500000000000014,5712.830,1059.189,1.4247,9.7182,0.8577655779499787,0.0,Hit+Run
1982680.042,E23,P200,0.3922585747585752,0.0025000000000000022,5712.830,1059.189,2.6999,18.416,0.8058845954126819,0.0,Merge
2030950.986,E42,P481,0.05,0.0025,2875.083,1059.189,1.4971,4.8860,0.7233248477236729,0.0,Merge
2034888.74,E57,P457,0.052500000000000005,0.0025,2922.224,1059.189,1.2605,4.1856,0.22708921492375705,0.0,Merge
2052989.478,E19,E11,0.045347818847818855,0.04,2782.996,2668.991,1.2486,4.4136,0.7144333234595541,0.0,Hit+Run
2054791.566,E11,P57,0.04,0.002500000000000014,2668.991,1059.189,1.4453,4.3597,0.9403298512372296,0.0,Hit+Run
2115655.549,E19,P114,0.045347818847818855,0.0025000000000000022,2782.996,1059.189,2.1851,6.8892,0.69607752076134,0.0,Merge
2125913.351,E44,P377,0.030000000000000002,0.0025,2424.939,1059.189,1.2707,3.4673,0.8622692248944491,0.0,Hit+Run
2178435.359,E74,P674,0.027500000000000004,0.0025,2355.617,1059.189,1.3469,3.5667,0.5506178259242762,0.0,Merge
2181931.877,E19,P184,0.04784781884781886,0.0025,2833.226,1059.189,1.1591,3.7244,0.16239084756530744,0.0,Merge
2218278.972,E11,P265,0.04,0.0025,2668.991,1059.189,1.1752,3.5449,0.31592505774723234,0.0,Merge
2281814.661,E55,P303,0.030000000000000002,0.0025,2424.939,1059.189,1.3715,3.7423,0.5416239493202523,0.0,Merge
2355562.584,E23,P74,0.3947585747585752,0.0025,5724.941,1059.189,1.7521,11.978,0.5722298926928097,0.0,Merge
2446760.278,E23,P235,0.3972585747585752,0.0025,5737.001,1059.189,1.5567,10.666,0.614625233932489,0.0,Merge
2511032.498,E4,P174,0.2863125995450319,0.0025,5143.680,1059.189,1.9598,11.947,0.9833980566980945,0.0,Hit+Run
2524102.522,E4,P31,0.2863125995450319,0.002500000000000014,5143.680,1059.189,1.4634,8.9213,0.9952562169230564,0.0,Hit+Run
2530455.322,E23,P405,0.3997585747585752,0.0025,5749.010,1059.189,1.2821,8.8047,0.7407290758358658,0.0,Merge
2535895.118,E24,P421,0.030000000000000002,0.0025,2424.939,1059.189,2.4332,6.6394,0.6501992976805187,0.0,Merge
2635807.015,E4,P174,0.2863125995450319,0.0025,5143.680,1059.189,1.078,6.5718,0.6339554889499057,0.0,Merge
2763178.496,E39,P632,0.16617416750936279,0.0025,4290.570,1059.189,1.1889,5.9643,0.3670005523110401,0.0,Merge
2970523.597,E23,P119,0.4022585747585752,0.0025,5760.970,1059.189,1.1299,7.7767,0.9957290588327402,0.0,Hit+Run
2978640.367,NEPTUNE,K943,16.16942390942391,0.02,19734.46,2118.379,1.0002,24.322,0.40159149251438264,0.0,Merge
3051211.46,NEPTUNE,K517,16.18942390942391,0.02,19742.59,2118.379,0.9998,24.323,0.4065745677989655,0.0,Perfect
3063777.371,E43,P445,0.0675,0.0025,3177.569,1059.189,1.6032,5.8220,0.84705,0.0,Hit+Run
3067762.825,E4,P92,0.2888125995450319,0.0025,5158.608,1059.189,1.839,11.246,0.44544012097781366,0.0,Merge
3132989.79,E4,P40,0.2913125995450319,0.0025,5173.450,1059.189,2.391,14.666,0.49288819071692075,0.0,Merge
3139304.382,E29,P108,0.1813258324906372,0.0025,4417.200,1059.189,1.034,5.3522,0.4674994214559802,0.0,Merge
3216518.834,E4,P98,0.2938125995450319,0.0025,5188.207,1059.189,2.0144,12.394,0.8788747642789588,0.0,Hit+Run
3260428.095,E39,P395,0.1686741675093628,0.0025,4311.979,1059.189,1.131,5.7043,0.8435028801222412,0.0,Hit+Run
3265333.471,E55,P151,0.0325,0.0025,2490.510,1059.189,2.0864,5.8531,0.7753507797716919,0.0,Hit+Run
3278774.631,E23,P282,0.4022585747585752,0.0025,5760.970,1059.189,1.6928,11.651,0.9828051916795837,0.0,Hit+Run
3412088.546,E23,P194,0.4022585747585752,0.0025,5760.970,1059.189,1.3391,9.2166,0.5687346244588429,0.0,Merge
3437166.022,P1,P91,0.005,0.002500000000000014,1334.495,1059.189,10.658,16.856,0.4548696887694573,0.0,Fragment
3475826.506,E4,P84,0.2938125995450319,0.0025,5188.207,1059.189,2.0973,12.904,0.30569195949266253,0.0,Merge
3478190.064,E4,P98,0.2963125995450319,0.0025,5202.881,1059.189,1.4256,8.7982,0.7994499150042893,0.0,Merge
3513550.9,E4,P21,0.2988125995450319,0.0025,5217.472,1059.189,1.6122,9.9797,0.2114698703541392,0.0,Merge
3542624.478,E23,P147,0.4047585747585752,0.0025,5772.880,1059.189,1.3239,9.1321,0.2767269973622666,0.0,Merge
3628888.587,E4,P263,0.3013125995450319,0.0025,5231.982,1059.189,1.7344,10.768,0.9308531996178605,0.0,Hit+Run
3657461.546,E23,P223,0.4072585747585752,0.0025,5784.741,1059.189,1.7333,11.982,0.7820974382227572,0.0,Merge
3685530.03,E43,P53,0.0675,0.0025,3177.569,1059.189,2.234,8.1128,0.43485,0.0,Merge
3688444.683,E23,P362,0.4097585747585752,0.0025,5796.553,1059.189,1.3877,9.6141,0.6663411304477809,0.0,Merge
3706695.647,E4,P31,0.3013125995450319,0.002500000000000014,5231.982,1059.189,1.5236,9.4594,0.03226758165386668,0.0,Merge
3713027.378,E66,P558,0.03250000000000001,0.0025,2490.510,1059.189,1.9561,5.4876,0.458853868401671,0.0,Merge
3779198.21,E23,P39,0.4122585747585752,0.0025,5808.318,1059.189,1.8256,12.675,0.6333110342885551,0.0,Merge
3815622.498,E55,P511,0.0325,0.0025,2490.510,1059.189,2.8963,8.1252,0.8116240901636895,0.0,Hit+Run
3820523.698,E31,P780,0.030000000000000002,0.0025,2424.939,1059.189,2.4583,6.7079,0.38119691215973034,0.0,Merge
3905865.771,E49,P499,0.09000000000000001,0.0025,3497.368,1059.189,2.0735,8.3466,0.4829399719714758,0.0,Merge
3952126.239,E4,P27,0.3038125995450319,0.0025,5246.412,1059.189,2.7425,17.077,0.6676160503881772,0.0,Merge
4085489.811,E24,P523,0.0325,0.0025000000000000022,2490.510,1059.189,1.3213,3.7067,0.6625316635041252,0.0,Merge
4136176.987,E29,E49,0.1838258324906372,0.09250000000000001,4437.408,3529.455,1.0296,5.4174,0.08326896314686673,0.024756576756576755,Fragment
4146495.788,E29,P100,0.2515692557340604,0.0025,4926.589,1059.189,2.2906,13.332,0.04238702088285181,0.0,Merge
4159874.729,E59,P501,0.025,0.0025000000000000022,2281.955,1059.189,2.4241,6.2133,0.5422225750373751,0.0,Merge
4223320.703,E48,P137,0.03250000000000001,0.0025,2490.510,1059.189,1.9215,5.3905,0.7138896194169729,0.0,Hit+Run
4242484.069,E29,P121,0.2540692557340604,0.0025,4942.855,1059.189,2.189,12.786,0.999104767789759,0.0,Hit+Run
4246642.083,E55,P602,0.0325,0.0025000000000000022,2490.510,1059.189,3.4825,9.7698,0.4760433481812442,0.0,Merge
4267077.178,E43,E59,0.07,0.027500000000000004,3216.324,2355.617,1.202,4.4922,0.9710838441140336,0.0,Hit+Run
4368849.386,E23,P136,0.4147585747585752,0.002500000000000014,5820.035,1059.189,1.1637,8.0971,0.7674343938161857,0.0,Merge
4410458.307,E23,P167,0.4172585747585752,0.0025,5831.705,1059.189,1.0807,7.5357,0.6282021047162568,0.0,Merge
4428254.341,E19,P441,0.05034781884781886,0.0025,2881.735,1059.189,3.0326,9.9217,0.7343774739513235,0.0,Hit+Run
4468363.86,E29,P29,0.2540692557340604,0.0025,4942.855,1059.189,1.4226,8.3098,0.7266815422829569,0.0,Merge
4509539.791,E83,P710,0.025,0.0025,2281.955,1059.189,1.8704,4.7941,0.7531286478066679,0.0,Hit+Run
4513231.659,E23,P366,0.4197585747585752,0.0025,5843.329,1059.189,1.3285,9.2833,0.6734307156790271,0.0,Merge
4545194.581,E43,E11,0.07,0.0425,3216.324,2723.475,1.0161,3.9507,0.32126423335273624,0.00910855810855811,Fragment
4571598.896,E48,P590,0.03250000000000001,0.0025,2490.510,1059.189,1.2549,3.5205,0.45674903414294776,0.0,Merge
4583882.589,E59,P28,0.027500000000000004,0.0025,2355.617,1059.189,3.2341,8.5642,0.4745301960076542,0.0,Merge
4587886.894,E4,P33,0.3063125995450319,0.002500000000000014,5260.763,1059.189,1.6132,10.074,0.716701072396349,0.0,Merge
4655153.114,E4,P113,0.30881259954503193,0.0025000000000000022,5275.037,1059.189,1.7297,10.833,0.6097637698815379,0.0,Merge
4710571.332,E29,E51,0.2565692557340604,0.030000000000000002,4959.014,2424.939,1.0511,5.8502,0.6421104061729274,0.0,Merge
4733911.526,E23,P166,0.4222585747585752,0.0025,5854.907,1059.189,1.2216,8.5544,0.917769633137834,0.0,Hit+Run
4804617.553,E55,P447,0.035,0.0025,2552.798,1059.189,1.1147,3.2089,0.5163567387509854,0.0,Merge
4876358.971,E73,P772,0.025,0.0025,2281.955,1059.189,2.9532,7.5695,0.9852755847700183,0.0,Hit+Run
4925284.241,E18,P592,0.027500000000000004,0.0025,2355.617,1059.189,2.1525,5.7000,0.6442959777164545,0.0,Merge
4990576.062,E4,E59,0.31131259954503193,0.030000000000000002,5289.233,2424.939,1.3297,7.9020,0.32410741156968004,0.007324675324675325,Fragment
5017229.29,E23,P8,0.4222585747585752,0.0025,5854.907,1059.189,1.5831,11.085,0.7206329191735529,0.0,Merge
5173604.291,E4,FRAG0008,0.3339879242203566,0.007324675324675325,5414.654,1515.618,1.1239,7.0467,0.6128553474539674,0.0,Merge
5225525.863,E4,P129,0.34131259954503196,0.0025000000000000022,5453.951,1059.189,1.4816,9.6173,0.2512966850430151,0.0,Merge
5228132.64,E19,P251,0.05034781884781886,0.0025000000000000022,2881.735,1059.189,2.3901,7.8196,0.8140818896246227,0.0,Hit+Run
5241586.56,E23,P93,0.4247585747585752,0.0025,5866.439,1059.189,1.0329,7.2482,0.8623093961683843,0.0,Graze+Merge
5263155.567,E29,P232,0.28656925573406045,0.0025,5145.217,1059.189,1.4009,8.5430,0.2386680104822091,0.0,Merge
5302310.133,E19,P381,0.05034781884781886,0.0025,2881.735,1059.189,3.4991,11.447,0.7515614534772184,0.0,Hit+Run
5460689.812,E29,P386,0.28906925573406045,0.0025,5160.136,1059.189,1.3981,8.5525,0.8279514146123761,0.0,Merge
5508459.253,E57,P604,0.05500000000000001,0.0025,2967.891,1059.189,2.2332,7.5391,0.9714176315741089,0.0,Hit+Run
5565776.387,E50,P585,0.025,0.0025,2281.955,1059.189,1.2358,3.1675,0.7880975303383639,0.0,Hit+Run
5633966.907,E19,P119,0.05034781884781886,0.0025,2881.735,1059.189,1.0911,3.5697,0.966178389258074,0.0,Hit+Run
5836687.477,E29,P45,0.29156925573406045,0.0025000000000000022,5174.969,1059.189,1.2292,7.5425,0.8711058738639601,0.0,Hit+Run
5857093.951,E89,P830,0.025,0.0025,2281.955,1059.189,3.0823,7.9004,0.8659579328503438,0.0,Hit+Run
5868110.809,E58,E55,0.05750000000000001,0.037500000000000006,3012.195,2612.187,1.0158,3.7298,0.8457566617665715,0.0,Graze+Merge
5890261.185,E23,P518,0.4272585747585752,0.0025,5877.926,1059.189,1.412,9.9292,0.21259146341648072,0.0,Merge
5982993.145,E31,E38,0.0325,0.025,2490.510,2281.955,1.0002,3.1017,0.5627106008328162,0.0,Graze+Merge
6013792.91,E18,P218,0.030000000000000002,0.0025,2424.939,1059.189,1.0229,2.7911,0.874101153882427,0.0,Graze+Merge
6029546.967,E23,P0,0.4297585747585752,0.0025,5889.368,1059.189,2.2918,16.149,0.41098521019818995,0.0,Merge
6044740.84,E23,P281,0.4322585747585752,0.0025,5900.766,1059.189,1.1495,8.1168,0.8300972048860382,0.0,Merge
6049431.638,E29,P299,0.29156925573406045,0.0025,5174.969,1059.189,1.1972,7.3461,0.23109955716002134,0.0,Merge
6059453.676,E23,P89,0.4347585747585752,0.0025,5912.119,1059.189,1.3295,9.4071,0.9371959995883088,0.0,Hit+Run
6059816.293,E2,P79,0.027500000000000004,0.0025,2355.617,1059.189,5.182,13.722,0.3404973175597879,0.008916083916083917,Fragment
6088848.128,E2,FRAG0009,0.021083916083916084,0.008916083916083917,2155.977,1618.273,1.0766,2.7117,0.8493667176696003,0.0,Hit+Run
6143474.251,E2,FRAG0009,0.021083916083916084,0.008916083916083917,2155.977,1618.273,1.1769,2.9644,0.4139727354194359,0.0,Merge
6167674.014,E29,P205,0.29406925573406045,0.0025,5189.717,1059.189,1.1202,6.8946,0.8928705280426851,0.0,Hit+Run
6181721.745,E39,P412,0.1686741675093628,0.0025,4311.979,1059.189,1.0638,5.3653,0.9212942849798078,0.0,Hit+Run
6204353.67,E29,P399,0.29406925573406045,0.0025000000000000022,5189.717,1059.189,1.5579,9.5886,0.5690585860058115,0.0,Merge
6289586.986,NEPTUNE,K846,16.209423909423908,0.02,19750.72,2118.379,0.9999,24.336,0.36441443641277915,0.0,Perfect
6320891.953,E39,P506,0.1686741675093628,0.0025,4311.979,1059.189,1.583,7.9840,0.4355194750797714,0.0,Merge
6338278.248,E23,P297,0.4347585747585752,0.0025,5912.119,1059.189,1.626,11.505,0.8549337500542703,0.0,Hit+Run
6352898.953,E29,FRAG0005,0.29656925573406046,0.006189144189144189,5204.382,1432.860,1.0737,6.4787,0.8430053392791104,0.0,Hit+Run
6461220.827,E39,P438,0.1711741675093628,0.0025,4333.178,1059.189,1.1922,6.0448,0.97955929107759,0.0,Hit+Run
6464574.482,E4,P78,0.34381259954503196,0.0025,5467.235,1059.189,2.2001,14.318,0.6111913858459292,0.0,Merge
6518775.118,E57,P515,0.05500000000000001,0.0025,2967.891,1059.189,1.1496,3.8809,0.46400465885673237,0.0,Merge
6538940.052,E4,FRAG1002,0.34631259954503196,0.006428825696393524,5480.455,1451.123,1.7865,11.386,0.9385019588552013,0.0,Hit+Run
6556969.389,E24,P269,0.035,0.0025,2552.798,1059.189,1.3464,3.8759,0.2224871357224339,0.0,Merge
6565162.113,E4,FRAG1002,0.34631259954503196,0.006428825696393524,5480.455,1451.123,1.037,6.6091,0.2230424621676936,0.0,Merge
6590825.162,E58,P648,0.09500000000000001,0.0025,3560.970,1059.189,1.9578,8.0352,0.11245185176592531,0.0,Merge
6595698.282,E4,P479,0.3527414252414255,0.0025,5514.159,1059.189,2.986,19.611,0.5373775758155845,0.0,Merge
6597555.777,E56,P240,0.027500000000000004,0.0025,2355.617,1059.189,1.327,3.5140,0.980654348952582,0.0,Hit+Run
6615451.082,E4,P17,0.3552414252414255,0.0025,5527.155,1059.189,1.7738,11.679,0.9142070244615542,0.0,Hit+Run
6622574.86,E43,P183,0.10339144189144191,0.0025,3662.874,1059.189,1.9322,8.1747,0.4146857239053173,0.0,Merge
6697149.512,E73,P409,0.025,0.0025,2281.955,1059.189,1.31,3.3577,0.7806529830806398,0.0,Hit+Run
6729082.655,E29,P86,0.29656925573406046,0.0025,5204.382,1059.189,1.7875,11.035,0.3910200512029379,0.0,Merge
6874670.327,URANUS,K733,15.949423909423908,0.02,19644.55,2118.379,1.0013,24.233,0.8235879954273175,0.0,Merge
7006729.022,E23,P82,0.4347585747585752,0.0025,5912.119,1059.189,1.1074,7.8356,0.986553349308732,0.0,Hit+Run
7206254.46,E43,E19,0.10589144189144191,0.05034781884781886,3692.162,2881.735,1.0574,4.6055,0.9247399064984744,0.0,Hit+Run
7214043.667,E23,P332,0.4347585747585752,0.0025,5912.119,1059.189,1.0645,7.5320,0.6967697341975879,0.0,Merge
7226258.078,E23,P166,0.4372585747585752,0.0025,5923.430,1059.189,1.1762,8.3394,0.8841940710066007,0.0,Hit+Run
7330898.443,E4,P35,0.3552414252414255,0.0025000000000000022,5527.155,1059.189,1.4933,9.8325,0.580799230429449,0.0,Merge
7447244.33,NEPTUNE,K361,16.229423909423907,0.02,19758.84,2118.379,1.0023,24.404,0.6909247621108436,0.0,Merge
7506586.959,E23,P99,0.4372585747585752,0.0025,5923.430,1059.189,1.2213,8.6591,0.8272724340838885,0.0,Merge
7539765.253,P1,P4,0.0075001665001665,0.002500000000000014,1527.627,1059.189,5.6423,9.9113,0.5704057021201662,0.0,Fragment
7682993.006,E43,P70,0.10589144189144191,0.0025,3692.162,1059.189,1.7324,7.3925,0.5340844121851966,0.0,Merge
7771565.538,E19,FRAG0005,0.05034781884781886,0.006189144189144189,2881.735,1432.860,1.0769,3.4828,0.8131060935601608,0.0,Hit+Run
7778526.64,E23,FRAG0007,0.4397585747585752,0.00910855810855811,5934.698,1629.835,1.2802,8.8105,0.615630510647098,0.0,Merge
7832612.934,E23,P441,0.4488671328671333,0.0025,5975.392,1059.189,1.3424,9.6069,0.6741084553412328,0.0,Merge
7838100.391,E48,P374,0.03500000000000001,0.0025,2552.798,1059.189,4.4546,12.823,0.6589096462326084,0.0,Merge
7927070.507,P17,P213,0.0025,0.0025,1059.189,1059.189,15.248,20.930,0.91695,0.0,Hit+Run
7932040.344,E29,E26,0.29906925573406046,0.027500000000000004,5218.965,2355.617,1.0237,6.0053,0.4131994719453367,0.0,Merge
7944310.651,E23,P130,0.4513671328671333,0.0025,5986.465,1059.189,1.5078,10.811,0.5279834784671664,0.0,Merge
7959341.816,E29,E19,0.3265692557340605,0.05034781884781886,5374.263,2881.735,1.1487,6.9342,0.57752510953972,0.006920412920412921,Fragment
8032621.78,P12,P597,0.0025,0.0025,1059.189,1059.189,7.9025,10.846,0.5861,0.0,Graze+Frag
8090237.509,E52,P656,0.025,0.0025,2281.955,1059.189,2.451,6.2823,0.5224842800146015,0.0,Merge
8317445.822,E23,P120,0.4538671328671333,0.0025,5997.497,1059.189,1.642,11.797,0.36783787749614544,0.0,Merge
8478869.341,URANUS,K814,15.969423909423908,0.02,19652.76,2118.379,1.0007,24.229,0.7276647009806623,0.0,Merge
8518216.783,E4,P268,0.3577414252414255,0.0025,5540.091,1059.189,1.3017,8.5924,0.934026806318854,0.0,Hit+Run
8589322.615,E33,P510,0.030000000000000002,0.0025,2424.939,1059.189,2.1262,5.8017,0.9105017354160292,0.0,Hit+Run
8615718.02,E66,P840,0.03500000000000001,0.0025,2552.798,1059.189,2.9284,8.4300,0.35811382360405736,0.0,Merge
8625815.71,E23,P397,0.4563671328671333,0.0025,6008.489,1059.189,1.9521,14.052,0.7448892565267657,0.0,Merge
8637888.411,NEPTUNE,K509,16.249423909423907,0.02,19766.95,2118.379,1.0018,24.403,0.2911031390225262,0.0,Merge
8762433.398,E4,P144,0.3577414252414255,0.0025,5540.091,1059.189,3.4493,22.768,0.7831688006604879,0.0,Merge
8798990.02,E4,P298,0.3602414252414255,0.0025,5552.966,1059.189,2.0266,13.410,0.21348014092390002,0.0,Merge
8899967.225,E68,P867,0.027500000000000004,0.0025,2355.617,1059.189,10.559,27.961,0.28910540070767243,0.024472860472860472,Fragment
8902801.946,E62,P414,0.030000000000000002,0.0025,2424.939,1059.189,3.9947,10.900,0.6455361256676098,0.0,Merge
8909957.703,E4,P241,0.3627414252414255,0.0025,5565.782,1059.189,2.3697,15.719,0.8045004514688912,0.0,Merge
8939035.163,E23,P83,0.4588671328671333,0.0025,6019.441,1059.189,1.7032,12.284,0.31319052211752757,0.0,Merge
8950155.445,E48,P352,0.03750000000000001,0.0025,2612.187,1059.189,2.6367,7.7755,0.9127130080643481,0.0,Hit+Run
8956550.356,E29,P507,0.36999666166146644,0.0025000000000000022,5602.645,1059.189,1.2239,8.1765,0.9817066297701169,0.0,Hit+Run
8965560.92,E29,P485,0.36999666166146644,0.0025,5602.645,1059.189,1.4793,9.8827,0.9223315864549706,0.0,Hit+Run
9091445.077,E29,P507,0.36999666166146644,0.0025000000000000022,5602.645,1059.189,1.0023,6.6960,0.31268613462565703,0.0,Merge
9114717.127,E18,E63,0.0325,0.025,2490.510,2281.955,1.2418,3.8509,0.7886193637935193,0.0,Hit+Run
9126362.84,E4,P402,0.3652414252414255,0.0025,5578.539,1059.189,2.0475,13.615,0.5926704459221721,0.0,Merge
9447036.889,E4,P213,0.3677414252414255,0.0025,5591.238,1059.189,1.49,9.9325,0.13762808735395324,0.0,Merge
9469303.643,E39,E62,0.1711741675093628,0.0325,4333.178,2490.510,0.9991,4.8766,0.8328286957099577,0.0,Perfect
9491324.236,E29,P118,0.37249666166146644,0.0025,5615.235,1059.189,1.4023,9.3908,0.6308955183698518,0.0,Merge
9684823.719,E23,P359,0.4613671328671333,0.0025,6030.353,1059.189,1.4578,10.535,0.9951149204246668,0.0,Hit+Run
9755723.565,E24,P438,0.037500000000000006,0.0025,2612.187,1059.189,2.9154,8.5974,0.2715797904413484,0.0,Merge
9801249.344,P56,P462,0.0025000000000000022,0.0025,1059.189,1059.189,5.1713,7.0980,0.9547000000000001,0.0,Hit+Run
9876553.572,E58,E33,0.09750000000000002,0.030000000000000002,3591.937,2424.939,1.0251,4.2159,0.554591642917655,0.0,Merge
9935979.216,E4,P335,0.3702414252414255,0.0025,5603.880,1059.189,1.8459,12.334,0.3501231838415621,0.0,Merge
9957898.162,E41,P77,0.030000000000000002,0.0025,2424.939,1059.189,5.2535,14.335,0.7861272818776983,0.0,Hit+Run
9998051.03,P1,P250,0.01,0.0025000000000000022,1681.359,1059.189,5.8839,11.226,0.9930915351782523,0.0,Hit+Run
10145073.781,E4,P273,0.3727414252414255,0.0025,5616.465,1059.189,1.2936,8.6649,0.14740196725673152,0.0,Merge
10274284.805,E2,P102,0.03,0.002500000000000014,2424.939,1059.189,4.9905,13.617,0.9997283999018373,0.0,Hit+Run
10276566.057,E4,P111,0.3752414252414255,0.0025000000000000022,5628.993,1059.189,1.5042,10.099,0.8141954248204393,0.0,Merge
10393344.355,E23,P1,0.4613671328671333,0.01,6030.353,1681.359,2.3855,16.662,0.8306902259380529,0.0,Hit+Run
10473442.052,E23,P308,0.4613671328671333,0.0025,6030.353,1059.189,1.753,12.668,0.7953093859279113,0.0,Merge
10533097.764,E23,P201,0.4638671328671333,0.0025,6041.225,1059.189,1.7039,12.337,0.7088240122420978,0.0,Merge
10672875.037,E29,P137,0.37499666166146645,0.0025,5627.769,1059.189,1.1575,7.7699,0.7131749391674387,0.0,Merge
10690686.308,E39,E24,0.2036741675093628,0.04000000000000001,4591.689,2668.991,1.0419,5.3926,0.8666475333094619,0.0,Hit+Run
10749662.929,E39,E57,0.2036741675093628,0.05750000000000001,4591.689,3012.195,1.0053,5.2638,0.20350115467116392,0.013633779553779554,Fragment
10776279.546,E39,E52,0.24754046787566314,0.0275,4900.148,2355.617,1.2218,6.7206,0.660960601870048,0.0,Merge
10793203.98,E23,P196,0.4663671328671333,0.0025,6052.059,1059.189,1.4502,10.520,0.309017817240629,0.0,Merge
10912433.34,E23,P211,0.46886713286713333,0.0025,6062.854,1059.189,1.625,11.811,0.51757827670346,0.0,Merge
11011428.041,E29,P12,0.37749666166146645,0.005,5640.248,1334.495,1.0053,6.6512,0.9479199573891688,0.0,Graze+Merge
11232324.278,E29,P171,0.38249666166146645,0.0025,5665.041,1059.189,1.1366,7.6837,0.4027062165883486,0.0,Merge
11263787.0,E4,P2,0.3777414252414255,0.0025000000000000022,5641.467,1059.189,1.5541,10.459,0.8942111420119161,0.0,Hit+Run
11271123.62,E4,P2,0.3777414252414255,0.0025000000000000022,5641.467,1059.189,1.0455,7.0364,0.3906543356496837,0.0,Merge
11357690.55,E42,P107,0.052500000000000005,0.0025000000000000022,2922.224,1059.189,1.2829,4.2600,0.059304487930961755,0.0,Merge
11601668.711,E25,E41,0.030000000000000002,0.030000000000000002,2424.939,2424.939,1.2242,3.8469,0.5844,0.0,Hit+Run
11607726.169,E48,P169,0.03750000000000001,0.0025,2612.187,1059.189,3.1854,9.3937,0.5336254724417376,0.0,Merge
11712812.953,E42,P723,0.05500000000000001,0.0025,2967.891,1059.189,1.6696,5.6364,0.9805562239658233,0.0,Hit+Run
11738425.943,E42,P433,0.05500000000000001,0.0025,2967.891,1059.189,3.7796,12.759,0.3861792268756794,0.0,Merge
11741168.292,E56,P360,0.027500000000000004,0.0025,2355.617,1059.189,1.2903,3.4168,0.9797575772491223,0.0,Hit+Run
12183590.679,E23,P202,0.47136713286713333,0.0025,6073.610,1059.189,1.6159,11.767,0.31803687003849196,0.0,Merge
12205546.031,E48,P89,0.040000000000000015,0.0025,2668.991,1059.189,3.0282,9.1345,0.7807565555838013,0.0,Hit+Run
12217854.091,E39,P425,0.27504046787566316,0.0025,5075.272,1059.189,1.4449,8.6830,0.31728403783802284,0.0,Merge
12304575.056,E4,P102,0.3802414252414255,0.002500000000000014,5653.885,1059.189,1.3611,9.1820,0.5903961216732531,0.0,Merge
12325050.92,E4,P255,0.3827414252414255,0.0025,5666.249,1059.189,2.3219,15.700,0.9602928071153143,0.0,Hit+Run
12369604.858,P56,P383,0.0025000000000000022,0.0025,1059.189,1059.189,5.0719,6.9616,0.41530000000000006,0.0,Merge
12421887.513,E39,P511,0.27754046787566317,0.0025,5090.603,1059.189,1.8785,11.325,0.5033658499961162,0.0,Merge
12456199.704,P48,P536,0.0025000000000000022,0.0025,1059.189,1059.189,6.8763,9.4383,0.4231,0.0,Merge
12490672.092,E2,P155,0.03,0.0025,2424.939,1059.189,3.359,9.1656,0.9315208092652603,0.0,Hit+Run
12561744.581,E39,P694,0.28004046787566317,0.0025,5105.842,1059.189,1.1376,6.8804,0.8211542997137904,0.0,Merge
12652449.62,E39,P382,0.28254046787566317,0.0025000000000000022,5120.991,1059.189,1.0506,6.3745,0.5736502177180809,0.0,Merge
12753878.188,E42,P541,0.05750000000000001,0.0025,3012.195,1059.189,2.0112,6.8979,0.9426369169436762,0.0,Hit+Run
12776921.578,E44,P524,0.030000000000000002,0.0025,2424.939,1059.189,1.9549,5.3342,0.8578148516283871,0.0,Hit+Run
12788200.275,E29,P140,0.38499666166146645,0.0025,5677.356,1059.189,1.2191,8.2606,0.5311133973221691,0.0,Merge
12899144.643,E4,P182,0.3827414252414255,0.0025000000000000022,5666.249,1059.189,1.7922,12.118,0.562965128719471,0.0,Merge
13017964.255,E23,P297,0.47386713286713333,0.0025,6084.329,1059.189,1.6313,11.901,0.38148859096662774,0.0,Merge
13027457.936,E29,P306,0.38749666166146646,0.0025,5689.618,1059.189,2.1163,14.373,0.6257156233358203,0.0,Merge
13055065.617,E23,P261,0.47636713286713334,0.0025,6095.010,1059.189,1.9885,14.534,0.9239381680504366,0.0,Hit+Run
13073145.54,E29,P439,0.38999666166146646,0.0025,5701.828,1059.189,1.3121,8.9317,0.4716793331304415,0.0,Merge
13278287.728,E23,P485,0.47636713286713334,0.0025,6095.010,1059.189,1.033,7.5506,0.8266456472654115,0.0,Merge
13322470.125,E29,P465,0.39249666166146646,0.0025,5713.986,1059.189,1.1496,7.8434,0.5926429776915593,0.0,Merge
13445672.836,E23,P243,0.47886713286713334,0.0025,6105.654,1059.189,2.3244,17.021,0.4502858120111594,0.0,Merge
13501320.837,E43,P552,0.10839144189144191,0.0025,3720.992,1059.189,1.2936,5.5665,0.061495229172619376,0.0,Merge
13682617.246,E39,P548,0.2850404678756632,0.0025,5136.051,1059.189,1.7571,10.694,0.6679508303635764,0.0,Merge
13692608.503,E23,P260,0.48136713286713334,0.0025,6116.260,1059.189,1.1958,8.7731,0.19315088966126284,0.0,Merge
13722217.564,E39,P409,0.2875404678756632,0.0025,5151.023,1059.189,1.2565,7.6717,0.11877636156507884,0.0,Merge
13911664.646,E4,P352,0.3852414252414255,0.0025,5678.559,1059.189,1.6835,11.409,0.8724641405658217,0.0,Hit+Run
13934292.122,E23,P520,0.48386713286713334,0.0025,6126.830,1059.189,1.0146,7.4574,0.8510694197522364,0.0,Merge
13958825.873,E2,P267,0.03,0.0025,2424.939,1059.189,3.7182,10.145,0.6902886570750786,0.0,Merge
14019651.051,E29,P261,0.39499666166146646,0.0025,5726.092,1059.189,1.0327,7.0617,0.9099761887096969,0.0,Hit+Run
14068971.05,E23,P381,0.48636713286713334,0.0025,6137.364,1059.189,1.3042,9.6036,0.5803439100893448,0.0,Merge
14147960.439,E18,P162,0.0325,0.0025,2490.510,1059.189,1.3872,3.8916,0.8679634871555155,0.0,Hit+Run
14283052.323,E23,P522,0.48886713286713335,0.0025,6147.862,1059.189,3.0006,22.135,0.7879477217012644,0.0,Merge
14307628.882,E66,P355,0.03750000000000001,0.0025,2612.187,1059.189,2.159,6.3668,0.6999743197175754,0.0,Merge
14462424.198,E58,P293,0.12750000000000003,0.0025,3927.931,1059.189,1.3424,6.1233,0.8795296364768678,0.0,Hit+Run
14640669.851,E63,P418,0.025,0.0025,2281.955,1059.189,2.4893,6.3804,0.7391274350742506,0.0,Hit+Run
14830814.27,E4,P268,0.3852414252414255,0.0025,5678.559,1059.189,1.4824,10.047,0.9494958469488552,0.0,Hit+Run
14859631.389,E4,P50,0.3852414252414255,0.0025000000000000022,5678.559,1059.189,2.0639,13.988,0.7922298030640189,0.0,Merge
14933687.522,E2,P274,0.0325,0.0025,2490.510,1059.189,2.9363,8.2375,0.6780372758767198,0.0,Merge
15217064.905,E64,P527,0.025,0.0025,2281.955,1059.189,3.6524,9.3616,0.40057128134452774,0.0,Merge
15302415.283,E4,P230,0.3877414252414255,0.0025000000000000022,5690.816,1059.189,1.4362,9.7563,0.8088539457876021,0.0,Merge
15355731.708,E39,P258,0.2900404678756632,0.0025,5165.908,1059.189,1.9085,11.688,0.9739969361206721,0.0,Hit+Run
15382472.887,E29,P525,0.39499666166146646,0.0025,5726.092,1059.189,1.364,9.3272,0.6526714127312246,0.0,Merge
15404564.752,E4,E2,0.3902414252414255,0.035,5703.021,2552.798,1.0712,6.8685,0.6477519061106173,0.0,Merge
15536945.822,E29,P385,0.39749666166146647,0.0025,5738.147,1059.189,2.1002,14.393,0.8310910254466995,0.0,Merge
15549993.804,E4,P268,0.4252414252414255,0.0025,5868.661,1059.189,1.3085,9.1859,0.8272042130869421,0.0,Merge
16026713.009,E45,P579,0.025,0.0025,2281.955,1059.189,2.2837,5.8534,0.877841889023225,0.0,Hit+Run
16247112.092,E4,P348,0.4277414252414255,0.0025,5880.139,1059.189,3.4904,24.554,0.8792251135141844,0.0,Hit+Run
16345421.83,E4,P348,0.4277414252414255,0.0025,5880.139,1059.189,1.0275,7.2283,0.8721919904974461,0.0,Graze+Merge
16381467.02,ICE2,K833,7.9547119547119545,0.02,15578.84,2118.379,1.0058,19.075,0.8330267273200315,0.0,Merge
16384452.242,E39,P328,0.2900404678756632,0.0025,5165.908,1059.189,1.632,9.9953,0.21642532243356166,0.0,Merge
16434290.29,E29,P378,0.39999666166146647,0.0025,5750.151,1059.189,1.0204,7.0090,0.10640075823492705,0.0,Merge
16558516.404,E39,P288,0.2925404678756632,0.0025,5180.708,1059.189,1.2925,7.9403,0.7498865520007886,0.0,Merge
16578625.371,E23,P533,0.49136713286713335,0.0025,6158.324,1059.189,1.4722,10.880,0.42705025573850475,0.0,Merge
16662097.717,E4,P470,0.4302414252414255,0.0025,5891.572,1059.189,1.1068,7.8023,0.9677223818777138,0.0,Hit+Run
16719534.086,E4,P351,0.4302414252414255,0.0025000000000000022,5891.572,1059.189,2.1785,15.357,0.8243906355559818,0.0,Merge
16844707.662,E23,P221,0.49386713286713335,0.0025,6168.750,1059.189,1.7222,12.750,0.9544231547071544,0.0,Hit+Run
17025811.31,E4,P57,0.4327414252414255,0.002500000000000014,5902.962,1059.189,1.988,14.043,0.5205040655107768,0.0,Merge
17066875.025,E29,E66,0.40249666166146647,0.040000000000000015,5762.106,2668.991,1.0486,6.7870,0.9348705851016669,0.0,Hit+Run
17069591.68,E23,P255,0.49386713286713335,0.0025,6168.750,1059.189,2.5044,18.541,0.4983346866078041,0.0,Merge
17101015.195,E18,E50,0.0325,0.025,2490.510,2281.955,1.5254,4.7304,0.49100844321950904,0.007676656676656677,Fragment
17519455.407,E4,P354,0.4352414252414255,0.0025,5914.307,1059.189,1.4364,10.167,0.3344954110670248,0.0,Merge
17663986.651,E48,P470,0.040000000000000015,0.0025,2668.991,1059.189,3.3946,10.239,0.316927312632449,0.0,Merge
17797940.826,P6,P353,0.0025,0.0025,1059.189,1059.189,6.2556,8.5863,0.9887,0.0,Hit+Run
17821626.005,E4,P319,0.4377414252414255,0.0025,5925.610,1059.189,3.6665,26.006,0.3548680965176428,0.0,Merge
17831920.817,E4,P583,0.4402414252414255,0.0025,5936.869,1059.189,2.5203,17.912,0.9929491030942446,0.0,Hit+Run
17866723.799,E18,P615,0.04982334332334332,0.0025,2871.693,1059.189,1.7858,5.8209,0.3508084838837635,0.0,Merge
17945361.736,E29,P234,0.40249666166146647,0.0025,5762.106,1059.189,1.1141,7.6696,0.9673768616281693,0.0,Hit+Run
18397962.869,E25,P384,0.030000000000000002,0.0025,2424.939,1059.189,3.4551,9.4278,0.8460525222226916,0.0,Hit+Run
18593986.847,E39,P6,0.2950404678756632,0.0025,5195.424,1059.189,2.093,12.897,0.7700999165664987,0.0,Merge
18697237.366,E23,P336,0.49636713286713335,0.0025,6179.142,1059.189,1.5996,11.864,0.9932442716287537,0.0,Hit+Run
18808003.18,E29,P528,0.40249666166146647,0.0025,5762.106,1059.189,1.1775,8.1060,0.7491004199195429,0.0,Merge
18858354.528,E29,P419,0.4049966616614665,0.0025,5774.011,1059.189,1.3033,8.9919,0.6175213277126815,0.0,Merge
19008477.433,E4,P155,0.4402414252414255,0.0025,5936.869,1059.189,1.43,10.163,0.48378795288781207,0.0,Merge
19232991.846,E24,P613,0.04000000000000001,0.0025,2668.991,1059.189,3.8634,11.653,0.3661093916427251,0.0,Merge
19333531.789,E39,E43,0.2975404678756632,0.11089144189144191,5210.057,3749.383,1.0089,6.0859,0.790687198521231,0.0,Graze+Merge
19438937.043,E23,P535,0.49636713286713335,0.0025000000000000022,6179.142,1059.189,3.0147,22.360,0.5388360844452681,0.0,Merge
19486385.99,E39,P333,0.4084319097671051,0.0025,5790.291,1059.189,1.1824,8.1823,0.5524440776978101,0.0,Merge
19515632.365,E23,P162,0.49886713286713336,0.0025,6189.498,1059.189,1.939,14.407,0.9799962459932477,0.0,Hit+Run
19515632.365,E23,P162,0.49886713286713336,0.0025,6189.498,1059.189,1.939,14.407,0.9799962459932477,0.0,Hit+Run
19543976.3,E29,P180,0.4074966616614665,0.0025,5785.868,1059.189,1.1735,8.1141,0.5172158761043775,0.0,Merge
19553836.553,E23,P216,0.49886713286713336,0.0025,6189.498,1059.189,2.1996,16.343,0.7355308584983739,0.0,Merge
19624284.387,E4,P460,0.4427414252414255,0.0025,5948.086,1059.189,1.5357,10.936,0.9417078256122066,0.0,Hit+Run
19624284.387,E4,P460,0.4427414252414255,0.0025,5948.086,1059.189,1.5357,10.936,0.9417078256122066,0.0,Hit+Run
19693900.676,P55,P583,0.0025,0.0025,1059.189,1059.189,21.582,29.624,0.8308,0.0,Graze+Frag
19838636.633,E66,P221,0.040000000000000015,0.0025,2668.991,1059.189,3.3939,10.237,0.6982137068227411,0.0,Merge
20011207.414,E42,FRAG0011,0.05750000000000001,0.006118215118215118,3012.195,1427.366,2.7491,9.2975,0.6795070986028424,0.0,Hit+Run
20079446.579,P55,P185,0.005,0.0025,1334.495,1059.189,9.9228,15.692,0.7257064271003839,0.00711981351981352,Graze+Frag
20290984.954,E4,P122,0.4427414252414255,0.0025,5948.086,1059.189,1.4063,10.015,0.016976885264326783,0.0,Merge
20381717.794,E4,P251,0.4452414252414255,0.0025000000000000022,5959.260,1059.189,2.4721,17.640,0.5483390468733873,0.0,Merge
20515684.759,E23,P538,0.5013671328671333,0.0025,6199.820,1059.189,1.7453,12.991,0.34590490483823527,0.0,Merge
20808227.665,E4,P55,0.4477414252414255,0.007499833499833501,5970.393,1527.604,1.3965,9.7217,0.6681459308269,0.0,Merge
21108073.699,E23,E24,0.5038671328671332,0.04250000000000001,6210.108,2723.475,1.4082,9.8390,0.23780803933321343,0.010634032634032635,Fragment
21203988.882,E4,P96,0.45524125874125904,0.0025,6003.544,1059.189,2.689,19.340,0.548270108620003,0.0,Merge
21206972.794,E90,FRAG0016,0.025,0.006816849816849817,2281.955,1479.750,1.3853,3.5994,0.7820039795827057,0.0,Hit+Run
21295924.785,E4,P358,0.45774125874125904,0.0025,6014.514,1059.189,2.6959,19.428,0.26834323693092005,0.0,Merge
21344591.895,E23,P503,0.5357331002331006,0.0025,6338.356,1059.189,1.5443,11.768,0.9353890329692026,0.0,Hit+Run
21508823.836,E23,P77,0.5357331002331006,0.0025,6338.356,1059.189,1.3316,10.147,0.682798864498633,0.0,Merge
21510578.056,E4,P17,0.46024125874125904,0.0025,6025.443,1059.189,1.7376,12.546,0.7933414991043576,0.0,Merge
21807682.774,E56,P680,0.027500000000000004,0.0025,2355.617,1059.189,3.0531,8.0849,0.9580970914886334,0.0,Hit+Run
21899897.376,E23,P490,0.5382331002331006,0.0025,6348.200,1059.189,1.2445,9.4997,0.9421957313814738,0.0,Hit+Run
22458636.311,E4,P474,0.46274125874125904,0.0025,6036.334,1059.189,2.8516,20.629,0.9956876123176381,0.0,Hit+Run
22702095.077,E42,P248,0.05750000000000001,0.0025,3012.195,1059.189,2.9428,10.093,0.3740657917013757,0.0,Merge
22776754.808,E29,P546,0.4099966616614665,0.0025,5797.676,1059.189,1.4332,9.9314,0.8922862948975652,0.0,Hit+Run
22942067.823,E45,P95,0.025,0.0025,2281.955,1059.189,4.0662,10.422,0.4310324563623724,0.005614052614052614,Fragment
22989295.442,E23,P215,0.5382331002331006,0.0025,6348.200,1059.189,1.7263,13.177,0.934996855500444,0.0,Hit+Run
23263501.381,E39,P453,0.4109319097671051,0.0025000000000000022,5802.081,1059.189,1.3574,9.4137,0.9808436134335755,0.0,Hit+Run
23577151.35,E66,P460,0.04250000000000002,0.0025,2723.475,1059.189,3.6157,11.141,0.771683648826904,0.0,Hit+Run
23604112.153,E29,P417,0.4099966616614665,0.0025,5797.676,1059.189,1.9362,13.416,0.582822840019797,0.0,Merge
23833115.405,E4,P215,0.46274125874125904,0.0025,6036.334,1059.189,1.3394,9.6897,0.9007467907740219,0.0,Hit+Run
24050286.221,E56,P345,0.027500000000000004,0.0025,2355.617,1059.189,2.5357,6.7147,0.382300675428757,0.0,Merge
24068719.173,E4,P503,0.46274125874125904,0.0025,6036.334,1059.189,1.1641,8.4215,0.6867896526179333,0.0,Merge
24089621.089,E67,P247,0.027500000000000004,0.0025,2355.617,1059.189,3.2866,8.7032,0.8890456703222339,0.0,Hit+Run
24138918.379,E39,P227,0.4109319097671051,0.0025,5802.081,1059.189,1.5812,10.965,0.4976519238776268,0.0,Merge
24243937.0,E23,P534,0.5382331002331006,0.0025,6348.200,1059.189,1.3028,9.9447,0.3426322115756897,0.0,Merge
24569293.029,NEPTUNE,K668,16.269423909423907,0.02,19775.06,2118.379,1.0084,24.574,0.877498981100095,0.0,Merge
24919226.549,E41,P161,0.030000000000000002,0.0025,2424.939,1059.189,4.0852,11.147,0.9710533720015625,0.0,Hit+Run
24942924.62,E4,P257,0.46524125874125905,0.0025,6047.185,1059.189,2.6237,19.017,0.620429208375383,0.0,Merge
25272372.162,E66,P156,0.04250000000000002,0.0025,2723.475,1059.189,5.6166,17.307,0.5217756487263083,0.007038961038961039,Fragment
25310099.165,E4,P490,0.46774125874125905,0.0025,6057.997,1059.189,1.9411,14.096,0.6023790773242471,0.0,Merge
25326301.003,E79,P310,0.027500000000000004,0.0025,2355.617,1059.189,3.2002,8.4744,0.8682129738264771,0.0,Hit+Run
25515512.158,E23,FRAG0020,0.5407331002331005,0.007038961038961039,6358.014,1495.650,1.1149,8.3187,0.6160753209189024,0.0,Merge
25885650.964,E23,P452,0.5477720612720616,0.0025,6385.483,1059.189,1.9063,14.642,0.3831458180002088,0.0,Merge
25921282.63,E39,P461,0.4134319097671051,0.0025,5813.823,1059.189,1.0293,7.1538,0.8955453079561667,0.0,Hit+Run
26331178.109,E4,P151,0.47024125874125905,0.0025,6068.771,1059.189,3.2663,23.765,0.7989570598870652,0.0,Merge
26538423.864,E23,E48,0.5502720612720615,0.04250000000000002,6395.183,2723.475,1.3282,9.5675,0.49135135748674863,0.008164835164835165,Fragment
27030757.059,E29,P331,0.4124966616614665,0.0025,5809.436,1059.189,1.0466,7.2681,0.7640894355366646,0.0,Merge
27197602.831,E74,E82,0.030000000000000002,0.027500000000000004,2424.939,2355.617,2.1172,6.5601,0.99005140844399,0.0,Hit+Run
27207270.044,E58,FRAG0016,0.12750000000000003,0.006816849816849817,3927.931,1479.750,1.0989,4.8930,0.5483302516101367,0.0,Merge
27317039.56,E4,P352,0.47274125874125905,0.0025,6079.506,1059.189,3.0133,21.965,0.6850487484008709,0.0,Merge
27338334.446,E31,FRAG0019,0.0575,0.005614052614052614,3012.195,1387.030,3.1305,10.593,0.7264091806939634,0.0,Hit+Run
27645708.914,E39,P272,0.4134319097671051,0.0025,5813.823,1059.189,2.1953,15.257,0.30824285465120166,0.0,Merge
27692678.16,E4,P215,0.47524125874125905,0.0025,6090.204,1059.189,1.2243,8.9414,0.5119612511456574,0.0,Merge
27824632.043,E23,P259,0.5846072261072264,0.0025000000000000022,6525.521,1059.189,3.4864,27.404,0.7880824162371194,0.0,Merge
27852874.791,E29,P546,0.4149966616614665,0.0025,5821.149,1059.189,1.5089,10.501,0.7020569009787814,0.0,Merge
28341910.19,E58,P412,0.13431684981684985,0.0025,3996.722,1059.189,1.2058,5.6040,0.6929564168900461,0.0,Merge
28498959.99,E67,P623,0.027500000000000004,0.0025,2355.617,1059.189,4.9518,13.112,0.983206699185506,0.0,Hit+Run
29221220.362,E4,P359,0.47774125874125906,0.0025,6100.865,1059.189,2.8167,20.609,0.4795447612346839,0.0,Merge
29365334.454,E18,P484,0.052323343323343326,0.0025,2918.943,1059.189,1.7144,5.6860,0.601819288370581,0.0,Merge
29554005.745,E44,P688,0.030000000000000002,0.0025,2424.939,1059.189,5.0576,13.800,0.6522872851489853,0.0,Merge
29645133.657,E67,P311,0.027500000000000004,0.0025000000000000022,2355.617,1059.189,1.7244,4.5663,0.9115339453474549,0.0,Hit+Run
29761348.881,E4,FRAG0010,0.48024125874125906,0.006920412920412921,6111.488,1487.206,1.6532,11.826,0.3661893041643987,0.0,Merge
30750002.746,E4,P263,0.48716167166167196,0.0025,6140.704,1059.189,1.6804,12.380,0.29126129773815435,0.0,Merge
30816269.295,E4,P217,0.48966167166167196,0.0025,6151.191,1059.189,2.8969,21.382,0.5387339658910032,0.0,Merge
30851485.766,E56,P627,0.030000000000000002,0.0025,2424.939,1059.189,2.1038,5.7405,0.5702989772205277,0.0,Merge
31071454.608,E63,P209,0.025,0.0025,2281.955,1059.189,2.8378,7.2737,0.957887846693436,0.0,Hit+Run
31859343.062,E4,P280,0.49216167166167196,0.0025,6161.641,1059.189,1.8987,14.040,0.6253090036167905,0.0,Merge
32092543.45,E58,P106,0.13681684981684986,0.0025000000000000022,4021.367,1059.189,3.506,16.402,0.43501988580954903,0.0,Merge
32322878.722,E23,P491,0.5871072261072263,0.0025000000000000022,6534.810,1059.189,1.3146,10.348,0.6700030472771606,0.0,Merge
32472857.954,E23,E45,0.5896072261072263,0.021885947385947388,6544.072,2182.976,1.352,10.111,0.7242906529218366,0.0,Merge
32575331.211,E29,FRAG0006,0.4174966616614665,0.006189144189144189,5832.814,1432.860,1.696,11.570,0.7101483934217369,0.0,Merge
32724363.459,E23,P68,0.6114931734931737,0.0025,6624.062,1059.189,1.8126,14.476,0.9726697485637478,0.0,Hit+Run
33066067.024,E4,FRAG0018,0.49466167166167196,0.010634032634032635,6172.057,1716.168,2.9956,21.420,0.9788315065869793,0.0,Hit+Run
33231597.872,E74,P783,0.030000000000000002,0.0025,2424.939,1059.189,2.3812,6.4975,0.6421257461357809,0.0,Merge
33286612.094,E29,FRAG0002,0.42368580585061066,0.007152181152181152,5861.496,1503.626,1.2477,8.5257,0.5434029655619085,0.0,Merge
33567551.298,E18,E74,0.05482334332334333,0.0325,2964.710,2490.510,1.4327,5.1211,0.7964994153155157,0.0,Hit+Run
33651037.307,E25,P423,0.030000000000000002,0.0025,2424.939,1059.189,2.2217,6.0622,0.9931164395850269,0.0,Hit+Run
33801481.678,E63,P549,0.025,0.0025,2281.955,1059.189,7.7064,19.752,0.49659911110930277,0.01790732600732601,Fragment
33980054.944,P101,P121,0.0025000000000000022,0.0025,1059.189,1059.189,6.1498,8.4411,0.9115000000000001,0.0,Hit+Run
34426108.094,E41,P286,0.030000000000000002,0.0025,2424.939,1059.189,2.642,7.2091,0.7905120555614783,0.0,Hit+Run
34776156.342,E39,FRAG0021,0.4159319097671051,0.008164835164835165,5825.518,1571.482,1.1608,7.8527,0.9423052064079317,0.0,Hit+Run
35138437.277,E89,P541,0.025,0.0025,2281.955,1059.189,5.4429,13.951,0.8794810553918984,0.0,Hit+Run
35248643.552,E29,P462,0.4308379870027918,0.0025,5894.294,1059.189,1.6203,11.427,0.8572536688645751,0.0,Hit+Run
35345357.619,E44,P464,0.0325,0.0025000000000000022,2490.510,1059.189,2.5011,7.0165,0.6383962306707651,0.0,Merge
35393621.849,E29,FRAG0023,0.4308379870027918,0.005969030969030969,5894.294,1415.669,1.2733,8.7937,0.8353651761830392,0.0,Hit+Run
35720952.884,E4,P250,0.49466167166167196,0.0025000000000000022,6172.057,1059.189,2.6346,19.517,0.7685147768779641,0.0,Merge
36165017.756,E44,P428,0.035,0.0025,2552.798,1059.189,7.5612,21.766,0.9433087040938135,0.0,Hit+Run
36223650.532,E4,FRAG0018,0.49716167166167197,0.010634032634032635,6182.437,1716.168,1.4819,10.615,0.785073346616768,0.0,Hit+Run
36292559.047,E4,FRAG0018,0.49716167166167197,0.010634032634032635,6182.437,1716.168,1.0531,7.5439,0.5090061787685786,0.0,Merge
36930752.947,E23,P517,0.6114931734931737,0.0025,6624.062,1059.189,2.2796,18.206,0.6388479734849646,0.0,Merge
37253285.479,E63,P460,0.009592907092907093,0.0025,1658.226,1059.189,3.0536,5.7551,0.4718844771260962,0.0,Merge
37724121.532,P81,P392,0.0025000000000000022,0.0025,1059.189,1059.189,9.1134,12.508,0.8906500000000002,0.0,Hit+Run
37916206.182,E29,P338,0.4308379870027918,0.0025000000000000022,5894.294,1059.189,1.1479,8.0960,0.44892864929366055,0.0,Merge
38372439.939,P1,P599,0.01,0.0025,1681.359,1059.189,9.832,18.760,0.871309444776768,0.0,Hit+Run
38409862.724,E23,P68,0.6139931734931736,0.0025,6633.076,1059.189,1.5315,12.249,0.6367256978848402,0.0,Merge
38517843.268,E67,P336,0.027500000000000004,0.0025,2355.617,1059.189,2.3272,6.1626,0.5350277947718224,0.0,Merge
38631626.259,E41,P237,0.030000000000000002,0.0025000000000000022,2424.939,1059.189,5.3113,14.492,0.5464959200800078,0.006911421911421912,Fragment
38747197.923,E39,E67,0.4159319097671051,0.030000000000000002,5825.518,2424.939,1.099,7.2185,0.9794800694639554,0.0,Hit+Run
38974179.034,E4,P314,0.5077957042957046,0.0025,6226.206,1059.189,1.5323,11.457,0.7889802407364391,0.0,Merge
39314826.631,E29,P472,0.4333379870027918,0.0025,5905.673,1059.189,1.6139,11.406,0.6050784259912585,0.0,Merge
39654040.556,E23,P121,0.6164931734931736,0.0025,6642.067,1059.189,2.5011,20.033,0.587511376251219,0.0,Merge
39830854.22,E39,P870,0.4159319097671051,0.0025,5825.518,1059.189,1.3642,9.5017,0.45446891753061935,0.0,Merge
39935122.243,E23,P224,0.6189931734931735,0.0025,6651.033,1059.189,1.225,9.8260,0.9808911818301805,0.0,Hit+Run
40045299.591,E23,P190,0.6189931734931735,0.0025000000000000022,6651.033,1059.189,1.8219,14.613,0.8982516820330374,0.0,Hit+Run
40279922.887,E4,P90,0.5102957042957046,0.0025,6236.407,1059.189,1.8401,13.782,0.7704473992366448,0.0,Merge
40330224.475,E4,P416,0.5127957042957045,0.0025,6246.575,1059.189,2.2155,16.623,0.1726285348375752,0.0,Merge
40515328.901,E23,P48,0.6189931734931735,0.005000000000000003,6651.033,1334.495,1.8209,14.380,0.8223081023005407,0.0,Merge
40994736.01,E4,P660,0.5152957042957045,0.0025,6256.710,1059.189,2.3595,17.734,0.7386542268170598,0.0,Merge
41559217.766,E23,P189,0.6239931734931735,0.0025,6668.893,1059.189,1.7911,14.407,0.9089375906929765,0.0,Hit+Run
41845046.408,E67,P543,0.030000000000000002,0.0025,2424.939,1059.189,4.026,10.985,0.9962484207877269,0.0,Hit+Run
42096830.983,E4,P411,0.5177957042957044,0.0025,6266.812,1059.189,1.9556,14.724,0.7558495226352089,0.0,Merge
42108325.297,E23,P442,0.6239931734931735,0.0025,6668.893,1059.189,1.8805,15.127,0.7520546001034171,0.0,Merge
42427620.255,E29,P189,0.4358379870027918,0.0025,5917.008,1059.189,1.2707,8.9990,0.5140763836878569,0.0,Merge
42826062.804,E23,FRAG0019,0.6264931734931735,0.005614052614052614,6677.788,1387.030,1.476,11.674,0.9571849563667751,0.0,Hit+Run
43019578.278,E4,P542,0.5202957042957044,0.0025,6276.881,1059.189,2.6519,20.000,0.9264641616137868,0.0,Hit+Run
43365558.119,E29,P513,0.4383379870027918,0.0025,5928.300,1059.189,1.8251,12.951,0.6279128743852431,0.0,Merge
43446536.591,E4,FRAG0019,0.5202957042957044,0.005614052614052614,6276.881,1387.030,1.4984,11.089,0.5082825405580661,0.0,Merge
43820723.567,E68,P440,0.00552713952713953,0.0025,1379.835,1059.189,1.6069,2.6044,0.7670764459571318,0.0,Hit+Run
43885627.425,E69,P377,0.027500000000000004,0.0025,2355.617,1059.189,4.4143,11.689,0.22543460976203136,0.00646974358974359,Fragment
43987577.171,E39,P573,0.4184319097671051,0.0025,5837.167,1059.189,1.0023,6.9960,0.6255839356965354,0.0,Merge
44336049.095,E4,P474,0.5259097569097569,0.0025,6299.376,1059.189,2.4111,18.254,0.8211330332279781,0.0,Merge
44538037.198,E29,P234,0.4408379870027918,0.0025,5939.549,1059.189,1.4204,10.100,0.7261982769565996,0.0,Merge
45297878.618,E4,P542,0.5284097569097569,0.0025,6309.342,1059.189,2.0796,15.770,0.1366582934692923,0.0,Merge
45324318.394,E29,P190,0.4433379870027918,0.0025000000000000022,5950.756,1059.189,1.3532,9.6416,0.8273397369882629,0.0,Merge
45471889.726,E67,P603,0.030000000000000002,0.0025,2424.939,1059.189,2.6851,7.3267,0.5883948686139054,0.0,Merge
45610310.613,E23,P239,0.6264931734931735,0.0025,6677.788,1059.189,1.1402,9.1849,0.7864569950987109,0.0,Merge
45695566.787,NEPTUNE,K954,16.289423909423906,0.02,19783.16,2118.379,1.002,24.429,0.9610868813024289,0.0,Graze+Merge
45785379.26,E23,P186,0.6289931734931734,0.0025,6686.658,1059.189,2.9594,23.873,0.721682920800178,0.0,Merge
45879901.295,E29,P173,0.4458379870027918,0.0025,5961.920,1059.189,1.0171,7.2614,0.5032865292922651,0.0,Merge
45991332.683,E39,P212,0.4209319097671051,0.0025,5848.769,1059.189,1.9359,13.541,0.2299558624578825,0.0,Merge
46069330.65,P45,P594,0.0025000000000000022,0.0025,1059.189,1059.189,20.744,28.473,0.8528000000000001,0.0,Graze+Frag
46377358.449,P75,FRAG0024,0.0025,0.005969030969030969,1059.189,1415.669,7.8423,12.961,0.8336192223052818,0.0,Hit+Run
46402716.258,E41,P401,0.02558857808857809,0.0025,2299.724,1059.189,1.8697,4.8305,0.5224663812714152,0.0,Merge
46504313.257,E31,P647,0.0575,0.0025,3012.195,1059.189,3.7674,12.921,0.5885469487706573,0.0,Merge
46866210.536,E4,P428,0.5309097569097568,0.0025,6319.277,1059.189,1.522,11.561,0.2378357522115239,0.0,Merge
46871959.828,E23,P247,0.6314931734931734,0.0025,6695.506,1059.189,1.5245,12.315,0.9089149604146411,0.0,Hit+Run
47430557.43,E23,P247,0.6314931734931734,0.0025,6695.506,1059.189,1.3041,10.534,0.2610961185802104,0.0,Merge
48060506.684,P75,P138,0.0025,0.0025,1059.189,1059.189,6.7284,9.2353,0.67845,0.0,Graze+Frag
48605040.829,E39,P529,0.4234319097671051,0.0025,5860.325,1059.189,1.9848,13.912,0.9496594036322277,0.0,Hit+Run
48688407.698,E29,P462,0.4483379870027918,0.0025,5973.043,1059.189,1.3944,9.9748,0.6345723384255101,0.0,Merge
48943754.523,E4,E31,0.5334097569097568,0.060000000000000005,6329.180,3055.232,1.8066,12.834,0.9018550530544722,0.007324009324009325,Hit+Run+Frag
48953207.07,E4,FRAG0027,0.5334084249084248,0.007324009324009325,6329.175,1515.572,1.0686,7.9263,0.9408143181383847,0.0,Hit+Run
48965312.62,E4,FRAG0027,0.5334084249084248,0.007324009324009325,6329.175,1515.572,1.0903,8.0873,0.4496319522326746,0.0,Merge
49526147.148,E29,FRAG0021,0.4508379870027918,0.008164835164835165,5984.125,1571.482,1.1179,7.7845,0.45572316874896546,0.0,Merge
49588412.208,E23,FRAG0023,0.6339931734931733,0.005969030969030969,6704.329,1415.669,1.5584,12.360,0.4566705990150129,0.0,Merge
50062668.034,E39,P543,0.4234319097671051,0.0025,5860.325,1059.189,1.612,11.299,0.8202489364289776,0.0,Merge
50139542.63,E23,P197,0.6399622044622043,0.0025,6725.304,1059.189,1.4165,11.496,0.34082272728415597,0.0,Merge
50363395.38,E4,P448,0.5407324342324341,0.0025000000000000022,6358.011,1059.189,2.5514,19.507,0.9349460465547864,0.0,Hit+Run
50370263.856,E4,P448,0.5407324342324341,0.0025000000000000022,6358.011,1059.189,1.0423,7.9693,0.35805167658011766,0.0,Merge
50416935.88,E4,FRAG0011,0.5432324342324342,0.006118215118215118,6367.795,1427.366,3.0094,22.570,0.4445519377428264,0.0,Merge
51388637.923,E39,E69,0.4259319097671051,0.02353046953046953,5871.835,2236.337,1.1039,7.3429,0.878294292429814,0.005533466533466533,Hit+Run+Frag
51863520.091,E29,P157,0.459002822167627,0.0025,6020.034,1059.189,1.2366,8.9203,0.9650968367402246,0.0,Hit+Run
51998169.613,E39,P875,0.4259319097671051,0.0025,5871.835,1059.189,1.5689,11.020,0.9647701310669041,0.0,Hit+Run
52598815.963,E4,E31,0.5493506493506493,0.052677322677322676,6391.611,2925.511,2.1711,15.592,0.5549796904577221,0.024880652680652683,Fragment
52626264.215,E4,FRAG0032,0.577147519147519,0.00622011322011322,6497.647,1435.246,1.0224,7.8330,0.6653358490607773,0.0,Merge
52652424.574,E4,FRAG0030,0.5833676323676322,0.00622011322011322,6520.906,1435.246,1.0124,7.7863,0.7475621065582224,0.0,Merge
52779982.875,E4,FRAG0029,0.5895877455877454,0.00622011322011322,6544.000,1435.246,1.1262,8.6945,0.5417762524538373,0.0,Merge
52791469.61,E4,FRAG0031,0.5958078588078586,0.00622011322011322,6566.933,1435.246,1.3417,10.397,0.8670914084472146,0.0,Hit+Run
52896909.777,E4,FRAG0031,0.5958078588078586,0.00622011322011322,6566.933,1435.246,1.0697,8.2894,0.8915465702603198,0.0,Hit+Run
53027145.732,E4,FRAG0031,0.5958078588078586,0.00622011322011322,6566.933,1435.246,1.0464,8.1088,0.8053790538047476,0.0,Merge
53503924.043,E23,P150,0.6424622044622043,0.0025,6734.050,1059.189,2.1802,17.719,0.8716062077973705,0.0,Hit+Run
53515052.576,E39,E42,0.4259319097671051,0.06000000000000001,5871.835,3055.232,1.0749,7.0853,0.7057725590390733,0.0,Graze+Merge
53713779.001,E29,P467,0.459002822167627,0.0025,6020.034,1059.189,1.9432,14.017,0.8311619069784965,0.0,Merge
53865048.186,E4,P444,0.6020279720279718,0.0025,6589.706,1059.189,2.81,22.318,0.6039281988861287,0.0,Merge
54285898.578,E29,P616,0.461502822167627,0.0025000000000000022,6030.944,1059.189,2.1434,15.491,0.9073464654051047,0.0,Hit+Run
54446442.097,URANUS,K820,15.989423909423907,0.02,19660.96,2118.379,1.001,24.246,0.9280110085680119,0.0,Graze+Merge
54450143.089,P157,P311,0.0025,0.0025000000000000022,1059.189,1059.189,9.5329,13.084,0.34449999999999986,0.0,Merge
54850113.153,E23,P487,0.6424622044622043,0.0025,6734.050,1059.189,2.1898,17.797,0.9986272373861615,0.0,Hit+Run
55809665.822,E4,FRAG0025,0.6045279720279717,0.006911421911421912,6598.815,1486.561,1.3003,10.102,0.8389939056998088,0.0,Hit+Run
56042764.207,E41,P384,0.02808857808857809,0.0025,2372.304,1059.189,4.8209,12.859,0.9720829824323747,0.0,Hit+Run
56141898.964,E4,FRAG0025,0.6045279720279717,0.006911421911421912,6598.815,1486.561,1.0748,8.3504,0.5731764785729335,0.0,Merge
56321780.078,E23,P422,0.6424622044622043,0.0025,6734.050,1059.189,3.0747,24.990,0.8282289582371168,0.0,Merge
56497936.2,E23,FRAG0022,0.6449622044622042,0.005969030969030969,6742.774,1415.669,1.098,8.7624,0.895654229397396,0.0,Hit+Run
56639896.116,E23,FRAG0022,0.6449622044622042,0.005969030969030969,6742.774,1415.669,1.0039,8.0114,0.7040766245488986,0.0,Merge
57540214.092,E4,P580,0.6114393939393936,0.0025,6623.867,1059.189,3.4702,27.714,0.7159206654500725,0.0,Merge
59032697.835,E23,P614,0.6509312354312352,0.0025,6763.511,1059.189,2.0727,16.924,0.49844217986200456,0.0,Merge
59126029.407,P81,P199,0.0025000000000000022,0.0025000000000000022,1059.189,1059.189,12.111,16.623,0.6478,0.0,Graze+Frag
59477897.717,E4,P565,0.6139393939393936,0.0025000000000000022,6632.883,1059.189,1.8294,14.631,0.269124175725963,0.0,Merge
59496284.107,E23,P407,0.6534312354312352,0.0025,6772.159,1059.189,1.6927,13.840,0.8426123992529201,0.0,Merge
59751875.448,E23,P820,0.6559312354312351,0.0025,6780.784,1059.189,1.7121,14.017,0.5908123727182842,0.0,Merge
60405967.658,E4,P673,0.6164393939393935,0.0025,6641.874,1059.189,4.4372,35.539,0.8914405898453768,0.0,Hit+Run
60457280.516,E4,P673,0.6164393939393935,0.0025,6641.874,1059.189,1.0607,8.4956,0.46986922731014047,0.0,Merge
61032745.711,E23,E41,0.658431235431235,0.02808857808857809,6789.388,2372.304,2.0555,15.896,0.37127238708655946,0.008964368964368963,Fragment
61130195.333,E23,P581,0.6775554445554443,0.0025,6854.495,1059.189,1.7197,14.242,0.8586216069390078,0.0,Merge
61486815.949,P75,P391,0.005,0.0025,1334.495,1059.189,8.2518,13.049,0.6847296871511803,0.0,Graze+Frag
63302348.539,E23,E44,0.6800554445554442,0.035,6862.915,2552.798,1.4114,10.988,0.5379855269007167,0.005600772560772562,Fragment
63315064.573,E23,FRAG0034,0.7094547119547117,0.005600732600732601,6960.419,1385.932,1.0748,8.8880,0.6598192587467896,0.0,Merge
63538149.687,E82,P349,0.027500000000000004,0.0025,2355.617,1059.189,3.3091,8.7628,0.6505043972019449,0.0,Merge
63762514.468,E4,FRAG0033,0.6189393939393935,0.008964368964368963,6650.840,1621.189,1.688,13.139,0.8160757710503439,0.0,Hit+Run
63875985.364,E29,P701,0.461502822167627,0.0025,6030.944,1059.189,1.7683,12.780,0.9052199385807749,0.0,Hit+Run
64046685.429,E4,FRAG0033,0.6189393939393935,0.008964368964368963,6650.840,1621.189,1.1758,9.1523,0.880799021857785,0.0,Hit+Run
64187124.075,E4,FRAG0033,0.6189393939393935,0.008964368964368963,6650.840,1621.189,1.1221,8.7343,0.37073156456287054,0.0,Merge
65856344.227,E29,P753,0.461502822167627,0.0025,6030.944,1059.189,2.4659,17.822,0.4568630229390473,0.0,Merge
66199847.717,E39,P679,0.4859319097671051,0.0025,6135.533,1059.189,1.1263,8.2909,0.7159960969279878,0.0,Merge
66285668.442,E29,P589,0.464002822167627,0.0025,6041.814,1059.189,2.7331,19.791,0.4585173631753405,0.0,Merge
66372414.86,E23,P480,0.7150554445554442,0.0025,6978.687,1059.189,3.1378,26.487,0.4304660387234942,0.0,Merge
67533066.611,E29,P256,0.466502822167627,0.0025,6052.646,1059.189,1.8972,13.764,0.8032366513927954,0.0,Merge
67696027.846,E39,P392,0.4884319097671051,0.0025,6146.037,1059.189,1.3916,10.262,0.6302794905974374,0.0,Merge
68455171.674,P172,P492,0.0025,0.0025,1059.189,1059.189,39.216,53.828,0.57125,0.0,Graze+Frag
69162191.793,E4,P75,0.6279037629037624,0.007499833499833501,6682.796,1527.604,2.6445,20.784,0.9455572493571471,0.0,Hit+Run
69817711.557,E39,P541,0.4909319097671051,0.0025,6156.505,1059.189,2.0576,15.201,0.5312940378011043,0.0,Merge
70182213.483,E4,P172,0.6279037629037624,0.005,6682.796,1334.495,1.3656,10.840,0.6654212233096625,0.0,Merge
70349011.816,E29,P81,0.469002822167627,0.005,6063.438,1334.495,1.309,9.3612,0.7361758507761744,0.0,Merge
70555952.376,E39,P293,0.4934319097671051,0.0025,6166.938,1059.189,1.2698,9.3983,0.9457624833280583,0.0,Hit+Run
70746985.649,E29,P390,0.474002822167627,0.0025,6084.910,1059.189,1.5433,11.260,0.8355561580538841,0.0,Merge
71341807.725,E23,P427,0.7175554445554442,0.0025,6986.811,1059.189,2.1601,18.256,0.6926893474864076,0.0,Merge
71981993.338,P170,P774,0.0024999999999999905,0.0025,1059.189,1059.189,5.5888,7.6711,0.9058999999999995,0.0,Hit+Run
72780184.053,E63,P818,0.012092907092907093,0.0025,1791.310,1059.189,1.5277,3.0882,0.6201872918334168,0.0,Merge
73150631.112,E64,P398,0.0275,0.0025,2355.617,1059.189,4.4907,11.891,0.28986420753367687,0.006695637695637696,Fragment
73917681.312,E39,P289,0.4934319097671051,0.0025,6166.938,1059.189,1.9103,14.138,0.8303798017309156,0.0,Merge
74297830.203,P181,P569,0.0025,0.0025,1059.189,1059.189,19.870,27.274,0.9971,0.0,Hit+Run
74597989.28,E23,P626,0.7200554445554441,0.0025000000000000022,6994.915,1059.189,1.9107,16.168,0.7441228175910057,0.0,Merge
74775192.906,E23,E69,0.7225554445554441,0.017997002997002996,7003.001,2045.159,1.3827,11.175,0.9709448364656068,0.0,Hit+Run
74942618.448,E29,P75,0.476502822167627,0.007499833499833501,6095.589,1527.604,1.4231,10.130,0.40228424518727923,0.0,Merge
75908196.843,E4,P701,0.6329037629037624,0.0025,6700.487,1059.189,1.6592,13.414,0.3194952877814645,0.0,Merge
76304882.753,P149,P423,0.0025,0.0025,1059.189,1059.189,7.8839,10.821,0.69435,0.0,Graze+Frag
76409709.45,E23,P89,0.7225554445554441,0.0025,7003.001,1059.189,1.7337,14.688,0.6826504864267855,0.0,Merge
77941552.627,E23,P611,0.725055444555444,0.0025,7011.069,1059.189,2.037,17.279,0.9162747502477677,0.0,Hit+Run
78159498.742,E4,P318,0.6354037629037623,0.0025000000000000022,6709.298,1059.189,2.9215,23.652,0.7385982620838292,0.0,Merge
78940238.684,E23,P584,0.725055444555444,0.0025,7011.069,1059.189,1.2407,10.524,0.7489527469314503,0.0,Merge
78983613.376,E4,P498,0.6379037629037623,0.0025,6718.086,1059.189,4.9071,39.782,0.44805806587612773,0.0,Merge
79870991.336,E39,P695,0.4959319097671051,0.0025,6177.335,1059.189,1.7862,13.244,0.850474364060644,0.0,Merge
79966413.323,E23,P286,0.727555444555444,0.0025,7019.118,1059.189,2.8299,24.035,0.5833691732346306,0.0,Merge
80852224.48,E60,P337,0.027500000000000004,0.0025,2355.617,1059.189,4.5352,12.009,0.9498881812800405,0.0,Hit+Run
81873074.977,E23,P149,0.7300554445554439,0.005,7027.148,1334.495,1.2195,10.215,0.5862649337450361,0.0,Merge
82229698.801,E18,P516,0.05482334332334333,0.0025,2964.710,1059.189,3.9223,13.226,0.27172274450200123,0.0,Merge
83171444.765,E23,P101,0.7350554445554439,0.0025000000000000022,7043.154,1059.189,2.4766,21.110,0.35787995993890814,0.0,Merge
83828147.397,E29,P119,0.48400265566746054,0.0025,6127.402,1059.189,2.4669,18.133,0.777670905667875,0.0,Merge
84314011.15,P157,P611,0.005000000000000003,0.0025,1334.495,1059.189,9.3779,14.830,0.3477726582355531,0.0,Fragment
85750216.536,E4,P440,0.6404037629037622,0.0025,6726.851,1059.189,1.9272,15.645,0.7958826800995722,0.0,Merge
86849224.337,E29,P262,0.48650265566746054,0.0025,6137.934,1059.189,1.3916,10.248,0.32748729961971157,0.0,Merge
87243147.347,E82,P722,0.030000000000000002,0.0025,2424.939,1059.189,5.9317,16.185,0.651869687655292,0.0,Merge
88873848.463,E39,P733,0.4984319097671051,0.0025,6187.698,1059.189,1.5168,11.266,0.5400551294122578,0.0,Merge
89089995.698,E4,P249,0.6429037629037622,0.0025,6735.593,1059.189,3.3991,27.633,0.6229408857214176,0.0,Merge
91888340.232,E39,P595,0.5009319097671051,0.0025,6198.026,1059.189,3.0097,22.395,0.8709602969039588,0.0,Hit+Run
92028441.904,E4,P316,0.6454037629037621,0.0025000000000000022,6744.312,1059.189,2.2127,18.013,0.8694529675992738,0.0,Hit+Run
93179944.847,E4,P316,0.6454037629037621,0.0025000000000000022,6744.312,1059.189,1.1303,9.2015,0.40015578926288653,0.0,Merge
93484230.18,E4,P458,0.6479037629037621,0.0025,6753.009,1059.189,1.9934,16.250,0.9344363632953897,0.0,Hit+Run
93503661.809,E4,E69,0.6479037629037621,0.017997002997002996,6753.009,2045.159,2.4858,19.321,0.5911647884224926,0.005544455544455545,Fragment
94016438.279,E4,P510,0.6603563103563095,0.0025,6795.998,1059.189,1.6754,13.750,0.9425058170075301,0.0,Hit+Run
94176111.633,E4,P510,0.6603563103563095,0.0025,6795.998,1059.189,1.028,8.4368,0.7391931063440736,0.0,Merge
95075361.368,E29,P258,0.48900265566746054,0.0025,6148.430,1059.189,1.498,11.051,0.7889820755901918,0.0,Merge
95544206.549,E29,E63,0.49150265566746054,0.014592907092907094,6158.890,1907.104,3.9236,27.767,0.8960404886216768,0.009064935064935066,Hit+Run+Frag
95603897.998,E4,P458,0.6628563103563094,0.0025,6804.564,1059.189,1.0798,8.8738,0.4881198711343159,0.0,Merge
95928425.662,E29,P277,0.49150282216762703,0.0025000000000000022,6158.891,1059.189,2.8703,21.214,0.46835374887955966,0.0,Merge
96937015.148,E39,FRAG0005,0.5009319097671051,0.006189144189144189,6198.026,1432.860,2.4779,18.047,0.5942265805065741,0.0,Merge
99801839.761,E4,FRAG0036,0.6653563103563094,0.005544455544455545,6813.108,1381.275,1.7296,13.982,0.9292964242011491,0.0,Hit+Run
103921065.764,E23,P224,0.737555444555444,0.0025,7051.130,1059.189,1.3903,11.865,0.6086684828588016,0.0,Merge
104887538.03,E66,E73,0.03796103896103898,0.025,2622.848,2281.955,1.2146,3.8879,0.6528774050606354,0.0,Hit+Run
106409462.662,E23,P977,0.7400554445554439,0.0025,7059.088,1059.189,3.0378,25.956,0.4903280910024637,0.0,Merge
106919558.906,E29,P293,0.49400282216762703,0.0025,6169.315,1059.189,1.8247,13.510,0.25211515964436,0.0,Merge
107212984.161,E58,E73,0.13931684981684986,0.025,4045.712,2281.955,1.0333,4.7043,0.6252386126261679,0.0,Merge
111844005.592,E58,FRAG0026,0.16431684981684985,0.00646953046953047,4274.525,1454.179,1.6653,8.1235,0.2501871371947102,0.0,Merge
113014499.65,E29,P360,0.49650282216762703,0.0025,6179.705,1059.189,1.7193,12.753,0.8654615099942926,0.0,Hit+Run
113505338.546,E23,P296,0.7425554445554439,0.0025,7067.028,1059.189,2.3983,20.516,0.719206916389985,0.0,Merge
114532309.03,E4,FRAG0036,0.6653563103563094,0.005544455544455545,6813.108,1381.275,1.2315,9.9554,0.6683085494970776,0.0,Merge
117517944.032,E23,P616,0.7450554445554438,0.0025000000000000022,7074.950,1059.189,3.3369,28.580,0.4607249251904691,0.0,Merge
117871567.79,E4,FRAG0017,0.670900765900765,0.007676656676656677,6831.980,1539.517,2.0596,16.566,0.2584589146432345,0.0,Merge
118434083.946,P45,P779,0.005,0.0025,1334.495,1059.189,14.979,23.689,0.4673020874207127,0.0,Fragment
120486666.44,E23,P461,0.7475554445554438,0.0025,7082.854,1059.189,1.7763,15.231,0.8201521447174193,0.0,Merge
121701353.917,E66,FRAG0028,0.03796103896103898,0.005533466533466533,2622.848,1380.361,5.6453,16.624,0.9321335286595809,0.0,Hit+Run
124099973.896,E23,P871,0.7500554445554437,0.0025,7090.741,1059.189,2.4911,21.386,0.8767362303302328,0.0,Hit+Run
125513486.974,E39,P593,0.5071210539562493,0.0025,6223.448,1059.189,1.5837,11.836,0.3915591974247421,0.0,Merge
127554726.022,P45,P547,0.0075001665001665,0.0025,1527.627,1059.189,12.480,21.923,0.8370359687184225,0.0,Graze+Frag
129563223.747,E23,P157,0.7500554445554437,0.007499833499833501,7090.741,1527.604,2.6726,22.386,0.9491239874023654,0.0,Hit+Run
129643385.785,E23,P157,0.7500554445554437,0.007499833499833501,7090.741,1527.604,1.0199,8.5429,0.8095033730974232,0.0,Merge
130544684.045,E4,E63,0.6785774225774216,0.005527805527805528,6857.939,1379.890,3.5239,28.690,0.8404020898142541,0.0,Hit+Run
131463365.089,E29,P347,0.49650282216762703,0.0025,6179.705,1059.189,2.7586,20.462,0.7611417264854125,0.0,Merge
132084331.26,E4,E63,0.6785774225774216,0.005527805527805528,6857.939,1379.890,1.4204,11.564,0.6794811151128224,0.0,Merge
132315155.296,E4,E66,0.6841052281052271,0.03796103896103898,6876.511,2622.848,1.3515,10.527,0.706011936178585,0.0,Merge
133668796.999,P45,P532,0.01,0.0025,1681.359,1059.189,11.695,22.315,0.7978107322825722,0.0069723609723609725,Graze+Frag
133669345.526,E29,P357,0.49900282216762704,0.0025,6190.059,1059.189,1.751,13.011,0.8278460795389722,0.0,Merge
134351151.097,E39,E58,0.5096210539562492,0.17078638028638032,6233.658,4329.903,1.0211,7.3215,0.7848456022384919,0.0,Graze+Merge
134661290.766,E29,P672,0.501502822167627,0.0025,6200.380,1059.189,1.6527,12.303,0.7315344449420531,0.0,Merge
134890396.553,E23,P741,0.7575552780552772,0.0025000000000000022,7114.296,1059.189,2.9047,25.025,0.3717527460043041,0.0,Merge
140112446.944,E67,P585,0.0325,0.0025,2490.510,1059.189,4.3559,12.220,0.1502150049308834,0.005611388611388612,Fragment
148721926.943,E74,P618,0.0325,0.0025,2490.510,1059.189,3.4333,9.6317,0.79597815550718,0.0,Hit+Run
150381424.348,E39,P595,0.6804074342426296,0.0025,6864.098,1059.189,1.2492,10.361,0.7267553506344981,0.0,Merge
152811250.953,E4,FRAG0037,0.7220662670662661,0.009064935064935066,7001.421,1627.229,2.5,20.560,0.052092878450609455,0.0,Merge
155976306.511,E23,P205,0.7600552780552772,0.0025,7122.113,1059.189,2.1195,18.281,0.690334501092312,0.0,Merge
156959714.157,E23,P704,0.7625552780552771,0.0025,7129.914,1059.189,2.1677,18.719,0.5836895435578411,0.0,Merge
161906105.499,E4,FRAG0035,0.7311312021312012,0.006695637695637696,7030.598,1470.927,2.7085,22.543,0.8150722755704084,0.0,Merge
167540760.507,E29,P582,0.5040028221676269,0.0025,6210.666,1059.189,3.8143,28.444,0.5781074215142801,0.0,Merge
179015046.089,E29,P453,0.5065028221676269,0.0025000000000000022,6220.918,1059.189,3.5068,26.197,0.9438052246392274,0.0,Hit+Run
187976939.58,E39,E46,0.6829074342426296,0.025,6872.495,2281.955,1.0373,8.1495,0.9712157886670315,0.0,Hit+Run
192083511.299,E23,E29,0.7650552780552771,0.5065028221676269,7137.697,6220.918,1.1648,10.153,0.19758937587299127,0.15951515151515158,Fragment
192145183.705,E23,FRAG0064,1.1120429487077523,0.005696969696969697,8085.391,1393.825,1.0418,10.107,0.9350145554995588,0.0,Hit+Run
192271736.827,E23,FRAG0055,1.1120429487077523,0.005696969696969697,8085.391,1393.825,1.0933,10.606,0.7648490712611332,0.0,Merge
192301442.644,E23,FRAG0064,1.117739918404722,0.005696969696969697,8099.174,1393.825,1.0306,10.016,0.9013776116087044,0.0,Hit+Run
192364202.308,P453,P774,0.0025000000000000022,0.0025,1059.189,1059.189,11.347,15.575,0.8104000000000001,0.0,Graze+Frag
192440926.471,E23,FRAG0058,1.117739918404722,0.005696969696969697,8099.174,1393.825,1.0328,10.037,0.7616278219432944,0.0,Merge
192595756.628,E23,FRAG0050,1.1234368881016918,0.005696969696969697,8112.911,1393.825,1.0773,10.489,0.6174243927910418,0.0,Merge
192703565.159,E23,FRAG0043,1.1291338577986616,0.005696969696969697,8126.602,1393.825,1.0256,10.003,0.6841574426640563,0.0,Merge
192867725.897,E23,FRAG0048,1.1348308274956314,0.005696969696969697,8140.246,1393.825,1.0423,10.185,0.5630849467482876,0.0,Merge
193441911.905,E23,FRAG0054,1.1405277971926011,0.005696969696969697,8153.845,1393.825,1.0604,10.380,0.5934543699451508,0.0,Merge
193573117.195,E23,FRAG0065,1.1462247668895709,0.005696969696969697,8167.399,1393.825,1.0431,10.229,0.9694554180653954,0.0,Hit+Run
193748877.729,E23,FRAG0049,1.1462247668895709,0.005696969696969697,8167.399,1393.825,1.0682,10.475,0.9345177789792426,0.0,Hit+Run
194455485.357,E4,FRAG0063,0.7378268398268389,0.005696969696969697,7051.995,1393.825,1.4072,11.796,0.6949443535367755,0.0,Merge
194482361.859,E23,FRAG0041,1.1462247668895709,0.005696969696969697,8167.399,1393.825,1.014,9.9437,0.7243794118595956,0.0,Merge
198608720.692,E23,FRAG0057,1.1519217365865406,0.005696969696969697,8180.908,1393.825,1.052,10.334,0.9389294808983322,0.0,Hit+Run
199018690.738,E23,FRAG0046,1.1519217365865406,0.005696969696969697,8180.908,1393.825,1.233,12.112,0.5487128152087624,0.0,Merge
199031506.212,E4,FRAG0062,0.7435238095238086,0.005696969696969697,7070.098,1393.825,1.9544,16.428,0.7103574663949163,0.0,Merge
