time_yr,target,projectile,Mt_Mearth,Mp_Mearth,Rt_km,Rp_km,vimp/vesc,vimp_km/s,b,m_frag_Mearth,Regime
11498.597,E47,P497,0.027500000000000004,0.0025,2355.617,1059.189,2.0836,5.5175,0.7879174151474672,0.0,Hit+Run
12773.679,E4,P86,0.1282908041677238,0.0025,3936.035,1059.189,1.9409,8.8730,0.8870060509930195,0.0,Hit+Run
69695.083,E4,P111,0.1282908041677238,0.0025,3936.035,1059.189,2.4261,11.091,0.7201162210202724,0.0,Merge
90084.778,E17,P307,0.15636633097956867,0.0025,4204.441,1059.189,1.3838,6.7920,0.7306367451462955,0.0,Merge
116305.39,E50,P575,0.027500000000000004,0.0025,2355.617,1059.189,1.8997,5.0306,0.6166340197866581,0.0,Merge
121364.921,E47,P330,0.027500000000000004,0.0025,2355.617,1059.189,1.8456,4.8873,0.8302726325262577,0.0,Hit+Run
197784.571,E35,P95,0.05500000000000001,0.0025,2967.891,1059.189,1.726,5.8268,0.7554078388312431,0.0,Hit+Run
213691.205,E4,P34,0.1307908041677238,0.0025,3961.438,1059.189,1.5898,7.3184,0.6917447025394423,0.0,Merge
277300.765,P3,P113,0.005000000000000004,0.0025000000000000022,1334.495,1059.189,3.4739,5.4937,0.9586884628115693,0.0,Hit+Run
281702.921,E31,E58,0.030000000000000002,0.027500000000000004,2424.939,2355.617,1.0448,3.2373,0.9611381333741533,0.0,Hit+Run
293798.498,E39,P266,0.027500000000000004,0.0025000000000000022,2355.617,1059.189,1.5908,4.2126,0.4973633832265136,0.0,Merge
297730.863,E31,E38,0.030000000000000002,0.030000000000000002,2424.939,2424.939,1.1581,3.6392,0.51935,0.0,Graze+Merge
348818.304,E30,P333,0.027500000000000004,0.0025,2355.617,1059.189,2.1152,5.6012,0.2928994348376944,0.0,Merge
412922.805,E17,P216,0.15886633097956868,0.0025000000000000022,4226.729,1059.189,1.1628,5.7399,0.4210001909010312,0.0,Merge
416642.852,P3,P79,0.005000000000000004,0.0025000000000000022,1334.495,1059.189,3.9063,6.1776,0.7524109964006128,0.0,Hit+Run
419758.156,E17,P159,0.16136633097956868,0.0025,4248.785,1059.189,1.7155,8.5158,0.525577521484307,0.0,Merge
423856.563,E25,P87,0.13141938571356301,0.0025,3967.774,1059.189,1.7662,8.1445,0.5955255712820822,0.0,Merge
437210.5,E63,P563,0.025,0.0025,2281.955,1059.189,2.3972,6.1444,0.8013474584851396,0.0,Hit+Run
485345.754,E3,P73,0.035,0.0025000000000000022,2552.798,1059.189,3.5838,10.316,0.8869094873509601,0.0,Hit+Run
490893.961,E83,P727,0.025,0.0025,2281.955,1059.189,1.6849,4.3186,0.9437500367636289,0.0,Hit+Run
520740.248,E67,P463,0.030000000000000002,0.0025,2424.939,1059.189,2.4046,6.5613,0.7549466690152629,0.0,Hit+Run
614464.104,E3,P81,0.035,0.0025,2552.798,1059.189,3.3472,9.6356,0.9269826150366719,0.0,Hit+Run
656903.45,E54,P225,0.037500000000000006,0.0025000000000000022,2612.187,1059.189,1.2387,3.6529,0.5022482946621635,0.0,Merge
695515.647,E31,P413,0.060000000000000005,0.0025,3055.232,1059.189,1.1247,3.9163,0.6187064527397153,0.0,Merge
725824.856,E4,P79,0.1332908041677238,0.0025000000000000022,3986.519,1059.189,1.6467,7.6321,0.9782783843845093,0.0,Hit+Run
743340.704,E87,E69,0.027500000000000004,0.025,2355.617,2281.955,2.0329,6.1109,0.7337727921691535,0.0,Hit+Run
770067.805,E39,P189,0.030000000000000006,0.0025,2424.939,1059.189,2.3313,6.3613,0.7629506209777184,0.0,Hit+Run
818173.922,E17,P336,0.16386633097956868,0.0025000000000000022,4270.615,1059.189,1.1073,5.5271,0.714492826305317,0.0,Merge
825489.026,E22,P381,0.06,0.0025,3055.232,1059.189,1.1686,4.0691,0.7877146004156144,0.0,Hit+Run
838945.543,E39,P334,0.030000000000000006,0.0025,2424.939,1059.189,1.6937,4.6215,0.802274384967174,0.0,Hit+Run
865822.856,NEPTUNE,K533,16.06942390942391,0.02,19693.69,2118.379,1.0003,24.272,0.8184611003532446,0.0,Merge
875231.411,E4,P21,0.1332908041677238,0.0025,3986.519,1059.189,2.376,11.012,0.808489961832231,0.0,Hit+Run
876101.8,E9,P186,0.2867091958322762,0.0025,5146.054,1059.189,1.8513,11.291,0.7807928222653975,0.0,Merge
919802.527,E9,P3,0.2892091958322762,0.005000000000000004,5160.968,1334.495,1.1549,6.9442,0.5220985443754474,0.0,Merge
920749.681,E9,P98,0.2942091958322762,0.002500000000000014,5190.540,1059.189,1.1512,7.0866,0.7041998604435846,0.0,Merge
929914.277,E4,P44,0.1332908041677238,0.0025,3986.519,1059.189,1.5509,7.1881,0.8084109537249475,0.0,Hit+Run
949147.957,E42,P135,0.025,0.0025,2281.955,1059.189,1.3396,3.4336,0.30508984036931036,0.0,Merge
1002109.259,E4,P142,0.1332908041677238,0.0025,3986.519,1059.189,1.2617,5.8477,0.7144703141648455,0.0,Merge
1004726.877,E9,P158,0.29670919583227623,0.0025,5205.201,1059.189,1.7343,10.708,0.8738774387780104,0.0,Hit+Run
1075228.575,NEPTUNE,K304,16.08942390942391,0.02,19701.86,2118.379,0.9998,24.270,0.883955517290808,0.0,Perfect
1085531.334,E41,P345,0.027500000000000004,0.0025,2355.617,1059.189,2.1438,5.6770,0.3397385107337835,0.0,Merge
1105737.169,E9,P86,0.29670919583227623,0.0025,5205.201,1059.189,1.2348,7.6243,0.9705964022407472,0.0,Hit+Run
1120069.565,E9,P257,0.29670919583227623,0.0025,5205.201,1059.189,1.3757,8.4943,0.6703853927984204,0.0,Merge
1178574.718,E17,P357,0.16636633097956868,0.0025,4292.223,1059.189,1.0616,5.3278,0.9849454742141324,0.0,Hit+Run
1209179.589,E9,P101,0.29920919583227623,0.0025,5219.779,1059.189,1.7558,10.873,0.6260606900355933,0.0,Merge
1243999.08,E35,P120,0.05500000000000001,0.0025,2967.891,1059.189,1.5636,5.2786,0.2342132792005552,0.0,Merge
1251048.072,E9,P209,0.30170919583227623,0.0025,5234.277,1059.189,1.039,6.4537,0.513325291859954,0.0,Merge
1305449.707,E9,E3,0.30420919583227624,0.035,5248.694,2552.798,1.4848,8.7472,0.5008180102141073,0.009693306693306694,Fragment
1306071.843,E9,FRAG0001,0.32951588913896956,0.009693306693306694,5390.379,1663.991,1.039,6.4369,0.32161770409700996,0.0,Merge
1319517.598,E17,P53,0.16636633097956868,0.0024999999999999905,4292.223,1059.189,2.0843,10.460,0.5147703626633798,0.0,Merge
1348133.732,E50,P648,0.030000000000000002,0.0025,2424.939,1059.189,1.1526,3.1450,0.7257148444567295,0.0,Hit+Run
1361788.326,E64,E72,0.027500000000000004,0.027500000000000004,2355.617,2355.617,1.3262,4.0483,0.35135,0.007758275058275058,Fragment
1425788.206,E4,P79,0.1357908041677238,0.0025000000000000022,4011.289,1059.189,1.6759,7.8194,0.8089064316162297,0.0,Hit+Run
1437451.604,E14,P569,0.025,0.0025,2281.955,1059.189,1.0915,2.7976,0.9755088851566732,0.0,Hit+Run
1455992.957,URANUS,K412,15.96942390942391,0.02,19652.76,2118.379,0.9999,24.209,0.36821043484680827,0.0,Perfect
1498877.146,P2,P20,0.0024999999999999905,0.0025000000000000022,1059.189,1059.189,4.7301,6.4924,0.7027499999999995,0.0,Hit+Run
1503822.644,E17,P132,0.16886633097956869,0.0025000000000000022,4313.616,1059.189,1.1644,5.8751,0.785117726804495,0.0,Merge
1745238.209,E17,P141,0.1713663309795687,0.0025,4334.799,1059.189,1.2615,6.3987,0.3580194576126788,0.0,Merge
1756371.118,E29,P155,0.025,0.0025000000000000022,2281.955,1059.189,1.3565,3.4769,0.8689630711929114,0.0,Hit+Run
1783510.216,E9,P85,0.33920919583227627,0.0025,5442.725,1059.189,1.3584,8.7981,0.8336635992499264,0.0,Merge
1784934.312,E29,P220,0.025,0.0025000000000000022,2281.955,1059.189,1.9368,4.9643,0.16862924017726152,0.0,Merge
1824079.665,E4,P119,0.1357908041677238,0.0025000000000000022,4011.289,1059.189,1.3345,6.2265,0.9607197756036668,0.0,Hit+Run
1851595.528,E4,P119,0.1357908041677238,0.0025000000000000022,4011.289,1059.189,1.0236,4.7759,0.9879338403934939,0.0,Hit+Run
1873117.194,E17,P48,0.1738663309795687,0.0025,4355.777,1059.189,1.0987,5.6020,0.4449113587189397,0.0,Merge
1884430.095,E17,P203,0.1763663309795687,0.0025,4376.555,1059.189,1.2377,6.3431,0.6226980285825072,0.0,Merge
1905037.032,E67,P483,0.030000000000000002,0.0025,2424.939,1059.189,2.0308,5.5413,0.8612252311602161,0.0,Hit+Run
1915082.974,E39,P261,0.030000000000000006,0.0025,2424.939,1059.189,3.5752,9.7555,0.5728045621826876,0.0,Merge
1990233.722,P5,P107,0.002500000000000014,0.0025,1059.189,1059.189,11.31,15.523,0.7798500000000008,0.0,Graze+Frag
1994048.254,E30,P385,0.030000000000000002,0.0025,2424.939,1059.189,2.021,5.5146,0.8212750709302205,0.0,Hit+Run
2002928.863,E55,E36,0.0775,0.035,3327.318,2552.798,1.0817,4.2271,0.3639606763737828,0.008416916416916418,Fragment
2018235.131,E9,P138,0.34170919583227627,0.0025,5456.063,1059.189,1.0513,6.8269,0.47097018126398477,0.0,Merge
2025953.663,E16,P179,0.09611000438750067,0.0025,3574.786,1059.189,2.0959,8.6379,0.8884554168173249,0.0,Hit+Run
2028253.235,E16,P179,0.09611000438750067,0.0025,3574.786,1059.189,1.0635,4.3830,0.6422922462812405,0.0,Merge
2090971.579,E9,P130,0.34420919583227627,0.0025,5469.336,1059.189,1.2974,8.4470,0.9633399134703016,0.0,Hit+Run
2158709.615,E4,P44,0.1357908041677238,0.0025,4011.289,1059.189,1.2783,5.9643,0.18796691261810872,0.0,Merge
2200431.1,E4,P121,0.1382908041677238,0.0025,4035.756,1059.189,1.9653,9.2300,0.5110691765234178,0.0,Merge
2214952.032,E9,P2,0.34420919583227627,0.0024999999999999905,5469.336,1059.189,1.7179,11.184,0.7633666659310713,0.0,Merge
2219914.61,E4,P165,0.1407908041677238,0.0024999999999999905,4059.930,1059.189,1.7048,8.0582,0.2680649011033379,0.0,Merge
2235709.215,E42,P418,0.0275,0.0025000000000000022,2355.617,1059.189,1.4505,3.8410,0.3720912744970616,0.0,Merge
2245948.546,E17,P126,0.1788663309795687,0.0025,4397.137,1059.189,1.9533,10.061,0.6949091130879885,0.0,Merge
2253417.662,E25,P116,0.13391938571356302,0.0024999999999999905,3992.776,1059.189,1.7851,8.2875,0.09041501670836823,0.0,Merge
2301310.97,E51,E46,0.0625,0.025,3097.090,2281.955,1.0324,3.7201,0.6301220810699182,0.0,Graze+Merge
2426353.79,E9,P7,0.3467091958322763,0.0024999999999999905,5482.546,1059.189,1.1476,7.4910,0.8421101523373882,0.0,Hit+Run
2516405.121,E55,P510,0.10408308358308359,0.0025,3671.024,1059.189,1.2114,5.1374,0.8607502278784557,0.0,Hit+Run
2575301.924,E9,P150,0.3467091958322763,0.0025,5482.546,1059.189,1.1871,7.7489,0.9137666193207146,0.0,Hit+Run
2584039.436,E37,P410,0.030000000000000002,0.0025,2424.939,1059.189,2.9658,8.0927,0.5652878072962078,0.0,Merge
2612642.119,E4,P79,0.1432908041677238,0.0025000000000000022,4083.820,1059.189,2.2456,10.681,0.5613157328626419,0.0,Merge
2657797.13,E17,E30,0.1813663309795687,0.030000000000000002,4417.529,2424.939,1.2826,6.3688,0.852068903058515,0.0,Hit+Run
2669086.784,E17,P303,0.1813663309795687,0.0025,4417.529,1059.189,1.6406,8.4928,0.7958735685459574,0.0,Merge
2680947.208,E47,P315,0.027500000000000004,0.0025,2355.617,1059.189,1.5404,4.0791,0.9451973754465588,0.0,Hit+Run
2688903.748,E4,P13,0.1457908041677238,0.0025000000000000022,4107.433,1059.189,2.1226,10.159,0.5781194808618468,0.0,Merge
2771560.707,NEPTUNE,K925,16.10942390942391,0.02,19710.02,2118.379,1.0001,24.288,0.4412731614176358,0.0,Merge
2812339.29,E32,P369,0.03250000000000001,0.0025,2490.510,1059.189,1.6337,4.5831,0.8264982522586674,0.0,Hit+Run
2862807.99,E9,P20,0.3467091958322763,0.0025000000000000022,5482.546,1059.189,1.8756,12.243,0.573503162066555,0.0,Merge
2940768.594,E17,P68,0.1838663309795687,0.0025,4437.733,1059.189,1.7006,8.8467,0.9909757708319078,0.0,Hit+Run
2947660.938,E17,P68,0.1838663309795687,0.0025,4437.733,1059.189,1.0254,5.3342,0.9200937564294299,0.0,Hit+Run
2990382.201,E35,FRAG0003,0.05750000000000001,0.008416916416916418,3012.195,1587.491,1.1875,4.0162,0.8049002218647645,0.0,Hit+Run
3093075.781,E49,P281,0.025,0.0025,2281.955,1059.189,1.5465,3.9639,0.6711020307743102,0.0,Merge
3112449.342,E31,P350,0.0625,0.0025,3097.090,1059.189,1.2068,4.2638,0.4476171038269619,0.0,Merge
3123106.292,E16,P247,0.09861000438750067,0.0025,3605.516,1059.189,1.183,4.9207,0.12397883103466849,0.0,Merge
3133484.474,E65,P557,0.027500000000000004,0.0025,2355.617,1059.189,1.0757,2.8485,0.9207775921369629,0.0,Hit+Run
3166401.364,E57,P696,0.03250000000000001,0.0025,2490.510,1059.189,1.067,2.9933,0.7370427962629288,0.0,Graze+Merge
3289784.307,E53,FRAG0002,0.027500000000000004,0.007758241758241759,2355.617,1544.951,2.3227,6.2390,0.7259074016900713,0.0,Hit+Run
3319616.379,E17,P114,0.1838663309795687,0.0025,4437.733,1059.189,1.5277,7.9472,0.4993226185413728,0.0,Merge
3336602.082,E4,P21,0.1482908041677238,0.0025,4130.778,1059.189,2.6917,12.962,0.42247217171680634,0.0,Merge
3345250.142,E9,P112,0.3492091958322763,0.0025000000000000022,5495.692,1059.189,1.3087,8.5645,0.974905536830115,0.0,Hit+Run
3364980.753,E9,P112,0.3492091958322763,0.0025000000000000022,5495.692,1059.189,1.0385,6.7963,0.8295248866010626,0.0,Merge
3402951.186,P5,P59,0.005,0.0025000000000000022,1334.495,1059.189,7.6051,12.027,0.6722415378333277,0.0,Graze+Frag
3527156.826,E17,P319,0.1863663309795687,0.0025,4457.756,1059.189,1.3026,6.8092,0.7278568093291001,0.0,Merge
3535250.644,E4,P36,0.1507908041677238,0.0025000000000000022,4153.862,1059.189,1.4048,6.8058,0.8125169786704917,0.0,Hit+Run
3537690.954,E33,E30,0.035,0.030000000000000002,2552.798,2424.939,1.1852,3.8263,0.4467888776587314,0.006003749583749584,Fragment
3562178.264,P5,P76,0.0075001665001665,0.0025,1527.627,1059.189,4.9343,8.6676,0.7843004586249026,0.0,Hit+Run
3608354.942,E9,P191,0.3517091958322763,0.0025,5508.775,1059.189,1.2352,8.1041,0.75922196147724,0.0,Merge
3668170.97,E4,P5,0.1507908041677238,0.0075001665001665,4153.862,1527.627,1.2615,5.9489,0.8421063548458031,0.0,Hit+Run
3686911.836,E4,P57,0.1507908041677238,0.0025,4153.862,1059.189,1.7259,8.3615,0.410680838292411,0.0,Merge
3704366.166,E9,P254,0.3542091958322763,0.0025,5521.797,1059.189,1.7274,11.362,0.27596454184726377,0.0,Merge
3883460.2,E14,P708,0.025,0.0025,2281.955,1059.189,1.7249,4.4211,0.5916707604923519,0.0,Merge
3975129.045,E55,P347,0.10408308358308359,0.0025,3671.024,1059.189,1.2676,5.3758,0.881859601423036,0.0,Hit+Run
4010546.245,E9,P47,0.3567091958322763,0.0025,5534.757,1059.189,1.9372,12.774,0.8126774274133827,0.0,Merge
4089855.354,E9,P113,0.3592091958322763,0.0025000000000000022,5547.657,1059.189,2.4985,16.516,0.9548035495842776,0.0,Hit+Run
4238072.102,E53,P786,0.027500000000000004,0.0025,2355.617,1059.189,2.0401,5.4023,0.9080848234110713,0.0,Hit+Run
4254548.536,E4,P36,0.1532908041677238,0.0025000000000000022,4176.693,1059.189,2.7938,13.615,0.9115381541768262,0.0,Hit+Run
4312573.594,E16,P7,0.10111000438750067,0.0024999999999999905,3635.732,1059.189,1.6233,6.8130,0.9707062607040297,0.0,Hit+Run
4374275.262,E64,P703,0.04724175824175825,0.0025,2821.212,1059.189,1.8485,5.9128,0.6774570296524203,0.0,Merge
4407848.53,E45,P615,0.052500000000000005,0.0025,2922.224,1059.189,1.1301,3.7526,0.78534408522437,0.0,Hit+Run
4424205.991,E55,E39,0.10408308358308359,0.03250000000000001,3671.024,2490.510,1.3269,5.5814,0.7159097752697964,0.0,Hit+Run
4439975.726,E56,P525,0.025,0.0025,2281.955,1059.189,1.6683,4.2761,0.48840327926593646,0.0,Merge
4537535.286,E41,E29,0.030000000000000002,0.027500000000000004,2424.939,2355.617,1.1136,3.4504,0.9239566761352228,0.0,Hit+Run
4705996.435,E55,P139,0.10408308358308359,0.0025,3671.024,1059.189,1.7541,7.4390,0.9628823439985572,0.0,Hit+Run
4730966.741,E55,P356,0.10408308358308359,0.0025,3671.024,1059.189,2.9254,12.406,0.49296595865872783,0.0,Merge
4767524.368,E4,P5,0.1532908041677238,0.0075001665001665,4176.693,1527.627,1.68,7.9688,0.9818045063349704,0.0,Hit+Run
4887620.452,E4,P14,0.1532908041677238,0.0025,4176.693,1059.189,1.5332,7.4719,0.8437331807760822,0.0,Hit+Run
5086871.707,E35,P289,0.05750000000000001,0.0025,3012.195,1059.189,1.3269,4.5509,0.9270261807789233,0.0,Hit+Run
5142734.979,E55,P282,0.10658308358308359,0.0025,3700.183,1059.189,1.1836,5.0625,0.9972374425811272,0.0,Hit+Run
5213862.798,E17,P212,0.1888663309795687,0.0025,4477.600,1059.189,1.289,6.7703,0.39391760317346763,0.0,Merge
5239803.732,E41,FRAG0004,0.030000000000000002,0.006003663003663003,2424.939,1418.401,2.2151,6.0571,0.8024997910392441,0.0,Hit+Run
5288949.438,E4,P4,0.1532908041677238,0.0025,4176.693,1059.189,1.9414,9.4612,0.6294694648297309,0.0,Merge
5331773.165,E9,P9,0.3592091958322763,0.0025,5547.657,1059.189,1.5866,10.488,0.7309440593730663,0.0,Merge
5371611.776,E9,P158,0.3617091958322763,0.0025,5560.498,1059.189,1.2681,8.4036,0.9019015350668929,0.0,Hit+Run
5380070.951,E17,E55,0.1913663309795687,0.10658308358308359,4497.270,3700.183,1.0991,5.9200,0.919154533925155,0.0,Hit+Run
5412182.442,E54,P432,0.04000000000000001,0.0025,2668.991,1059.189,1.2104,3.6511,0.9580124909978389,0.0,Hit+Run
5464550.165,P5,P347,0.0075001665001665,0.0025,1527.627,1059.189,2.8766,5.0530,0.6370780323503838,0.0,Hit+Run
5580315.228,E73,P682,0.025,0.0025,2281.955,1059.189,4.3416,11.128,0.46053745099849114,0.006124875124875126,Fragment
5595882.65,E32,P173,0.03250000000000001,0.0025,2490.510,1059.189,3.0087,8.4406,0.5941947112375767,0.0,Merge
5604459.459,E16,P1,0.10111000438750067,0.005,3635.732,1334.495,1.0476,4.3245,0.7723930790258728,0.0,Graze+Merge
5778128.714,E31,P417,0.065,0.0025,3137.846,1059.189,1.8575,6.6552,0.3629014557440067,0.0,Merge
5782514.185,E66,P251,0.027500000000000004,0.0025,2355.617,1059.189,2.3036,6.1001,0.8535197143774831,0.0,Hit+Run
5803105.585,E4,P67,0.1557908041677238,0.0025,4199.276,1059.189,2.1835,10.703,0.6886905260193484,0.0,Merge
5856817.324,E9,P109,0.3617091958322763,0.0025,5560.498,1059.189,1.2689,8.4089,0.8055542256953993,0.0,Merge
5874228.545,E44,FRAG1002,0.027500000000000004,0.008889995612499348,2355.617,1616.693,1.7397,4.7043,0.727148024210923,0.0,Hit+Run
5885025.971,E17,P113,0.1913663309795687,0.0025000000000000022,4497.270,1059.189,1.9225,10.145,0.47866547693291306,0.0,Merge
5892888.099,E31,P241,0.0675,0.0025000000000000022,3177.569,1059.189,3.4321,12.463,0.44759999999999994,0.0,Merge
6002132.415,E9,P27,0.3642091958322763,0.0025,5573.279,1059.189,1.1504,7.6423,0.7290462956489961,0.0,Merge
6031230.583,E31,P615,0.07,0.0025,3216.324,1059.189,1.3397,4.9287,0.8170361920256828,0.0,Hit+Run
6059438.55,E33,P119,0.058996336996336995,0.0025000000000000022,3038.100,1059.189,1.8843,6.5220,0.6680826473423083,0.0,Merge
6120057.687,E9,P54,0.3667091958322763,0.0025,5586.002,1059.189,1.3545,9.0202,0.7570516384964134,0.0,Merge
6162064.969,E9,P80,0.3692091958322763,0.0025000000000000022,5598.667,1059.189,1.1934,7.9666,0.3871555594122592,0.0,Merge
6185672.257,E33,E14,0.061496336996337,0.0275,3080.422,2355.617,1.7884,6.4649,0.6265066347712803,0.0,Hit+Run
6287857.815,E4,P150,0.15829080416772381,0.0025,4221.619,1059.189,1.7942,8.8452,0.32696547445394375,0.0,Merge
6331233.177,E17,P43,0.1938663309795687,0.0025,4516.770,1059.189,1.2895,6.8367,0.7377876020523615,0.0,Merge
6414415.001,E17,P188,0.1963663309795687,0.0025,4536.102,1059.189,1.2198,6.4970,0.3873523665622755,0.0,Merge
6417871.517,URANUS,K879,15.989423909423909,0.02,19660.96,2118.379,1.0041,24.322,0.5858746542418675,0.0,Merge
6424067.664,E55,P632,0.10658308358308359,0.0025,3700.183,1059.189,1.9365,8.2828,0.4175693696190251,0.0,Merge
6459496.893,E9,P140,0.3717091958322763,0.0025,5611.275,1059.189,1.8913,12.656,0.5710147024413196,0.0,Merge
6642985.418,E55,E29,0.10908308358308359,0.027500000000000004,3728.890,2355.617,1.2976,5.4926,0.9266291812313422,0.0,Hit+Run
6651315.555,E9,P310,0.3742091958322763,0.0025000000000000022,5623.827,1059.189,2.3009,15.433,0.08928423488882678,0.0,Merge
6654166.988,E45,P573,0.052500000000000005,0.0025,2922.224,1059.189,4.2118,13.985,0.3164863266810732,0.0,Merge
6665020.293,E22,P237,0.06,0.0025,3055.232,1059.189,1.282,4.4640,0.7853383874430183,0.0,Hit+Run
6670663.409,E9,P139,0.3767091958322763,0.0025,5636.323,1059.189,1.2077,8.1201,0.7545107347574531,0.0,Merge
6829593.191,E16,P157,0.10611000438750068,0.0025,3694.701,1059.189,2.1526,9.1924,0.6941129883935249,0.0,Merge
6905552.229,E55,P369,0.10908308358308359,0.0025,3728.890,1059.189,1.3373,5.7677,0.6239634297064787,0.0,Merge
7059643.967,E55,P484,0.1115830835830836,0.0025,3757.162,1059.189,1.5748,6.8475,0.11950896405419409,0.0,Merge
7120800.65,E45,P579,0.05500000000000001,0.0025,2967.891,1059.189,1.6617,5.6098,0.9517401786016267,0.0,Hit+Run
7126733.458,E55,P459,0.1140830835830836,0.0025,3785.014,1059.189,1.2089,5.2985,0.851983016009355,0.0,Hit+Run
7222640.85,E55,E14,0.1140830835830836,0.0275,3785.014,2355.617,1.047,4.4916,0.8617110797053975,0.0,Hit+Run
7251795.453,E9,P211,0.3792091958322763,0.0025,5648.764,1059.189,2.0112,13.554,0.312250462016814,0.0,Merge
7256178.104,E47,P434,0.027500000000000004,0.0025,2355.617,1059.189,1.6507,4.3712,0.8982893171117421,0.0,Hit+Run
7287848.173,E29,P236,0.027500000000000004,0.0025,2355.617,1059.189,1.5966,4.2279,0.5048824690478299,0.0,Merge
7328624.87,P7,P367,0.0024999999999999905,0.0025000000000000022,1059.189,1059.189,6.8183,9.3587,0.6250999999999995,0.0,Graze+Frag
7562863.545,E25,P78,0.13641938571356302,0.0025,4017.469,1059.189,1.4967,6.9949,0.8758781623626709,0.0,Hit+Run
7563435.489,E4,P5,0.16079080416772382,0.0075001665001665,4243.728,1527.627,1.1379,5.4897,0.9503130005674525,0.0,Hit+Run
7577750.671,E4,P5,0.16079080416772382,0.0075001665001665,4243.728,1527.627,1.0549,5.0893,0.23551938570237926,0.0,Merge
7646287.87,E16,P148,0.10861000438750068,0.0025000000000000022,3723.492,1059.189,1.6214,6.9821,0.5440412474933022,0.0,Merge
7783058.651,E9,P42,0.3817091958322763,0.0025,5661.150,1059.189,2.169,14.652,0.8559529255952758,0.0,Hit+Run
7783523.865,E9,P347,0.3817091958322763,0.0025,5661.150,1059.189,1.2938,8.7400,0.36542897266335067,0.0,Merge
7786928.84,E29,E66,0.030000000000000002,0.027500000000000004,2424.939,2355.617,1.632,5.0567,0.5881568849732588,0.0,Hit+Run
7835354.488,E25,P158,0.13641938571356302,0.0025,4017.469,1059.189,2.2953,10.727,0.42543558012845306,0.0,Merge
7921177.498,URANUS,K979,16.00942390942391,0.02,19669.15,2118.379,1.0028,24.301,0.6690436064187587,0.0,Merge
7978944.8,E4,P46,0.1682909706678903,0.002500000000000014,4308.711,1059.189,1.468,7.3979,0.6015290115797003,0.0,Merge
7998343.568,E41,P313,0.030000000000000002,0.0025,2424.939,1059.189,2.462,6.7179,0.4745995515824723,0.0,Merge
8010790.842,E44,P363,0.027500000000000004,0.0025,2355.617,1059.189,4.3689,11.569,0.7214183442139915,0.0,Hit+Run
8191341.704,E31,P614,0.07,0.0025,3216.324,1059.189,1.0776,3.9645,0.2466680483981414,0.0,Merge
8224546.955,E54,P202,0.04000000000000001,0.0025,2668.991,1059.189,1.062,3.2035,0.5566809991032128,0.0,Merge
8319600.122,E25,P378,0.13891938571356302,0.0025,4041.861,1059.189,1.7834,8.3893,0.8914033344829437,0.0,Hit+Run
8422164.562,E9,P51,0.3842091958322763,0.0024999999999999905,5673.483,1059.189,1.736,11.754,0.4168733681405203,0.0,Merge
8466964.933,E9,P15,0.3867091958322763,0.0025,5685.762,1059.189,2.0577,13.965,0.6972167917039387,0.0,Merge
8527774.972,E4,P75,0.1707909706678903,0.0025,4329.942,1059.189,1.9144,9.6988,0.1443814346889952,0.0,Merge
8604639.154,E17,P147,0.1988663309795687,0.0025,4555.271,1059.189,2.3788,12.727,0.48745674795290095,0.0,Merge
8752560.625,E82,P692,0.025,0.0025,2281.955,1059.189,2.2276,5.7096,0.8915016087621688,0.0,Hit+Run
8801041.745,E35,P401,0.05750000000000001,0.0024999999999999905,3012.195,1059.189,2.0903,7.1691,0.6385604921231357,0.0,Merge
8822641.207,E39,P268,0.03250000000000001,0.0025,2490.510,1059.189,3.0617,8.5893,0.5030553878348595,0.0,Merge
8851043.783,E31,P502,0.07250000000000001,0.0025,3254.167,1059.189,1.9084,7.1096,0.9654562771323726,0.0,Hit+Run
8903425.879,E14,P297,0.0275,0.0025,2355.617,1059.189,5.935,15.716,0.2420593774954003,0.011695178155178154,Fragment
8922542.478,E64,E50,0.04974175824175825,0.030000000000000002,2870.125,2424.939,1.043,3.6161,0.5730965770062231,0.0,Graze+Merge
8946178.527,E31,P631,0.07250000000000001,0.0025,3254.167,1059.189,1.1089,4.1311,0.6631523541449992,0.0,Merge
8952950.29,E54,P190,0.04250000000000001,0.0025,2723.475,1059.189,3.4807,10.725,0.3360906207057275,0.0,Merge
9003748.748,E51,P305,0.0875,0.0025,3464.680,1059.189,3.8,15.142,0.8460526459739695,0.0,Hit+Run
9223189.388,E25,P71,0.13891938571356302,0.0024999999999999905,4041.861,1059.189,1.0047,4.7262,0.4463355540571043,0.0,Merge
9351726.938,E29,P117,0.030000000000000002,0.0025,2424.939,1059.189,3.2672,8.9151,0.36379701658917485,0.0,Merge
9432901.707,E59,P340,0.025,0.0025,2281.955,1059.189,2.0684,5.3016,0.8390482849646245,0.0,Hit+Run
9458601.564,E29,E14,0.0325,0.018305028305028302,2490.510,2056.761,1.9813,5.9167,0.5912348628762933,0.007119260739260739,Hit+Run
9468901.249,E44,P204,0.027500000000000004,0.0025,2355.617,1059.189,2.9194,7.7308,0.7623939128182285,0.0,Hit+Run
9487573.965,E39,P339,0.03500000000000001,0.0025,2552.798,1059.189,3.3461,9.6324,0.8548227149183094,0.0,Hit+Run
9519592.297,E55,P68,0.1140830835830836,0.0025,3785.014,1059.189,1.0387,4.5525,0.7847088618655496,0.0,Graze+Merge
9526480.413,E9,P494,0.3892091958322763,0.0025,5697.988,1059.189,1.2688,8.6307,0.9597024420160514,0.0,Hit+Run
9541518.252,E47,P700,0.027500000000000004,0.0025,2355.617,1059.189,2.4281,6.4298,0.5573091224808603,0.0,Merge
9662538.032,E31,P672,0.07500000000000001,0.0025,3291.149,1059.189,1.7159,6.4705,0.34618677970222983,0.0,Merge
9859014.692,E66,P370,0.027500000000000004,0.0025,2355.617,1059.189,4.1591,11.013,0.7588758084431174,0.0,Hit+Run
10004649.983,E31,E52,0.07750000000000001,0.03250000000000001,3327.318,2490.510,1.0332,4.0138,0.907690445379713,0.0,Graze+Merge
10057823.178,P6,P264,0.002500000000000014,0.0025,1059.189,1059.189,12.276,16.850,0.7256500000000007,0.0,Graze+Frag
10083602.919,E39,P222,0.03500000000000001,0.0025,2552.798,1059.189,1.2161,3.5008,0.7283131936530117,0.0,Hit+Run
10085577.767,E17,P296,0.20136633097956871,0.0025,4574.280,1059.189,1.3949,7.4969,0.7951746529085446,0.0,Merge
10178973.587,E73,P500,0.021375124875124874,0.0025,2165.858,1059.189,6.1182,14.872,0.722412083058094,0.0,Graze+Frag
10219424.983,E4,P443,0.17329097066789032,0.0025000000000000022,4350.967,1059.189,2.8135,14.328,0.7550840063556874,0.0,Merge
10233395.808,E25,P149,0.14141938571356302,0.0025,4065.963,1059.189,2.465,11.670,0.823402382237065,0.0,Hit+Run
10262005.752,E25,P253,0.14141938571356302,0.0025,4065.963,1059.189,2.6854,12.713,0.3335180282228173,0.0,Merge
10394679.37,E24,P437,0.06,0.0025,3055.232,1059.189,2.1443,7.4666,0.5832117714615607,0.0,Merge
10468551.373,E47,P493,0.030000000000000002,0.0025,2424.939,1059.189,1.1732,3.2012,0.4352757875930169,0.0,Merge
10517491.808,E62,P600,0.025,0.0025,2281.955,1059.189,1.224,3.1373,0.8337209942664364,0.0,Hit+Run
10578225.022,E9,P224,0.3892091958322763,0.0025,5697.988,1059.189,1.6847,11.459,0.5224774914973601,0.0,Merge
10747252.913,E4,P42,0.17579097066789032,0.0025,4371.790,1059.189,2.306,11.804,0.6971062877556238,0.0,Merge
10865908.809,E29,P615,0.0325,0.0025,2490.510,1059.189,2.6898,7.5459,0.46937803969528724,0.0,Merge
11121494.222,E25,E58,0.14391938571356303,0.027500000000000004,4089.783,2355.617,1.9599,9.0301,0.25628561183192466,0.02145854145854146,Fragment
11180859.871,E35,E66,0.06,0.027500000000000004,3055.232,2355.617,1.4701,5.2817,0.9656067407015752,0.0,Hit+Run
11201088.546,E25,P164,0.14996084425502157,0.0025,4146.227,1059.189,2.6952,13.031,0.587832953446718,0.0,Merge
11223462.314,E37,P621,0.0325,0.0025,2490.510,1059.189,2.7837,7.8094,0.35627827885989066,0.0,Merge
11291806.689,E22,E37,0.06,0.035,3055.232,2552.798,0.9961,3.6628,0.8743430039633232,0.0,Perfect
11304452.575,E17,P269,0.20386633097956872,0.0025,4593.133,1059.189,1.2894,6.9606,0.1854375551778836,0.0,Merge
11340073.949,E42,P797,0.030000000000000002,0.0025,2424.939,1059.189,1.7632,4.8112,0.6862518813027096,0.0,Merge
11399535.22,E71,P510,0.025,0.0025,2281.955,1059.189,2.7318,7.0020,0.9392423292497776,0.0,Hit+Run
11475827.687,E32,P380,0.03500000000000001,0.0025,2552.798,1059.189,1.2332,3.5500,0.5691514942734308,0.0,Merge
11477971.466,E9,FRAG0008,0.3917091958322763,0.007152847152847154,5710.162,1503.673,1.2286,8.1619,0.8632720899028865,0.0,Hit+Run
11567426.161,E9,P240,0.3917091958322763,0.0025,5710.162,1059.189,2.1585,14.716,0.37064776784484793,0.0,Merge
11579243.722,E9,FRAG0008,0.3942091958322763,0.007152847152847154,5722.284,1503.673,1.1381,7.5780,0.4493278649015704,0.0,Merge
11668242.064,E9,P73,0.40136204298512346,0.0025000000000000022,5756.687,1059.189,1.5999,11.002,0.9057486189004043,0.0,Hit+Run
11711438.977,E16,E22,0.11111000438750068,0.095,3751.845,3560.970,1.131,5.3644,0.6644006424862012,0.007255797535797536,Hit+Run
11764062.049,E42,P387,0.0325,0.0025,2490.510,1059.189,1.2305,3.4520,0.9203036990557673,0.0,Hit+Run
11815646.907,E57,E63,0.03500000000000001,0.025,2552.798,2281.955,1.2816,4.0336,0.4192399376663685,0.006725128205128205,Fragment
11845013.61,E62,P718,0.025,0.0025,2281.955,1059.189,1.3355,3.4231,0.8159633586058095,0.0,Hit+Run
11908149.385,E45,P470,0.05500000000000001,0.0025,2967.891,1059.189,2.3825,8.0432,0.6024838129215037,0.0,Merge
11915599.767,E82,E83,0.025,0.025,2281.955,2281.955,1.4204,4.2003,0.5141,0.0,Hit+Run
11918342.028,E33,P513,0.061496336996337,0.0025,3080.422,1059.189,2.1935,7.7053,0.9527135504233297,0.0,Hit+Run
11921036.112,E47,P647,0.0325,0.0025,2490.510,1059.189,3.0222,8.4784,0.9501221843876801,0.0,Hit+Run
12007487.721,E9,P145,0.40136204298512346,0.0025,5756.687,1059.189,1.1693,8.0415,0.9317622868061599,0.0,Hit+Run
12070991.162,E9,P76,0.40136204298512346,0.0025,5756.687,1059.189,1.8962,13.040,0.6929095178533118,0.0,Merge
12120874.349,E17,P124,0.20636633097956872,0.0025,4611.831,1059.189,1.2522,6.7894,0.472403953710236,0.0,Merge
12152457.392,E4,P249,0.17829097066789032,0.0025000000000000022,4392.417,1059.189,2.748,14.138,0.7926580209208786,0.0,Merge
12396174.886,E65,P230,0.027500000000000004,0.0025,2355.617,1059.189,3.1065,8.2263,0.45721560388700855,0.0,Merge
12509319.602,E44,P558,0.027500000000000004,0.0025,2355.617,1059.189,3.7163,9.8411,0.9797575772491223,0.0,Hit+Run
12562716.927,P25,P197,0.0025,0.0025,1059.189,1059.189,14.133,19.398,0.3244,0.0,Merge
12605156.95,E55,P25,0.1165830835830836,0.005,3812.463,1334.495,1.9072,8.2816,0.9073098012098217,0.0,Hit+Run
12658838.88,E45,P737,0.05750000000000001,0.0025,3012.195,1059.189,1.6439,5.6381,0.9188878823044077,0.0,Hit+Run
12689613.557,E35,P7,0.06,0.005,3055.232,1334.495,2.0235,6.9566,0.4521188865053146,0.0,Merge
12887626.675,E55,P256,0.1165830835830836,0.0025,3812.463,1059.189,1.5456,6.8271,0.8993421020530431,0.0,Hit+Run
13027027.128,E25,P334,0.15246084425502157,0.0025,4169.141,1059.189,2.2035,10.717,0.9704520882911292,0.0,Hit+Run
13076775.965,E32,P403,0.03750000000000001,0.0025,2612.187,1059.189,2.8839,8.5045,0.6759967484891932,0.0,Merge
13104293.509,E9,P252,0.40386204298512346,0.0025,5768.614,1059.189,1.4462,9.9678,0.6408347143936498,0.0,Merge
13175742.487,E9,P153,0.40636204298512346,0.0025,5780.493,1059.189,2.5212,17.415,0.6071489310435396,0.0,Merge
13222454.171,E4,P36,0.18079097066789032,0.0025000000000000022,4412.852,1059.189,2.8305,14.635,0.13249744999758714,0.0,Merge
13236946.86,E25,FRAG0009,0.15246084425502157,0.007152847152847154,4169.141,1503.673,1.6616,7.8744,0.25178820553992626,0.0,Merge
13261784.224,E32,P308,0.040000000000000015,0.0025000000000000022,2668.991,1059.189,2.6665,8.0434,0.9579409013631806,0.0,Hit+Run
13550814.63,E16,P289,0.11111000438750068,0.0025,3751.845,1059.189,1.2226,5.3079,0.7984797793527111,0.0,Hit+Run
13738084.109,E54,P177,0.04500000000000001,0.0025,2775.862,1059.189,1.7344,5.4534,0.943056570672545,0.0,Hit+Run
13745108.297,E66,P337,0.027500000000000004,0.0025,2355.617,1059.189,2.1727,5.7535,0.33415093319684214,0.0,Merge
13826185.674,E54,P524,0.04500000000000001,0.0025,2775.862,1059.189,3.2197,10.123,0.8014786558490361,0.0,Hit+Run
13829860.208,E55,P265,0.1165830835830836,0.0025,3812.463,1059.189,2.8601,12.633,0.5165034696789145,0.0,Merge
13853314.162,E31,P205,0.11000000000000001,0.0025000000000000022,3739.309,1059.189,2.0447,8.8452,0.9464190688870971,0.0,Hit+Run
13929404.541,E61,P900,0.025,0.0025,2281.955,1059.189,1.3591,3.4835,0.43929658680443345,0.0,Merge
14049232.703,E35,P77,0.065,0.0025000000000000022,3137.846,1059.189,1.7118,6.1332,0.9731201788141719,0.0,Hit+Run
14162353.795,E35,E66,0.065,0.030000000000000002,3137.846,2424.939,1.3049,4.8178,0.8117649156236408,0.0,Hit+Run
14280746.644,E16,E22,0.11111000438750068,0.095,3751.845,3560.970,1.1792,5.5930,0.6863079069141246,0.006840659340659341,Hit+Run
14321166.496,E9,P73,0.40886204298512346,0.0025000000000000022,5792.323,1059.189,1.782,12.336,0.25108613946099206,0.0,Merge
14506437.189,E22,P317,0.095,0.0025,3560.970,1059.189,1.3131,5.3892,0.8910595327387679,0.0,Hit+Run
14507435.252,P30,P86,0.0025,0.0025,1059.189,1059.189,11.338,15.562,0.19629999999999997,0.0,Merge
14520837.228,E75,P701,0.030000000000000002,0.0025,2424.939,1059.189,3.0624,8.3562,0.9695917807736357,0.0,Hit+Run
14525811.754,E4,P360,0.18329097066789032,0.0025,4433.100,1059.189,2.7563,14.322,0.905379784961727,0.0,Hit+Run
14525920.383,E4,P360,0.18329097066789032,0.0025,4433.100,1059.189,1.0489,5.4503,0.43142149867348056,0.0,Merge
14549145.841,E35,P517,0.065,0.0025,3137.846,1059.189,1.7644,6.3217,0.9613823278558264,0.0,Hit+Run
14663545.395,E25,P736,0.1596136914078687,0.0025,4233.347,1059.189,4.6878,23.179,0.6738913542329302,0.0,Merge
14867101.416,E22,E35,0.095,0.065,3560.970,3137.846,1.0549,4.6060,0.48926810351639904,0.009997335997335998,Fragment
14914801.762,E55,P301,0.1190830835830836,0.0025,3839.522,1059.189,1.909,8.4968,0.8011819264217823,0.0,Hit+Run
15016601.978,E4,P81,0.18579097066789033,0.0025,4453.164,1059.189,3.1179,16.280,0.31263857584524213,0.0,Merge
15023424.7,P25,FRAG1004,0.005,0.006080614286436933,1334.495,1424.436,2.7795,4.9766,0.6080594294586064,0.0,Hit+Run
15149768.414,E9,P151,0.41136204298512347,0.0025,5804.104,1059.189,1.5912,11.039,0.9666890987760374,0.0,Hit+Run
15157914.018,E9,P272,0.41136204298512347,0.0025,5804.104,1059.189,1.5436,10.709,0.9633064057525887,0.0,Hit+Run
15239117.099,E22,E16,0.15000266400266402,0.11111000438750068,4146.613,3751.845,1.0285,5.2832,0.39290265521753565,0.0200991008991009,Fragment
15484828.817,E71,P305,0.025,0.0025,2281.955,1059.189,3.2046,8.2139,0.6448070702768434,0.0,Merge
15601215.018,E31,P328,0.11000000000000001,0.0025,3739.309,1059.189,1.6902,7.3117,0.7136521887911104,0.0,Merge
15631919.166,E17,E31,0.20886633097956872,0.11250000000000002,4630.380,3767.425,1.035,5.7202,0.9056412699671407,0.0,Graze+Merge
15786574.181,E17,FRAG1004,0.32136633097956874,0.006080614286436933,5345.569,1424.436,1.3295,8.2607,0.6983187109772687,0.0,Merge
15871923.805,E9,P334,0.41136204298512347,0.0025,5804.104,1059.189,1.741,12.078,0.6068551284066875,0.0,Merge
15932928.358,E33,P599,0.061496336996337,0.0025,3080.422,1059.189,1.0539,3.7021,0.920120522610675,0.0,Hit+Run
16153270.287,E41,E44,0.0325,0.027500000000000004,2490.510,2355.617,1.1553,3.6318,0.559861809062308,0.0,Hit+Run
16165971.336,E29,P272,0.035,0.0025,2552.798,1059.189,2.2921,6.5983,0.837083111657086,0.0,Hit+Run
16245180.789,E55,E29,0.1190830835830836,0.035,3839.522,2552.798,1.4587,6.3984,0.4837603441723249,0.011771561771561773,Fragment
16277039.209,E17,P166,0.32744694526600565,0.0025,5379.073,1059.189,2.3486,15.021,0.5745631410479073,0.0,Merge
16320932.011,E9,P466,0.41386204298512347,0.0025,5815.839,1059.189,1.4312,9.9507,0.20945391643619662,0.0,Merge
16383618.072,E32,P259,0.040000000000000015,0.0025,2668.991,1059.189,3.2064,9.6721,0.09005976040018542,0.0,Merge
16488583.451,E22,P239,0.24101376729126356,0.0025,4856.698,1059.189,1.6138,9.2503,0.4558782145963944,0.0,Merge
16508175.304,E17,P55,0.32994694526600565,0.0025,5392.728,1059.189,1.4501,9.2997,0.7717249149803244,0.0,Merge
16619053.196,E22,P541,0.24351376729126356,0.0025,4873.433,1059.189,1.3536,7.7876,0.9225034785396948,0.0,Hit+Run
16730500.164,E54,P553,0.04500000000000001,0.0025,2775.862,1059.189,1.744,5.4835,0.7670975160018139,0.0,Hit+Run
16740725.752,E17,P272,0.33244694526600566,0.0025,5406.314,1059.189,1.0998,7.0722,0.9860214445025745,0.0,Hit+Run
16807287.926,E25,FRAG0010,0.16211369140786872,0.007152847152847154,4255.334,1503.673,2.5916,12.552,0.7579642831763028,0.0,Hit+Run
16972935.164,E67,P228,0.030000000000000002,0.0025,2424.939,1059.189,3.9123,10.675,0.8196742805377295,0.0,Hit+Run
17117501.686,E55,P234,0.14231152181152182,0.0025,4074.495,1059.189,1.6756,7.9508,0.3608855948785221,0.0,Merge
17173150.345,E9,P235,0.41636204298512347,0.0025,5827.526,1059.189,1.6496,11.493,0.5072111463091188,0.0,Merge
17503416.774,E51,P498,0.0875,0.0025,3464.680,1059.189,2.5216,10.048,0.9103854261512244,0.0,Hit+Run
17650449.643,E54,P228,0.04500000000000001,0.0025,2775.862,1059.189,2.6221,8.2445,0.5935270457836265,0.0,Merge
17723595.566,E51,P606,0.0875,0.0025,3464.680,1059.189,1.4059,5.6024,0.6556582513065223,0.0,Merge
17941456.552,E22,P163,0.24351376729126356,0.0025,4873.433,1059.189,1.0305,5.9287,0.7077729270790748,0.0,Merge
18050376.079,E75,P737,0.030000000000000002,0.0025,2424.939,1059.189,2.112,5.7629,0.9768301373309868,0.0,Hit+Run
18062284.225,E17,P227,0.33244694526600566,0.0025,5406.314,1059.189,1.9375,12.459,0.764935903520145,0.0,Merge
18088967.674,E9,P370,0.4188620429851235,0.0025,5839.166,1059.189,1.2724,8.8845,0.9205226775400884,0.0,Hit+Run
18188594.763,E9,P280,0.4188620429851235,0.0025,5839.166,1059.189,2.1724,15.168,0.4476914428974279,0.0,Merge
18326135.039,E9,P19,0.4213620429851235,0.0025,5850.760,1059.189,2.4524,17.160,0.6488379042113005,0.0,Merge
18460515.13,E66,FRAG0007,0.030000000000000002,0.0058474858474858475,2424.939,1405.994,2.7642,7.5544,0.8296588761865081,0.0,Hit+Run
18567660.531,E25,P145,0.16211369140786872,0.0025,4255.334,1059.189,1.8172,9.0356,0.9989521123390553,0.0,Hit+Run
18567660.531,E25,P145,0.16211369140786872,0.0025,4255.334,1059.189,1.8172,9.0356,0.9989521123390553,0.0,Hit+Run
18879484.362,E9,FRAG0016,0.4238620429851235,0.005885780885780886,5862.308,1409.056,1.4047,9.6480,0.6008745674529421,0.0,Merge
18999929.215,E55,FRAG0010,0.14481152181152182,0.007152847152847154,4098.216,1503.673,2.0569,9.5713,0.7240422373120341,0.0,Merge
19135688.457,E25,P156,0.16211369140786872,0.0025,4255.334,1059.189,1.4073,6.9975,0.8860535488252634,0.0,Hit+Run
19135688.457,E25,P156,0.16211369140786872,0.0025,4255.334,1059.189,1.4073,6.9975,0.8860535488252634,0.0,Hit+Run
19143283.586,E9,P282,0.4297478238709044,0.0025,5889.319,1059.189,2.7075,19.078,0.9948728119758117,0.0,Hit+Run
19143283.586,E9,P282,0.4297478238709044,0.0025,5889.319,1059.189,2.7075,19.078,0.9948728119758117,0.0,Hit+Run
19196730.839,E17,P431,0.33494694526600566,0.0025,5419.832,1059.189,1.8566,11.970,0.1976696986560436,0.0,Merge
19251360.636,E25,P289,0.16211369140786872,0.0025,4255.334,1059.189,1.2346,6.1388,0.8996654323694794,0.0,Hit+Run
19251360.636,E25,P289,0.16211369140786872,0.0025,4255.334,1059.189,1.2346,6.1388,0.8996654323694794,0.0,Hit+Run
19495986.404,E25,E55,0.16211369140786872,0.15196436896436896,4255.334,4164.611,1.0512,5.7359,0.41315423405161544,0.02478721278721279,Fragment
19536631.804,E9,FRAG0020,0.4297478238709044,0.006196803196803198,5889.319,1433.451,1.186,8.1756,0.9206219438813227,0.0,Hit+Run
19536631.804,E9,FRAG0020,0.4297478238709044,0.006196803196803198,5889.319,1433.451,1.186,8.1756,0.9206219438813227,0.0,Hit+Run
19590265.839,E17,P210,0.33744694526600566,0.0025,5433.283,1059.189,1.3003,8.4062,0.87861804178124,0.0,Hit+Run
19590265.839,E17,P210,0.33744694526600566,0.0025,5433.283,1059.189,1.3003,8.4062,0.87861804178124,0.0,Hit+Run
19671629.958,E9,P289,0.4297478238709044,0.0025,5889.319,1059.189,1.3468,9.4903,0.3563166895166393,0.0,Merge
19671796.71,E71,P648,0.0275,0.0025,2355.617,1059.189,3.6178,9.5803,0.7581859840558405,0.0,Hit+Run
19681843.412,E25,P133,0.2892908475850249,0.0025,5161.454,1059.189,2.0863,12.765,0.9390882562598897,0.0,Hit+Run
19830531.252,E32,E47,0.04250000000000002,0.0325,2723.475,2490.510,1.5733,5.3310,0.9822612118824472,0.0,Hit+Run
19934051.581,E17,P133,0.33744694526600566,0.0025,5433.283,1059.189,1.4247,9.2104,0.9859870243134173,0.0,Hit+Run
20039130.331,E25,FRAG0017,0.2892908475850249,0.005885780885780886,5161.454,1409.056,1.4549,8.7122,0.6599391707470782,0.0,Merge
20041709.946,E17,P178,0.33744694526600566,0.0025,5433.283,1059.189,4.5024,29.107,0.7947647911988224,0.0,Merge
20051811.296,E47,P331,0.0325,0.0025,2490.510,1059.189,3.8451,10.787,0.40279511597767476,0.0,Merge
20063428.409,E9,P170,0.4322478238709044,0.0025,5900.717,1059.189,1.2347,8.7183,0.9406512989596839,0.0,Hit+Run
20076883.197,E9,P170,0.4322478238709044,0.0025,5900.717,1059.189,1.0505,7.4177,0.8620588019668378,0.0,Hit+Run
20122693.92,E9,P301,0.4322478238709044,0.0025,5900.717,1059.189,2.0089,14.185,0.37142797122509014,0.0,Merge
20220932.787,E9,P384,0.4347478238709044,0.0025,5912.071,1059.189,1.5536,10.992,0.5945772259552702,0.0,Merge
20340440.628,E17,P409,0.33994694526600566,0.0025,5446.667,1059.189,1.1125,7.2111,0.2836414700854524,0.0,Merge
20357037.051,E9,P205,0.4372478238709044,0.0025000000000000022,5923.381,1059.189,1.9001,13.471,0.3026768227234877,0.0,Merge
20444292.473,E9,P256,0.4397478238709044,0.0025,5934.649,1059.189,1.3278,9.4333,0.9714244675387841,0.0,Hit+Run
20637079.618,E71,P479,0.0275,0.0025,2355.617,1059.189,4.29,11.360,0.961339266108834,0.0,Hit+Run
20667394.038,E9,P170,0.4397478238709044,0.0025,5934.649,1059.189,1.0569,7.5087,0.5698887774275395,0.0,Merge
20879275.278,E24,E88,0.0625,0.025,3097.090,2281.955,1.1398,4.1071,0.8934214484614328,0.0,Hit+Run
20909081.266,E17,P92,0.34244694526600566,0.0025,5459.987,1059.189,1.5471,10.054,0.85394257572018,0.0,Hit+Run
21310843.859,E51,P710,0.09,0.0025,3497.368,1059.189,3.105,12.498,0.4917667514973373,0.0,Merge
21326669.343,E17,P293,0.34244694526600566,0.0025,5459.987,1059.189,1.6656,10.824,0.3285618599990453,0.0,Merge
21405860.057,E4,P151,0.18829097066789033,0.0025,4473.049,1059.189,2.0824,10.925,0.8405605455758695,0.0,Hit+Run
21406929.681,E4,P151,0.18829097066789033,0.0025,4473.049,1059.189,1.0463,5.4896,0.8522035542871935,0.0,Hit+Run
21460261.998,E9,P355,0.4422478238709044,0.0025,5945.874,1059.189,1.1751,8.3653,0.40979897341499016,0.0,Merge
21588424.609,E22,P385,0.24601376729126356,0.0025,4890.054,1059.189,1.3844,7.9939,0.7589177534501468,0.0,Merge
21722988.578,E54,P648,0.047500000000000014,0.0025,2826.344,1059.189,1.773,5.6823,0.861825551328934,0.0,Hit+Run
21942666.029,E9,P370,0.4447478238709044,0.0025,5957.057,1059.189,1.6955,12.094,0.5307333685363774,0.0,Merge
21944973.928,P64,P746,0.0025,0.0025,1059.189,1059.189,5.8824,8.0741,0.92035,0.0,Hit+Run
21954289.279,E71,E74,0.0275,0.025,2355.617,2281.955,2.6349,7.9205,0.5231801024049758,0.01931249417249417,Hit+Run+Frag
21995591.984,E24,P596,0.0625,0.0025,3097.090,1059.189,1.7015,6.0116,0.9618514360243756,0.0,Hit+Run
22190470.405,E25,P78,0.2951766284708058,0.0025,5196.223,1059.189,2.4336,14.998,0.7484393219515526,0.0,Merge
22282584.145,E9,P256,0.4472478238709044,0.0025,5968.198,1059.189,1.0031,7.1695,0.48264404810784395,0.0,Merge
22517261.888,E17,P383,0.34494694526600567,0.0025,5473.241,1059.189,1.0142,6.6082,0.3465375344440744,0.0,Merge
22527356.599,E24,P394,0.0625,0.0025,3097.090,1059.189,2.3898,8.4435,0.9936697319015377,0.0,Hit+Run
22529288.346,E76,P746,0.025,0.0025,2281.955,1059.189,3.1772,8.1436,0.653412693712378,0.0,Merge
22608302.812,E9,P155,0.4497478238709044,0.0025000000000000022,5979.298,1059.189,1.555,11.136,0.9639441744719577,0.0,Hit+Run
22668633.496,E22,P351,0.24851376729126357,0.0025000000000000022,4906.562,1059.189,1.145,6.6355,0.8555998604321156,0.0,Hit+Run
22791422.948,E9,FRAG0020,0.4497478238709044,0.006196803196803198,5979.298,1433.451,1.2111,8.4860,0.6289243281977743,0.0,Merge
22934719.547,E25,P30,0.2976766284708058,0.005,5210.852,1334.495,1.4804,8.9941,0.5064090003444357,0.0,Merge
22985640.104,E66,P564,0.030000000000000002,0.0025,2424.939,1059.189,1.4714,4.0149,0.6538184759591942,0.0,Merge
23137089.642,E67,P110,0.030000000000000002,0.0025,2424.939,1059.189,6.4794,17.680,0.982537303078129,0.0,Hit+Run
23840671.898,P70,P472,0.0025,0.0025,1059.189,1059.189,13.028,17.882,0.6621000000000001,0.0,Graze+Frag
23882251.486,E22,P176,0.24851376729126357,0.0025,4906.562,1059.189,2.0751,12.025,0.3734767822957067,0.0,Merge
23885712.661,E33,P477,0.061496336996337,0.0025,3080.422,1059.189,2.242,7.8757,0.28649122620712486,0.0,Merge
23904583.095,E17,P92,0.34744694526600567,0.0025,5486.432,1059.189,1.1711,7.6502,0.7628307633037748,0.0,Merge
24418051.86,E25,P272,0.3026766284708058,0.0025,5239.865,1059.189,1.4473,9.0002,0.31360722460453405,0.0,Merge
24740576.099,E32,P335,0.04250000000000002,0.0025,2723.475,1059.189,3.2617,10.050,0.517599715564155,0.0,Merge
24926921.452,E17,P523,0.34994694526600567,0.0025,5499.559,1059.189,3.845,25.181,0.27385649576169446,0.0,Merge
25285150.351,E22,P229,0.25101376729126357,0.0025,4922.960,1059.189,1.2982,7.5504,0.9142058345399084,0.0,Hit+Run
25369906.461,E25,P378,0.3051766284708058,0.0025,5254.252,1059.189,1.8849,11.756,0.8195826447006268,0.0,Merge
25657160.782,E22,E41,0.25101376729126357,0.0325,4922.960,2490.510,1.2368,6.8333,0.5310456834894659,0.005921744921744922,Fragment
25687765.198,E22,E88,0.27759202236951863,0.025,5090.918,2281.955,1.0452,5.9822,0.9714547306702261,0.0,Hit+Run
25724768.563,E64,P630,0.07974175824175825,0.0025,3359.096,1059.189,1.7284,6.6622,0.08256546470766742,0.0,Merge
25746209.471,E17,P421,0.3524469452660057,0.0025,5512.624,1059.189,1.0593,6.9552,0.8617284064220206,0.0,Hit+Run
26154912.746,E25,P373,0.3076766284708058,0.0025,5268.561,1059.189,1.823,11.403,0.7965598454071207,0.0,Merge
26729135.391,E4,P462,0.18829097066789033,0.0025,4473.049,1059.189,2.7325,14.336,0.8463011957043695,0.0,Hit+Run
26733218.186,E4,P462,0.18829097066789033,0.0025,4473.049,1059.189,1.0652,5.5887,0.9050822188511236,0.0,Hit+Run
26753406.563,E25,P260,0.3101766284708058,0.0025,5282.792,1059.189,1.6534,10.372,0.16093319614712512,0.0,Merge
27274346.353,E74,P596,0.009052281052281053,0.0025,1626.471,1059.189,2.483,4.6008,0.7879631283319338,0.0,Hit+Run
27358601.639,E53,P110,0.027500000000000004,0.0025,2355.617,1059.189,3.5799,9.4799,0.771568577169009,0.0,Hit+Run
27620383.236,E9,P330,0.4559446270677076,0.0025,6006.634,1059.189,1.1814,8.5019,0.2332665528246899,0.0,Merge
28100489.127,E62,P353,0.025,0.0025,2281.955,1059.189,2.1532,5.5190,0.7409031986403132,0.0,Hit+Run
28125878.406,E42,P270,0.0325,0.0025000000000000022,2490.510,1059.189,8.6129,24.162,0.8908360194336415,0.0,Hit+Run
28428921.529,E17,FRAG0014,0.3524469452660057,0.0066996336996337,5512.624,1471.219,1.7491,11.206,0.6217627759797446,0.0,Merge
29297396.708,E9,P424,0.4584446270677076,0.0025,6017.593,1059.189,1.9737,14.231,0.6457397600675545,0.0,Merge
29342718.733,E9,P149,0.4609446270677076,0.0025,6028.511,1059.189,2.8248,20.407,0.798675332516463,0.0,Merge
29669101.395,E9,P210,0.4634446270677076,0.0025,6039.390,1059.189,2.9593,21.420,0.45661818265952386,0.0,Merge
29776388.546,E51,E53,0.0925,0.027500000000000004,3529.455,2355.617,1.6852,6.7986,0.12582338650502475,0.01857842157842158,Fragment
30828136.92,E51,P552,0.10142157842157842,0.0025,3639.463,1059.189,2.2518,9.4613,0.6534321669350593,0.0,Merge
30901194.547,E4,E68,0.18829097066789033,0.025,4473.049,2281.955,1.3704,6.8798,0.8803722772543808,0.0,Hit+Run
30903525.267,E4,E68,0.18829097066789033,0.025,4473.049,2281.955,1.0326,5.1839,0.681717382048428,0.0,Graze+Merge
30922710.805,E82,P625,0.025,0.0025,2281.955,1059.189,3.3276,8.5291,0.9169086874766045,0.0,Hit+Run
30942508.172,E9,P365,0.4659446270677076,0.0025,6050.231,1059.189,1.8215,13.209,0.2636447572271387,0.0,Merge
31174819.263,E33,P695,0.063996336996337,0.0025,3121.611,1059.189,1.7581,6.2642,0.6780363754519255,0.0,Merge
31197498.525,E25,FRAG1001,0.3126766284708058,0.0061336690204312925,5296.947,1428.567,1.0335,6.3572,0.8907641999773722,0.0,Hit+Run
31309586.23,E9,P271,0.4684446270677076,0.0025,6061.032,1059.189,3.0171,21.922,0.7954856594888696,0.0,Merge
31673044.212,E4,FRAG0018,0.21329097066789032,0.006196803196803198,4662.848,1433.451,2.8852,15.466,0.734806102458709,0.0,Merge
32182874.809,E17,FRAG1001,0.3591465789656394,0.0061336690204312925,5547.335,1428.567,1.2225,7.9034,0.7922717249096374,0.0,Merge
32368277.72,E25,P267,0.3126766284708058,0.0025,5296.947,1059.189,1.6673,10.489,0.9487797810495372,0.0,Hit+Run
32464216.227,E59,P753,0.025,0.0025,2281.955,1059.189,4.3331,11.106,0.9832266268091767,0.0,Hit+Run
32465014.077,E9,P168,0.4709446270677076,0.0025,6071.795,1059.189,2.3491,17.100,0.999025688260515,0.0,Hit+Run
32487701.813,E32,P570,0.04500000000000002,0.0025,2775.862,1059.189,1.3075,4.1111,0.5645021256178662,0.0,Merge
32626442.721,E4,P151,0.2194877738646935,0.0025,4707.575,1059.189,3.0536,16.926,0.6988589043470316,0.0,Merge
32626666.06,E25,P618,0.3126766284708058,0.0025,5296.947,1059.189,3.3223,20.901,0.6866882209791993,0.0,Merge
32869096.421,E33,P189,0.066496336996337,0.0025,3161.742,1059.189,3.0637,11.066,0.941946138663832,0.0,Hit+Run
33474282.422,E25,P38,0.3151766284708058,0.0025,5311.027,1059.189,2.799,17.659,0.31848402274039245,0.0,Merge
33556308.823,E9,P561,0.4709446270677076,0.0025,6071.795,1059.189,3.0763,22.394,0.8930181043617388,0.0,Hit+Run
33829974.207,E4,P194,0.2219877738646935,0.0024999999999999905,4725.381,1059.189,3.1011,17.259,0.2895072195650247,0.0,Merge
34060332.856,E82,P366,0.025,0.0025,2281.955,1059.189,4.4197,11.328,0.32079851806909576,0.006908757908757909,Fragment
35077449.832,E17,P152,0.36528024798607067,0.0025,5578.737,1059.189,1.4849,9.8748,0.5561989769520966,0.0,Merge
35448233.217,E74,P317,0.009052281052281053,0.0025,1626.471,1059.189,6.9558,12.888,0.5989512980710804,0.006024642024642025,Fragment
35730495.9,E17,P730,0.3677802479860707,0.0025,5591.435,1059.189,1.9939,13.292,0.45811829616809846,0.0,Merge
35817190.041,E4,P221,0.2244877738646935,0.0025,4743.054,1059.189,1.5616,8.7263,0.6286203360964899,0.0,Merge
35870696.766,E9,P315,0.4709446270677076,0.0025,6071.795,1059.189,3.3093,24.090,0.7293662358850739,0.0,Merge
35885621.539,E24,E44,0.0625,0.027500000000000004,3097.090,2355.617,1.1398,4.1371,0.9827384662772282,0.0,Hit+Run
35900845.941,E51,P464,0.10392157842157843,0.0025,3669.124,1059.189,3.2376,13.722,0.9707634182254502,0.0,Hit+Run
36420476.831,E51,P263,0.10392157842157843,0.0025,3669.124,1059.189,2.6546,11.251,0.6085313130075125,0.0,Merge
36547474.835,E9,P465,0.4734446270677076,0.0025,6082.520,1059.189,2.5541,18.628,0.5059887896298367,0.0,Merge
36751390.639,P77,FRAG0026,0.0025000000000000022,0.006192807192807194,1059.189,1433.143,7.7238,12.887,0.645033455229609,0.0,Graze+Frag
36874908.658,E62,P329,0.025,0.0025,2281.955,1059.189,3.8527,9.8750,0.7861168709762173,0.0,Hit+Run
37322296.932,E25,P110,0.3176766284708058,0.0025,5325.032,1059.189,1.2053,7.6259,0.2920992182456157,0.0,Merge
38029720.2,E25,FRAG0012,0.3201766284708058,0.009997335997335998,5338.964,1681.209,1.6141,9.8897,0.7727616971648765,0.0,Hit+Run
38165198.343,E9,P419,0.4759446270677076,0.0025,6093.207,1059.189,2.5076,18.323,0.8137455854411898,0.0,Merge
38226732.472,E64,P536,0.08224175824175825,0.0025,3393.839,1059.189,1.2269,4.7817,0.7635897882661298,0.0,Hit+Run
38345741.658,E4,P267,0.22698777386469352,0.0025,4760.596,1059.189,1.964,11.018,0.5608221090669216,0.0,Merge
38513764.43,E22,P490,0.27759202236951863,0.0025,5090.918,1059.189,2.4722,14.905,0.2893080751397703,0.0,Merge
38558540.572,P95,P251,0.0025,0.0025,1059.189,1059.189,6.2337,8.5563,0.9411,0.0,Hit+Run
38907492.177,E39,P657,0.03500000000000001,0.0025,2552.798,1059.189,3.7815,10.885,0.6470361269183235,0.0,Merge
39205945.314,E22,E67,0.28009202236951863,0.030000000000000002,5106.156,2424.939,1.6093,9.2259,0.482132713068243,0.009951714951714952,Fragment
40113280.38,P14,P620,0.0025,0.0025,1059.189,1059.189,12.101,16.610,0.52105,0.0,Graze+Frag
40518536.002,E4,P169,0.22948777386469352,0.0025,4778.009,1059.189,4.6324,26.091,0.8480124645218869,0.0,Hit+Run
40538008.805,E4,P423,0.22948777386469352,0.0025,4778.009,1059.189,3.4609,19.492,0.9777518232349361,0.0,Hit+Run
41027266.274,E61,E71,0.0275,0.027500333000333003,2355.617,2355.626,1.7348,5.2956,0.957098068407945,0.0,Hit+Run
41159548.438,E83,P14,0.025,0.005,2281.955,1334.495,5.1621,13.283,0.501702561924932,0.019186813186813187,Fragment
41286670.436,E9,P435,0.47844462706770763,0.0025,6103.857,1059.189,1.2352,9.0425,0.48213593790328735,0.0,Merge
41318076.059,E9,P169,0.48094462706770763,0.0025,6114.470,1059.189,1.2393,9.0894,0.20814390599732904,0.0,Merge
41529489.903,E22,E74,0.30014030741780373,0.005527639027639029,5225.188,1379.877,1.4675,8.9191,0.2919114915922026,0.0,Merge
41539799.275,E9,P555,0.48344462706770763,0.0025,6125.047,1059.189,2.052,15.077,0.6858053046942044,0.0,Merge
41907014.296,P61,P639,0.0025,0.0025,1059.189,1059.189,14.667,20.131,0.43265,0.0,Merge
42163113.737,E9,P70,0.48594462706770764,0.005,6135.586,1334.495,1.092,7.9092,0.8439418761141507,0.0,Hit+Run
42266825.448,E25,E71,0.3201766284708058,0.027500333000333003,5338.964,2355.626,1.9701,11.831,0.8943153875474186,0.01073959373959374,Hit+Run+Frag
42599209.236,E9,P145,0.48594462706770764,0.0025,6135.586,1059.189,1.7181,12.647,0.28252716954448637,0.0,Merge
43030768.743,E9,P458,0.48844462706770764,0.0025,6146.090,1059.189,2.4565,18.116,0.6911843589271391,0.0,Merge
43075848.835,E22,E24,0.30566794644544276,0.0625,5257.070,3097.090,1.0397,6.1664,0.14932713036975753,0.014136530136530137,Fragment
43380170.164,E17,P357,0.3702802479860707,0.0025,5604.076,1059.189,2.4868,16.618,0.6991569056026489,0.0,Merge
43640384.894,E22,P628,0.3540314163089126,0.0025,5520.873,1059.189,4.0832,26.852,0.3355282693378042,0.0,Merge
43731225.698,E4,P479,0.22948777386469352,0.0025,4778.009,1059.189,2.9507,16.619,0.8044658785058981,0.0,Merge
43761805.146,E88,P635,0.025,0.0025,2281.955,1059.189,4.8585,12.453,0.6882449790466848,0.0,Graze+Frag
43877109.219,E25,FRAG0021,0.32017712797130526,0.006196803196803198,5338.967,1433.451,1.3072,8.1074,0.0528187653034826,0.0,Merge
44199374.279,E42,FRAG0022,0.0325,0.007973692973692974,2490.510,1559.122,1.9018,5.3715,0.5704707453327783,0.0,Merge
44367345.411,E75,P61,0.030000000000000002,0.005,2424.939,1334.495,2.3877,6.5089,0.29819626898604457,0.0,Merge
44484895.287,E17,P517,0.3727802479860707,0.0025,5616.660,1059.189,1.927,12.908,0.7251510009800903,0.0,Merge
44596159.26,E17,P128,0.3752802479860707,0.0025,5629.188,1059.189,1.2473,8.3750,0.8802683951232819,0.0,Hit+Run
44807239.365,E22,P160,0.3565314163089126,0.0025,5533.838,1059.189,1.2465,8.2181,0.9554286533259853,0.0,Hit+Run
44844565.561,E17,P127,0.3752802479860707,0.0025,5629.188,1059.189,1.1782,7.9110,0.3795783977441439,0.0,Merge
44912501.478,E4,P282,0.23198777386469352,0.0025,4795.297,1059.189,2.5656,14.506,0.5565653129811775,0.0,Merge
45060692.658,E22,P397,0.3565314163089126,0.0025,5533.838,1059.189,1.4585,9.6158,0.6230472541191941,0.0,Merge
45067846.471,E17,P548,0.3777802479860707,0.0025,5641.660,1059.189,1.8591,12.512,0.22631132336552023,0.0,Merge
45148432.842,E4,P77,0.23448777386469352,0.008692640692640693,4812.461,1604.640,1.1859,6.5222,0.9327792389866784,0.0,Hit+Run
45256824.876,P128,FRAG0028,0.0025,0.006908757908757909,1059.189,1486.370,6.3877,10.971,0.7705209656262958,0.0,Hit+Run
46243159.677,E54,P189,0.047500000000000014,0.0025,2826.344,1059.189,3.5756,11.459,0.8889576352794483,0.0,Hit+Run
46513348.919,E9,P504,0.49094462706770764,0.0025,6156.558,1059.189,2.3449,17.324,0.36986712270381983,0.0,Merge
46702552.303,E9,P448,0.49344462706770764,0.0024999999999999905,6166.991,1059.189,2.6725,19.780,0.22026854749010774,0.0,Merge
46753273.232,E9,FRAG0012,0.49594462706770764,0.009997335997335998,6177.388,1681.209,1.914,13.720,0.8987109252341813,0.0,Hit+Run
46754833.519,E9,FRAG0012,0.49594462706770764,0.009997335997335998,6177.388,1681.209,1.0363,7.4288,0.43060775373330223,0.0,Merge
46850786.764,E4,P571,0.23448777386469352,0.0025,4812.461,1059.189,5.2306,29.688,0.5538921178228128,0.0,Merge
46913371.998,E51,P231,0.10642157842157843,0.0025,3698.313,1059.189,1.2625,5.3970,0.34079652819034845,0.0,Merge
47752990.962,E66,P648,0.0325,0.0025,2490.510,1059.189,1.5691,4.4019,0.37304679178771927,0.0,Merge
47795947.254,E4,P130,0.23698777386469352,0.0025,4829.503,1059.189,3.0497,17.375,0.8284149188519592,0.0,Hit+Run
47814260.639,E4,P130,0.23698777386469352,0.0025,4829.503,1059.189,1.0484,5.9733,0.751568588888165,0.0,Merge
47842637.898,E71,FRAG1002,0.016760239760239763,0.008889995612499348,1997.195,1616.693,6.7921,16.166,0.86433583986835,0.0,Hit+Run
48146848.904,E25,P388,0.3263739311681085,0.0025,5373.191,1059.189,2.1716,13.872,0.9243813972030303,0.0,Hit+Run
48829094.429,E9,FRAG0002,0.5059419630650437,0.007758241758241759,6218.620,1544.951,2.8122,20.437,0.693986301817804,0.0,Merge
49226875.893,E9,P70,0.5137002048232855,0.005,6250.245,1334.495,1.8999,14.037,0.5882106120516735,0.0,Merge
49388535.133,E17,P339,0.3802802479860707,0.0025,5654.077,1059.189,1.2208,8.2358,0.606991112107378,0.0,Merge
49521178.668,E17,P540,0.3827802479860707,0.0025,5666.440,1059.189,1.8864,12.755,0.605683606672682,0.0,Merge
49905739.694,E22,P198,0.3590314163089126,0.0025000000000000022,5546.742,1059.189,1.2062,7.9722,0.6095097706391256,0.0,Merge
50713414.967,P167,FRAG0006,0.0025,0.0058474858474858475,1059.189,1405.994,6.0062,9.8743,0.8176421033856357,0.0,Hit+Run
50737567.185,E9,P478,0.5187002048232855,0.0025,6270.458,1059.189,2.5014,18.845,0.9513075496953719,0.0,Hit+Run
50838595.07,E22,E57,0.3615314163089126,0.05327505827505829,5559.587,2936.534,1.1938,7.4524,0.5927916224875589,0.007326673326673327,Fragment
51544131.811,E45,P605,0.05750000000000001,0.0025,3012.195,1059.189,6.0097,20.611,0.6038617468090641,0.005536796536796537,Fragment
51733007.142,E9,P569,0.5187002048232855,0.0025,6270.458,1059.189,3.3498,25.236,0.29959343876197775,0.0,Merge
52196756.528,E9,E4,0.5212002048232854,0.23948777386469353,6280.516,4846.426,1.2303,9.0883,0.6921755136961197,0.0,Hit+Run
52249462.937,E44,P242,0.027500000000000004,0.0025,2355.617,1059.189,4.4137,11.687,0.7876414853925564,0.0,Hit+Run
53098563.544,E9,FRAG0028,0.5212002048232854,0.006908757908757909,6280.516,1486.370,1.8728,13.797,0.5264163226038242,0.0,Merge
53174724.252,P192,P567,0.0025,0.0025,1059.189,1059.189,18.034,24.754,0.91685,0.0,Hit+Run
53710502.729,E47,FRAG0037,0.035,0.007326673326673327,2552.798,1515.756,3.6367,10.479,0.6940807340720976,0.0,Hit+Run
54019230.323,E22,FRAG0036,0.4074798012572976,0.007068265068265069,5785.788,1497.722,1.0769,7.2585,0.9433120199335294,0.0,Hit+Run
54177278.223,E17,E66,0.3852802479860707,0.035,5678.750,2552.798,1.277,8.1522,0.5523149518947487,0.005665001665001665,Fragment
54395357.907,E64,P427,0.08224175824175825,0.0025,3393.839,1059.189,3.0396,11.846,0.8254756958489321,0.0,Hit+Run
54729835.026,E4,P332,0.23948777386469353,0.0025,4846.426,1059.189,5.0096,28.649,0.7178199423675788,0.0,Merge
54747565.412,P64,P627,0.0025,0.0025,1059.189,1059.189,9.8683,13.545,0.95675,0.0,Hit+Run
55270571.432,E44,FRAG0024,0.027500000000000004,0.005921744921744922,2355.617,1411.921,4.6652,12.414,0.5362061980373589,0.016695631035631035,Fragment
55399473.372,E45,P396,0.05446320346320348,0.0025,2958.204,1059.189,4.8352,16.266,0.7489406191880189,0.0,Hit+Run
55494038.729,E25,P434,0.3263739311681085,0.0025,5373.191,1059.189,1.8701,11.946,0.8871254688501882,0.0,Hit+Run
56179820.569,E9,P478,0.5281089627320433,0.0025,6308.145,1059.189,2.8175,21.362,0.8317433847271501,0.0,Merge
56909586.561,E4,P462,0.24198777386469353,0.0025,4863.232,1059.189,1.2816,7.3567,0.6019894246071842,0.0,Merge
57218709.673,E25,P600,0.3263739311681085,0.0025,5373.191,1059.189,2.5979,16.596,0.5552469860119773,0.0,Merge
57486845.308,E9,P501,0.5306089627320433,0.0025,6318.083,1059.189,4.2846,32.540,0.8727830097582059,0.0,Hit+Run
57499664.883,P108,P737,0.0025,0.0025,1059.189,1059.189,29.441,40.411,0.4792,0.0,Merge
57792001.104,P229,P192,0.0025,0.0025,1059.189,1059.189,15.013,20.607,0.7975,0.0,Graze+Frag
57888598.672,E33,P784,0.066496336996337,0.0025,3161.742,1059.189,3.7898,13.689,0.8961035114779661,0.0,Hit+Run
58113684.454,E9,P645,0.5306089627320433,0.0025,6318.083,1059.189,1.6395,12.451,0.747145420187478,0.0,Merge
58202238.941,E17,E71,0.414615246321069,0.016760239760239763,5819.365,1997.195,1.0849,7.2005,0.5508494625405101,0.0,Merge
58452442.14,E17,P160,0.43137548608130877,0.0025,5896.744,1059.189,1.7262,12.180,0.6397807721205013,0.0,Merge
58804546.145,E9,P77,0.5331089627320432,0.008692640692640693,6327.990,1604.640,2.7379,20.215,0.43212302189609003,0.0,Merge
58931137.661,P229,P610,0.005,0.0025,1334.495,1059.189,13.620,21.540,0.22054963705993075,0.0,Fragment
59251677.391,E9,P381,0.5418016034246839,0.0025,6362.199,1059.189,1.7381,13.298,0.5658897043301458,0.0,Merge
59266116.246,P6,FRAG0023,0.005,0.007973692973692974,1334.495,1559.122,6.3737,12.057,0.7407104560111476,0.007445887445887446,Graze+Frag
59641183.736,E22,E42,0.4074798012572976,0.04047369297369298,5785.788,2679.485,1.1238,7.3036,0.3852055184109843,0.007175491175491175,Fragment
60248475.22,E17,P292,0.43387548608130877,0.0025,5908.114,1059.189,2.1134,14.942,0.4456119541425866,0.0,Merge
60823850.822,E25,P321,0.3288739311681085,0.0025,5386.876,1059.189,2.9089,18.633,0.5309937972143637,0.0,Merge
61139380.368,P229,P108,0.0075001665001665,0.005,1527.627,1334.495,10.185,19.017,0.9305743993527059,0.0,Hit+Run
61429599.042,E25,P434,0.3313739311681085,0.0025,5400.491,1059.189,1.5689,10.077,0.6843746692308594,0.0,Merge
63310628.995,E25,P388,0.3338739311681085,0.0025,5414.038,1059.189,1.7716,11.409,0.7323288787245968,0.0,Merge
64874945.291,E9,E4,0.5443016034246838,0.24448777386469353,6371.970,4879.922,1.0142,7.5866,0.839429577393976,0.0,Graze+Merge
65377039.119,E17,FRAG0039,0.43637548608130877,0.005665001665001665,5919.440,1391.213,1.0225,7.1035,0.40930360412432015,0.0,Merge
65674217.059,E17,P563,0.44204048774631044,0.0025,5944.945,1059.189,1.5585,11.092,0.5417740309317247,0.0,Merge
66140649.046,E47,P557,0.035,0.0025,2552.798,1059.189,3.8695,11.139,0.41415966179589025,0.0,Merge
66305169.582,E88,P613,0.0275001665001665,0.0025,2355.622,1059.189,5.1647,13.676,0.6152547561547413,0.0,Merge
67272053.263,E25,P222,0.3363739311681085,0.0025,5427.518,1059.189,1.9839,12.811,0.6288740899632765,0.0,Merge
67299781.382,E9,P542,0.7887893772893774,0.0025,7210.757,1059.189,1.5872,13.870,0.4385772725441571,0.0,Merge
67349092.781,E17,P391,0.44454048774631044,0.0025,5956.131,1059.189,2.5833,18.423,0.40243435206221506,0.0,Merge
67387243.167,E9,FRAG0043,0.7912893772893773,0.007445887445887446,7218.367,1523.933,1.2717,10.860,0.9265812231900151,0.0,Hit+Run
67707235.698,E9,P423,0.7912893772893773,0.0025,7218.367,1059.189,2.2465,19.654,0.7155966426377485,0.0,Merge
68175751.01,E17,E88,0.44704048774631044,0.0300001665001665,5967.276,2424.944,1.1047,7.4411,0.9267095880233275,0.0,Hit+Run
68581651.33,E87,P781,0.027500000000000004,0.0025,2355.617,1059.189,2.4243,6.4197,0.9837585586953274,0.0,Hit+Run
68959203.903,E22,P108,0.4407780030554994,0.005,5939.280,1334.495,1.4678,10.266,0.7139767129138982,0.0,Merge
69149342.819,E82,P502,0.020591242091242093,0.0025,2139.052,1059.189,3.7186,8.9269,0.3764794561907947,0.0,Merge
69395916.052,E88,P406,0.0300001665001665,0.0025,2424.944,1059.189,2.8723,7.8375,0.9947873890344049,0.0,Hit+Run
69406075.347,E64,E65,0.08224175824175825,0.030000000000000002,3393.839,2424.939,1.4754,5.7893,0.5705996284355268,0.007511734931734931,Fragment
69995018.927,E17,E88,0.44704048774631044,0.0300001665001665,5967.276,2424.944,1.0938,7.3677,0.9240787083519655,0.0,Hit+Run
70235393.058,E22,E88,0.4457780030554994,0.0300001665001665,5961.653,2424.944,1.1854,7.9768,0.7594062215659884,0.014187146187146189,Hit+Run+Frag
70235634.162,E22,FRAG0030,0.44577816955566596,0.009951714951714952,5961.654,1678.648,1.7099,11.798,0.3400505091572788,0.0,Merge
70470036.584,E25,P718,0.3388739311681085,0.0025,5440.931,1059.189,2.6868,17.395,0.7605443000561536,0.0,Merge
71127576.172,E9,FRAG0043,0.7937893772893773,0.007445887445887446,7225.961,1523.933,1.0845,9.2718,0.4278646338199416,0.0,Merge
71317830.946,E25,P544,0.3413739311681085,0.0025,5454.278,1059.189,2.7458,17.824,0.7955991532329674,0.0,Merge
71427765.341,E9,P446,0.8012352647352647,0.0025,7248.484,1059.189,1.9,16.696,0.7020172299082953,0.0,Merge
72132350.18,P64,FRAG1002,0.0025,0.008889995612499348,1059.189,1616.693,2.5426,4.6866,0.18837460712464466,0.0,Merge
72219917.343,E17,P753,0.44704048774631044,0.0025,5967.276,1059.189,2.1293,15.216,0.9226329015366854,0.0,Hit+Run
72470983.344,E9,P468,0.8037352647352647,0.0025000000000000022,7256.015,1059.189,2.1298,18.736,0.7476609081858265,0.0,Merge
73230345.318,E22,P915,0.4557298845073809,0.0025,6005.691,1059.189,2.2513,16.198,0.90150639853184,0.0,Hit+Run
75045911.906,E92,E44,0.025,0.01672644022644023,2281.955,1995.852,1.7907,4.9966,0.8557451400201015,0.0,Hit+Run
76050204.391,E92,P568,0.025,0.0025,2281.955,1059.189,3.7458,9.6010,0.9014049055729032,0.0,Hit+Run
76279756.773,E45,P505,0.05446320346320348,0.0025,2958.204,1059.189,2.5119,8.4505,0.996206630320982,0.0,Hit+Run
76322268.174,E39,P64,0.03750000000000001,0.011389995612499348,2612.187,1755.907,3.4297,10.251,0.6152978274519372,0.012501684981684982,Graze+Frag
77169885.238,E22,P510,0.4557298845073809,0.0025,6005.691,1059.189,1.4105,10.148,0.8499917471871634,0.0,Merge
77681082.689,E45,E88,0.05446320346320348,0.015812853812853814,2958.204,1958.832,3.6082,12.187,0.970659261713135,0.0,Hit+Run
78702248.304,E33,P246,0.066496336996337,0.0025,3161.742,1059.189,3.7153,13.420,0.3326586721118154,0.0,Merge
78786474.746,E47,P800,0.037500000000000006,0.0025,2612.187,1059.189,5.5075,16.241,0.557958793985081,0.006552447552447553,Fragment
79355726.651,E17,P406,0.44704048774631044,0.0025,5967.276,1059.189,1.7242,12.321,0.798216737991836,0.0,Merge
80017772.377,E25,P277,0.3438739311681085,0.0025,5467.560,1059.189,1.5817,10.294,0.34731687730927563,0.0,Merge
81643596.513,E22,P532,0.4582298845073809,0.0025,6016.653,1059.189,3.1858,22.967,0.667832699502601,0.0,Merge
81791649.3,E17,P567,0.44954048774631045,0.0025,5978.379,1059.189,2.3996,17.181,0.8985107688076046,0.0,Hit+Run
82992414.328,E25,P6,0.3463739311681085,0.0055278055278055295,5480.778,1379.890,2.4913,15.940,0.857746012771202,0.0,Hit+Run
83246766.298,E17,P6,0.44954048774631045,0.0055278055278055295,5978.379,1379.890,1.1281,7.9260,0.6995373059290687,0.0,Merge
83316504.334,E25,P128,0.3463739311681085,0.0025,5480.778,1059.189,2.6367,17.205,0.735299426529778,0.0,Merge
83709546.598,E9,P561,0.8062352647352646,0.0025,7263.530,1059.189,2.724,23.990,0.8863497999869913,0.0,Hit+Run
83913602.756,E9,P251,0.8062352647352646,0.0025,7263.530,1059.189,2.0693,18.224,0.6699114872686238,0.0,Merge
84037458.062,E9,P561,0.8087352647352646,0.0025,7271.030,1059.189,1.0747,9.4752,0.6274043728590851,0.0,Merge
85969080.811,E22,P363,0.4607298845073809,0.0025,6027.575,1059.189,1.9334,13.965,0.6789008005551889,0.0,Merge
87556066.047,E92,P390,0.025,0.0025,2281.955,1059.189,7.4446,19.081,0.38793604058600467,0.01950849150849151,Fragment
88545716.542,E25,P558,0.3488739311681085,0.0025,5493.933,1059.189,2.0582,13.464,0.6267644199641684,0.0,Merge
89221236.77,E9,E82,0.8112352647352645,0.02309124209124209,7278.515,2222.335,1.3199,11.050,0.538944945230851,0.0,Merge
89387290.713,E22,P237,0.4632298845073809,0.0025,6038.457,1059.189,1.9847,14.363,0.3460927791647267,0.0,Merge
90049795.055,E75,FRAG0044,0.035,0.007175491175491175,2552.798,1505.258,3.0453,8.7711,0.9704021014773819,0.0,Hit+Run
90483271.523,E9,FRAG0046,0.8343265068265067,0.007093573093573094,7346.929,1499.508,1.8038,15.716,0.8578191188481498,0.0,Hit+Run
91122740.949,E17,FRAG0025,0.45506829327411596,0.006192807192807194,6002.783,1433.143,1.8533,13.040,0.8069447693650909,0.0,Merge
91614288.736,E22,P452,0.4657298845073809,0.0025000000000000022,6049.301,1059.189,1.5737,11.410,0.5233628585930502,0.0,Merge
91731157.132,E25,P167,0.3513739311681085,0.0025,5507.024,1059.189,4.1879,27.467,0.7913887666242411,0.0,Merge
93640997.619,E9,P553,0.8343265068265067,0.0025,7346.929,1059.189,2.2347,19.920,0.9794892774716543,0.0,Hit+Run
93909571.341,E9,E45,0.8343265068265067,0.05446320346320348,7346.929,2958.204,1.1465,9.5127,0.9650338734851587,0.0,Hit+Run
94358137.237,E9,E83,0.8343265068265067,0.010813186813186815,7346.929,1725.752,3.7106,31.996,0.9215363305098097,0.0,Hit+Run
94365922.584,E9,E83,0.8343265068265067,0.010813186813186815,7346.929,1725.752,1.0451,9.0118,0.24487924986482115,0.0,Merge
94897891.039,E17,P279,0.46126110046692315,0.0025,6029.891,1059.189,3.0533,22.063,0.9727330509207383,0.0,Hit+Run
94958350.047,E64,E47,0.10473026973026973,0.03344755244755245,3678.617,2514.482,1.2693,5.3565,0.6394263830644004,0.0,Hit+Run
95413567.597,E54,P509,0.047500000000000014,0.0025,2826.344,1059.189,4.0051,12.836,0.6801206030490828,0.0,Merge
97329443.998,E9,P599,0.8451396936396934,0.0025,7378.532,1059.189,2.2183,19.864,0.4827072694384367,0.0,Merge
97748177.875,E9,P578,0.8476396936396934,0.0025,7385.801,1059.189,4.5918,41.160,0.3032160991140503,0.0,Merge
99700183.966,E9,P595,0.8501396936396933,0.0025,7393.055,1059.189,2.2982,20.622,0.23144174948688734,0.0,Merge
99981116.884,E25,P551,0.3538739311681085,0.0025,5520.054,1059.189,3.4503,22.687,0.920981715326957,0.0,Hit+Run
100192678.709,E17,P593,0.46126110046692315,0.0025,6029.891,1059.189,4.928,35.610,0.9812389362908042,0.0,Hit+Run
100331625.573,E22,P706,0.4682298845073809,0.0025,6060.106,1059.189,1.3596,9.8772,0.6516960655485311,0.0,Merge
102450402.733,E17,P551,0.46126110046692315,0.0025,6029.891,1059.189,1.5802,11.418,0.4969138233192509,0.0,Merge
105455637.429,E17,E45,0.46376110046692315,0.05446320346320348,6040.765,2958.204,1.5422,10.455,0.6095829692402557,0.01098101898101898,Fragment
107135995.885,E22,FRAG0054,0.4707298845073809,0.01098101898101898,6070.872,1734.634,1.1864,8.3268,0.694935553917026,0.0,Merge
107769569.512,E9,P520,0.8526396936396933,0.0025,7400.295,1059.189,1.4746,13.245,0.8915011582068488,0.0,Hit+Run
109061090.717,E25,P622,0.3538739311681085,0.0025000000000000022,5520.054,1059.189,2.9839,19.620,0.9236665486047618,0.0,Hit+Run
109500733.407,E22,P786,0.4817109034883999,0.0025,6117.716,1059.189,1.053,7.7274,0.7986294116289095,0.0,Merge
109963432.126,E9,P308,0.8526396936396933,0.0025000000000000022,7400.295,1059.189,3.928,35.283,0.6988718234633027,0.0,Merge
112859657.307,E62,P579,0.025,0.0025,2281.955,1059.189,6.6531,17.052,0.6359282524465298,0.007883782883782884,Fragment
114344671.4,E22,P567,0.4842109034883999,0.0025,6128.281,1059.189,2.4135,17.744,0.6465522526644326,0.0,Merge
114988037.542,E17,FRAG0047,0.5072432849491076,0.007093573093573094,6223.948,1499.508,2.7102,19.759,0.734129438848085,0.0,Merge
116495684.315,E17,FRAG0046,0.5143368580426807,0.007093573093573094,6252.826,1499.508,2.2232,16.289,0.9979731948369961,0.0,Hit+Run
117051494.225,P290,FRAG0040,0.0025,0.005565101565101566,1059.189,1382.987,17.450,28.332,0.7383865522239078,0.007996523476523477,Graze+Frag
118247169.622,E39,P463,0.03638849711100086,0.0025,2586.119,1059.189,2.33,6.7991,0.9179412586161437,0.0,Hit+Run
118803591.233,P217,P400,0.0024999999999999905,0.0025,1059.189,1059.189,10.519,14.439,0.7586999999999996,0.0,Graze+Frag
121430599.438,E17,P593,0.5143368580426807,0.0025,6252.826,1059.189,1.5889,11.934,0.39721435911345837,0.0,Merge
121627968.459,E9,P498,0.8551396936396933,0.0025,7407.520,1059.189,2.2506,20.237,0.8033326968824281,0.0,Merge
122295116.194,E39,E61,0.03638849711100086,0.0275,2586.119,2355.617,3.523,11.317,0.8657838449912598,0.0,Hit+Run
122732474.079,P245,P404,0.0025,0.0025,1059.189,1059.189,13.149,18.049,0.5583,0.0,Graze+Frag
122877616.749,E9,P217,0.8576396936396933,0.005,7414.732,1334.495,2.5788,22.877,0.33670092205424434,0.0,Merge
123946377.151,E39,P516,0.03638849711100086,0.0025,2586.119,1059.189,5.5453,16.181,0.16288686372846944,0.008382284382284381,Fragment
125675472.653,E17,P290,0.5168368580426806,0.008065268065268066,6262.941,1565.068,2.1755,15.915,0.8530326195388888,0.0,Hit+Run
125827416.665,E25,P290,0.3538739311681085,0.008065268065268066,5520.054,1565.068,1.442,9.2080,0.8376936173869676,0.0,Hit+Run
126375439.793,E17,P825,0.5168368580426806,0.0025,6262.941,1059.189,2.3583,17.744,0.26293275683515066,0.0,Merge
126406058.56,E22,FRAG0056,0.4867109034883999,0.008382284382284381,6138.810,1585.311,1.4139,10.113,0.9679361759561588,0.0,Hit+Run
126596604.86,E17,E39,0.5193368580426806,0.03050621272871648,6273.023,2438.502,1.0755,7.6337,0.3845964131357115,0.0,Merge
127433675.356,E25,P649,0.3538739311681085,0.0025,5520.054,1059.189,3.7111,24.401,0.6267407682875439,0.0,Merge
128250532.563,E87,FRAG0049,0.027500000000000004,0.006250749250749251,2355.617,1437.599,2.2776,6.0697,0.9641767851235754,0.0,Hit+Run
130282766.187,E9,E88,0.8626396936396933,0.015812853812853814,7429.113,1958.832,2.5273,21.841,0.5358995190824025,0.0,Merge
131147798.17,E33,P386,0.068996336996337,0.0025,3200.878,1059.189,2.8267,10.345,0.8476180809151415,0.0,Hit+Run
131269004.349,E17,E33,0.549843070771397,0.068996336996337,6393.521,3200.878,1.5159,10.876,0.06104045634788604,0.025834751914751916,Fragment
131676214.473,E25,FRAG0059,0.3563739311681085,0.006458541458541458,5533.023,1453.355,1.7105,11.013,0.6636733174910128,0.0,Merge
132064812.097,E9,P772,0.8784525474525471,0.0025,7474.232,1059.189,3.2288,29.309,0.21870660613498336,0.0,Merge
134266813.283,E17,E61,0.5930052419335682,0.0275,6556.620,2355.617,1.2878,9.6003,0.7542266436665609,0.021972027972027974,Hit+Run+Frag
135740468.344,E17,FRAG0003,0.5930054084337346,0.008416916416916418,6556.620,1587.491,1.5782,12.116,0.85209128392866,0.0,Hit+Run
136155417.462,E25,FRAG0003,0.36283247262664997,0.008416916416916418,5566.248,1587.491,1.6975,10.925,0.6142236447484822,0.0,Merge
136449217.252,E22,E54,0.4867109034883999,0.05000000000000002,6138.810,2875.083,1.3471,9.2869,0.5248083804999919,0.01025041625041625,Fragment
136808983.002,E25,FRAG0057,0.3712493890435664,0.006458541458541458,5608.961,1453.355,1.8701,12.218,0.19283412843394837,0.0,Merge
138085455.329,E9,FRAG0058,0.880952547452547,0.006458541458541458,7481.316,1453.355,1.9845,17.669,0.9689643864825048,0.0,Hit+Run
138879281.115,E17,FRAG0046,0.5930054084337346,0.007093573093573094,6556.620,1499.508,1.5112,11.652,0.7818010221029825,0.0,Merge
144515547.569,E22,P699,0.5264604872379837,0.0025,6301.575,1059.189,1.7832,13.505,0.5510736797441137,0.0,Merge
145577837.216,E17,FRAG0029,0.6000989815273077,0.006024642024642025,6582.660,1420.052,2.2591,17.565,0.40189972175532906,0.0,Merge
149030367.282,E17,P622,0.6061236235519497,0.0025000000000000022,6604.616,1059.189,1.2669,10.086,0.8922145234345441,0.0,Hit+Run
149442094.511,E25,P536,0.3777079305021079,0.0025,5641.300,1059.189,2.3313,15.689,0.7308738022356439,0.0,Merge
150173730.167,E17,P463,0.6061236235519497,0.0025,6604.616,1059.189,2.0271,16.139,0.9294439906540672,0.0,Hit+Run
152176108.106,E17,FRAG0007,0.6061236235519497,0.0058474858474858475,6604.616,1405.994,2.8223,22.039,0.11031589193242974,0.0,Merge
152467141.019,E25,E92,0.3802079305021079,0.007991508491508491,5653.719,1560.283,1.5932,10.441,0.8051100361121672,0.0,Hit+Run
153195130.101,E9,FRAG0061,0.880952547452547,0.007324009324009325,7481.316,1515.572,1.1946,10.604,0.9606005450052167,0.0,Hit+Run
154703624.5,E9,FRAG0061,0.880952547452547,0.007324009324009325,7481.316,1515.572,1.5443,13.709,0.9961075076711816,0.0,Hit+Run
154709234.199,E9,FRAG0061,0.880952547452547,0.007324009324009325,7481.316,1515.572,1.0542,9.3585,0.4711532797783551,0.0,Merge
155743864.438,E9,FRAG0045,0.8882765567765564,0.007511488511488512,7501.991,1528.395,1.3556,12.062,0.7394503036672091,0.0,Merge
155874150.291,P420,FRAG0063,0.0025,0.007324009324009325,1059.189,1515.572,4.5573,7.9531,0.8023845973693816,0.0,Hit+Run
157123379.948,E17,FRAG0049,0.6119711093994356,0.006250749250749251,6625.787,1437.599,1.3801,10.796,0.6860479396843526,0.0,Merge
157884826.619,E17,E92,0.6182218586501848,0.007991508491508491,6648.269,1560.283,1.3719,10.705,0.6043621709213619,0.0,Merge
158350644.447,E9,P463,0.8957880452880449,0.0025,7523.078,1059.189,1.6179,14.788,0.6663790958919141,0.0,Merge
159273659.649,E87,FRAG0063,0.027500000000000004,0.007324009324009325,2355.617,1515.572,3.1593,8.4657,0.968001031164616,0.0,Hit+Run
162143361.434,E9,FRAG0052,0.8982880452880448,0.006502830502830503,7530.070,1456.670,2.9565,26.503,0.9573947429912079,0.0,Hit+Run
164134429.894,P420,P496,0.0025,0.0025,1059.189,1059.189,18.204,24.986,0.91855,0.0,Hit+Run
165993256.306,E9,P428,0.8982880452880448,0.0025,7530.070,1059.189,3.0169,27.602,0.6233225987497802,0.0,Merge
166122025.743,E22,FRAG0055,0.5289604872379836,0.007883782883782884,6311.534,1553.240,1.9708,14.547,0.9092400463989787,0.0,Hit+Run
166153451.125,E22,FRAG0055,0.5289604872379836,0.007883782883782884,6311.534,1553.240,1.0481,7.7364,0.6231464219142161,0.0,Merge
166372168.897,E9,FRAG0058,0.9007880452880448,0.006458541458541458,7537.049,1453.355,1.1219,10.068,0.6852621191445282,0.0,Merge
166575741.301,E9,FRAG0052,0.9072465867465862,0.006502830502830503,7555.020,1456.670,1.1885,10.692,0.9485178900474496,0.0,Hit+Run
166637765.441,E9,FRAG0052,0.9072465867465862,0.006502830502830503,7555.020,1456.670,1.0394,9.3508,0.07981165205278169,0.0,Merge
167510429.692,E22,E87,0.5368442701217665,0.027500000000000004,6342.735,2355.617,1.1671,8.3988,0.4618677562812431,0.0,Merge
167578657.621,E25,FRAG0064,0.3802079305021079,0.01025041625041625,5653.719,1695.278,3.0943,20.150,0.9134117647079445,0.0,Hit+Run
168350407.299,E25,P622,0.3802079305021079,0.0025000000000000022,5653.719,1059.189,1.6424,11.079,0.7527726229422907,0.0,Merge
174714149.392,E22,E75,0.5643442701217665,0.035,6449.240,2552.798,1.1828,8.6225,0.9253280248762176,0.0,Hit+Run
177229860.909,E22,E75,0.5643442701217665,0.035,6449.240,2552.798,1.0529,7.6755,0.9184503932264718,0.0,Hit+Run
178499500.277,E9,P386,0.9137494172494167,0.0025,7573.027,1059.189,1.9091,17.572,0.11650518110793529,0.0,Merge
179041317.001,E9,FRAG0064,0.9162494172494167,0.01025041625041625,7579.928,1695.278,1.4831,13.243,0.3000031988540915,0.0,Merge
186186639.641,E64,FRAG0062,0.10473026973026973,0.007324009324009325,3678.617,1515.572,1.2376,5.1356,0.8621841958840618,0.0,Hit+Run
187165950.197,P290,P375,0.008065268065268066,0.0025,1565.068,1059.189,12.282,22.017,0.19961009393215046,0.01052936396936397,Fragment
187397695.361,E25,P501,0.3827079305021079,0.0025,5666.083,1059.189,2.457,16.613,0.8013917542427694,0.0,Merge
187611197.221,E64,E44,0.10473026973026973,0.01672644022644023,3678.617,1995.852,2.9421,12.160,0.4451705137126772,0.022995670995671,Fragment
190386624.333,E9,P329,0.9264998334998329,0.0025,7608.089,1059.189,2.0936,19.364,0.8749854778015481,0.0,Merge
196094664.78,E22,P290,0.5643442701217665,0.010565101565101565,6449.240,1712.452,1.4315,10.733,0.7961895982067526,0.0,Hit+Run
