time_yr,target,projectile,Mt_Mearth,Mp_Mearth,Rt_km,Rp_km,vimp/vesc,vimp_km/s,b,m_frag_Mearth,Regime
16023.848,E9,P39,0.25335855791758044,0.0025000000000000022,4938.242,1059.189,1.4776,8.6224,0.6132629233462055,0.0,Merge
201944.59,E16,P174,0.31007831243037176,0.0025,5282.234,1059.189,1.7508,10.981,0.7039453606617576,0.0,Merge
286579.085,E9,P226,0.25585855791758044,0.002500000000000014,4954.431,1059.189,1.1494,6.7308,0.5227443756637392,0.0,Merge
406067.317,E33,E41,0.17500000000000002,0.07657609618403234,4365.224,3314.043,1.0331,5.2829,0.48414267122409405,0.012676656676656677,Fragment
791460.17,E2,P78,0.0975,0.0025,3591.937,1059.189,4.8063,19.910,0.5531787271358709,0.0,Merge
793279.304,E1,P112,0.15000000000000005,0.0025,4146.588,1059.189,2.8371,13.719,0.5967645623242411,0.0,Merge
822269.64,E19,P366,0.030000000000000002,0.0025,2424.939,1059.189,5.5516,15.148,0.6994758019363317,0.0,Graze+Frag
875036.926,E5,P307,0.07750000000000003,0.0024999999999999905,3327.318,1059.189,3.426,13.071,0.36690320187889697,0.0,Merge
1049480.468,E22,P69,0.035,0.0025,2552.798,1059.189,6.2163,17.895,0.7005376395428096,0.0,Merge
1054245.031,E1,P0,0.15250000000000005,0.0025,4169.498,1059.189,1.6552,8.0515,0.2590841010034108,0.0,Merge
1147767.319,E16,E39,0.31257831243037176,0.027500000000000004,5296.392,2355.617,1.5272,9.0960,0.8905984434883695,0.0,Hit+Run
1174875.171,E45,P588,0.025,0.0025,2281.955,1059.189,3.7297,9.5598,0.4247489852824583,0.0,Merge
1247280.749,E19,FRAG0002,0.0325001665001665,0.006338328338328338,2490.514,1444.282,2.7732,7.7841,0.7095959121005518,0.0,Hit+Run
1258675.958,E1,P137,0.15500000000000005,0.0025,4192.159,1059.189,3.028,14.815,0.9650665128701901,0.0,Hit+Run
1289384.343,E9,P379,0.25835855791758044,0.0025000000000000022,4970.515,1059.189,3.4851,20.479,0.7558355480407929,0.0,Merge
1327728.123,E60,P528,0.025,0.0025,2281.955,1059.189,2.9459,7.5508,0.9197772286217826,0.0,Hit+Run
1353605.248,E4,P239,0.05750000000000001,0.0025,3012.195,1059.189,5.8822,20.174,0.6790300309009544,0.0,Merge
1533081.9,E29,P562,0.09500000000000004,0.0025,3560.970,1059.189,3.2322,13.265,0.8967630536645242,0.0,Hit+Run
1648762.165,E9,P530,0.26085855791758045,0.0025,4986.496,1059.189,2.6064,15.369,0.7397652516813897,0.0,Merge
1668261.409,E1,P79,0.15500000000000005,0.0025000000000000022,4192.159,1059.189,1.4866,7.2737,0.8390147282873435,0.0,Hit+Run
1809941.731,E16,P134,0.31257831243037176,0.0025000000000000022,5296.392,1059.189,1.3979,8.7935,0.436922748580802,0.0,Merge
1832080.915,E1,P101,0.15500000000000005,0.002500000000000014,4192.159,1059.189,2.4863,12.165,0.5382946063598055,0.0,Merge
2039294.489,E61,P532,0.05500000000000001,0.0025,2967.891,1059.189,1.639,5.5331,0.9577834413122767,0.0,Hit+Run
2073094.662,E5,P125,0.08000000000000002,0.0025,3362.718,1059.189,6.7489,26.044,0.9110402902522224,0.0,Hit+Run
2090137.674,E16,P160,0.31507831243037177,0.0025,5310.474,1059.189,1.061,6.6932,0.3175614307040621,0.0,Merge
2123018.556,E9,P936,0.26335855791758045,0.0025,5002.376,1059.189,3.1278,18.506,0.5031618341041768,0.0,Merge
2211839.836,E16,P248,0.31757831243037177,0.0025,5324.483,1059.189,1.4842,9.3895,0.5693418422844785,0.0,Merge
2284268.238,E9,P125,0.26585855791758045,0.0025,5018.154,1059.189,1.1701,6.9467,0.7725389690913042,0.0,Merge
2371358.871,E9,P206,0.26835855791758045,0.0025,5033.835,1059.189,3.4027,20.269,0.59739885373057,0.0,Merge
2382733.563,E85,P655,0.025,0.0025000000000000022,2281.955,1059.189,3.0152,7.7284,0.23515207530591795,0.0,Merge
2592178.453,P5,P67,0.0025,0.0025,1059.189,1059.189,12.282,16.859,0.8518,0.0,Graze+Frag
2617332.351,E29,P110,0.09500000000000004,0.0025000000000000022,3560.970,1059.189,2.4231,9.9449,0.5809883883560966,0.0,Merge
2712115.502,E65,P27,0.025,0.0024999999999999905,2281.955,1059.189,8.4533,21.667,0.8992193504146726,0.0,Hit+Run
3003339.68,E69,P752,0.025,0.0025,2281.955,1059.189,3.8843,9.9560,0.6228832200958385,0.0,Merge
3079903.754,E1,P87,0.15750000000000006,0.0025,4214.577,1059.189,3.3968,16.715,0.9140777951243413,0.0,Hit+Run
3139758.8,E22,P87,0.037500000000000006,0.0025,2612.187,1059.189,3.3804,9.9687,0.8636194645997083,0.0,Hit+Run
3189308.679,P9,P293,0.0025000000000000022,0.0025,1059.189,1059.189,11.371,15.607,0.18695000000000003,0.0,Merge
3381059.116,E2,P79,0.1,0.0025000000000000022,3622.378,1059.189,2.9036,12.138,0.48166136306005974,0.0,Merge
3430722.408,E35,P136,0.03250000000000001,0.0025000000000000022,2490.510,1059.189,2.2127,6.2075,0.7884709133177336,0.0,Hit+Run
3508955.591,E22,P15,0.037500000000000006,0.0025,2612.187,1059.189,7.8452,23.135,0.9132110585052938,0.0,Hit+Run
3525757.341,E19,E51,0.0325001665001665,0.025,2490.514,2281.955,2.4024,7.4501,0.9988212644181561,0.0,Hit+Run
3690285.168,E2,P52,0.10250000000000001,0.0025,3652.317,1059.189,2.0815,8.7790,0.7134081261847688,0.0,Merge
3734728.732,E2,P91,0.10500000000000001,0.0025,3681.772,1059.189,3.4807,14.807,0.9705014832915045,0.0,Hit+Run
3737152.931,E2,P91,0.10500000000000001,0.0025,3681.772,1059.189,1.0334,4.3963,0.7741024874329614,0.0,Merge
3879875.693,E2,P225,0.10750000000000001,0.0025000000000000022,3710.764,1059.189,4.1197,17.675,0.5591093996660196,0.0,Merge
3928324.656,E1,P117,0.15750000000000006,0.0025,4214.577,1059.189,4.2008,20.672,0.5206519352364997,0.0,Merge
3941040.857,E39,P465,0.027500000000000004,0.0025,2355.617,1059.189,2.8794,7.6249,0.9736181402023596,0.0,Hit+Run
4026776.819,E5,P157,0.08000000000000002,0.0024999999999999905,3362.718,1059.189,4.2863,16.541,0.45072919869156297,0.0,Merge
4100215.16,E53,P485,0.027500000000000004,0.0025,2355.617,1059.189,2.7526,7.2891,0.5201965704453729,0.0,Merge
4118689.135,E33,E32,0.2388994395073757,0.035,4842.454,2552.798,1.0901,5.9271,0.986792341618527,0.0,Hit+Run
4262042.133,E9,P247,0.27085855791758046,0.0025,5049.418,1059.189,2.8772,17.195,0.7148497335247825,0.0,Merge
4294210.463,E1,E20,0.16000000000000006,0.05750000000000001,4236.759,3012.195,2.101,10.281,0.22016792617916728,0.06203663003663004,Fragment
4320029.84,P5,P349,0.005,0.0025,1334.495,1059.189,18.429,29.144,0.9210567628582192,0.0,Hit+Run
4352654.783,E9,FRAG0010,0.27335855791758046,0.00563969363969364,5064.906,1389.138,1.102,6.4732,0.38743828651312306,0.0,Merge
4399079.62,E9,P132,0.2789982515572741,0.0025000000000000022,5099.501,1059.189,1.691,10.213,0.9715123812176127,0.0,Hit+Run
4565748.845,E1,FRAG0011,0.15546336996337004,0.00563969363969364,4196.332,1389.138,1.8178,8.7221,0.42583356856422916,0.0,Merge
4612928.612,E61,P450,0.05500000000000001,0.0025,2967.891,1059.189,1.1225,3.7895,0.7236438604374611,0.0,Merge
4680141.749,P16,P152,0.0025000000000000022,0.0025000000000000022,1059.189,1059.189,15.651,21.483,0.52645,0.0,Graze+Frag
4903421.226,P8,FRAG0013,0.0025000000000000022,0.00563969363969364,1059.189,1389.138,8.2221,13.393,0.3179306084523965,0.008057882117882118,Fragment
4921482.726,E1,P85,0.16110306360306367,0.0025,4246.473,1059.189,2.5681,12.740,0.6289277399031904,0.0,Merge
4930028.468,E9,E19,0.2789982515572741,0.0325001665001665,5099.501,2490.514,2.0446,11.702,0.8992975335107911,0.00622011322011322,Hit+Run+Frag
4957367.84,P49,P156,0.0025,0.0025,1059.189,1059.189,14.976,20.557,0.5108,0.0,Graze+Frag
4972956.946,E35,P273,0.03250000000000001,0.0025,2490.510,1059.189,5.1308,14.393,0.20564230707726266,0.007785547785547786,Fragment
5024063.269,E9,P8,0.27899858455760707,0.00813952713952714,5099.503,1569.857,1.5132,8.8706,0.6357786055376413,0.0,Merge
5061613.859,E22,P28,0.037500000000000006,0.0025000000000000022,2612.187,1059.189,5.8383,17.217,0.7051682743160081,0.0,Merge
5101543.926,E5,P730,0.0825,0.0025,3397.388,1059.189,5.4303,21.187,0.6319724929182403,0.0,Merge
5144461.234,E19,P654,0.02627972027972028,0.0025000000000000022,2320.246,1059.189,2.1225,5.5338,0.39059417841507205,0.0,Merge
5163697.987,E5,E19,0.085,0.028779720279720283,3431.364,2391.604,1.5603,6.1620,0.3291723067709595,0.015445887445887447,Fragment
5261902.04,P16,FRAG0007,0.005,0.00563969363969364,1334.495,1389.138,7.0829,12.507,0.7713577142093724,0.006487985347985348,Graze+Frag
5347989.224,E9,P392,0.2871381116971342,0.0025,5148.619,1059.189,2.5385,15.491,0.4686814085571343,0.0,Merge
5379691.303,P2,FRAG0012,0.0025,0.00563969363969364,1059.189,1389.138,7.1693,11.678,0.8897211720549714,0.0,Hit+Run
5569535.978,E1,P327,0.16360306360306368,0.0025,4268.326,1059.189,2.4732,12.337,0.06882179608592139,0.0,Merge
5577705.745,E2,P32,0.11000000000000001,0.0025000000000000022,3739.309,1059.189,4.5811,19.817,0.3936853961315451,0.0,Merge
5615987.565,E16,P534,0.32007831243037177,0.0025,5338.418,1059.189,1.0831,6.8712,0.8873431746341536,0.0,Hit+Run
5733780.759,E1,P148,0.16610306360306368,0.0025,4289.958,1059.189,2.3968,12.022,0.7991018821556697,0.0,Merge
5787079.469,E59,P135,0.025,0.0025000000000000022,2281.955,1059.189,3.0956,7.9345,0.49530143773410307,0.0,Merge
5892809.401,E5,E51,0.09833383283383285,0.025,3602.147,2281.955,1.7106,6.9969,0.9504752381714493,0.0,Hit+Run
6000362.768,P5,P3,0.005,0.0025,1334.495,1059.189,14.596,23.083,0.6835589231526317,0.007426606726606726,Graze+Frag
6052671.939,E2,P5,0.11250000000000002,0.007499833499833501,3767.425,1527.604,2.1268,9.0456,0.9699197294046055,0.0,Hit+Run
6259372.352,E9,P57,0.2896381116971342,0.0025,5163.518,1059.189,3.3805,20.693,0.899239466737774,0.0,Hit+Run
6301501.76,E48,P562,0.027500000000000004,0.0025,2355.617,1059.189,2.4985,6.6162,0.794884641458962,0.0,Hit+Run
6333648.48,E9,FRAG0016,0.2896381116971342,0.0077229437229437235,5163.518,1542.605,1.6583,9.8656,0.29112590694192103,0.0,Merge
6435809.06,E2,E22,0.11250000000000002,0.04000000000000001,3767.425,2668.991,1.2194,5.3029,0.696717862250955,0.0,Hit+Run
6660829.563,E22,P237,0.04000000000000001,0.0025,2668.991,1059.189,2.9522,8.9053,0.9885096753622895,0.0,Hit+Run
6690593.109,P43,P303,0.0025,0.0025,1059.189,1059.189,10.751,14.757,0.572,0.0,Graze+Frag
6880403.787,E16,P494,0.32007831243037177,0.0025,5338.418,1059.189,1.6594,10.527,0.6433530069991842,0.0,Merge
6911144.926,E72,E59,0.04564568068354306,0.027500000000000004,2789.076,2355.617,3.2333,10.892,0.5702631880741199,0.030792540792540794,Graze+Frag
6987746.666,E16,E48,0.32257831243037177,0.027500000000000004,5352.281,2355.617,1.629,9.8082,0.8175043461634821,0.021972027972027974,Hit+Run+Frag
7519084.47,E16,P304,0.3225784789305383,0.0025,5352.281,1059.189,1.3354,8.4954,0.9469110212369798,0.0,Hit+Run
7634149.083,E61,P465,0.05750000000000001,0.0025,3012.195,1059.189,4.4656,15.315,0.3038544712257812,0.0,Merge
7771068.084,E1,P284,0.16860306360306368,0.0025,4311.373,1059.189,2.2923,11.559,0.8771962034055527,0.0,Hit+Run
7897587.892,E2,P7,0.11250000000000002,0.0025000000000000022,3767.425,1059.189,2.3912,10.427,0.5310877483109867,0.0,Merge
7944211.158,E61,E53,0.06000000000000001,0.030000000000000002,3055.232,2424.939,2.446,8.8560,0.6207279218971861,0.02262937062937063,Hit+Run+Frag
7997448.367,E32,P203,0.035,0.0025,2552.798,1059.189,5.6486,16.260,0.49183226731017066,0.008342564102564103,Fragment
8006882.942,E9,P87,0.29736105542007796,0.0025,5209.010,1059.189,2.1184,13.090,0.6902466058811016,0.0,Merge
8009103.834,E9,P161,0.29986105542007796,0.0025,5223.567,1059.189,2.0227,12.536,0.5751716526772734,0.0,Merge
8012866.974,P16,P264,0.01063969363969364,0.0025,1716.472,1059.189,17.339,33.704,0.3568174029793259,0.007611721611721612,Fragment
8059795.859,E5,P537,0.09833383283383285,0.0025,3602.147,1059.189,1.199,4.9822,0.6865299698668869,0.0,Merge
8085503.5,E29,P562,0.09750000000000004,0.0025,3591.937,1059.189,1.962,8.1278,0.9076517632315917,0.0,Hit+Run
8171512.214,P86,P377,0.0025,0.0025,1059.189,1059.189,6.7839,9.3115,0.80565,0.0,Hit+Run
8268700.245,E1,P215,0.16860306360306368,0.0025,4311.373,1059.189,2.5141,12.678,0.3926390254284394,0.0,Merge
8397119.46,E39,P478,0.027500000000000004,0.0025,2355.617,1059.189,4.9853,13.201,0.7931600804907701,0.0,Hit+Run
8603435.431,E2,FRAG0014,0.11500000000000002,0.00622011322011322,3795.128,1435.246,2.1007,9.0352,0.9229554341453624,0.0,Hit+Run
8621460.801,E22,P16,0.04000000000000001,0.005527972027972029,2668.991,1379.904,6.6523,19.929,0.7398088036827667,0.008910822510822512,Graze+Frag
8674907.039,E5,P357,0.10083383283383285,0.0025000000000000022,3632.419,1059.189,6.4461,27.028,0.6403717337816764,0.0,Merge
8820560.109,E9,FRAG0003,0.30236105542007796,0.00563969363969364,5238.043,1389.138,1.5466,9.4199,0.5393605760623973,0.0,Merge
9023261.444,E22,FRAG0031,0.03661721611721612,0.007611721611721612,2591.526,1535.164,5.256,15.373,0.8859703373870096,0.0,Hit+Run
9100525.68,E9,E51,0.3080007490597716,0.025,5270.410,2281.955,1.6901,10.026,0.8824997410891182,0.009922410922410923,Hit+Run+Frag
9162759.659,E16,P405,0.3225784789305383,0.0025,5352.281,1059.189,1.5684,9.9776,0.4412740596190315,0.0,Merge
9454188.22,E22,FRAG0014,0.03661721611721612,0.00622011322011322,2591.526,1435.246,4.6862,13.655,0.8096160237784613,0.0,Hit+Run
9522736.467,E9,P98,0.3080007490597716,0.0025,5270.410,1059.189,2.105,13.172,0.43523182648975145,0.0,Merge
9704669.911,P57,FRAG0008,0.0025,0.00563969363969364,1059.189,1389.138,6.4952,10.580,0.9525804963278429,0.0,Hit+Run
9773038.6,E53,P301,0.007371295371295372,0.0025,1518.827,1059.189,6.7193,11.746,0.6105315307515258,0.009133040293040292,Graze+Frag
9799821.964,E9,E51,0.3105007490597716,0.015077589077589076,5284.631,1927.988,1.1309,6.7883,0.6347313751958165,0.0,Merge
9843073.295,P109,P232,0.0025,0.0025000000000000022,1059.189,1059.189,6.5563,8.9991,0.4814499999999999,0.0,Merge
10001446.666,E39,FRAG0030,0.027500000000000004,0.008342324342324342,2355.617,1582.788,1.742,4.6950,0.4487652596906808,0.0,Merge
10025643.032,P49,P243,0.005,0.0025,1334.495,1059.189,6.177,9.7685,0.3002730902944355,0.0,Fragment
10361846.383,E33,P317,0.2388994395073757,0.0025,4842.454,1059.189,3.6547,20.882,0.32935925923670584,0.0,Merge
10573611.079,E1,P109,0.17110306360306368,0.005000000000000003,4332.578,1334.495,1.4506,7.2245,0.5879141064712774,0.0,Merge
10764330.766,P49,P106,0.007499833499833501,0.0025,1527.604,1059.189,5.9668,10.481,0.9819493257871582,0.0,Hit+Run
10846019.114,P15,P82,0.0025,0.0025000000000000022,1059.189,1059.189,14.330,19.669,0.8195999999999999,0.0,Graze+Frag
10903839.471,E1,P237,0.1761030636030637,0.0025,4374.376,1059.189,1.2218,6.2583,0.8797754968139987,0.0,Hit+Run
10943452.082,E69,FRAG0029,0.0275,0.005657342657342658,2355.617,1390.586,3.5979,9.5631,0.3640129954832492,0.014300432900432902,Fragment
10984305.654,P50,P275,0.0025,0.0025,1059.189,1059.189,12.319,16.909,0.97735,0.0,Hit+Run
11021340.885,P56,P252,0.0025,0.0025000000000000022,1059.189,1059.189,15.958,21.904,0.8496499999999998,0.0,Graze+Frag
11076036.856,E9,E1,0.3255783381373607,0.1761030636030637,5368.822,4374.376,1.1766,7.5430,0.7189876174066416,0.011000333000333,Hit+Run
11178740.944,E16,FRAG0002,0.3250784789305383,0.006338328338328338,5366.073,1444.282,1.7113,10.665,0.9347983696872395,0.0,Hit+Run
11286819.557,E5,P291,0.10333383283383285,0.0025,3662.194,1059.189,3.7978,16.064,0.8291817519652519,0.0,Hit+Run
11420335.608,P49,FRAG0004,0.007499833499833501,0.00563969363969364,1527.604,1389.138,5.5615,10.546,0.7729825539744888,0.0,Hit+Run
11885804.842,P106,FRAG0004,0.0025,0.00563969363969364,1059.189,1389.138,9.4924,15.463,0.5555674069595421,0.008031901431901432,Graze+Frag
12142905.914,E9,P5,0.3255783381373607,0.007499833499833501,5368.822,1527.604,1.9113,11.867,0.6347834199354618,0.0,Merge
12161033.355,E16,P290,0.3250784789305383,0.0025,5366.073,1059.189,1.0905,6.9565,0.09629305826759492,0.0,Merge
12333878.636,E16,P437,0.3275784789305383,0.0025,5379.793,1059.189,1.8631,11.917,0.8275662709105372,0.0,Merge
12451849.725,E16,P141,0.3300784789305383,0.0025,5393.445,1059.189,2.9701,19.050,0.07280267094738842,0.0,Merge
12520594.71,E1,FRAG0008,0.1761030636030637,0.00563969363969364,4374.376,1389.138,2.4316,12.199,0.8545323649239466,0.0,Hit+Run
12576518.229,E33,P315,0.2413994395073757,0.0025,4859.287,1059.189,1.5766,9.0423,0.6691449542293522,0.0,Merge
12581808.659,E22,P106,0.03661721611721612,0.00813952713952714,2591.526,1569.857,3.5225,10.320,0.9920501384260166,0.0,Hit+Run
13132211.287,E9,E22,0.3330781716371942,0.03661721611721612,5409.734,2591.526,1.2638,7.6750,0.3760525118542701,0.008744435564435564,Fragment
13188718.951,P76,P121,0.0025000000000000022,0.0025,1059.189,1059.189,10.090,13.850,0.8353500000000001,0.0,Graze+Frag
13399420.892,P2,P123,0.0025,0.0025,1059.189,1059.189,31.213,42.843,0.8319,0.0,Graze+Frag
13506316.127,E9,P284,0.3609511320101546,0.0025,5556.610,1059.189,2.5025,16.571,0.7606134074260423,0.0,Merge
13616107.395,E1,P191,0.1761030636030637,0.0025000000000000022,4374.376,1059.189,1.1263,5.7691,0.7094236528115809,0.0,Merge
13690617.247,P106,FRAG0036,0.00813952713952714,0.008744255744255745,1569.857,1607.810,4.915,10.121,0.3507106249017734,0.011355977355977357,Fragment
13720951.519,P42,FRAG0014,0.0025000000000000022,0.00622011322011322,1059.189,1435.246,14.151,23.639,0.8360785030043684,0.007976070596070596,Graze+Frag
13755192.971,E9,P15,0.3634511320101546,0.005,5569.410,1334.495,2.4033,15.685,0.6387484159091353,0.0,Merge
13760079.028,E1,P371,0.1786030636030637,0.0025,4394.979,1059.189,2.4809,12.772,0.314907333884259,0.0,Merge
13863802.713,E4,P111,0.06000000000000001,0.0025,3055.232,1059.189,10.104,35.185,0.8515753240541352,0.0,Hit+Run
13938978.444,P56,FRAG0031,0.005,0.007611721611721612,1334.495,1535.164,3.9202,7.3423,0.8698502156779911,0.0,Hit+Run
13954303.784,P57,P316,0.0025,0.0025,1059.189,1059.189,30.778,42.246,0.62275,0.0,Graze+Frag
14188986.412,E2,FRAG0031,0.11500000000000002,0.007611721611721612,3795.128,1535.164,2.1151,9.0631,0.23104157031644665,0.0,Merge
14268743.357,NEPTUNE,K996,15.944423909423909,0.035,19642.50,2552.798,1.0064,24.125,0.8145399430577837,0.0,Merge
14278613.912,E16,P404,0.3325784789305383,0.0025,5407.027,1059.189,1.2935,8.3190,0.336401793970315,0.0,Merge
14642077.053,E85,FRAG0038,0.027500000000000004,0.005677988677988678,2355.617,1392.276,4.5593,12.119,0.4544182985562593,0.019473526473526476,Fragment
14751280.144,P106,P94,0.00552780552780553,0.0025,1379.890,1059.189,7.8591,12.738,0.641947654189201,0.0076609856809856805,Graze+Frag
15086295.274,P43,FRAG0009,0.005,0.00563969363969364,1334.495,1389.138,7.7516,13.687,0.6118239075990873,0.010371268731268733,Graze+Frag
15110983.643,E16,P221,0.3350784789305383,0.0025,5420.541,1059.189,2.4941,16.083,0.68002173426912,0.0,Merge
15143611.008,E9,P124,0.3684511320101546,0.002500000000000014,5594.833,1059.189,1.9851,13.242,0.8893349106060301,0.0,Hit+Run
15351413.36,E4,P323,0.06000000000000001,0.0025000000000000022,3055.232,1059.189,2.6007,9.0559,0.7854869007538056,0.0,Hit+Run
15364784.543,E9,P46,0.3684511320101546,0.0025,5594.833,1059.189,1.6793,11.202,0.9662699057090385,0.0,Hit+Run
15486879.726,E61,P210,0.059999333999334006,0.0025,3055.221,1059.189,1.8911,6.5849,0.8676881917913534,0.0,Hit+Run
15586218.529,P46,P154,0.0025,0.0025000000000000022,1059.189,1059.189,11.215,15.393,0.9152999999999998,0.0,Hit+Run
15740354.609,P106,FRAG0023,0.008027639027639028,0.007324009324009325,1562.631,1515.572,6.1828,12.335,0.8498464603503878,0.0,Hit+Run
15797215.702,P46,P320,0.0025,0.0025,1059.189,1059.189,10.263,14.088,0.77975,0.0,Graze+Frag
16088608.93,E2,P43,0.12261172161172162,0.01063969363969364,3877.077,1716.472,2.4818,10.822,0.44679392137596013,0.008116550116550117,Fragment
16175229.32,E2,FRAG0042,0.12513486513486516,0.008116550116550117,3903.492,1568.378,1.1039,4.8669,0.7677333983872683,0.0,Hit+Run
16182331.387,E2,FRAG0042,0.12513486513486516,0.008116550116550117,3903.492,1568.378,1.0474,4.6178,0.4631939189489437,0.0,Merge
16420013.524,P46,P483,0.005,0.0025,1334.495,1059.189,7.1688,11.337,0.897641482887246,0.0,Hit+Run
16698009.641,P120,P201,0.0025,0.0025000000000000022,1059.189,1059.189,31.844,43.709,0.6936499999999999,0.0,Graze+Frag
16896932.261,P2,FRAG0032,0.005,0.008910755910755911,1334.495,1617.951,8.9274,17.312,0.40146333149678853,0.008382950382950383,Fragment
16935977.318,E35,P541,0.027214452214452223,0.0025,2347.435,1059.189,5.2574,13.872,0.25247870897307445,0.009241938061938062,Fragment
17127343.494,P111,P263,0.0025,0.0025,1059.189,1059.189,5.4078,7.4226,0.0766,0.0,Merge
17229873.854,E9,FRAG0043,0.3684511320101546,0.008382950382950383,5594.833,1585.353,1.6881,10.926,0.9179807121064228,0.0,Hit+Run
17306793.969,E9,FRAG0043,0.3684511320101546,0.008382950382950383,5594.833,1585.353,1.055,6.8283,0.8192555137158927,0.0,Hit+Run
17369124.972,E1,P120,0.1811030636030637,0.005,4415.390,1334.495,3.0152,15.325,0.9254073698465439,0.0,Hit+Run
17436628.596,E9,FRAG0043,0.3684511320101546,0.008382950382950383,5594.833,1585.353,1.4576,9.4341,0.508508796129914,0.0,Merge
17598960.153,E2,P57,0.13325141525141526,0.005,3986.126,1334.495,2.7144,12.361,0.8093437957056192,0.0,Hit+Run
18065450.991,E9,P475,0.376834082393105,0.0025,5636.946,1059.189,5.3951,36.279,0.85731023340729,0.0,Hit+Run
18131875.926,E16,E4,0.33757847893053833,0.06000000000000001,5433.989,3055.232,1.0432,6.3782,0.6966897589454126,0.0,Graze+Merge
18143645.83,P49,FRAG0012,0.007499833499833501,0.00563969363969364,1527.604,1389.138,10.473,19.860,0.6967265340146775,0.007611721611721612,Graze+Frag
18364172.061,E9,P422,0.376834082393105,0.0025000000000000022,5636.946,1059.189,2.2895,15.395,0.7097390590982778,0.0,Merge
18520836.948,E61,FRAG0025,0.059999333999334006,0.007324009324009325,3055.221,1515.572,1.4175,4.8603,0.6639439878490557,0.0,Merge
18548057.944,E9,FRAG1003,0.379334082393105,0.007421687569628632,5649.384,1522.280,1.3865,9.0967,0.5586629308357276,0.0,Merge
18679457.965,E2,P137,0.13325141525141526,0.0025,3986.126,1059.189,3.0532,14.149,0.5838578375545703,0.0,Merge
18797151.004,E2,FRAG0045,0.13575141525141526,0.007611721611721612,4010.901,1535.164,3.1633,14.368,0.9066728494343593,0.0,Hit+Run
18858231.63,E33,E85,0.2438994395073757,0.013704462204462208,4876.004,1867.588,1.7368,9.5904,0.8169102113972265,0.008177156177156178,Hit+Run+Frag
18903447.29,E61,P723,0.06732334332334333,0.0025,3174.795,1059.189,3.2839,11.914,0.7666325092257679,0.0,Hit+Run
18923625.234,E5,P275,0.10333383283383285,0.0025,3662.194,1059.189,1.9872,8.4057,0.5279149676216561,0.0,Merge
19573832.635,E16,P333,0.3975784789305383,0.0025,5738.540,1059.189,2.1708,14.878,0.2682819210661801,0.0,Merge
19654399.82,E33,P178,0.2438989400068762,0.0025,4876.001,1059.189,1.6295,9.3802,0.6156626181618411,0.0,Merge
19749578.469,E5,FRAG0002,0.10583383283383285,0.006338328338328338,3691.492,1444.282,3.7343,15.592,0.5240625489466759,0.007926739926739926,Fragment
19971105.452,E16,E35,0.40007847893053833,0.02047269397269398,5750.543,2134.939,1.4018,9.1461,0.5910628091566529,0.0,Merge
20080676.677,E16,P410,0.4205511729032323,0.0025,5847.005,1059.189,1.3379,9.3553,0.5409977884064937,0.0,Merge
20225171.739,E16,P111,0.4230511729032323,0.005,5858.568,1334.495,3.1042,21.394,0.7610451089169838,0.0,Merge
20292738.202,E1,P367,0.1811030636030637,0.0025,4415.390,1059.189,3.6261,18.761,0.99468829472561,0.0,Hit+Run
20549919.088,P49,P132,0.0055278055278055295,0.0025000000000000022,1379.890,1059.189,11.187,18.132,0.9931604009245987,0.0,Hit+Run
20625484.271,E1,P367,0.1811030636030637,0.0025,4415.390,1059.189,1.7992,9.3089,0.3204327085822467,0.0,Merge
20666342.858,E16,E5,0.4280511729032323,0.10424542124542127,5881.558,3672.931,1.135,7.5687,0.6133029189493442,0.01255810855810856,Fragment
20737007.308,E1,P120,0.1836030636030637,0.005,4435.614,1334.495,3.1002,15.835,0.801162773447984,0.0,Hit+Run
20768809.939,E1,P154,0.1836030636030637,0.0025000000000000022,4435.614,1059.189,2.4148,12.555,0.707140424464866,0.0,Merge
20853411.445,P2,P49,0.005527805527805529,0.0055278055278055295,1379.890,1379.890,5.5096,9.8521,0.42285,0.005527805527805528,Fragment
21109746.155,E9,E2,0.38675576996273364,0.13575141525141526,5685.990,4010.901,1.2157,7.9728,0.9919663166488765,0.0,Hit+Run
21153602.772,E16,E25,0.519738485590545,0.030000000000000002,6274.639,2424.939,1.0802,7.6716,0.9837956862825803,0.0,Hit+Run
21255597.099,E9,E2,0.38675576996273364,0.13575141525141526,5685.990,4010.901,1.0108,6.6290,0.8996712890195491,0.0,Graze+Merge
21263725.02,E9,P323,0.522507185214149,0.0025000000000000022,6285.762,1059.189,1.945,14.691,0.9857885126374006,0.0,Hit+Run
21290151.814,E29,P466,0.09750000000000004,0.0025,3591.937,1059.189,4.3752,18.124,0.58476466869647,0.0,Merge
21301064.208,E9,P323,0.522507185214149,0.0025000000000000022,6285.762,1059.189,1.0358,7.8238,0.30483363851153933,0.0,Merge
21496240.584,E48,P353,0.005527805527805528,0.0025,1379.890,1059.189,10.353,16.781,0.8875929097183723,0.0,Hit+Run
21629969.968,E33,P428,0.2463989400068762,0.0025000000000000022,4892.604,1059.189,1.6216,9.3689,0.7048980643174672,0.0,Merge
23099288.309,E1,P340,0.1861030636030637,0.0025,4455.656,1059.189,1.9688,10.286,0.8739470177202107,0.0,Hit+Run
23102993.53,E1,P237,0.1861030636030637,0.0025,4455.656,1059.189,2.285,11.938,0.7902445946492909,0.0,Merge
23131787.178,E1,FRAG0045,0.1886030636030637,0.007611721611721612,4475.519,1535.164,1.7039,8.6977,0.23797226742083,0.0,Merge
23240545.508,E33,FRAG0044,0.2488989400068762,0.009241758241758243,4909.096,1637.741,1.0013,5.6173,0.740919213755458,0.0,Merge
23406253.347,P119,FRAG0023,0.0025,0.007324009324009325,1059.189,1515.572,13.502,23.564,0.8724826929303878,0.0,Hit+Run
23774935.479,P173,P387,0.0025,0.0025,1059.189,1059.189,11.381,15.621,0.9907,0.0,Hit+Run
23857150.651,E9,FRAG0050,0.5250071852141489,0.005527805527805528,6295.771,1379.890,1.3109,9.7370,0.9097117203452622,0.0,Hit+Run
24003605.718,E9,P353,0.5250071852141489,0.0025,6295.771,1059.189,2.0221,15.299,0.6966044399653223,0.0,Merge
24201490.556,E9,P166,0.5275071852141489,0.0025,6305.748,1059.189,2.2899,17.355,0.9482246868536885,0.0,Hit+Run
24390897.809,P29,P556,0.0025,0.0024999999999999905,1059.189,1059.189,18.460,25.339,0.9400500000000006,0.0,Hit+Run
24811597.377,P166,FRAG0023,0.0025,0.007324009324009325,1059.189,1515.572,6.5961,11.511,0.9282238428629958,0.0,Hit+Run
25298259.834,E16,FRAG0018,0.519738485590545,0.006158508158508159,6274.639,1430.492,1.2334,9.1037,0.9057964601695923,0.0,Hit+Run
25418568.681,P50,P394,0.0025,0.0025,1059.189,1059.189,7.3809,10.130,0.9987,0.0,Hit+Run
25527059.314,E9,FRAG0023,0.5275071852141489,0.007324009324009325,6305.748,1515.572,1.7964,13.271,0.6307908100960089,0.0,Merge
25733079.428,P29,FRAG0018,0.0025,0.006158508158508159,1059.189,1430.492,4.8014,7.9997,0.6669917988310846,0.0,Hit+Run
25758564.244,E74,P564,0.025,0.0025,2281.955,1059.189,4.2237,10.826,0.9361688923085152,0.0,Hit+Run
26581023.322,E9,FRAG0006,0.5348311945381582,0.00563969363969364,6334.797,1389.138,1.5718,11.746,0.5000463299690682,0.0,Merge
26710488.989,E1,P486,0.1962147852147853,0.0025,4534.935,1059.189,3.1295,16.664,0.6642550555521716,0.0,Merge
26741608.574,E16,P122,0.519738485590545,0.0025,6274.639,1059.189,2.6275,19.809,0.8699484419398256,0.0,Hit+Run
26930371.209,E9,P50,0.5404708881778518,0.0025,6356.986,1059.189,2.8621,21.879,0.9330387214867093,0.0,Hit+Run
26966658.712,E9,P50,0.5404708881778518,0.0025,6356.986,1059.189,1.0371,7.9282,0.7496882552248746,0.0,Merge
27090113.317,E1,FRAG0050,0.1987147852147853,0.005527805527805528,4554.114,1379.890,1.6206,8.4943,0.8841911681923614,0.0,Hit+Run
27108776.23,P56,P124,0.005,0.002500000000000014,1334.495,1059.189,7.4875,11.841,0.34258784624198013,0.007417762237762238,Fragment
27201913.832,E63,P526,0.025,0.0025,2281.955,1059.189,2.007,5.1442,0.9307050044129376,0.0,Hit+Run
28037603.422,E9,P227,0.5429708881778518,0.0025,6366.773,1059.189,2.6617,20.381,0.0684178588595603,0.0,Merge
28591440.179,P150,P456,0.0025,0.0025,1059.189,1059.189,1.4999,2.0587,0.15405,0.0,Merge
28602012.211,E9,P132,0.5454708881778517,0.0025000000000000022,6376.529,1059.189,2.8653,21.975,0.9464821338076579,0.0,Hit+Run
28842988.224,E33,P378,0.25814069824863445,0.0025,4969.118,1059.189,2.0723,12.174,0.8139111700159074,0.0,Merge
29232059.246,P81,P261,0.0025,0.0025000000000000022,1059.189,1059.189,6.4033,8.7890,0.30174999999999996,0.0,Merge
29385855.063,E1,P120,0.1987147852147853,0.005,4554.114,1334.495,1.191,6.2585,0.9628540926801131,0.0,Hit+Run
29444295.475,P42,P132,0.00872027972027972,0.0025000000000000022,1606.339,1059.189,12.006,22.008,0.7032139641474962,0.010791381951381952,Graze+Frag
29544130.786,E29,P198,0.10000000000000005,0.0025,3622.378,1059.189,1.6221,6.7811,0.6349418707262411,0.0,Merge
29671196.442,P29,P418,0.0025,0.0025,1059.189,1059.189,6.5171,8.9452,0.5416,0.0,Graze+Frag
29811196.636,P177,P527,0.0025,0.0025,1059.189,1059.189,25.958,35.630,0.8902,0.0,Graze+Frag
30146521.869,E16,P166,0.519738485590545,0.0025,6274.639,1059.189,1.8262,13.768,0.9057114679755107,0.0,Hit+Run
30228294.425,E16,P166,0.519738485590545,0.0025,6274.639,1059.189,1.0689,8.0586,0.8844932132940516,0.0,Hit+Run
30405334.69,E9,P120,0.5454708881778517,0.005,6376.529,1334.495,1.3535,10.217,0.7250580711064631,0.0,Merge
30411559.321,P56,FRAG0037,0.0075001665001665,0.005677988677988678,1527.627,1392.276,12.416,23.566,0.8927498994222978,0.0,Hit+Run
30537103.961,E9,FRAG0037,0.5504708881778517,0.005677988677988678,6395.953,1392.276,1.6689,12.599,0.8856179968078695,0.0,Hit+Run
30541799.656,E16,P166,0.519738485590545,0.0025,6274.639,1059.189,1.0583,7.9787,0.8095448620805105,0.0,Merge
30568515.172,E9,FRAG0037,0.5504708881778517,0.005677988677988678,6395.953,1392.276,1.1018,8.3183,0.6583827411358206,0.0,Merge
30644434.85,E48,P532,0.005527805527805528,0.0025,1379.890,1059.189,11.986,19.428,0.540453506695112,0.0,Fragment
30950884.774,P42,P231,0.00552797202797203,0.0025,1379.904,1059.189,16.238,26.320,0.5678379040495024,0.008003709623709623,Graze+Frag
31271567.52,P182,FRAG0048,0.0025,0.00627905427905428,1059.189,1439.766,6.747,11.298,0.6604901011862312,0.008117029637029637,Graze+Frag
31334206.102,P164,P490,0.0025,0.0025,1059.189,1059.189,22.435,30.794,0.5018,0.0,Graze+Frag
31375177.635,E1,P534,0.1987147852147853,0.0025,4554.114,1059.189,2.5864,13.834,0.7144371378524598,0.0,Merge
31698080.744,P57,FRAG0051,0.005,0.005692307692307693,1334.495,1393.445,9.2124,16.294,0.9994747071000816,0.0,Hit+Run
32028609.565,E9,P56,0.5561488768558404,0.0075001665001665,6417.869,1527.627,1.6333,12.290,0.6365772828759974,0.0,Merge
33137281.417,E29,FRAG0020,0.10250000000000005,0.006158508158508159,3652.317,1430.492,2.5116,10.374,0.6783230866117748,0.0,Merge
33150821.303,E9,P188,0.5636490433560069,0.0025,6446.590,1059.189,3.8537,29.902,0.9265634571938222,0.0,Hit+Run
33686794.153,E9,P200,0.5636490433560069,0.0025,6446.590,1059.189,4.0304,31.273,0.26702686210748916,0.0,Merge
33692213.098,E1,P430,0.2012147852147853,0.0025,4573.132,1059.189,1.0247,5.5058,0.8566825141777247,0.0,Graze+Merge
33913295.614,P177,P349,0.005,0.0025,1334.495,1059.189,19.177,30.328,0.9272450868505481,0.0,Hit+Run
33922686.658,P177,P349,0.005,0.0025,1334.495,1059.189,1.0441,1.6511,0.5998771725897004,0.0,Graze+Merge
34581300.567,E9,P340,0.5661490433560068,0.0025,6456.107,1059.189,2.0088,15.611,0.5307285929171098,0.0,Merge
34666596.428,E16,E25,0.522238485590545,0.030000000000000002,6284.684,2424.939,1.1533,8.2047,0.7907787520823555,0.01726873126873127,Hit+Run+Frag
34938620.829,E1,P536,0.2037147852147853,0.0025,4591.994,1059.189,5.4558,29.444,0.9431523740218517,0.0,Hit+Run
34983807.113,E1,P536,0.2037147852147853,0.0025,4591.994,1059.189,1.0219,5.5151,0.8930979359760638,0.0,Graze+Merge
35047252.911,E1,FRAG0051,0.2062147852147853,0.005692307692307693,4610.702,1393.445,2.1481,11.401,0.9324079066291703,0.0,Hit+Run
35534345.799,P177,P457,0.0075,0.0025,1527.616,1059.189,19.765,34.720,0.21590194929915307,0.009992614052614052,Fragment
35723200.953,P159,P478,0.0025000000000000022,0.0025,1059.189,1059.189,7.7862,10.687,0.7632500000000001,0.0,Graze+Frag
36069213.691,E58,P778,0.027500000000000004,0.0025,2355.617,1059.189,7.7873,20.621,0.9945888015755718,0.0,Hit+Run
36166776.525,E16,FRAG0054,0.522238818590878,0.005756243756243756,6284.685,1398.643,1.0598,7.8491,0.8514186390180671,0.0,Hit+Run
36760519.751,E9,P177,0.5686490433560067,0.01,6465.596,1681.359,1.6087,12.112,0.9541707354684962,0.0,Hit+Run
37402938.215,E16,FRAG0026,0.522238818590878,0.005657342657342658,6284.685,1390.586,2.3725,17.578,0.9508985891506064,0.0,Hit+Run
37422010.396,E16,FRAG0026,0.522238818590878,0.005657342657342658,6284.685,1390.586,1.0574,7.8347,0.6761017523996001,0.0,Merge
37561525.449,E9,P177,0.5686490433560067,0.01,6465.596,1681.359,1.6895,12.721,0.9857568581264402,0.0,Hit+Run
37685125.742,E9,P177,0.5686490433560067,0.01,6465.596,1681.359,1.0691,8.0498,0.47855356690302187,0.0,Merge
39772390.374,E33,P496,0.26064069824863445,0.0025,4985.108,1059.189,3.5263,20.787,0.9143312953861197,0.0,Hit+Run
40039183.918,E9,FRAG0051,0.5786490433560068,0.005692307692307693,6503.277,1393.445,2.1467,16.498,0.956954983779983,0.0,Hit+Run
40085506.012,E9,FRAG0051,0.5786490433560068,0.005692307692307693,6503.277,1393.445,1.0455,8.0350,0.7451401629295428,0.0,Merge
40247389.412,E9,P188,0.5843413510483144,0.0025,6524.532,1059.189,2.9014,22.802,0.7940020305617465,0.0,Merge
40659447.01,P113,P395,0.002500000000000014,0.0025,1059.189,1059.189,11.968,16.427,0.4779000000000005,0.0,Merge
40987708.675,E29,P159,0.10865850815850821,0.005,3724.046,1334.495,3.1453,13.320,0.8408758355326348,0.0,Hit+Run
41923931.121,P106,P313,0.008027639027639028,0.0025,1562.631,1059.189,11.817,21.157,0.8978291947540108,0.0,Hit+Run
42121865.271,P29,FRAG0053,0.005,0.005756243756243756,1334.495,1398.643,11.543,20.459,0.5443176958301197,0.010701831501831502,Graze+Frag
43736774.619,E9,P119,0.5868413510483144,0.0025,6533.823,1059.189,2.2215,17.485,0.9925060875082552,0.0,Hit+Run
44160267.246,E9,FRAG0054,0.5868413510483144,0.005756243756243756,6533.823,1398.643,2.0683,15.971,0.8637120987590997,0.0,Hit+Run
44257819.811,E16,P411,0.5278961612482206,0.0025,6307.298,1059.189,2.0016,15.174,0.5964394180144145,0.0,Merge
44916635.989,E9,FRAG0054,0.5868413510483144,0.005756243756243756,6533.823,1398.643,1.2704,9.8101,0.7315112673163804,0.0,Merge
45370501.005,P29,FRAG0052,0.010756243756243757,0.005756243756243756,1722.717,1398.643,5.898,12.119,0.9590581054438971,0.0,Hit+Run
45611204.636,E9,FRAG0052,0.5925975948045581,0.005756243756243756,6555.117,1398.643,1.462,11.329,0.5869619303537114,0.0,Merge
45792843.24,E1,P359,0.2062147852147853,0.0025,4610.702,1059.189,1.7243,9.3467,0.9453339259446937,0.0,Hit+Run
45896308.83,E33,P167,0.26064069824863445,0.0025,4985.108,1059.189,1.7102,10.081,0.867484806501101,0.0,Hit+Run
45967651.618,E33,P42,0.26064069824863445,0.008027639027639028,4985.108,1562.631,2.7366,15.661,0.9656938024804821,0.0,Hit+Run
46304754.773,P193,FRAG0050,0.0025,0.005527805527805528,1059.189,1379.890,7.6128,12.339,0.28383090968708763,0.007934059274059274,Fragment
46314621.112,E1,P394,0.2062147852147853,0.0025,4610.702,1059.189,4.6598,25.258,0.7677331264381809,0.0,Merge
46363009.39,E9,P496,0.5983538385608018,0.0025,6576.273,1059.189,1.219,9.6611,0.9267374996192136,0.0,Hit+Run
46373476.168,E9,P496,0.5983538385608018,0.0025,6576.273,1059.189,1.0629,8.4239,0.017570116163784347,0.0,Merge
46901646.384,E9,P158,0.6008538385608018,0.0025,6585.419,1059.189,2.2853,18.138,0.6778719914615121,0.0,Merge
47027324.943,E9,P29,0.6033538385608017,0.010756243756243757,6594.540,1722.717,2.4139,18.531,0.7593357640750085,0.0,Merge
47515410.918,E16,P272,0.5303961612482205,0.0025,6317.239,1059.189,1.1057,8.3963,0.5613759977683834,0.0,Merge
47612092.586,E16,P556,0.5328961612482205,0.0024999999999999905,6327.148,1059.189,3.0039,22.848,0.5230408711148702,0.0,Merge
47909180.976,E1,P562,0.20871478521478531,0.0025,4629.260,1059.189,3.125,17.012,0.9248835916129584,0.0,Hit+Run
47990953.139,E9,P136,0.6141100823170454,0.0025000000000000022,6633.497,1059.189,2.5914,20.728,0.8378224458243496,0.0,Merge
48514599.171,E9,P122,0.6166100823170455,0.0025,6642.487,1059.189,1.1633,9.3183,0.6912719633196405,0.0,Merge
50287403.652,E1,P46,0.20871478521478531,0.005,4629.260,1334.495,3.6367,19.450,0.6663954609061377,0.0,Merge
50409498.145,E16,P119,0.5353961612482204,0.0025,6337.027,1059.189,1.2651,9.6388,0.5301835233284069,0.0,Merge
52196314.071,E9,P159,0.6191100823170455,0.005,6651.452,1334.495,2.9546,23.335,0.7301153301437724,0.0,Merge
53708534.554,E33,P387,0.26064069824863445,0.0025,4985.108,1059.189,1.0608,6.2533,0.7605131584661203,0.0,Merge
56660005.878,E16,P207,0.5378961612482204,0.0025,6346.875,1059.189,3.3769,25.771,0.4659419029585961,0.0,Merge
56732393.565,E25,P300,0.01273093573093573,0.0025000000000000022,1822.275,1059.189,7.4276,15.256,0.8710852685914589,0.0,Hit+Run
57121457.056,E9,P512,0.6241100823170455,0.0025,6669.310,1059.189,3.4063,27.402,0.8614831127956356,0.0,Merge
57687410.452,E16,P269,0.5403961612482203,0.0025,6356.693,1059.189,2.6298,20.102,0.8955741286013432,0.0,Hit+Run
58193707.237,E9,E1,0.6266100823170454,0.21371478521478532,6678.203,4665.935,1.3599,10.456,0.7140833684766535,0.0192975690975691,Hit+Run
58234275.588,E9,E1,0.6266100823170454,0.21371478521478532,6678.203,4665.935,1.0935,8.4084,0.973048969295186,0.0,Hit+Run
58235270.177,E9,E1,0.6266100823170454,0.21371478521478532,6678.203,4665.935,1.045,8.0354,0.9118838728527091,0.0,Hit+Run
58241278.745,E9,E1,0.6266100823170454,0.21371478521478532,6678.203,4665.935,1.0576,8.1323,0.6616897824960911,0.017035591075591074,Graze+Merge
62054322.992,E9,P2,0.8403248675318307,0.0055278055278055295,7364.494,1379.890,2.3367,20.532,0.8395018837475172,0.017035591075591074,Merge
66470353.901,P42,P413,0.008027639027639028,0.0025,1562.631,1059.189,16.241,29.076,0.3942008957848531,0.0,Fragment
66791772.752,P76,P616,0.005,0.0025,1334.495,1059.189,11.500,18.187,0.18157992110823923,0.007482437562437562,Fragment
67204011.388,E16,P113,0.5403961612482203,0.005000000000000014,6356.693,1334.495,3.0082,22.632,0.9552575199024913,0.0,Hit+Run
67735451.249,E9,P181,0.8458526730596362,0.0025,7380.607,1059.189,3.2547,29.153,0.46103668659170705,0.0,Merge
68195359.301,E9,P562,0.8483526730596361,0.0025,7387.871,1059.189,3.2479,29.122,0.8160971627293309,0.0,Merge
70831968.355,E9,P288,0.8508526730596361,0.0025,7395.121,1059.189,3.9059,35.059,0.8360535511757234,0.0,Merge
72692727.867,E9,P113,0.853352673059636,0.005000000000000014,7402.357,1334.495,1.508,13.354,0.9056326888609798,0.0,Hit+Run
72727532.116,E33,E74,0.26314069824863445,0.025,5000.996,2281.955,1.3108,7.3661,0.6616080929086726,0.0,Merge
73018196.457,E9,P113,0.853352673059636,0.005000000000000014,7402.357,1334.495,1.0363,9.1769,0.4728539654348517,0.0,Merge
73063147.618,E72,P274,0.042353139891002284,0.0025,2720.335,1059.189,8.0285,24.709,0.7504893700163969,0.0,Graze+Frag
74767780.291,E77,P472,0.027500000000000004,0.0025,2355.617,1059.189,13.852,36.683,0.7699129986395449,0.012056143856143857,Graze+Frag
75502522.332,E16,P544,0.5403961612482203,0.0025,6356.693,1059.189,1.1593,8.8619,0.18703510227872616,0.0,Merge
75866471.691,E16,P309,0.5428961612482203,0.0025,6366.480,1059.189,3.0751,23.545,0.6814305560575297,0.0,Merge
77411270.296,E9,FRAG0005,0.858352673059636,0.00563969363969364,7416.786,1389.138,4.11,36.371,0.7127115440686819,0.0,Merge
79405088.027,E9,P211,0.8639923666993297,0.0025000000000000022,7432.994,1059.189,2.3867,21.539,0.8565438577190586,0.0,Merge
82010972.541,E16,P219,0.5453961612482202,0.0025,6376.238,1059.189,1.3927,10.680,0.8411690544878895,0.0,Merge
82147773.537,E9,P604,0.8664923666993296,0.0025,7440.157,1059.189,3.4115,30.818,0.9652813518091009,0.0,Hit+Run
82918671.902,E9,P313,0.8664923666993296,0.0025,7440.157,1059.189,3.0029,27.127,0.5813397530937008,0.0,Merge
84144362.691,E16,FRAG0056,0.5478961612482202,0.006027972027972028,6385.966,1420.313,1.9008,14.305,0.33720226605313,0.0,Merge
92721169.863,P144,FRAG0024,0.0025,0.007324009324009325,1059.189,1515.572,5.1074,8.9131,0.7389096199922499,0.0,Hit+Run
94843846.302,E9,P398,0.8689923666993296,0.0025,7447.305,1059.189,3.6768,33.249,0.6346387637178933,0.0,Merge
96229396.751,E32,E25,0.029157675657675665,0.01273093573093573,2402.028,1822.275,4.6286,13.021,0.5370626925246249,0.035366633366633364,Fragment
96684304.037,E33,P86,0.2881406982486345,0.0025,5154.604,1059.189,1.8786,11.478,0.9436042253576369,0.0,Hit+Run
98281229.14,P244,P228,0.0025000000000000022,0.0025,1059.189,1059.189,5.7076,7.8341,0.9767000000000001,0.0,Hit+Run
101355096.274,E33,E65,0.2881406982486345,0.025,5154.604,2281.955,1.1489,6.6607,0.35315670575953045,0.0,Merge
102368937.82,E9,P360,0.8714923666993295,0.0025,7454.440,1059.189,2.7122,24.551,0.4235223601062984,0.0,Merge
102915664.391,E33,P173,0.3131406982486345,0.0025,5299.566,1059.189,1.7966,11.308,0.42404823399182906,0.0,Merge
112666701.592,E16,FRAG0046,0.5539241332761922,0.008177156177156178,6409.300,1572.272,2.9814,22.353,0.8329644988529181,0.0,Hit+Run
117766746.873,E16,P623,0.5539241332761922,0.0025,6409.300,1059.189,2.7189,20.967,0.20519056001966487,0.0,Merge
119628774.522,E9,FRAG0060,0.8739923666993294,0.005894438894438895,7461.561,1409.747,1.9126,17.017,0.9394965495870787,0.0,Hit+Run
120568048.912,E77,P268,0.017944055944055945,0.0025,2043.152,1059.189,20.342,46.655,0.8128899519359611,0.01655798867798868,Graze+Frag
122943853.612,E9,FRAG0060,0.8739923666993294,0.005894438894438895,7461.561,1409.747,2.4323,21.641,0.5915379796997248,0.0,Merge
123088856.707,E9,P358,0.8798868055937683,0.0025,7478.298,1059.189,3.7523,34.081,0.9944508043556077,0.0,Hit+Run
123909024.834,E9,P358,0.8798868055937683,0.0025,7478.298,1059.189,1.005,9.1282,0.8052485021087908,0.0,Merge
130885086.003,E9,P592,0.8823868055937683,0.0025,7485.374,1059.189,4.7449,43.140,0.8238273803202779,0.0,Merge
134325407.725,E33,FRAG0008,0.3156406982486345,0.00563969363969364,5313.632,1389.138,2.5411,15.717,0.5680857658464151,0.0,Merge
154385557.248,E9,P269,0.8848868055937682,0.0025,7492.436,1059.189,2.1967,19.992,0.2408513533783116,0.0,Merge
154637954.271,E9,E77,0.8873868055937681,0.005527639027639027,7499.486,1379.877,2.3114,20.708,0.755661195876478,0.0,Merge
156385070.569,E9,P593,0.8929144446214071,0.0025,7515.025,1059.189,5.4729,49.967,0.9904088460606459,0.0,Hit+Run
158540317.33,E9,P593,0.8929144446214071,0.0025,7515.025,1059.189,1.3683,12.492,0.8039841013198501,0.0,Merge
162791647.615,E33,P86,0.32128039188832813,0.0025,5345.092,1059.189,2.1993,13.971,0.9277549729391449,0.0,Hit+Run
165265619.402,E33,FRAG0027,0.32128039188832813,0.005657342657342658,5345.092,1390.586,1.9136,11.911,0.8752847499287544,0.0,Hit+Run
166642108.808,E16,P604,0.5564241332761921,0.0025,6418.928,1059.189,2.5758,19.895,0.36179934139732345,0.0,Merge
189200793.803,E9,FRAG0015,0.8954144446214071,0.007785547785547786,7522.032,1546.762,3.6328,32.390,0.8163360830372761,0.0,Merge
