time_yr,target,projectile,Mt_Mearth,Mp_Mearth,Rt_km,Rp_km,vimp/vesc,vimp_km/s,b,m_frag_Mearth,Regime
23838.951,M0,P142,0.05,0.0024355585714285716,2875.083,1050.009,1.105,3.6083,0.9743554752461601,0.0,Hit+Run
32411.082,M0,P108,0.05,0.0024355585714285716,2875.083,1050.009,2.3392,7.6385,0.8896798678649722,0.0,Hit+Run
35003.38,M0,P108,0.05,0.0024355585714285716,2875.083,1050.009,1.0524,3.4365,0.830861085229078,0.0,Hit+Run
100105.731,M0,P142,0.05,0.0024355585714285716,2875.083,1050.009,1.2328,4.0256,0.5325919907167966,0.0,Merge
105070.868,E0,M3,0.4524555555544456,0.05,5991.273,2875.083,1.0044,6.7552,0.9179131475874647,0.0,Graze+Merge
145263.176,E0,P206,0.5024555555544457,0.0024355585714285716,6204.304,1050.009,1.1314,8.4328,0.36647770068658797,0.0,Merge
197064.952,E4,P538,0.0574,0.0024355585714285716,3010.448,1050.009,4.6828,16.060,0.5183169713478736,0.0,Merge
237962.424,M0,P280,0.05243555857142857,0.0024355585714285716,2921.028,1050.009,3.3572,11.149,0.3317479592552485,0.0,Merge
310441.932,E9,P587,0.07894000000000001,0.0024355585714285716,3347.800,1050.009,1.8177,6.9856,0.8352353523884993,0.0,Hit+Run
348775.137,M1,P482,0.05,0.0024355585714285716,2875.083,1050.009,4.273,13.953,0.430702916437184,0.0,Merge
393864.071,E9,P836,0.07894000000000001,0.0024355585714285716,3347.800,1050.009,1.2763,4.9049,0.8530484286242731,0.0,Hit+Run
399699.638,M1,P467,0.05243555857142857,0.0024355585714285716,2921.028,1050.009,1.712,5.6856,0.3957436853200082,0.0,Merge
413441.597,M2,P460,0.05,0.0024355585714285716,2875.083,1050.009,3.0845,10.072,0.976626187900846,0.0,Hit+Run
441880.634,M0,P64,0.05487111714285714,0.0024355585714285716,2965.571,1050.009,5.7406,19.375,0.8368864752159153,0.0,Hit+Run
448070.193,M0,P64,0.05487111714285714,0.0024355585714285716,2965.571,1050.009,1.05,3.5438,0.5145980373547915,0.0,Merge
606062.948,E0,M2,0.5048911141258742,0.05,6214.312,2875.083,1.3829,9.6534,0.904382674265516,0.0,Hit+Run
676121.067,M2,P334,0.05,0.0024355585714285716,2875.083,1050.009,3.632,11.860,0.3374572000044399,0.0,Merge
804835.058,E0,M2,0.5048911141258742,0.05243555857142857,6214.312,2921.028,1.1377,7.9392,0.7963002272460655,0.00842990342990343,Hit+Run+Frag
809115.38,E0,FRAG0001,0.5048907752614052,0.00842990342990343,6214.311,1588.307,1.0711,7.7617,0.9878234473090022,0.0,Hit+Run
859743.078,E1,P449,0.23462666666666668,0.0024355585714285716,4813.411,1050.009,1.854,10.532,0.8813418367992877,0.0,Hit+Run
925732.467,M0,P73,0.05730667571428571,0.0024355585714285716,3008.815,1050.009,4.3658,14.964,0.9162493331753563,0.0,Hit+Run
956706.36,M0,P34,0.05730667571428571,0.0024355585714285716,3008.815,1050.009,3.0445,10.435,0.942491425727466,0.0,Hit+Run
972056.918,E4,P346,0.05983555857142857,0.0024355585714285716,3052.438,1050.009,2.6623,9.2669,0.8893664260815313,0.0,Hit+Run
1057293.292,E3,P234,0.40336,0.0024355585714285716,5766.223,1050.009,1.6607,11.448,0.64394058700587,0.0,Merge
1098691.821,E4,P365,0.05983555857142857,0.0024355585714285716,3052.438,1050.009,3.2724,11.390,0.7559577419048237,0.0,Hit+Run
1106751.844,M1,P72,0.05487111714285714,0.0024355585714285716,2965.571,1050.009,5.4993,18.560,0.9246960427266567,0.0,Hit+Run
1109955.727,M1,P371,0.05487111714285714,0.0024355585714285716,2965.571,1050.009,6.4129,21.644,0.6549161015014768,0.0,Merge
1140553.146,M0,P72,0.05730667571428571,0.0024355585714285716,3008.815,1050.009,1.0105,3.4636,0.7980116562809637,0.0,Graze+Merge
1155570.871,E0,P569,0.5048907752614052,0.0024355585714285716,6214.311,1050.009,2.1327,15.923,0.5841912934858241,0.0,Merge
1425505.286,E3,E6,0.40579555857142857,0.08018000000000002,5777.805,3365.238,1.3046,8.4976,0.7204054061019808,0.0,Hit+Run
1434750.418,E3,P601,0.40579555857142857,0.0024355585714285716,5777.805,1050.009,1.4976,10.345,0.5809271792460077,0.0,Merge
1459205.078,M1,P209,0.05730667571428571,0.0024355585714285716,3008.815,1050.009,4.7515,16.286,0.6612414281492054,0.0,Merge
1491644.027,M1,M0,0.05974223428571428,0.05974223428571428,3050.851,3050.851,2.0488,8.1000,0.20094999999999996,0.048420912420912426,Fragment
1513647.612,M1,FRAG0003,0.07106355615051613,0.006052614052614053,3232.532,1422.246,1.07,3.8910,0.920707828176379,0.0,Hit+Run
1525138.74,M1,FRAG0005,0.07106355615051613,0.006052614052614053,3232.532,1422.246,1.3016,4.7332,0.9482776733857636,0.0,Hit+Run
1531763.181,M1,FRAG0003,0.07106355615051613,0.006052614052614053,3232.532,1422.246,1.0556,3.8386,0.6726486667458446,0.0,Merge
1555121.307,P6,FRAG0002,0.0024355585714285716,0.006052614052614053,1050.009,1422.246,10.429,17.266,0.9282195296660508,0.0,Hit+Run
1567751.632,E10,P577,0.14002,0.0024355585714285716,4052.507,1050.009,1.329,6.2737,0.6538791082654877,0.0,Merge
1601454.364,M1,P34,0.07711617020313018,0.0024355585714285716,3321.816,1050.009,3.2606,12.426,0.9402816239019608,0.0,Hit+Run
1621451.588,M1,FRAG0006,0.07711617020313018,0.006052614052614053,3321.816,1422.246,1.0759,4.0247,0.518781885049495,0.0,Merge
1686959.507,E0,P766,0.5073263338328338,0.0024355585714285716,6224.287,1050.009,2.4629,18.420,0.9199144851200558,0.0,Hit+Run
1890777.955,E0,P766,0.5073263338328338,0.0024355585714285716,6224.287,1050.009,1.1115,8.3129,0.6384896184509214,0.0,Merge
1904665.344,P6,FRAG0007,0.0024355585714285716,0.006052614052614053,1050.009,1422.246,2.8107,4.6529,0.683115210027397,0.0,Hit+Run
2098154.682,M1,P81,0.08316878425574423,0.0024355585714285716,3406.543,1050.009,5.3223,20.840,0.40054021095308556,0.0,Merge
2276990.78,P6,FRAG0002,0.0024355585714285716,0.006052614052614053,1050.009,1422.246,4.2117,6.9722,0.47738217860656196,0.0,Graze+Frag
2434079.308,M1,FRAG0009,0.0856043428271728,0.006052614052614053,3439.477,1422.246,3.482,13.507,0.7196995294856373,0.0,Hit+Run
2441436.244,M1,FRAG0009,0.0856043428271728,0.006052614052614053,3439.477,1422.246,1.0748,4.1693,0.23141031760026734,0.0,Merge
2453915.04,E3,P198,0.40823111714285715,0.0024355585714285716,5789.342,1050.009,1.1538,7.9877,0.6894540855052355,0.0,Merge
2485858.531,M1,P6,0.09165695687978685,0.008488178488178488,3518.700,1591.959,1.7171,6.7909,0.6267435354350991,0.0,Merge
2503790.93,E0,P346,0.5097618924042623,0.0024355585714285716,6234.232,1050.009,1.9374,14.514,0.8393339302781264,0.0,Merge
2511858.559,M1,FRAG0004,0.10014513536796533,0.006052614052614053,3624.130,1422.246,1.0061,4.1235,0.9331833880450936,0.0,Graze+Merge
2557274.674,M2,P116,0.04400599400599401,0.0024355585714285716,2755.271,1050.009,6.6927,20.889,0.9520732628317518,0.0,Hit+Run
2565371.553,M2,P116,0.04400599400599401,0.0024355585714285716,2755.271,1050.009,1.0623,3.3156,0.41402045150748773,0.0,Merge
2602452.892,M1,P787,0.10619774942057938,0.0024355585714285716,3695.719,1050.009,4.8326,20.657,0.48710584146441976,0.0,Merge
2658475.819,M1,P197,0.10863330799200796,0.0024355585714285716,3723.758,1050.009,6.5376,28.173,0.6704494664473719,0.0,Merge
2700040.581,M1,P612,0.11106886656343654,0.0024355585714285716,3751.382,1050.009,5.7225,24.857,0.6149701731688193,0.0,Merge
2737857.295,M1,P824,0.11350442513486511,0.0024355585714285716,3778.604,1050.009,4.8553,21.255,0.6503725466714246,0.0,Merge
2766851.749,M1,P707,0.11593998370629369,0.0024355585714285716,3805.440,1050.009,2.4627,10.863,0.7595283863419003,0.0,Merge
2770499.581,E3,M4,0.4106666757142857,0.05,5800.832,2875.083,1.446,9.4137,0.5022622659082243,0.013328671328671328,Fragment
3072185.195,E0,P533,0.5121974509756908,0.0024355585714285716,6244.145,1050.009,2.1649,16.246,0.5427342876755937,0.0,Merge
3079348.275,E4,P304,0.05983555857142857,0.0024355585714285716,3052.438,1050.009,2.0889,7.2710,0.35506204176868295,0.0,Merge
3400357.787,E0,P73,0.5146330095471193,0.0024355585714285716,6254.026,1050.009,2.3545,17.698,0.3613343451509143,0.0,Merge
3440959.297,E1,P410,0.23462666666666668,0.0024355585714285716,4813.411,1050.009,4.1823,23.759,0.3181072669147951,0.0,Merge
3469987.156,M1,P714,0.11837554227772226,0.0024355585714285716,3831.903,1050.009,5.049,22.439,0.5674174785111787,0.0,Merge
3589528.877,E0,FRAG0008,0.5170685681185478,0.006052614052614053,6263.877,1422.246,1.7995,13.263,0.7087700210967283,0.0,Merge
3590478.905,M1,P445,0.12081110084915084,0.0024355585714285716,3858.005,1050.009,5.7034,25.534,0.6522744245349802,0.0,Merge
3627178.497,E1,E12,0.23706222523809525,0.09854,4830.009,3604.663,1.6939,9.5460,0.8909093282227678,0.0,Hit+Run
3839510.023,E14,P391,0.044980000000000006,0.0024355585714285716,2775.451,1050.009,1.6217,5.1008,0.1325526386382766,0.0,Merge
4028552.377,E3,E9,0.4473380043856144,0.07894000000000001,5968.599,3347.800,1.0736,7.2091,0.45134155121832414,0.014633366633366634,Fragment
4059710.742,E12,FRAG0012,0.09854,0.007316683316683317,3604.663,1515.067,1.1563,4.6974,0.401743962875407,0.0,Merge
4101670.501,M1,P591,0.12324665942057941,0.0024355585714285716,3883.758,1050.009,2.1999,9.9199,0.4057907425528135,0.0,Merge
4208015.145,E0,P77,0.5231211821711619,0.0024355585714285716,6288.223,1050.009,2.2558,17.055,0.9599990084890573,0.0,Hit+Run
4241859.807,E1,E4,0.23706222523809525,0.06227111714285714,4830.009,3093.304,1.2519,6.8746,0.34088528135235485,0.02067178155178155,Fragment
4246925.634,E0,P456,0.5231211821711619,0.0024355585714285716,6288.223,1050.009,2.066,15.620,0.9691679716157491,0.0,Hit+Run
4296147.754,E19,P781,0.041620000000000004,0.0024355585714285716,2704.547,1050.009,3.5666,10.915,0.779909098507779,0.0,Hit+Run
4329917.512,E0,FRAG0007,0.5231211821711619,0.006052614052614053,6288.223,1422.246,1.6755,12.401,0.4876134464504346,0.0,Merge
4431036.97,E0,P543,0.5291737962237759,0.0024355585714285716,6312.382,1050.009,1.9487,14.794,0.9501507004705412,0.0,Hit+Run
4474668.472,E5,P5,0.0735,0.0024355585714285716,3269.060,1050.009,2.3868,8.9413,0.7053456500068683,0.0,Merge
4486748.912,M2,P77,0.04644155257742258,0.0024355585714285716,2805.193,1050.009,3.1007,9.8638,0.37022233678792577,0.0,Merge
4548776.276,E0,P543,0.5291737962237759,0.0024355585714285716,6312.382,1050.009,1.051,7.9789,0.6318047745684369,0.0,Merge
4578424.086,E0,P456,0.5316093547952044,0.0024355585714285716,6322.051,1050.009,1.1857,9.0162,0.23214393810939027,0.0,Merge
4592220.161,E17,P844,0.040959999999999996,0.0024355585714285716,2690.174,1050.009,1.4448,4.3968,0.630361709288707,0.0,Merge
4624804.482,M1,P637,0.125682217992008,0.0024355585714285716,3909.175,1050.009,4.914,22.314,0.8734027988166929,0.0,Hit+Run
4673545.254,E0,FRAG0001,0.534044913366633,0.00842990342990343,6331.692,1588.307,1.6055,11.871,0.5800053729551328,0.0,Merge
4696970.616,E1,E12,0.27866201370962373,0.10585668331668333,5097.451,3691.758,1.0634,6.2840,0.5905803725106347,0.0,Graze+Merge
4700893.45,E3,FRAG0015,0.5116446377522477,0.006890442890442891,6241.897,1485.056,1.3309,9.7406,0.69730014933514,0.012547012987012987,Merge
4848037.734,E1,P483,0.38451869702630703,0.0024355585714285716,5675.006,1050.009,1.0907,7.3917,0.2998252619158102,0.0,Merge
4865633.285,E10,P775,0.14245555857142858,0.0024355585714285716,4075.869,1050.009,1.215,5.7712,0.8608350118157484,0.0,Hit+Run
4946134.364,P8,P88,0.0024355585714285716,0.0024355585714285716,1050.009,1050.009,13.202,17.964,0.16245,0.0,Merge
4950209.966,E6,P51,0.08018000000000002,0.0024355585714285716,3365.238,1050.009,1.4224,5.4970,0.9108117421803692,0.0,Hit+Run
5067339.652,M1,P637,0.125682217992008,0.0024355585714285716,3909.175,1050.009,2.7653,12.557,0.4115555968070355,0.0,Merge
5071795.642,P30,P154,0.0024355585714285716,0.0024355585714285716,1050.009,1050.009,12.425,16.907,0.96095,0.0,Hit+Run
5423344.578,E3,P406,0.5185350806426906,0.0024355585714285716,6269.793,1050.009,3.3702,25.402,0.602413144784857,0.0,Merge
5609714.017,E5,P342,0.07593555857142857,0.0024355585714285716,3304.777,1050.009,5.1926,19.680,0.47665490943462474,0.0,Merge
5648873.345,P30,P135,0.0024355585714285716,0.0024355585714285716,1050.009,1050.009,11.960,16.274,0.55605,0.0,Graze+Frag
5800000.036,M1,P49,0.12811777656343656,0.0024355585714285716,3934.265,1050.009,4.9084,22.443,0.548272436463675,0.0,Merge
5868609.27,E1,P511,0.3869542555977356,0.0024355585714285716,5686.962,1050.009,1.4096,9.5744,0.6710930360387338,0.0,Merge
6068082.471,E3,P98,0.5209706392141191,0.0024355585714285716,6279.594,1050.009,1.7626,13.307,0.722577882993082,0.0,Merge
6069012.955,E15,P564,0.11428,0.0024355585714285716,3787.191,1050.009,2.8033,12.302,0.8952025003851473,0.0,Hit+Run
6136291.714,P30,P184,0.004871128871128871,0.0024355585714285716,1322.930,1050.009,10.127,15.876,0.9038858785452818,0.0,Hit+Run
6187661.751,E14,P50,0.047415558571428575,0.0024355585714285716,2824.668,1050.009,1.0267,3.2901,0.6664583956654687,0.0,Merge
6221680.485,M1,P8,0.13055333513486514,0.004871117142857143,3959.039,1322.929,2.4196,10.945,0.8858796370894754,0.0,Hit+Run
6227644.293,M1,P8,0.13055333513486514,0.004871117142857143,3959.039,1322.929,1.0468,4.7355,0.9797218661812788,0.0,Hit+Run
6234907.028,M1,P8,0.13055333513486514,0.004871117142857143,3959.039,1322.929,1.0099,4.5686,0.9626323867620047,0.0,Graze+Merge
6315327.859,M2,P449,0.04887711114885115,0.0024355585714285716,2853.398,1050.009,3.3349,10.802,0.6946709723715232,0.0,Merge
6351577.174,E0,M2,0.5424748167965364,0.051312669720279716,6364.833,2900.027,1.4063,10.058,0.4108178844179941,0.013652347652347654,Fragment
6375311.518,E1,P653,0.3893898141691642,0.0024355585714285716,5698.869,1050.009,2.3902,16.271,0.10943646318011604,0.0,Merge
6422050.544,E0,FRAG0018,0.5801351388644684,0.006826173826173827,6508.839,1480.424,1.3522,10.354,0.2499494245404033,0.0,Merge
6650890.786,M1,FRAG0005,0.1354244522777223,0.006052614052614053,4007.678,1422.246,5.0066,22.832,0.9910100108583608,0.0,Hit+Run
6660849.016,M1,FRAG0005,0.1354244522777223,0.006052614052614053,4007.678,1422.246,1.046,4.7701,0.3272613680007427,0.0,Merge
6667852.012,M1,P356,0.14147706633033635,0.0024355585714285716,4066.516,1050.009,3.0003,14.216,0.9197997238205529,0.0,Hit+Run
6718731.624,M1,P356,0.14147706633033635,0.0024355585714285716,4066.516,1050.009,1.0567,5.0069,0.39301906457207586,0.0,Merge
7068683.618,M1,P770,0.14391262490176493,0.0024355585714285716,4089.719,1050.009,5.0397,24.026,0.9911328316715812,0.0,Hit+Run
7109236.883,M1,P770,0.14391262490176493,0.0024355585714285716,4089.719,1050.009,1.0059,4.7955,0.4733661862246496,0.0,Merge
7239896.9,E0,P34,0.5869613126906422,0.0024355585714285716,6534.269,1050.009,2.0899,16.459,0.598952635324052,0.0,Merge
7393473.228,E6,P784,0.08018000000000002,0.0024355585714285716,3365.238,1050.009,3.8203,14.764,0.34184022290200466,0.0,Merge
8037459.627,M1,P178,0.1463481834731935,0.0024355585714285716,4112.661,1050.009,6.7892,32.562,0.8095201728673158,0.0,Hit+Run
8118165.427,M1,P178,0.1463481834731935,0.0024355585714285716,4112.661,1050.009,1.0951,5.2523,0.5308642424707531,0.0,Merge
8202378.556,E0,P154,0.5893968712620707,0.0024355585714285716,6543.294,1050.009,3.2015,25.251,0.9980429220993613,0.0,Hit+Run
8370309.512,E0,P154,0.5893968712620707,0.0024355585714285716,6543.294,1050.009,1.0461,8.2511,0.62052383716435,0.0,Merge
8810285.997,E19,P52,0.041620000000000004,0.0024355585714285716,2704.547,1050.009,3.4172,10.458,0.9975229699949871,0.0,Hit+Run
9022174.187,E1,P161,0.39182537274059276,0.0024355585714285716,5710.726,1050.009,2.2814,15.565,0.8499270960466612,0.0,Hit+Run
9023593.899,P39,P584,0.0024355585714285716,0.0024355585714285716,1050.009,1050.009,14.966,20.364,0.993,0.0,Hit+Run
9112204.011,E1,P724,0.39182537274059276,0.0024355585714285716,5710.726,1050.009,3.1606,21.563,0.7160437282038907,0.0,Merge
9228702.67,E3,P759,0.5234061977855476,0.0024355585714285716,6289.365,1050.009,1.8105,13.691,0.9720210328791616,0.0,Hit+Run
9321501.353,E3,P650,0.5234061977855476,0.0024355585714285716,6289.365,1050.009,1.7555,13.275,0.2607652299260591,0.0,Merge
9499230.369,E3,P357,0.5258417563569762,0.0024355585714285716,6299.105,1050.009,1.6337,12.374,0.15411095221341312,0.0,Merge
9623824.561,M1,P777,0.14878374204462208,0.0024355585714285716,4135.350,1050.009,5.4543,26.315,0.9632264743037325,0.0,Hit+Run
9672121.815,E15,E14,0.11428,0.04985111714285714,3787.191,2872.227,1.7265,7.6577,0.4126465379689173,0.027808857808857806,Fragment
9886445.355,E0,P641,0.5918324298334993,0.0024355585714285716,6552.294,1050.009,1.3867,10.953,0.7642313844207871,0.0,Merge
9982509.999,E0,P184,0.5942679884049278,0.0024355585714285716,6561.270,1050.009,1.776,14.049,0.9304919920725794,0.0,Hit+Run
10063115.734,M1,P279,0.14878374204462208,0.0024355585714285716,4135.350,1050.009,2.315,11.169,0.45880459568383614,0.0,Merge
10106567.596,M1,P777,0.15121930061605066,0.0024355585714285716,4157.793,1050.009,2.0996,10.189,0.4448559957331533,0.0,Merge
10340058.333,M1,FRAG0014,0.15365485918747923,0.006890442890442891,4179.996,1485.056,5.772,27.452,0.9622388010124728,0.0,Hit+Run
10340306.631,M1,FRAG0014,0.15365485918747923,0.006890442890442891,4179.996,1485.056,1.045,4.9701,0.8099451973555643,0.0,Graze+Merge
11211975.892,E3,P572,0.5282773149284047,0.0024355585714285716,6308.815,1050.009,2.4549,18.625,0.9667059669533452,0.0,Hit+Run
11351327.438,E3,FRAG0013,0.5282773149284047,0.007316683316683317,6308.815,1515.067,1.504,11.117,0.4469617605424067,0.0,Merge
11457313.074,E1,P460,0.39426093131202133,0.0024355585714285716,5722.534,1050.009,1.081,7.3915,0.7418755857189377,0.0,Merge
11464616.429,E3,P459,0.535593998245088,0.0024355585714285716,6337.808,1050.009,1.8151,13.838,0.9756587386143523,0.0,Hit+Run
11672766.355,E15,P13,0.13632225933399936,0.0024355585714285716,4016.515,1050.009,3.3856,15.829,0.7959264519987508,0.0,Hit+Run
12124800.161,M1,P108,0.16054530207792211,0.0024355585714285716,4241.567,1050.009,4.8394,23.995,0.7496278822865731,0.0,Merge
12413728.498,E1,P464,0.3966964898834499,0.0024355585714285716,5734.294,1050.009,1.597,10.943,0.7552971168692098,0.0,Merge
12613396.455,E8,P720,0.11363999999999999,0.0024355585714285716,3780.108,1050.009,2.5422,11.134,0.2959838504772209,0.0,Merge
12762862.129,M1,P772,0.1629808606493507,0.0024355585714285716,4262.908,1050.009,5.617,28.001,0.3465421623396678,0.0,Merge
12882433.343,P0,P551,0.0024355585714285716,0.0024355585714285716,1050.009,1050.009,10.355,14.090,0.6767500000000001,0.0,Graze+Frag
12914600.639,E1,P715,0.3991320484548785,0.0024355585714285716,5746.005,1050.009,2.0116,13.815,0.8065188766984003,0.0,Merge
13041050.005,E1,P572,0.40156760702630706,0.0024355585714285716,5757.669,1050.009,1.1182,7.6960,0.4973920283290386,0.0,Merge
13267585.571,E8,P775,0.11607555857142857,0.0024355585714285716,3806.923,1050.009,2.1694,9.5740,0.9521750120940043,0.0,Hit+Run
13316379.283,E1,P103,0.40400316559773564,0.0024355585714285716,5769.286,1050.009,1.9097,13.171,0.45532996828140704,0.0,Merge
13355213.8,E0,P651,0.5942679884049278,0.0024355585714285716,6561.270,1050.009,1.6802,13.291,0.45722897220242364,0.0,Merge
13564159.909,E13,P535,0.02222,0.0024355585714285716,2194.026,1050.009,2.9614,7.2940,0.9212237982109256,0.0,Hit+Run
13803564.498,E0,P673,0.5967035469763563,0.0024355585714285716,6570.222,1050.009,1.2385,9.8114,0.3316912740645803,0.0,Merge
13817856.374,M1,P557,0.16541641922077926,0.0024355585714285716,4284.038,1050.009,8.7471,43.838,0.7074141249151826,0.0,Merge
13861684.468,M1,P443,0.16785197779220784,0.0024355585714285716,4304.962,1050.009,7.6027,38.303,0.9765200485206242,0.0,Hit+Run
13881099.785,E0,P450,0.5991391055477848,0.0024355585714285716,6579.149,1050.009,2.4035,19.068,0.26431605594130236,0.0,Merge
13887996.474,M1,P443,0.16785197779220784,0.0024355585714285716,4304.962,1050.009,1.0158,5.1177,0.8338244787400935,0.0,Graze+Merge
14108001.029,E1,P470,0.4064387241691642,0.0024355585714285716,5780.856,1050.009,2.1352,14.758,0.36677971646789786,0.0,Merge
14129146.837,E1,P39,0.4088742827405928,0.0024355585714285716,5792.380,1050.009,1.3904,9.6311,0.6659757122221187,0.0,Merge
14602868.914,E0,P327,0.6015746641192133,0.0024355585714285716,6588.052,1050.009,3.1455,24.990,0.639910475560069,0.0,Merge
14739951.371,P51,P725,0.0024355585714285716,0.0024355585714285716,1050.009,1050.009,22.908,31.171,0.63405,0.0,Graze+Frag
14772822.433,E1,P161,0.41130984131202136,0.0024355585714285716,5803.859,1050.009,2.4824,17.231,0.5879335352358641,0.0,Merge
15117859.742,E6,P514,0.08261555857142859,0.0024355585714285716,3398.973,1050.009,2.2057,8.6161,0.5979740477160504,0.0,Merge
15497646.298,E3,P402,0.535593998245088,0.0024355585714285716,6337.808,1050.009,2.6092,19.893,0.9504372782122933,0.0,Hit+Run
15499995.42,E0,P836,0.6040102226906419,0.0024355585714285716,6596.931,1050.009,2.6858,21.368,0.41969815070721905,0.0,Merge
15542264.876,E6,P444,0.08505111714285717,0.0024355585714285716,3432.052,1050.009,2.0777,8.2011,0.8253044602845391,0.0,Hit+Run
15576687.508,E3,P131,0.535593998245088,0.0024355585714285716,6337.808,1050.009,2.4396,18.600,0.8440610506661929,0.0,Merge
15923515.06,M1,P702,0.17028753636363642,0.0024355585714285716,4325.684,1050.009,7.7244,39.118,0.5739743554291861,0.0,Merge
16113983.659,E1,P107,0.41374539988344994,0.0024355585714285716,5815.292,1050.009,2.2168,15.420,0.44648298508201195,0.0,Merge
16451266.214,E10,FRAG0016,0.14245555857142858,0.006890442890442891,4075.869,1485.056,1.6646,7.7070,0.43317229237479943,0.0,Merge
16592389.791,E3,P623,0.5380295568165165,0.0024355585714285716,6347.400,1050.009,1.3545,10.343,0.6373648146025415,0.0,Merge
16703361.073,M1,P418,0.172723094935065,0.0024355585714285716,4346.209,1050.009,5.8733,29.895,0.674698238228866,0.0,Merge
16865445.285,P14,P118,0.0024355585714285716,0.0024355585714285716,1050.009,1050.009,14.802,20.140,0.8264,0.0,Graze+Frag
17081824.459,M1,P747,0.17515865350649357,0.0024355585714285716,4366.542,1050.009,3.4396,17.596,0.695463831523918,0.0,Merge
17136701.185,E1,P402,0.4161809584548785,0.0024355585714285716,5826.681,1050.009,2.3417,16.323,0.7001313026115678,0.0,Merge
17512479.048,P14,P696,0.004871128871128871,0.0024355585714285716,1322.930,1050.009,13.576,21.283,0.3143223699030591,0.0,Fragment
17819858.18,E3,P358,0.5404651153879451,0.0024355585714285716,6356.963,1050.009,1.8701,14.304,0.7516469148288875,0.0,Merge
18145400.889,E1,P190,0.4186165170263071,0.0024355585714285716,5838.025,1050.009,2.1675,15.140,0.6935586113418664,0.0,Merge
18467503.066,E13,P815,0.02222,0.0024355585714285716,2194.026,1050.009,7.2632,17.889,0.4893219425927646,0.01633100233100233,Fragment
18554656.102,E16,E19,0.04256,0.041620000000000004,2724.756,2704.547,2.4929,8.7698,0.9034002742534953,0.0,Hit+Run
18946215.085,E6,E13,0.08505111714285717,0.008324556240426242,3432.052,1581.663,1.3511,5.2093,0.7328605985446842,0.0,Hit+Run
18998038.118,E3,P52,0.5429006739593736,0.0024355585714285716,6366.498,1050.009,1.5918,12.194,0.9483853061250203,0.0,Hit+Run
19025222.676,M1,P111,0.17759421207792214,0.0024355585714285716,4386.688,1050.009,11.325,58.227,0.42949491117545824,0.008903762903762904,Fragment
19027677.91,M1,FRAG0026,0.1711260077455878,0.008903762903762904,4332.772,1617.527,1.0694,5.2553,0.6975047640850202,0.0,Merge
19133923.691,E1,P853,0.42105207559773566,0.0024355585714285716,5849.325,1050.009,2.6335,18.433,0.9918529168120513,0.0,Hit+Run
19181032.412,E1,P820,0.42105207559773566,0.0024355585714285716,5849.325,1050.009,4.9739,34.815,0.7952457782457512,0.0,Merge
19382075.569,E3,P853,0.5429006739593736,0.0024355585714285716,6366.498,1050.009,1.1385,8.7221,0.8512977082586736,0.0,Merge
20676326.412,E1,P52,0.42348763416916424,0.0024355585714285716,5860.582,1050.009,1.0755,7.5435,0.8838459450770758,0.0,Hit+Run
20788373.917,E0,P184,0.6064457812620704,0.0024355585714285716,6605.786,1050.009,3.4026,27.110,0.8858857567790938,0.0,Hit+Run
21002437.1,E0,P226,0.6064457812620704,0.0024355585714285716,6605.786,1050.009,3.4072,27.147,0.6904507476133543,0.0,Merge
21474733.805,E0,P759,0.6088813398334989,0.0024355585714285716,6614.617,1050.009,2.2026,17.574,0.9168573122445048,0.0,Hit+Run
21507644.054,E0,P759,0.6088813398334989,0.0024355585714285716,6614.617,1050.009,1.0037,8.0084,0.6356900378381987,0.0,Merge
21560563.229,E11,P553,0.020565714285714288,0.0024355585714285716,2138.167,1050.009,3.0054,7.2121,0.711900452209137,0.0,Hit+Run
21838145.873,E10,P139,0.14934600146187146,0.0024355585714285716,4140.553,1050.009,3.241,15.658,0.8123059685277928,0.0,Hit+Run
22189376.727,E3,P584,0.5453362325308021,0.0024355585714285716,6376.004,1050.009,1.801,13.819,0.9041957177795431,0.0,Hit+Run
22410786.703,E0,P513,0.6113168984049274,0.0024355585714285716,6623.425,1050.009,3.5148,28.084,0.7189284633102224,0.0,Merge
22883664.503,E0,P762,0.6137524569763559,0.0024355585714285716,6632.209,1050.009,2.4894,19.918,0.9173632709157181,0.0,Hit+Run
22976317.39,E3,P444,0.5453362325308021,0.0024355585714285716,6376.004,1050.009,1.1291,8.6638,0.1451040511867276,0.0,Merge
23266124.266,E0,P762,0.6137524569763559,0.0024355585714285716,6632.209,1050.009,1.1287,9.0312,0.5131570941391896,0.0,Merge
23567602.714,E3,P366,0.5477717911022306,0.0024355585714285716,6385.482,1050.009,2.3663,18.185,0.5631047279443075,0.0,Merge
25187623.992,E3,P0,0.5502073496736591,0.004871128871128871,6394.932,1322.930,2.9553,22.391,0.7742330872530456,0.0,Merge
25987406.901,E3,E5,0.555078478544788,0.07837111714285715,6413.749,3339.739,1.2246,8.8171,0.6430525407689756,0.008691974691974693,Fragment
26115506.708,E1,P686,0.42348763416916424,0.0024355585714285716,5860.582,1050.009,3.2373,22.706,0.5571740413698318,0.0,Merge
27594799.318,E0,P615,0.6161880155477845,0.0024355585714285716,6640.971,1050.009,4.1707,33.418,0.22407180759605733,0.0,Merge
27763524.743,E15,P608,0.13632225933399936,0.0024355585714285716,4016.515,1050.009,3.4584,16.169,0.6436381338424161,0.0,Merge
27792266.501,E1,FRAG0027,0.4259231927405928,0.008691974691974693,5871.795,1604.599,1.4748,10.046,0.707311351537896,0.0,Merge
28823145.612,E3,P168,0.6247576209956704,0.0024355585714285716,6671.616,1050.009,2.3063,18.570,0.8033630046066929,0.0,Merge
29731300.289,E3,P809,0.627193179567099,0.0024355585714285716,6680.274,1050.009,2.7333,22.038,0.4734783626313673,0.0,Merge
29855791.813,E3,E16,0.6296287381385275,0.04256,6688.910,2724.756,1.3137,9.9179,0.4039494387166526,0.007913752913752915,Fragment
29856961.737,P80,P363,0.0024355585714285716,0.0024355585714285716,1050.009,1050.009,8.8109,11.988,0.6406,0.0,Graze+Frag
29859020.965,P80,P278,0.004871128871128871,0.0024355585714285716,1322.930,1050.009,7.1012,11.132,0.9586330525865737,0.0,Hit+Run
29861954.1,P80,P532,0.004871128871128871,0.0024355585714285716,1322.930,1050.009,4.8074,7.5367,0.28951331445664885,0.007035790875790876,Fragment
29864881.802,P80,P499,0.0073066933066933066,0.0024355585714285716,1514.377,1050.009,16.460,28.664,0.5411132963729852,0.00971069597069597,Fragment
29868793.068,P80,P164,0.009742257742257742,0.0024355585714285716,1666.788,1050.009,7.8498,14.848,0.6489729732240692,0.011046766566766567,Graze+Frag
29869185.737,P80,FRAG0029,0.005527799663669664,0.00665001665001665,1379.890,1467.578,1.0574,1.9536,0.2580507837302888,0.0,Merge
29876845.239,P80,P248,0.012177816313686314,0.0024355585714285716,1795.492,1050.009,2.6013,5.2667,0.8339205922930388,0.0,Hit+Run
29876848.532,P80,P248,0.012177816313686314,0.0024355585714285716,1795.492,1050.009,1.0522,2.1303,0.8086177656049706,0.0,Graze+Merge
29883075.426,P80,P510,0.014613374885114886,0.0024355585714285716,1907.995,1050.009,7.8536,16.845,0.8278286054570345,0.0,Hit+Run
29883362.095,P80,P510,0.014613374885114886,0.0024355585714285716,1907.995,1050.009,1.0293,2.2077,0.5012510591403004,0.0,Merge
29895105.734,P80,P661,0.017048933456543458,0.0024355585714285716,2008.597,1050.009,8.0096,18.061,0.6234741011383986,0.012894438894438896,Fragment
29895611.986,P80,FRAG0030,0.006590053133533134,0.006447219447219448,1463.154,1452.506,1.2005,2.2680,0.7903258158816923,0.0,Hit+Run
29896698.276,P80,FRAG0031,0.006590053133533134,0.006447219447219448,1463.154,1452.506,1.1987,2.2646,0.6900107923279745,0.0,Hit+Run
29898517.968,P80,FRAG0030,0.006590053133533134,0.006447219447219448,1463.154,1452.506,1.3047,2.4648,0.3634224114937593,0.0,Merge
29899229.545,P80,FRAG0031,0.013037272580752582,0.006447219447219448,1836.775,1452.506,1.0788,2.3458,0.2940599440579797,0.0,Merge
29917480.458,P80,P852,0.01948449202797203,0.0024355585714285716,2100.020,1050.009,7.8721,18.552,0.4608000616375149,0.016392274392274392,Fragment
29922605.543,P80,P796,0.00552777620712621,0.0024355585714285716,1379.888,1050.009,8.1748,13.221,0.36951893451446477,0.007883756243756243,Fragment
29924382.041,P80,P486,0.007963369963369965,0.0024355585714285716,1558.449,1050.009,6.831,12.185,0.4631508399930215,0.010041258741258741,Fragment
29925212.65,P80,P448,0.0103989343989344,0.0024355585714285716,1703.426,1050.009,2.3168,4.4688,0.5817829658496093,0.0,Merge
29931583.255,P80,P822,0.012834492970362972,0.0024355585714285716,1827.202,1050.009,3.8212,7.8648,0.8339608537344606,0.0,Hit+Run
29931594.934,P80,P822,0.012834492970362972,0.0024355585714285716,1827.202,1050.009,1.0476,2.1561,0.47350077105118327,0.0,Merge
29948343.121,P80,FRAG0032,0.015270051541791544,0.008196137196137196,1936.157,1573.488,3.8529,8.9009,0.7653834242669428,0.0,Hit+Run
29951350.757,P80,FRAG0032,0.015270051541791544,0.008196137196137196,1936.157,1573.488,1.6231,3.7496,0.6350244051273447,0.0,Hit+Run
29951417.773,P80,FRAG0032,0.015270051541791544,0.008196137196137196,1936.157,1573.488,1.0361,2.3935,0.7629009207285249,0.0,Graze+Merge
29956765.547,P80,P526,0.023466188737928738,0.0024355585714285716,2234.299,1050.009,4.6019,11.546,0.19014247253897543,0.0074751914751914755,Fragment
29958228.686,P80,FRAG0034,0.018426555834165834,0.0074751914751914755,2061.303,1525.930,1.7585,4.2216,0.44107987208333244,0.0,Merge
29960082.827,P80,P851,0.02590174730935731,0.0024355585714285716,2309.068,1050.009,7.9243,20.563,0.14793092262210877,0.02077622377622378,Fragment
29961807.283,P80,P281,0.007561082104562102,0.0024355585714285716,1531.752,1050.009,11.251,19.781,0.9474956185751815,0.0,Hit+Run
29977014.148,P80,FRAG0033,0.007561082104562102,0.008196137196137196,1531.752,1573.488,4.5092,9.0750,0.5381681347419442,0.014465161505161505,Graze+Frag
29977707.666,P80,FRAG0035,0.00552811507159507,0.006925407925407926,1379.916,1487.563,1.7116,3.1868,0.42608073564231713,0.0,Merge
29979218.572,P80,P756,0.012453522997002996,0.0024355585714285716,1808.941,1050.009,9.7439,19.866,0.9020818220817082,0.0,Hit+Run
29980538.733,P80,P756,0.012453522997002996,0.0024355585714285716,1808.941,1050.009,2.373,4.8382,0.6465858273025865,0.0,Hit+Run
29990520.155,P80,FRAG0037,0.012453522997002996,0.006925407925407926,1808.941,1487.563,2.5632,5.5523,0.798643810513773,0.0,Hit+Run
29990892.06,P80,FRAG0037,0.012453522997002996,0.006925407925407926,1808.941,1487.563,1.0939,2.3695,0.9898815238324824,0.0,Hit+Run
29996507.474,P80,P320,0.012453522997002996,0.0024355585714285716,1808.941,1050.009,5.7629,11.749,0.2479032460486871,0.01380956376956377,Fragment
29998567.933,P80,FRAG0039,0.005528109207459206,0.009360972360972362,1379.916,1644.753,1.586,3.1438,0.9933287933507201,0.0,Hit+Run
30008728.52,P80,FRAG0039,0.005528109207459206,0.009360972360972362,1379.916,1644.753,5.5134,10.928,0.3276119076402665,0.014497222777222776,Fragment
30008735.417,P80,FRAG0040,0.005528109207459206,0.009360972360972362,1379.916,1644.753,1.0407,2.0628,0.8818741365668223,0.0,Graze+Merge
30016789.908,P80,P239,0.014889081568431568,0.0024355585714285716,1919.920,1050.009,14.265,30.783,0.6773534413764629,0.011796869796869797,Graze+Frag
30018657.379,P80,FRAG0038,0.005527770342990342,0.010229104229104228,1379.888,1694.102,4.9109,9.9334,0.6576259279476984,0.010425994005994007,Graze+Frag
30018662.77,P80,FRAG0043,0.005527770342990342,0.010229104229104228,1379.888,1694.102,1.0387,2.1010,0.7998347292950231,0.0,Graze+Merge
30027404.633,P80,P520,0.01575687457209457,0.0024355585714285716,1956.518,1050.009,6.5139,14.315,0.8567211507548836,0.0,Hit+Run
30037001.41,P80,P314,0.01575687457209457,0.0024355585714285716,1956.518,1050.009,15.313,33.655,0.62453117233533,0.017824961704961707,Fragment
30037368.891,P80,FRAG0045,0.005527764478854478,0.006332334332334332,1379.887,1443.826,1.2593,2.3057,0.7620935706453343,0.0,Hit+Run
30038721.277,P80,P756,0.005527764478854478,0.0024355585714285716,1379.887,1050.009,5.8064,9.3911,0.4364149598717915,0.007686966366966367,Fragment
30039040.305,P80,FRAG0041,0.007963369963369965,0.005898434898434899,1558.449,1410.066,3.5985,6.9473,0.6295190129065308,0.005831282051282051,Hit+Run
30039191.64,P80,FRAG0041,0.007963369963369965,0.005898434898434899,1558.449,1410.066,1.0106,1.9510,0.8679182988383594,0.0,Graze+Merge
30041718.345,P80,FRAG0044,0.013861804861804864,0.006332334332334332,1874.708,1443.826,3.2254,7.1085,0.22997912035184054,0.014666000666000666,Fragment
30043838.197,P80,FRAG0045,0.005528138528138531,0.006332334332334332,1379.918,1443.826,1.9438,3.5591,0.3187684317309382,0.0,Merge
30049859.303,P80,P773,0.011860472860472863,0.0024355585714285716,1779.758,1050.009,6.5094,13.071,0.9639785885815064,0.0,Hit+Run
30056133.868,P80,FRAG0047,0.011860472860472863,0.007333000333000333,1779.758,1516.192,2.0318,4.3805,0.8779048825919076,0.0,Hit+Run
30059603.426,P80,FRAG0037,0.011860472860472863,0.006925407925407926,1779.758,1487.563,3.4258,7.3390,0.22257044528830794,0.017224642024642026,Fragment
30064231.947,P80,P281,0.00552780552780553,0.0024355585714285716,1379.890,1050.009,11.090,17.937,0.9046888955593536,0.0,Hit+Run
30065366.153,E0,P671,0.618623574119213,0.0024355585714285716,6649.709,1050.009,1.6887,13.549,0.7633626567941909,0.0,Merge
30072592.896,P80,P237,0.00552780552780553,0.0024355585714285716,1379.890,1050.009,8.1474,13.177,0.8588042287078089,0.0,Hit+Run
30075260.639,P80,FRAG0046,0.00552780552780553,0.007333000333000333,1379.890,1516.192,1.843,3.4698,0.5101541918761859,0.0,Hit+Run
30085041.29,P80,FRAG0036,0.00552780552780553,0.006925407925407926,1379.890,1487.563,3.7854,7.0479,0.8997944942154018,0.0,Hit+Run
30085041.319,P80,FRAG0036,0.00552780552780553,0.006925407925407926,1379.890,1487.563,1.0515,1.9577,0.6268917999863107,0.0,Graze+Merge
30086018.397,P80,FRAG0046,0.012453213453213458,0.007333000333000333,1808.926,1516.192,2.1813,4.7539,0.5821542763466582,0.0,Hit+Run
30086445.448,P80,FRAG0046,0.012453213453213458,0.007333000333000333,1808.926,1516.192,1.0356,2.2569,0.13546062499796083,0.0,Merge
30086681.169,P80,FRAG0048,0.019786213786213792,0.006629037629037629,2110.804,1466.033,2.8194,6.8452,0.9564259562914017,0.0,Hit+Run
30093538.383,P80,FRAG0049,0.019786213786213792,0.006629037629037629,2110.804,1466.033,1.7053,4.1403,0.7898318627138965,0.0,Hit+Run
30096612.768,P80,FRAG0042,0.019786213786213792,0.005898434898434899,2110.804,1410.066,4.6067,11.116,0.8184539807283648,0.0,Hit+Run
30098441.786,P80,FRAG0047,0.019786213786213792,0.007333000333000333,2110.804,1516.192,2.048,5.0032,0.5446077967710783,0.0,Merge
30101924.849,P80,P332,0.027119214119214127,0.0024355585714285716,2344.694,1050.009,1.8798,4.9554,0.8221304344651739,0.0,Hit+Run
30102211.011,P80,P332,0.027119214119214127,0.0024355585714285716,2344.694,1050.009,1.0387,2.7381,0.888298707691893,0.0,Hit+Run
30105964.881,P80,P281,0.027119214119214127,0.0024355585714285716,2344.694,1050.009,3.0055,7.9229,0.7078209436611865,0.0,Hit+Run
30106455.603,P80,P281,0.027119214119214127,0.0024355585714285716,2344.694,1050.009,1.1205,2.9538,0.8755899788049241,0.0,Hit+Run
30116143.891,P80,P773,0.027119214119214127,0.0024355585714285716,2344.694,1050.009,4.6007,12.128,0.7855237697364046,0.0,Hit+Run
30116651.565,P80,P773,0.027119214119214127,0.0024355585714285716,2344.694,1050.009,1.0625,2.8009,0.7747489778539743,0.0,Graze+Merge
30119530.48,P80,P281,0.0295547726906427,0.0024355585714285716,2412.883,1050.009,2.3108,6.2749,0.8075709418463527,0.0,Hit+Run
30122634.681,P80,P281,0.0295547726906427,0.0024355585714285716,2412.883,1050.009,1.3769,3.7389,0.7510618793927384,0.0,Hit+Run
30122790.571,P80,P281,0.0295547726906427,0.0024355585714285716,2412.883,1050.009,1.0713,2.9090,0.3134127779486536,0.0,Merge
30127772.822,P80,FRAG0042,0.03199033126207127,0.005898434898434899,2477.422,1410.066,3.031,8.4540,0.7241423905320857,0.0,Hit+Run
30128862.49,P80,FRAG0042,0.03199033126207127,0.005898434898434899,2477.422,1410.066,1.1563,3.2251,0.7492512615933936,0.0,Hit+Run
30130470.209,P80,FRAG0049,0.03199033126207127,0.006629037629037629,2477.422,1466.033,1.8778,5.2501,0.7756833858350803,0.0,Hit+Run
30131796.234,P80,P699,0.03199033126207127,0.0024355585714285716,2477.422,1050.009,8.8842,24.796,0.31836631283063466,0.022574758574758578,Fragment
30132833.692,P80,FRAG0049,0.011851131258741262,0.006629037629037629,1779.291,1466.033,2.0357,4.3400,0.8561125259907277,0.0,Hit+Run
30132934.736,P80,FRAG0049,0.011851131258741262,0.006629037629037629,1779.291,1466.033,1.0454,2.2287,0.7287510531840379,0.0,Graze+Merge
30134968.738,P80,P520,0.01848016888777889,0.0024355585714285716,2063.300,1050.009,4.5526,10.542,0.8101938436076568,0.0,Hit+Run
30135375.883,P80,FRAG0052,0.01848016888777889,0.0056436896436896445,2063.300,1389.466,1.3143,3.1037,0.5842527607353363,0.0,Merge
30137330.498,P80,P415,0.024123858531468534,0.0024355585714285716,2254.980,1050.009,5.045,12.777,0.4000299270319988,0.008716949716949716,Fragment
30137348.004,P80,FRAG0054,0.01784246738594739,0.008716949716949716,2039.289,1606.134,1.0732,2.5880,0.8404026665568951,0.0,Hit+Run
30138370.347,P80,FRAG0051,0.01784246738594739,0.0056436896436896445,2039.289,1389.466,1.1945,2.7930,0.8846469733254338,0.0,Hit+Run
30138392.043,P80,FRAG0051,0.01784246738594739,0.0056436896436896445,2039.289,1389.466,1.0281,2.4039,0.8577043164129406,0.0,Graze+Merge
30140701.53,P80,P278,0.023486157029637033,0.0024355585714285716,2234.932,1050.009,2.0914,5.2488,0.9241285512307031,0.0,Hit+Run
30140818.827,P80,P278,0.023486157029637033,0.0024355585714285716,2234.932,1050.009,1.1183,2.8066,0.8743944740055214,0.0,Hit+Run
30142717.265,P80,P237,0.023486157029637033,0.0024355585714285716,2234.932,1050.009,1.4412,3.6170,0.6679742410353415,0.0,Merge
30147077.303,P80,P278,0.025921715601065605,0.0024355585714285716,2309.662,1050.009,1.1867,3.0802,0.6881540110659745,0.0,Hit+Run
30147813.24,P80,FRAG0050,0.025921715601065605,0.0056436896436896445,2309.662,1389.466,2.1625,5.6437,0.27535156358485324,0.005641678321678322,Fragment
30148016.291,P80,FRAG0055,0.025924046603396606,0.0056413586413586415,2309.731,1389.275,0.9952,2.5973,0.8912960908633437,0.0,Perfect
30153632.359,P80,P520,0.03156540524475525,0.0024355585714285716,2466.404,1050.009,1.652,4.5894,0.9517965097555412,0.0,Hit+Run
30153905.357,P80,P520,0.03156540524475525,0.0024355585714285716,2466.404,1050.009,1.0894,3.0264,0.0974241232166873,0.0,Merge
30154441.102,P80,FRAG0053,0.03400096381618382,0.0056436896436896445,2528.274,1389.466,2.2679,6.4454,0.6397898983384973,0.0,Merge
30188190.349,P80,P332,0.03964465345987346,0.0024355585714285716,2661.064,1050.009,1.4454,4.3484,0.9207055608664435,0.0,Hit+Run
30188192.418,P80,P332,0.03964465345987346,0.0024355585714285716,2661.064,1050.009,1.0509,3.1616,0.2498955513722395,0.0,Merge
30259245.814,P80,P562,0.04208021203130203,0.0024355585714285716,2714.479,1050.009,1.2668,3.8919,0.5927958020005528,0.0,Merge
30261578.572,P80,FRAG0048,0.0445157706027306,0.006629037629037629,2765.870,1466.033,1.8231,5.6624,0.9883373747315742,0.0,Hit+Run
30262230.449,P80,FRAG0048,0.0445157706027306,0.006629037629037629,2765.870,1466.033,1.0219,3.1739,0.07372335396754502,0.0,Merge
30265678.985,P80,P278,0.05114480823176823,0.0024355585714285716,2896.861,1050.009,2.279,7.5020,0.08624076873070045,0.0,Merge
30410497.737,P80,P207,0.0535803668031968,0.0024355585714285716,2942.133,1050.009,23.743,79.461,0.5803724902154759,0.05048751248751249,Fragment
30410677.738,P80,FRAG0057,0.00552841288711288,0.005609723609723611,1379.941,1386.673,1.2603,2.2592,0.8145629734449259,0.0,Hit+Run
30416132.314,P80,FRAG0061,0.00552841288711288,0.005609723609723611,1379.941,1386.673,1.4687,2.6328,0.5526518734780345,0.0,Hit+Run
30416441.65,P80,FRAG0059,0.00552841288711288,0.005609723609723611,1379.941,1386.673,1.3239,2.3732,0.9305300858850368,0.0,Hit+Run
30417843.564,P80,FRAG0060,0.00552841288711288,0.005609723609723611,1379.941,1386.673,1.3613,2.4402,0.9518780102396037,0.0,Hit+Run
30427022.161,P80,FRAG0060,0.00552841288711288,0.005609723609723611,1379.941,1386.673,2.8343,5.0808,0.8904777885562589,0.0,Hit+Run
30428808.793,P80,FRAG0063,0.00552841288711288,0.005609723609723611,1379.941,1386.673,2.4195,4.3372,0.03606203109427968,0.006833473193473194,Fragment
30428977.705,P80,FRAG0065,0.00552841288711288,0.005609723609723611,1379.941,1386.673,0.9921,1.7784,0.5309049225000179,0.0,Perfect
30431095.394,P80,FRAG0060,0.01113813649683649,0.005609723609723611,1742.868,1386.673,1.5918,3.2899,0.6261321815695741,0.0,Hit+Run
30431615.009,P80,FRAG0060,0.01113813649683649,0.005609723609723611,1742.868,1386.673,1.1442,2.3648,0.9129957293117136,0.0,Hit+Run
30431691.506,P80,FRAG0056,0.01113813649683649,0.005609723609723611,1742.868,1386.673,1.4479,2.9925,0.7413565419420233,0.0,Hit+Run
30433460.374,P80,FRAG0059,0.01113813649683649,0.005609723609723611,1742.868,1386.673,1.4086,2.9112,0.18723262424948037,0.0,Merge
30437851.225,P80,FRAG0058,0.0167478601065601,0.005609723609723611,1996.703,1386.673,1.5693,3.6041,0.10239120035832312,0.0,Merge
30438747.998,P80,FRAG0061,0.022357583716283713,0.005609723609723611,2198.545,1386.673,1.5859,3.9573,0.565270642256839,0.0,Merge
30452617.212,P80,FRAG0056,0.027967307326007322,0.005609723609723611,2368.885,1386.673,2.3625,6.3112,0.7391966485713455,0.0,Hit+Run
30452692.091,P80,FRAG0056,0.027967307326007322,0.005609723609723611,2368.885,1386.673,1.0908,2.9139,0.6254061584251978,0.0,Merge
30470735.446,P80,FRAG0062,0.03357703093573093,0.005609723609723611,2517.723,1386.673,2.0797,5.8864,0.32126078206614056,0.0,Merge
30470897.086,P80,FRAG0064,0.03918675454545454,0.005609723609723611,2650.779,1386.673,1.9663,5.8516,0.9665034276032426,0.0,Hit+Run
30472952.622,P80,FRAG0064,0.03918675454545454,0.005609723609723611,2650.779,1386.673,1.212,3.6068,0.8816118487776877,0.0,Hit+Run
30473861.929,P80,FRAG0064,0.03918675454545454,0.005609723609723611,2650.779,1386.673,1.0744,3.1973,0.5717214759574103,0.0,Merge
30573587.18,E0,P44,0.6210591326906415,0.0024355585714285716,6658.424,1050.009,3.3143,26.630,0.45089540250629234,0.0,Merge
30623818.008,P80,FRAG0057,0.04479647815517815,0.005609723609723611,2771.671,1386.673,1.4055,4.3718,0.6324058672179212,0.0,Merge
30858722.517,P80,P779,0.05040620176490176,0.0024355585714285716,2882.848,1050.009,7.486,24.515,0.3683405957483109,0.011384615384615385,Fragment
30858926.924,P80,FRAG0066,0.041457144951714944,0.005692307692307693,2701.014,1393.445,1.1456,3.4732,0.7554603043106802,0.0,Hit+Run
30858963.467,P80,FRAG0067,0.041457144951714944,0.005692307692307693,2701.014,1393.445,0.9942,3.0141,0.759682227073157,0.0,Perfect
30888547.416,P80,FRAG0066,0.047149452644022635,0.005692307692307693,2819.374,1393.445,4.3442,13.745,0.8066311971293222,0.0,Hit+Run
30889763.322,P80,FRAG0066,0.047149452644022635,0.005692307692307693,2819.374,1393.445,1.0863,3.4372,0.8518716094133529,0.0,Hit+Run
30889917.718,P80,FRAG0066,0.047149452644022635,0.005692307692307693,2819.374,1393.445,1.0582,3.3483,0.9343215915641307,0.0,Hit+Run
30891509.067,P80,FRAG0066,0.047149452644022635,0.005692307692307693,2819.374,1393.445,1.1192,3.5413,0.34325158965206126,0.0,Merge
31080420.232,E1,P748,0.4346151674325675,0.0024355585714285716,5911.469,1050.009,2.5247,17.872,0.6113164614499254,0.0,Merge
31312095.364,M1,P459,0.18002977064935072,0.0024355585714285716,4406.650,1050.009,4.7636,24.610,0.8262277417676162,0.0,Hit+Run
31315532.464,M1,P459,0.18002977064935072,0.0024355585714285716,4406.650,1050.009,1.0667,5.5109,0.756291936433753,0.0,Merge
31447799.048,P122,P398,0.0024355585714285716,0.0024355585714285716,1050.009,1050.009,1.6782,2.2835,0.10285,0.0,Merge
31642985.373,P80,P742,0.052841760336330326,0.0024355585714285716,2928.552,1050.009,6.3051,20.997,0.4458455122258694,0.007780219780219781,Fragment
31648507.656,P80,FRAG0068,0.04749709912753911,0.007780219780219781,2826.286,1546.409,1.1785,3.7435,0.24179907218528082,0.0,Merge
31980782.489,P113,P580,0.0024355585714285716,0.0024355585714285716,1050.009,1050.009,19.229,26.165,0.66165,0.0,Graze+Frag
32468416.983,E1,FRAG0028,0.4370507260039961,0.007913752913752915,5922.491,1555.206,1.229,8.4700,0.33383673033027544,0.0,Merge
32787572.29,E15,P84,0.13875781790542793,0.0024355585714285716,4040.294,1050.009,2.9396,13.831,0.8013432999970512,0.0,Hit+Run
32917138.254,E15,P84,0.13875781790542793,0.0024355585714285716,4040.294,1050.009,1.0188,4.7938,0.26065881509412797,0.0,Merge
33155867.064,P80,FRAG0060,0.055277318907758895,0.005609723609723611,2972.871,1386.673,2.2824,7.6206,0.783460625136378,0.0,Hit+Run
33156111.268,P80,FRAG0060,0.055277318907758895,0.005609723609723611,2972.871,1386.673,1.0408,3.4750,0.9746034689223706,0.0,Hit+Run
33156112.348,P80,FRAG0060,0.055277318907758895,0.005609723609723611,2972.871,1386.673,1.0479,3.4987,0.13222474994685673,0.0,Merge
33177105.172,P80,P613,0.060887042517482504,0.0024355585714285716,3070.215,1050.009,18.068,63.286,0.7067815626195803,0.027925407925407927,Fragment
33183191.215,P80,FRAG0071,0.03539719316350315,0.005585081585081585,2562.418,1384.640,1.2423,3.5763,0.1888513914194724,0.0,Merge
33183619.652,P80,FRAG0073,0.040982274748584735,0.005585081585081585,2690.662,1384.640,1.2199,3.6841,0.24593797534401188,0.0,Merge
33184557.534,P80,FRAG0070,0.04656735633366632,0.005585081585081585,2807.723,1384.640,1.1986,3.7769,0.38736792198031494,0.0,Merge
33186101.859,P80,FRAG0072,0.05215243791874791,0.005585081585081585,2915.761,1384.640,1.3734,4.4960,0.6949712328799693,0.0,Hit+Run
33195942.242,P80,FRAG0072,0.05215243791874791,0.005585081585081585,2915.761,1384.640,2.2088,7.2308,0.7090740637520703,0.0,Hit+Run
33196113.551,P80,FRAG0072,0.05215243791874791,0.005585081585081585,2915.761,1384.640,1.042,3.4111,0.8848170330813269,0.0,Hit+Run
33196583.167,P80,FRAG0072,0.05215243791874791,0.005585081585081585,2915.761,1384.640,1.0699,3.5024,0.7985049960612097,0.0,Hit+Run
33199350.925,P80,FRAG0072,0.05215243791874791,0.005585081585081585,2915.761,1384.640,1.0144,3.3207,0.835321520885973,0.0,Graze+Merge
33251637.757,E3,P169,0.6642749852247746,0.0024355585714285716,6809.415,1050.009,2.54,20.900,0.17596608113407242,0.0,Merge
33347854.652,E0,P30,0.62349469126207,0.004871128871128871,6667.117,1322.930,3.2125,25.452,0.4045305514100911,0.0,Merge
33893684.528,E15,FRAG0010,0.1411933764768565,0.006664335664335664,4063.796,1468.631,3.1535,14.565,0.32679740391288065,0.0,Merge
34319781.953,P80,FRAG0069,0.05773751950382949,0.005585081585081585,3016.337,1384.640,1.8975,6.4304,0.3962860747512924,0.0,Merge
34517070.504,E8,P642,0.11607555857142857,0.0024355585714285716,3806.923,1050.009,3.7077,16.362,0.7846743534798384,0.0,Hit+Run
34737617.556,E6,P171,0.08505111714285717,0.0024355585714285716,3432.052,1050.009,5.1707,20.409,0.24020969492601585,0.0,Merge
35849437.381,E1,FRAG0023,0.444964478917749,0.005561771561771562,5958.024,1382.711,1.8868,13.206,0.761235825961912,0.0,Merge
36139549.641,E1,P566,0.45052625047952055,0.0024355585714285716,5982.745,1050.009,1.472,10.554,0.9072686022678366,0.0,Hit+Run
36345005.271,E19,P786,0.041620000000000004,0.0024355585714285716,2704.547,1050.009,6.5042,19.905,0.9644594920033854,0.0,Hit+Run
36522593.38,P80,P407,0.06332260108891108,0.0024355585714285716,3110.618,1050.009,12.691,45.076,0.9683328502361099,0.0,Hit+Run
36796496.831,E0,P848,0.6283658201331989,0.0024355585714285716,6684.435,1050.009,3.0735,24.798,0.3395608291642348,0.0,Merge
37446597.095,E15,P368,0.14785771214119217,0.0024355585714285716,4126.753,1050.009,1.3631,6.5618,0.7532446590798083,0.0,Merge
38002064.182,P80,P407,0.06332260108891108,0.0024355585714285716,3110.618,1050.009,1.6625,5.9049,0.6878213574870455,0.0,Merge
38829507.823,P80,FRAG0042,0.06575815966033965,0.005898434898434899,3149.998,1410.066,2.0346,7.2057,0.7463871385082778,0.0,Hit+Run
38829711.595,P80,FRAG0042,0.06575815966033965,0.005898434898434899,3149.998,1410.066,1.0549,3.7360,0.18747752835830317,0.0,Merge
39967243.687,E0,P739,0.6308013787046274,0.0024355585714285716,6693.060,1050.009,3.2284,26.083,0.9790986294781446,0.0,Hit+Run
40049778.318,E0,P739,0.6308013787046274,0.0024355585714285716,6693.060,1050.009,1.0399,8.4018,0.6670525402739332,0.0,Merge
40309939.623,P188,P474,0.0024355585714285716,0.0024355585714285716,1050.009,1050.009,5.7877,7.8752,0.7686,0.0,Hit+Run
41466944.126,P83,P786,0.0024355585714285716,0.0024355585714285716,1050.009,1050.009,24.201,32.930,0.5148,0.0,Graze+Frag
41512433.568,P52,P834,0.0024355585714285716,0.0024355585714285716,1050.009,1050.009,11.874,16.157,0.54785,0.0,Graze+Frag
41722179.424,E0,P587,0.6332369372760559,0.0024355585714285716,6701.663,1050.009,2.3748,19.213,0.5672273831893764,0.0,Merge
42014388.143,P17,P566,0.0024355585714285716,0.0024355585714285716,1050.009,1050.009,10.840,14.750,0.6201,0.0,Graze+Frag
42998913.669,E3,P139,0.6667105437962031,0.0024355585714285716,6817.727,1050.009,1.5925,13.121,0.5622126644323618,0.0,Merge
43009845.207,E3,P775,0.6691461023676316,0.0024355585714285716,6826.019,1050.009,2.9979,24.732,0.776807824852158,0.0,Merge
43044389.65,E10,P28,0.14934600146187146,0.0024355585714285716,4140.553,1050.009,5.8108,28.073,0.7142676659332079,0.0,Merge
43146615.308,E3,E1,0.6715816609390601,0.45052625047952055,6834.290,5982.745,1.053,8.8025,0.3966618115576012,0.08785714285714286,Fragment
43238929.531,E3,FRAG0079,1.034250768561438,0.005857142857142858,7892.279,1406.767,1.0155,9.5952,0.5484423083148259,0.0,Merge
43429466.177,E0,P177,0.6356724958474844,0.0024355585714285716,6710.244,1050.009,1.4619,11.843,0.8794801461391816,0.0,Hit+Run
43447651.604,E0,FRAG0075,0.6356724958474844,0.005857142857142858,6710.244,1406.767,2.0807,16.526,0.24717999494989618,0.0,Merge
43549218.781,E3,FRAG0078,1.0401079114185807,0.005857142857142858,7907.150,1406.767,1.0966,10.382,0.8743445961927219,0.0,Hit+Run
43709629.84,E8,E22,0.11607555857142857,0.023440000000000003,3806.923,2233.467,1.8044,7.7476,0.5176197946139087,0.01045887445887446,Fragment
43795214.368,P80,P544,0.07165659455877456,0.0024355585714285716,3241.499,1050.009,3.5723,13.261,0.5705751622653591,0.0,Merge
43899673.695,E3,FRAG0081,1.0401079114185807,0.005857142857142858,7907.150,1406.767,1.0172,9.6306,0.7273895038527276,0.0,Merge
43922198.372,E3,FRAG0083,1.0459650542757235,0.005857142857142858,7921.964,1406.767,1.041,9.8757,0.47725069974566026,0.0,Merge
43978290.384,E15,FRAG0021,0.15029327071262075,0.005561771561771562,4149.289,1382.711,2.8056,13.304,0.8344330527219443,0.0,Hit+Run
44059371.482,E3,FRAG0082,1.0518221971328663,0.005857142857142858,7936.724,1406.767,1.1518,10.948,0.8789992127573584,0.0,Hit+Run
44384892.774,E0,P177,0.6415296387046273,0.0024355585714285716,6730.790,1050.009,1.6022,13.022,0.9242206819621741,0.0,Hit+Run
44910863.51,E10,P614,0.15178156003330004,0.0024355585714285716,4162.940,1050.009,3.2769,15.923,0.7453914515433568,0.0,Merge
45011639.609,P208,P677,0.0024355585714285716,0.0024355585714285716,1050.009,1050.009,7.6246,10.374,0.78715,0.0,Graze+Frag
45012849.905,P365,P709,0.0024355585714285716,0.0024355585714285716,1050.009,1050.009,11.226,15.275,0.77005,0.0,Graze+Frag
46428776.285,E6,P689,0.08748667571428574,0.0024355585714285716,3464.504,1050.009,4.5309,18.066,0.9037842571510105,0.0,Hit+Run
47467347.636,E15,P642,0.15029327071262075,0.0024355585714285716,4149.289,1050.009,2.4174,11.705,0.5246366244745468,0.0,Merge
48182799.981,E3,FRAG0074,1.0518221971328663,0.005857142857142858,7936.724,1406.767,1.3832,13.148,0.9923143412670526,0.0,Hit+Run
48547279.89,E0,FRAG0077,0.6415296387046273,0.005857142857142858,6730.790,1406.767,1.7376,13.846,0.4806432332317878,0.0,Merge
48774279.254,E0,P17,0.6473867815617702,0.004871128871128871,6751.212,1322.930,1.4826,11.905,0.9251187988747315,0.0,Hit+Run
49628085.968,E0,FRAG0080,0.6473867815617702,0.005857142857142858,6751.212,1406.767,1.6647,13.308,0.9938987155706287,0.0,Hit+Run
49726640.666,E0,FRAG0080,0.6473867815617702,0.005857142857142858,6751.212,1406.767,1.043,8.3385,0.8242490597071992,0.0,Merge
50436509.777,E19,P83,0.041620000000000004,0.004871128871128871,2704.547,1322.930,9.0075,27.341,0.3049389538692749,0.04096270396270397,Fragment
51421569.118,E3,FRAG0091,1.0518221971328663,0.0058518148518148525,7936.724,1406.341,1.0361,9.8489,0.720102108578028,0.0,Merge
51479177.004,E3,FRAG0094,1.0576740119846813,0.0058518148518148525,7951.415,1406.341,1.2966,12.349,0.19008098916582888,0.0,Merge
51728737.096,E3,FRAG0092,1.0635258268364962,0.0058518148518148525,7966.053,1406.341,1.0475,9.9965,0.6920281206946967,0.0,Merge
51811436.196,E3,FRAG0090,1.0693776416883112,0.0058518148518148525,7980.636,1406.341,1.5565,14.883,0.7754507160315117,0.0,Merge
52940109.25,P188,P436,0.0024355585714285716,0.0024355585714285716,1050.009,1050.009,6.7249,9.1505,0.51715,0.0,Graze+Frag
53679236.877,E3,FRAG0076,1.0752294565401261,0.005857142857142858,7995.167,1406.767,1.3778,13.199,0.38011746676799196,0.0,Merge
53685442.548,P52,P296,0.004871128871128871,0.0024355585714285716,1322.930,1050.009,12.752,19.992,0.742933646918795,0.0,Graze+Frag
55207353.906,E0,P841,0.6532439244189131,0.0024355585714285716,6771.511,1050.009,2.9145,23.840,0.9445373554762433,0.0,Hit+Run
55215948.578,E0,P841,0.6532439244189131,0.0024355585714285716,6771.511,1050.009,1.0485,8.5768,0.8764025343250239,0.0,Hit+Run
55463578.131,E0,P841,0.6532439244189131,0.0024355585714285716,6771.511,1050.009,1.0721,8.7698,0.7509548140605807,0.0,Merge
55600302.707,E19,P186,0.005528424908424909,0.0024355585714285716,1379.942,1050.009,14.667,23.723,0.9729069293414745,0.0,Hit+Run
57256047.222,P17,FRAG0095,0.004871128871128871,0.0058518148518148525,1322.930,1406.341,14.148,25.054,0.2847240868775081,0.01071012321012321,Fragment
58919767.033,E0,P177,0.6556794829903416,0.0024355585714285716,6779.917,1050.009,3.745,30.674,0.5675960555425977,0.0,Merge
59077863.429,P339,FRAG0078,0.0024355585714285716,0.005857142857142858,1050.009,1406.767,4.6395,7.6154,0.8579488988109533,0.0,Hit+Run
61797699.393,E3,FRAG0093,1.081086599397269,0.0058518148518148525,8009.658,1406.341,2.0484,19.662,0.1682572751856494,0.0,Merge
63792652.021,P361,FRAG0096,0.0024355585714285716,0.0058518148518148525,1050.009,1406.341,11.665,19.143,0.5710108685128729,0.0,Graze+Frag
64373233.546,P186,FRAG0024,0.0024355585714285716,0.008165501165501165,1050.009,1571.525,12.450,22.368,0.6265127570839731,0.01046911088911089,Graze+Frag
67772165.131,E3,P186,1.0869384142490839,0.010601065601065602,8024.084,1714.392,1.412,13.392,0.637824946108191,0.0,Merge
70377051.935,E3,E19,1.0975394798501494,0.005528424908424909,8050.086,1379.942,2.1724,20.991,0.7198104043542233,0.0,Merge
71264604.765,M1,FRAG0082,0.1824653292207793,0.005857142857142858,4426.433,1406.767,9.8941,50.226,0.7196784899111449,0.01707192807192807,Fragment
71287117.614,M1,FRAG0097,0.1712505440059941,0.005690642690642691,4333.823,1393.309,1.0138,5.0344,0.5822943249308477,0.0,Merge
71288173.567,M1,FRAG0099,0.17694118669663678,0.005690642690642691,4381.305,1393.309,1.0835,5.4439,0.6463520111757581,0.0,Merge
72448286.698,E3,FRAG0086,1.1030679047585743,0.005857142857142858,8063.580,1406.767,1.2027,11.627,0.38145207683034155,0.0,Merge
72626550.594,P147,P734,0.0024355585714285716,0.0024355585714285716,1050.009,1050.009,22.186,30.189,0.5861,0.0,Graze+Frag
73320670.188,M1,FRAG0098,0.18263182938727945,0.005690642690642691,4427.779,1393.309,1.7098,8.6886,0.6748438249062539,0.0,Merge
75684198.479,E3,P361,1.108925047615717,0.008287379287379288,8077.827,1579.305,2.054,19.737,0.9482972522381862,0.0,Hit+Run
75746260.71,E3,P361,1.108925047615717,0.008287379287379288,8077.827,1579.305,1.0592,10.178,0.4577121429167641,0.0,Merge
79496887.702,E3,P147,1.1172124269030963,0.004871128871128871,8097.900,1322.930,1.6816,16.396,0.6170021441835838,0.0,Merge
82381298.284,E3,FRAG0089,1.1220835557742252,0.01045887445887446,8109.652,1706.693,1.6379,15.717,0.8560437917195107,0.0,Hit+Run
84105164.648,E10,FRAG0025,0.15421711860472861,0.008165501165501165,4185.089,1571.525,2.4681,11.711,0.6797499064049642,0.0,Merge
84174940.625,P231,P636,0.0024355585714285716,0.0024355585714285716,1050.009,1050.009,21.153,28.782,0.3552,0.0,Merge
84733949.506,E3,FRAG0017,1.1220835557742252,0.006826173826173827,8109.652,1480.424,2.3361,22.644,0.7579377578407515,0.0,Merge
85107452.932,E3,FRAG0089,1.1289097296003991,0.01045887445887446,8126.064,1706.693,1.3733,13.207,0.525029582507822,0.0,Merge
86776942.05,E11,P819,0.020565714285714288,0.0024355585714285716,2138.167,1050.009,8.7622,21.026,0.9249675965019706,0.0,Hit+Run
86896446.44,E3,P201,1.1393686040592736,0.0024355585714285716,8151.082,1050.009,1.8791,18.701,0.13828618616792743,0.0,Merge
87577102.272,E10,P365,0.16238261977022977,0.004871128871128871,4257.686,1322.930,1.5846,7.7503,0.6431600126088799,0.0,Merge
89075534.843,E10,P52,0.16725374864135864,0.0073066933066933066,4299.841,1514.377,4.8338,23.663,0.5951809690704183,0.010808524808524808,Fragment
90359309.569,E0,FRAG0084,0.6581150415617701,0.005857142857142858,6788.301,1406.767,1.5447,12.422,0.77226111987653,0.0,Merge
91457165.601,E13,P685,0.008324556240426242,0.0024355585714285716,1581.663,1050.009,7.6518,13.823,0.26029770617498016,0.0,Fragment
92353332.724,E3,FRAG0100,1.1418041626307023,0.010808524808524808,8156.886,1725.504,1.715,16.547,0.7847865888186643,0.0,Merge
92862195.754,P80,FRAG0054,0.07409215313020313,0.008716949716949716,3277.816,1606.134,2.3595,8.6802,0.6495295316054408,0.0,Merge
96390983.55,E3,FRAG0078,1.152612687439227,0.005857142857142858,8182.543,1406.767,1.8995,18.652,0.7817919356898687,0.0,Merge
96680562.54,E3,E8,1.1584698302963699,0.1290566841125541,8196.380,3943.852,1.3101,12.053,0.2511527956039548,0.03357242757242758,Fragment
97282538.246,P17,P188,0.010722943722943723,0.004871128871128871,1720.937,1322.930,9.2232,18.651,0.9859636182481388,0.0,Hit+Run
97373356.2,E0,P802,0.663972184418913,0.0024355585714285716,6808.380,1050.009,2.2331,18.372,0.7114742078523435,0.0,Merge
97703222.553,E3,FRAG0103,1.2539540868364965,0.005595404595404596,8415.651,1385.493,1.6935,17.151,0.2651479284486701,0.0,Merge
97984062.116,E3,FRAG0105,1.259549491431901,0.005595404595404596,8428.150,1385.493,1.1645,11.812,0.7509519496801436,0.0,Merge
98544417.463,E3,FRAG0104,1.2651448960273055,0.005595404595404596,8440.612,1385.493,1.0102,10.263,0.8990280981040348,0.0,Graze+Merge
104582841.419,E0,E10,0.6664077429903416,0.16375191713952714,6816.695,4269.620,2.1505,16.625,0.9291371369566457,0.0,Hit+Run
104585287.2,E0,E10,0.6664077429903416,0.16375191713952714,6816.695,4269.620,1.0617,8.2081,0.12980004606680426,0.04145687645687646,Fragment
104585681.145,E0,FRAG0109,0.7887027836729922,0.005922410922410922,7210.493,1411.974,1.0471,8.9807,0.9962184108317912,0.0,Hit+Run
104811625.121,E0,FRAG0110,0.7887027836729922,0.005922410922410922,7210.493,1411.974,1.044,8.9541,0.3498011930252147,0.0,Merge
105071020.696,E0,FRAG0112,0.7946251945954032,0.005922410922410922,7228.496,1411.974,1.1729,10.086,0.6050189798607625,0.0,Merge
105791612.019,E0,FRAG0111,0.8005476055178141,0.005922410922410922,7246.410,1411.974,1.3119,11.311,0.8922447557365777,0.0,Hit+Run
105797360.351,E0,FRAG0111,0.8005476055178141,0.005922410922410922,7246.410,1411.974,1.0689,9.2165,0.9821304013290253,0.0,Hit+Run
105799802.903,E0,FRAG0113,0.8005476055178141,0.005922410922410922,7246.410,1411.974,1.1893,10.254,0.9107407777812061,0.0,Hit+Run
105859671.251,E0,FRAG0111,0.8005476055178141,0.005922410922410922,7246.410,1411.974,1.0902,9.4002,0.7013423743619285,0.0,Merge
106494120.516,E0,FRAG0107,0.8064700164402251,0.005922410922410922,7264.235,1411.974,1.0548,9.1189,0.9607548411272642,0.0,Hit+Run
111864023.449,E3,FRAG0085,1.27074030062271,0.005857142857142858,8453.037,1406.767,1.3511,13.735,0.7707333321787818,0.0,Merge
111901016.237,E0,FRAG0113,0.8064700164402251,0.005922410922410922,7264.235,1411.974,3.2649,28.225,0.6903201451062565,0.0,Merge
114695089.207,E0,FRAG0109,0.8123924273626361,0.005922410922410922,7281.974,1411.974,2.113,18.315,0.942792617585013,0.0,Hit+Run
114818422.848,E0,FRAG0108,0.8123924273626361,0.005922410922410922,7281.974,1411.974,1.5586,13.509,0.7454561386377591,0.0,Merge
116907535.686,E0,P95,0.818314838285047,0.0024355585714285716,7299.626,1050.009,4.7285,41.884,0.9741710306044593,0.0,Hit+Run
117459038.573,E0,P95,0.818314838285047,0.0024355585714285716,7299.626,1050.009,1.3796,12.220,0.37024269178945385,0.0,Merge
119309297.909,E3,P850,1.2765974434798528,0.0024355585714285716,8466.004,1050.009,2.1368,22.132,0.7941982805284399,0.0,Merge
129364029.589,E3,E13,1.2790330020512815,0.010760239760239761,8471.385,1722.930,2.5386,25.511,0.5142172533273894,0.0,Merge
129511084.227,E3,FRAG0011,1.2897932418115212,0.006664335664335664,8495.075,1468.631,2.8039,28.575,0.7461119228279444,0.0,Merge
134521009.498,E0,P435,0.8207503968564756,0.0024355585714285716,7306.861,1050.009,4.4762,39.691,0.8080777034952658,0.0,Merge
165148503.468,E0,P574,0.8231859554279041,0.0024355585714285716,7314.082,1050.009,5.0589,44.904,0.5181188430770672,0.0,Merge
166981624.581,M1,P105,0.18832247207792213,0.0024355585714285716,4473.298,1050.009,10.893,57.196,0.5989981701207481,0.007813186813186813,Fragment
167210298.966,M1,FRAG0114,0.18294484383616388,0.007813186813186813,4430.307,1548.590,1.1683,5.8957,0.8224996390559576,0.0,Hit+Run
167335671.007,M1,FRAG0114,0.18294484383616388,0.007813186813186813,4430.307,1548.590,1.1313,5.7090,0.6874911397442498,0.0,Merge
167371883.766,E3,E18,1.2964575774758569,0.0728,8509.681,3258.649,1.4127,13.614,0.8010503015096698,0.06431501831501832,Hit+Run+Frag
167376325.873,E3,FRAG0118,1.296457044675324,0.005846819846819847,8509.680,1405.940,1.0356,10.603,0.7545377815905724,0.0,Merge
167688983.644,E3,FRAG0124,1.3023038645221439,0.005846819846819847,8522.453,1405.940,1.024,10.501,0.7196757745526148,0.0,Merge
169140404.809,E3,FRAG0122,1.3081506843689636,0.005846819846819847,8535.188,1405.940,1.1385,11.694,0.41160004662634325,0.0,Merge
172130371.131,E0,FRAG0123,0.8256215139993326,0.005846819846819847,7321.288,1405.940,2.3605,20.584,0.6118110807610774,0.0,Merge
172761677.709,E0,FRAG0115,0.8314683338461525,0.005846819846819847,7338.530,1405.940,2.1111,18.456,0.4843135391817057,0.0,Merge
174393033.315,E3,P764,1.3139975042157834,0.0024355585714285716,8547.885,1050.009,1.8297,19.144,0.9146461889248568,0.0,Hit+Run
177292745.105,E3,P764,1.3139975042157834,0.0024355585714285716,8547.885,1050.009,1.087,11.373,0.49722197397930634,0.0,Merge
195639028.345,E0,P795,0.8373151536929724,0.0024355585714285716,7355.691,1050.009,2.1201,18.932,0.5324883766094013,0.0,Merge
