time_yr,target,projectile,Mt_Mearth,Mp_Mearth,Rt_km,Rp_km,vimp/vesc,vimp_km/s,b,m_frag_Mearth,Regime
54432.496,E29,E49,0.035,0.03250000000000001,2552.798,2490.510,1.0224,3.3417,0.43622191690734574,0.0,Merge
74146.399,E29,P165,0.0675,0.0025,3177.569,1059.189,2.5206,9.1536,0.8699250000000001,0.0,Hit+Run
100550.638,E46,P597,0.09000000000000004,0.0025,3497.368,1059.189,1.0512,4.2315,0.6670742683414013,0.0,Merge
147738.18,E53,P801,0.027500000000000004,0.0025,2355.617,1059.189,4.1896,11.094,0.37036671352886985,0.005827838827838828,Fragment
180003.542,E28,P85,0.4816876874862234,0.0025,6117.618,1059.189,1.6929,12.423,0.913959253810277,0.0,Hit+Run
212527.597,E6,P242,0.2975000000000003,0.0025,5209.821,1059.189,1.7129,10.586,0.45109043540031707,0.0,Merge
288285.472,E38,E53,0.0675,0.024172161172161175,3177.569,2256.484,1.0728,3.9367,0.567150204172961,0.0,Merge
351611.315,E3,P296,0.10750000000000004,0.0025,3710.764,1059.189,2.3061,9.8940,0.45151954301677727,0.0,Merge
452913.787,E61,P520,0.052500000000000005,0.0025,2922.224,1059.189,1.2074,4.0093,0.9238435514690789,0.0,Hit+Run
482556.943,E6,P85,0.3000000000000003,0.0025,5224.374,1059.189,1.3063,8.0976,0.8552138808985573,0.0,Hit+Run
609384.03,E6,P72,0.3000000000000003,0.0025000000000000022,5224.374,1059.189,1.5261,9.4601,0.7452150509910335,0.0,Merge
678576.433,E0,P104,0.08000000000000003,0.0025000000000000022,3362.718,1059.189,5.9988,23.149,0.5265478271875116,0.0,Merge
751937.729,E28,P276,0.4816876874862234,0.0025,6117.618,1059.189,1.1929,8.7539,0.6286559873951495,0.0,Merge
914276.972,E0,P61,0.08250000000000003,0.0025,3397.388,1059.189,3.8036,14.840,0.9249363397559722,0.0,Hit+Run
948720.32,E8,E18,0.11000000000000001,0.037500000000000006,3739.309,2612.187,1.0442,4.4957,0.9069368503003712,0.0,Hit+Run
960601.487,P5,P348,0.0025000000000000022,0.0025,1059.189,1059.189,5.7655,7.9136,0.7249500000000001,0.0,Graze+Frag
1068293.147,E18,P472,0.037500000000000006,0.0025,2612.187,1059.189,1.6301,4.8071,0.9107919563635579,0.0,Hit+Run
1110582.221,NEPTUNE,K462,16.189423909423912,0.035,19742.59,2552.798,1.0046,24.211,0.3761608665757614,0.0,Merge
1242404.189,E28,P196,0.48418768748622343,0.002499999999999968,6128.183,1059.189,1.0412,7.6547,0.9552887217835829,0.0,Hit+Run
1266892.08,E6,P32,0.3025000000000003,0.0025000000000000022,5238.846,1059.189,3.2091,19.952,0.18208587607578103,0.0,Merge
1278846.518,P5,P704,0.005,0.0025,1334.495,1059.189,7.2779,11.509,0.7704742123782211,0.0,Graze+Frag
1283972.513,E6,P74,0.3050000000000003,0.0025,5253.238,1059.189,3.1528,19.659,0.7228538136311936,0.0,Merge
1322548.226,E8,P569,0.11000000000000001,0.0025,3739.309,1059.189,2.6713,11.555,0.8441793143889603,0.0,Hit+Run
1325975.86,E6,P193,0.30750000000000033,0.0024999999999999905,5267.552,1059.189,2.3373,14.617,0.37099999356488517,0.0,Merge
1531084.638,E34,P87,0.03250000000000001,0.002500000000000014,2490.510,1059.189,3.2235,9.0432,0.7662999924591817,0.0,Hit+Run
1615553.225,E6,P101,0.31000000000000033,0.002500000000000014,5281.789,1059.189,2.1794,13.669,0.723843232039375,0.0,Merge
1641490.029,E8,E37,0.11000000000000001,0.03250000000000001,3739.309,2490.510,1.0322,4.4105,0.6441642330309187,0.0,Graze+Merge
1697454.458,E28,P61,0.48418768748622343,0.0025,6128.183,1059.189,1.6261,11.954,0.9355929261095365,0.0,Hit+Run
1735478.615,E0,P142,0.08250000000000003,0.0025,3397.388,1059.189,3.9404,15.374,0.4344525014645418,0.0,Merge
1850352.31,E40,P9,0.10000000000000005,0.0025000000000000022,3622.378,1059.189,1.9354,8.0908,0.7195130947944571,0.0,Merge
1861985.577,E6,P281,0.31250000000000033,0.0025,5295.949,1059.189,2.2039,13.862,0.6866666666666666,0.0,Merge
2021585.363,E45,P463,0.02749999999999999,0.0025,2355.617,1059.189,3.6941,9.7823,0.38395625395822114,0.0,Merge
2173109.342,E3,P22,0.11000000000000004,0.0025,3739.309,1059.189,2.7422,11.862,0.7543298959923509,0.0,Merge
2267370.812,E28,P26,0.48418768748622343,0.0025,6128.183,1059.189,1.1737,8.6288,0.7330075991764955,0.0,Merge
2272647.063,E35,P518,0.025000000000000012,0.0025,2281.955,1059.189,3.5145,9.0082,0.45732741685983935,0.0,Merge
2471874.093,E39,FRAG1003,0.07500000000000001,0.005812312513776849,3291.149,1403.169,2.8377,10.519,0.22715380214997252,0.005566100566100567,Fragment
2508494.89,E6,P62,0.31500000000000034,0.0025000000000000022,5310.034,1059.189,2.5599,16.147,0.4825466617719801,0.0,Merge
2635116.273,E29,P664,0.0675,0.0025,3177.569,1059.189,1.7106,6.2120,0.9641250000000001,0.0,Hit+Run
2693591.536,E61,P900,0.052500000000000005,0.0025,2922.224,1059.189,3.6135,11.999,0.9961392452958082,0.0,Hit+Run
2754734.881,E6,P467,0.31750000000000034,0.0025,5324.045,1059.189,3.1894,20.175,0.9425790207268476,0.0,Hit+Run
2797361.923,E51,P675,0.030000000000000002,0.0025,2424.939,1059.189,2.9018,7.9180,0.7426971425335916,0.0,Hit+Run
2931647.636,E8,E29,0.14250000000000002,0.0675,4076.293,3177.569,1.394,6.7010,0.7090659159371028,0.0065239160839160835,Hit+Run
3009546.712,E40,P431,0.10250000000000005,0.0025,3652.317,1059.189,1.6119,6.7984,0.7584467137446244,0.0,Merge
3094805.555,E3,P57,0.11250000000000004,0.0025,3767.425,1059.189,5.4973,23.973,0.5143839302424166,0.0,Merge
3161062.169,E40,P219,0.10500000000000005,0.0025,3681.772,1059.189,1.6849,7.1680,0.8500527515490767,0.0,Hit+Run
3183101.283,E0,P311,0.08500000000000003,0.0025,3431.364,1059.189,1.5283,6.0272,0.8811939640576251,0.0,Hit+Run
3195927.657,E28,E39,0.48668768748622343,0.0752462119476763,6138.712,3294.746,1.1844,8.1670,0.31137823508617285,0.019316916416916418,Fragment
3290168.718,E62,P533,0.025,0.0025,2281.955,1059.189,3.192,8.1816,0.17525420425064928,0.0,Merge
3388182.739,E6,P157,0.31750000000000034,0.0025,5324.045,1059.189,1.7017,10.764,0.9304850504582524,0.0,Hit+Run
3457329.317,E46,P440,0.09250000000000004,0.0025,3529.455,1059.189,6.4394,26.177,0.8047072889093816,0.0,Hit+Run
3552216.653,URANUS,K868,15.944423909423909,0.035,19642.50,2552.798,1.0014,24.005,0.8069290744025285,0.0,Merge
3640518.712,E28,P458,0.5426172161172164,0.0025,6365.390,1059.189,2.0326,15.560,0.8774018481752557,0.0,Hit+Run
3664817.984,E40,E18,0.10500000000000005,0.037500000000000006,3681.772,2612.187,3.4363,14.608,0.5852616871419127,0.047750842490842486,Graze+Frag
3823559.592,E6,P530,0.31750000000000034,0.0025,5324.045,1059.189,3.5118,22.214,0.41319674972841364,0.0,Merge
3848424.745,P68,FRAG0010,0.0025,0.005968697968697968,1059.189,1415.642,10.390,17.172,0.7324097702211252,0.0,Graze+Frag
3912035.136,P49,P115,0.0025,0.0025,1059.189,1059.189,21.629,29.688,0.99585,0.0,Hit+Run
3927985.419,E6,P157,0.32000000000000034,0.0025,5337.982,1059.189,1.8542,11.762,0.2174520486521226,0.0,Merge
3943585.161,E45,P659,0.02999999999999999,0.0025,2424.939,1059.189,4.2293,11.540,0.5272864353701145,0.0,Merge
3985710.266,E6,P207,0.32250000000000034,0.0025,5351.847,1059.189,1.8729,11.913,0.5749174664883027,0.0,Merge
4084382.44,E40,FRAG0008,0.09475041625041632,0.005968697968697968,3557.849,1415.642,2.6511,10.658,0.9459952380659007,0.0,Hit+Run
4114339.482,P68,P264,0.00846886446886447,0.0025,1590.751,1059.189,7.343,13.347,0.7469493001864552,0.0,Graze+Frag
4273176.264,E6,P50,0.32500000000000034,0.0025,5365.641,1059.189,2.7401,17.478,0.8592767836674973,0.0,Hit+Run
4404252.416,E40,P77,0.09475041625041632,0.0025,3557.849,1059.189,2.75,11.275,0.6823584117231911,0.0,Merge
4802632.65,E40,P345,0.09725041625041632,0.0025,3588.869,1059.189,3.3293,13.779,0.8706449007248467,0.0,Hit+Run
4882877.28,E29,P347,0.0675,0.0025000000000000022,3177.569,1059.189,5.7237,20.785,0.569025,0.0,Merge
4942948.368,E3,P185,0.11500000000000005,0.0025,3795.128,1059.189,4.2045,18.481,0.32890519186356626,0.0,Merge
5005482.96,P49,P115,0.0025,0.0025,1059.189,1059.189,20.163,27.675,0.6087500000000001,0.0,Graze+Frag
5045867.481,E6,P188,0.32500000000000034,0.0024999999999999905,5365.641,1059.189,1.3068,8.3356,0.712375446076757,0.0,Merge
5178205.671,E6,P181,0.32750000000000035,0.0025000000000000022,5379.364,1059.189,2.6094,16.690,0.8833663023468644,0.0,Hit+Run
5229359.056,E3,P222,0.11750000000000005,0.0025,3822.432,1059.189,5.7255,25.361,0.9408045475988447,0.0,Hit+Run
5299261.161,E28,P116,0.5426172161172164,0.0025000000000000022,6365.390,1059.189,1.786,13.672,0.3201307896312688,0.0,Merge
5384271.831,E45,P231,0.03249999999999999,0.0025,2490.510,1059.189,6.5208,18.293,0.7974515394882863,0.0,Hit+Run
5390690.532,E28,P415,0.5451172161172164,0.0025,6375.151,1059.189,1.3273,10.177,0.7373020522528881,0.0,Merge
5453482.691,E3,P196,0.11750000000000005,0.002499999999999968,3822.432,1059.189,5.2117,23.085,0.9832445030544075,0.0,Hit+Run
5493807.889,E6,P178,0.32750000000000035,0.0025,5379.364,1059.189,1.8091,11.571,0.6119147638691418,0.0,Merge
5509507.24,E27,P237,0.024999999999999953,0.0024999999999999905,2281.955,1059.189,5.121,13.125,0.5157227187438244,0.007529137529137529,Fragment
5536178.706,E28,FRAG0006,0.5476172161172164,0.005968697968697968,6384.882,1415.642,1.1654,8.7712,0.5385858535518767,0.0,Merge
5594575.09,E3,P196,0.11750000000000005,0.002499999999999968,3822.432,1059.189,2.0391,9.0324,0.44914314482122175,0.0,Merge
5693108.837,E40,P288,0.09725041625041632,0.0025,3588.869,1059.189,3.1111,12.876,0.6808572840184196,0.0,Merge
5704685.692,P76,P222,0.0025,0.0025,1059.189,1059.189,12.719,17.458,0.9021,0.0,Hit+Run
5720469.648,E3,P360,0.12000000000000002,0.0025,3849.351,1059.189,3.1448,14.035,0.11480906760466444,0.0,Merge
5724158.123,E28,P295,0.5535859140859143,0.0025,6407.995,1059.189,3.3013,25.452,0.22200445452051015,0.0,Merge
5730892.243,E41,P238,0.06,0.0025,3055.232,1059.189,3.3226,11.569,0.7644722672774087,0.0,Hit+Run
5748386.297,E6,P106,0.33000000000000035,0.0025,5393.017,1059.189,1.685,10.806,0.6421763986370813,0.0,Merge
5799899.453,E28,FRAG0011,0.5560859140859142,0.005968697968697968,6417.627,1415.642,1.3515,10.228,0.8358275877576621,0.0,Hit+Run
5868074.494,E38,P261,0.09167216117216118,0.0025,3518.895,1059.189,4.417,17.897,0.3355878273524959,0.0,Merge
5971024.005,E41,P258,0.06,0.0025,3055.232,1059.189,3.1519,10.975,0.4908364921518864,0.0,Merge
6014776.779,E6,P168,0.33250000000000035,0.0025000000000000022,5406.602,1059.189,4.8529,31.208,0.580814504221055,0.0,Merge
6425190.377,E3,P397,0.12250000000000003,0.0025,3875.899,1059.189,1.095,4.9235,0.5294217921395683,0.0,Merge
6584786.171,E6,P345,0.33500000000000035,0.0025,5420.118,1059.189,1.5439,9.9551,0.6835264696453878,0.0,Merge
6613945.64,E28,P138,0.5560859140859142,0.0025,6417.627,1059.189,2.7788,21.458,0.4380092609841337,0.0,Merge
6729144.984,E0,P486,0.08500000000000003,0.0025,3431.364,1059.189,2.9908,11.795,0.8490241185088685,0.0,Hit+Run
6749325.842,E6,P467,0.33750000000000036,0.0025,5433.568,1059.189,1.6525,10.683,0.7043063773077191,0.0,Merge
6874891.404,E28,P109,0.5585859140859142,0.0025,6427.230,1059.189,1.3193,10.204,0.8780068664867621,0.0,Hit+Run
7227460.568,E6,P413,0.34000000000000036,0.0025,5446.951,1059.189,2.061,13.359,0.5947479539354534,0.0,Merge
7320114.74,E6,P368,0.34250000000000036,0.0025000000000000022,5460.269,1059.189,2.787,18.113,0.8486732754368008,0.0,Hit+Run
7474742.66,E8,P487,0.14250000000000002,0.0025,4076.293,1059.189,5.3884,25.580,0.7798600555309619,0.0,Merge
7479023.58,E6,P505,0.34250000000000036,0.0025,5460.269,1059.189,1.1206,7.2830,0.4779806950476484,0.0,Merge
7556039.34,P50,P260,0.0025,0.0025,1059.189,1059.189,9.7467,13.378,0.57325,0.0,Graze+Frag
7573102.75,E6,P21,0.34500000000000036,0.0025,5473.522,1059.189,1.9348,12.607,0.5247540179939734,0.0,Merge
7576286.604,URANUS,K889,15.97942390942391,0.035,19656.86,2552.798,1.0007,24.007,0.500766440483778,0.0,Merge
7765569.977,E28,P231,0.5585859140859142,0.0025,6427.230,1059.189,1.1949,9.2420,0.9616265680569301,0.0,Hit+Run
7820340.317,E28,P407,0.5585859140859142,0.0025,6427.230,1059.189,2.1316,16.486,0.8066639794181694,0.0,Merge
7996443.623,E28,P234,0.5610859140859141,0.0025,6436.804,1059.189,2.0472,15.859,0.05109260264669064,0.0,Merge
8073263.22,E28,P119,0.5635859140859141,0.0025000000000000022,6446.350,1059.189,4.4569,34.581,0.5051066909180559,0.0,Merge
8222494.513,E28,P183,0.566085914085914,0.0025,6455.867,1059.189,1.2414,9.6471,0.8475462716400205,0.0,Merge
8356452.837,E0,P280,0.08500000000000003,0.0025,3431.364,1059.189,2.4987,9.8542,0.9041178444961689,0.0,Hit+Run
8416564.598,E6,P170,0.34750000000000036,0.0025,5486.711,1059.189,1.5195,9.9267,0.6761681625766324,0.0,Merge
8564159.921,E6,P383,0.35000000000000037,0.0025,5499.837,1059.189,6.0714,39.765,0.6038140596089154,0.0,Merge
8788946.529,E28,P120,0.568585914085914,0.0025,6465.357,1059.189,2.8855,22.458,0.916460473209291,0.0,Hit+Run
8860832.701,P65,P95,0.002500000000000014,0.002500000000000014,1059.189,1059.189,18.966,26.032,0.68185,0.0,Graze+Frag
8871063.528,P49,P619,0.005,0.0025,1334.495,1059.189,17.277,27.323,0.43468794746114253,0.007491282051282051,Fragment
8884509.616,E6,P76,0.35250000000000037,0.0025,5512.901,1059.189,2.6924,17.679,0.8634130450898688,0.0,Hit+Run
8897141.274,E6,P76,0.35250000000000037,0.0025,5512.901,1059.189,1.2211,8.0180,0.8338021634308068,0.0,Merge
9000466.571,E3,P231,0.12500000000000003,0.0025,3902.089,1059.189,2.2916,10.378,0.8016883122272198,0.0,Hit+Run
9005200.373,E3,P231,0.12500000000000003,0.0025,3902.089,1059.189,1.0185,4.6129,0.5391517100282145,0.0,Merge
9221681.658,E28,P212,0.568585914085914,0.0025,6465.357,1059.189,2.2527,17.533,0.8851843048004984,0.0,Hit+Run
9421594.161,E6,P222,0.35500000000000037,0.0025,5525.903,1059.189,1.7131,11.277,0.9661173003797148,0.0,Hit+Run
9917255.754,E6,P49,0.35500000000000037,0.007499833499833501,5525.903,1527.604,2.3726,15.196,0.48752614101861824,0.0,Merge
9925347.671,P1,FRAG0013,0.005000000000000013,0.005968697968697968,1334.495,1415.642,3.7603,6.7093,0.744174353240762,0.0,Hit+Run
10082217.028,E6,FRAG0003,0.3624998334998339,0.006438894438894439,5564.546,1451.880,2.493,16.150,0.8186903626766858,0.0,Hit+Run
10343229.047,E0,P354,0.08500000000000003,0.0025000000000000022,3431.364,1059.189,4.8233,19.021,0.7353216715336911,0.0,Merge
10432151.736,E28,P50,0.568585914085914,0.005,6465.357,1334.495,1.1548,8.8474,0.8185462423877684,0.0,Merge
10707052.962,E3,FRAG0003,0.12750000000000003,0.006438894438894439,3927.931,1451.880,1.6723,7.4548,0.31563272288545163,0.0,Merge
10713003.043,E28,FRAG0014,0.573585914085914,0.007529137529137529,6484.253,1529.591,2.2066,16.787,0.4768211022987272,0.0,Merge
11110585.907,E3,P186,0.13393889443889448,0.0025,3992.970,1059.189,4.1723,19.371,0.8991011369197323,0.0,Hit+Run
11389921.274,E28,P393,0.5811150516150515,0.0025,6512.502,1059.189,3.3166,26.014,0.4036504956505585,0.0,Merge
11497139.972,E28,FRAG0013,0.5836150516150515,0.005968697968697968,6521.828,1415.642,1.3669,10.525,0.9810508578480122,0.0,Hit+Run
11609954.887,NEPTUNE,K901,16.224423909423912,0.035,19756.81,2552.798,1.0003,24.126,0.8306684716800606,0.0,Merge
11670947.852,E6,P215,0.3624998334998339,0.0025,5564.546,1059.189,3.5457,23.515,0.6093185653296392,0.0,Merge
12526717.769,E3,P201,0.13393889443889448,0.0025000000000000022,3992.970,1059.189,8.9799,41.692,0.31969621122014036,0.0075607725607725615,Fragment
12576284.014,E28,P239,0.5836150516150515,0.002500000000000014,6521.828,1059.189,2.0388,16.016,0.7316714924569478,0.0,Merge
12754826.889,E28,P443,0.5861150516150515,0.0025,6531.127,1059.189,1.1047,8.6913,0.6580760698496382,0.0,Merge
13282128.714,E28,FRAG0013,0.5886150516150515,0.005968697968697968,6540.399,1415.642,1.3833,10.683,0.8500994405070955,0.0,Hit+Run
13518997.602,P48,P233,0.002500000000000014,0.0025,1059.189,1059.189,7.4574,10.235,0.9480000000000008,0.0,Hit+Run
13956650.403,E8,P90,0.14500000000000002,0.0025000000000000022,4099.993,1059.189,2.0602,9.8417,0.5721826658481746,0.0,Merge
14010583.751,E8,P547,0.14750000000000002,0.0025,4123.422,1059.189,3.4008,16.345,0.9857809303966406,0.0,Hit+Run
14037253.501,E6,P87,0.3649998334998339,0.002500000000000014,5577.309,1059.189,2.8795,19.144,0.13782548498263247,0.0,Merge
14326814.568,E6,P44,0.3674998334998339,0.0025,5590.014,1059.189,3.0572,20.374,0.9536948984357693,0.0,Hit+Run
14327029.826,E28,E27,0.5886150516150515,0.019970862470862417,6540.399,2117.350,1.3498,10.110,0.9473956838607133,0.0,Hit+Run
14662083.319,E8,P84,0.14750000000000002,0.0024999999999999905,4123.422,1059.189,5.0119,24.089,0.18888167302353712,0.0,Merge
15016158.347,E27,P343,0.019970862470862417,0.0025,2117.350,1059.189,14.719,34.975,0.2643571655312779,0.016943056943056947,Fragment
15109548.613,E6,P48,0.3674998334998339,0.002500000000000014,5590.014,1059.189,2.1099,14.061,0.897115502574761,0.0,Hit+Run
15174958.864,E28,P253,0.5886150516150515,0.0025,6540.399,1059.189,2.2116,17.426,0.7050243109580385,0.0,Merge
15186526.814,E6,P212,0.3674998334998339,0.0025,5590.014,1059.189,1.8576,12.380,0.6163202838886305,0.0,Merge
15258047.01,E35,P473,0.02750000000000001,0.0025,2355.617,1059.189,7.8125,20.688,0.8202701789107455,0.0,Hit+Run
15541293.454,P44,P398,0.0025,0.0025,1059.189,1059.189,18.343,25.177,0.44925,0.0,Merge
15768004.955,E34,P705,0.03250000000000001,0.0025,2490.510,1059.189,3.9789,11.162,0.8405304806501558,0.0,Hit+Run
15877785.029,E3,FRAG0018,0.12887812187812192,0.0056476856476856485,3942.032,1389.794,2.7359,12.277,0.7120582466005119,0.0,Merge
15893278.266,E6,P389,0.3699998334998339,0.0025000000000000022,5602.661,1059.189,2.7839,18.598,0.5881159582780107,0.0,Merge
16125562.007,E28,P186,0.5911150516150514,0.0025,6549.646,1059.189,1.4424,11.382,0.7580158588286553,0.0,Merge
16332221.376,E28,E27,0.5936150516150513,0.00552780552780547,6558.866,1379.890,1.2001,9.3145,0.9540761455742202,0.0,Hit+Run
16417108.713,E28,P444,0.5936150516150513,0.0025,6558.866,1059.189,4.5601,36.039,0.46337041501686865,0.0,Merge
16550688.237,E28,P404,0.5961150516150513,0.0025,6568.061,1059.189,2.0345,16.102,0.587807916108806,0.0,Merge
16760790.675,P48,P145,0.002500000000000014,0.0025,1059.189,1059.189,9.3103,12.779,0.8717000000000009,0.0,Hit+Run
16821873.597,E28,P65,0.5986150516150512,0.005,6577.230,1334.495,1.8282,14.266,0.4381923867429438,0.0,Merge
16862843.457,E6,FRAG0017,0.3724998334998339,0.0056476856476856485,5615.251,1389.794,2.0225,13.276,0.7787552828927377,0.0,Merge
16864546.733,E45,P436,0.03249999999999999,0.0025,2490.510,1059.189,6.8146,19.117,0.2685768514130881,0.013734265734265736,Fragment
17222000.491,E8,P351,0.15000000000000002,0.0025,4146.588,1059.189,4.0348,19.510,0.6121377017434322,0.0,Merge
17315060.55,E3,P83,0.13452580752580756,0.0025,3998.794,1059.189,5.614,26.106,0.612786693036094,0.0,Merge
17323288.182,E6,P102,0.37814751914751954,0.0025000000000000022,5643.488,1059.189,2.6561,17.882,0.9469694035732327,0.0,Hit+Run
17412900.413,E6,P48,0.37814751914751954,0.002500000000000014,5643.488,1059.189,1.8921,12.739,0.8162948668660521,0.0,Merge
17517053.169,E6,P102,0.38064751914751954,0.0025000000000000022,5655.897,1059.189,1.5134,10.213,0.6512409491968493,0.0,Merge
17622455.377,E28,P238,0.6036150516150512,0.0025,6595.492,1059.189,2.9517,23.466,0.6533728798757282,0.0,Merge
17691743.351,E28,P320,0.6061150516150512,0.0025,6604.585,1059.189,1.1905,9.4784,0.4360670865652621,0.0,Merge
17789277.638,E28,P539,0.6086150516150511,0.0025,6613.653,1059.189,3.1489,25.107,0.7849833286850857,0.0,Merge
17929145.917,E3,P222,0.13702580752580756,0.0025,4023.413,1059.189,3.54,16.570,0.5629893553137103,0.0,Merge
18353400.165,E0,P355,0.08750000000000004,0.0025,3464.680,1059.189,8.2151,32.736,0.9635365564405278,0.0,Hit+Run
19632193.209,E6,P71,0.38314751914751954,0.002500000000000014,5668.252,1059.189,1.697,11.479,0.9948068341465175,0.0,Hit+Run
20927058.309,E0,P282,0.08750000000000004,0.0025,3464.680,1059.189,6.1899,24.666,0.921107556180767,0.0,Hit+Run
21234481.711,P44,P232,0.005,0.0025,1334.495,1059.189,22.727,35.942,0.8026980976716083,0.007392887112887113,Graze+Frag
21394292.133,E6,FRAG0015,0.38314751914751954,0.0075607725607725615,5668.252,1531.731,1.0203,6.7149,0.16839471467779774,0.0,Merge
21731484.811,E6,P124,0.39070829170829213,0.0025,5705.294,1059.189,3.0749,20.945,0.7390880399892492,0.0,Merge
21794037.529,E6,P181,0.39320829170829213,0.0025000000000000022,5717.437,1059.189,1.388,9.4760,0.2637404758951228,0.0,Merge
22035050.653,P68,P362,0.01096869796869797,0.0025,1733.985,1059.189,10.255,20.119,0.7609688728116186,0.007941058941058942,Graze+Frag
22170522.171,E28,P133,0.6111150516150511,0.0025,6622.696,1059.189,2.9394,23.470,0.9550548819943908,0.0,Hit+Run
22706670.348,E28,FRAG0004,0.6111150516150511,0.006438894438894439,6622.696,1451.880,3.2163,25.129,0.8933521548299515,0.0,Hit+Run
23002495.381,E6,P244,0.39570829170829214,0.0025000000000000022,5729.528,1059.189,2.0753,14.200,0.4916171429655507,0.0,Merge
23310502.891,E27,P145,0.00552780552780547,0.0025,1379.890,1059.189,11.711,18.982,0.9277040304392791,0.0,Hit+Run
23923773.572,E28,P145,0.6111150516150511,0.0025,6622.696,1059.189,1.1603,9.2649,0.9667796936888519,0.0,Hit+Run
24093173.471,E48,P465,0.027500000000000004,0.0025,2355.617,1059.189,6.6222,17.536,0.7663259118257059,0.0,Graze+Frag
24124849.958,E6,P270,0.39820829170829214,0.0025,5741.569,1059.189,2.3651,16.219,0.9674308452549514,0.0,Hit+Run
24133883.848,E6,P270,0.39820829170829214,0.0025,5741.569,1059.189,1.0221,7.0094,0.7838899902427982,0.0,Merge
24290213.678,E6,FRAG0004,0.40070829170829214,0.006438894438894439,5753.559,1451.880,1.535,10.308,0.858389811800593,0.0,Hit+Run
24400666.455,E0,FRAG0021,0.08750000000000004,0.007941058941058942,3464.680,1556.993,2.2088,8.6031,0.6553101409224857,0.0,Merge
25139248.708,E0,P145,0.09544105894105898,0.0025,3566.472,1059.189,2.6085,10.723,0.33107546215730094,0.0,Merge
25168656.582,E0,P278,0.09794105894105898,0.0025000000000000022,3597.345,1059.189,4.3229,17.937,0.3291779702177142,0.0,Merge
25321772.355,E28,P486,0.6111150516150511,0.0025,6622.696,1059.189,2.3172,18.502,0.8510833900567456,0.0,Merge
25521425.791,E0,P356,0.10044105894105898,0.0025000000000000022,3627.696,1059.189,5.7835,24.215,0.20356460265377657,0.0,Merge
25586655.539,E3,P334,0.13952580752580757,0.0025,4047.734,1059.189,6.5994,31.093,0.8220026582296645,0.0,Hit+Run
25927576.324,E6,P603,0.40070829170829214,0.0025,5753.559,1059.189,6.1427,42.220,0.7516301637514435,0.0,Merge
25953376.894,E0,P111,0.10294105894105898,0.0025,3657.548,1059.189,3.8459,16.245,0.6028271830174792,0.0,Merge
26141023.874,E3,FRAG0020,0.13952580752580757,0.006867132867132868,4047.734,1483.379,1.9231,8.8392,0.6950748286006806,0.0,Merge
26222878.286,E6,FRAG0012,0.40320829170829214,0.005968697968697968,5765.500,1415.642,4.0633,27.402,0.8581038629493143,0.0,Hit+Run
27079338.621,E3,P352,0.14639294039294043,0.0025,4113.080,1059.189,4.1441,19.864,0.7730310363140023,0.0,Merge
27801009.778,E8,P433,0.15250000000000002,0.0025000000000000022,4169.498,1059.189,4.6683,22.708,0.9039634869112538,0.0,Hit+Run
28528436.034,P54,P268,0.0025,0.0025,1059.189,1059.189,20.032,27.496,0.21395,0.0,Merge
28668711.077,E6,E27,0.40320829170829214,0.00552780552780547,5765.500,1379.890,2.3764,16.057,0.9849630300783895,0.0,Hit+Run
28891370.723,P1,P54,0.005000000000000013,0.005,1334.495,1334.495,9.1111,15.756,0.9558500000000004,0.0,Hit+Run
29558033.815,E8,P68,0.15250000000000002,0.005527639027639029,4169.498,1379.877,3.0986,14.772,0.8925233313670962,0.0,Hit+Run
29749164.593,E0,P36,0.10544105894105898,0.0025000000000000022,3686.920,1059.189,4.9172,20.950,0.9939538527858907,0.0,Hit+Run
29772039.336,E3,P148,0.14889294039294043,0.0025,4136.362,1059.189,6.0614,29.232,0.9576710854479754,0.0,Hit+Run
30854453.556,E8,P148,0.15250000000000002,0.0025,4169.498,1059.189,2.4053,11.700,0.5138620950649365,0.0,Merge
31064820.489,E62,E45,0.0275,0.021265734265734255,2355.617,2162.157,6.4185,18.840,0.8906742313824695,0.0,Hit+Run
31713858.709,E6,P68,0.40320829170829214,0.005527639027639029,5765.500,1379.877,2.1003,14.192,0.08762774839780185,0.0,Merge
31786140.497,E29,P179,0.07,0.0025,3216.324,1059.189,5.3487,19.677,0.22831275598913056,0.0,Merge
31834342.646,E28,P263,0.613615051615051,0.0025,6631.715,1059.189,2.9264,23.400,0.5489275697531089,0.0,Merge
32445937.662,E48,P337,0.03,0.0025,2424.939,1059.189,9.8608,26.906,0.4158575041362769,0.026971694971694975,Fragment
33209261.164,P1,FRAG0016,0.005000000000000013,0.0056476856476856485,1334.495,1389.794,13.324,23.534,0.749030756650267,0.010441471861471862,Graze+Frag
33312399.511,E6,E3,0.4087359307359312,0.14889294039294043,5791.727,4136.362,2.3755,15.905,0.6225117484760395,0.12638827838827846,Hit+Run+Frag
33312399.514,E3,FRAG0026,0.022504162504162505,0.005744921744921746,2203.339,1397.725,0.8275,2.0706,0.13528175252212987,0.0,Perfect
33312399.514,E3,FRAG0047,0.02824908424908425,0.005744921744921746,2376.814,1397.725,1.0567,2.8332,0.08897611213873603,0.0,Merge
33317360.089,E6,FRAG0030,0.40873643023643064,0.005744921744921746,5791.729,1397.725,1.0995,7.4585,0.42011348185929676,0.0,Merge
33318528.467,E6,FRAG0032,0.4144813519813524,0.005744921744921746,5818.738,1397.725,1.1196,7.6330,0.9154893194950126,0.0,Hit+Run
33337333.055,P233,FRAG0036,0.0025,0.005744921744921746,1059.189,1397.725,19.585,32.053,0.9558472840192934,0.0,Hit+Run
33337791.384,E6,FRAG0037,0.4144813519813524,0.005744921744921746,5818.738,1397.725,1.0623,7.2424,0.832197046548179,0.0,Hit+Run
33343540.329,E6,FRAG0037,0.4144813519813524,0.005744921744921746,5818.738,1397.725,1.0416,7.1012,0.48161156467709265,0.0,Merge
33344786.673,E6,FRAG0032,0.42022627372627414,0.005744921744921746,5845.498,1397.725,1.06,7.2625,0.3383069478349652,0.0,Merge
33346453.625,E6,FRAG0044,0.4259711954711959,0.005744921744921746,5872.016,1397.725,1.1228,7.7303,0.9624956208712618,0.0,Hit+Run
33400699.047,E3,FRAG0033,0.033994005994005996,0.005744921744921746,2528.102,1397.725,1.0751,3.0559,0.5873620042289901,0.0,Merge
33469964.559,E3,P311,0.039738927738927746,0.0025,2663.172,1059.189,16.407,49.379,0.7549451551751196,0.018131868131868133,Graze+Frag
33520971.757,E6,FRAG0045,0.4259711954711959,0.005744921744921746,5872.016,1397.725,1.0274,7.0735,0.9226743435055744,0.0,Hit+Run
33711132.517,E6,FRAG0039,0.4259711954711959,0.005744921744921746,5872.016,1397.725,1.057,7.2773,0.6637956539375655,0.0,Merge
33723230.202,P175,P165,0.002500000000000014,0.0025,1059.189,1059.189,26.053,35.760,0.6496500000000005,0.0,Graze+Frag
33808636.316,E3,FRAG0048,0.024107059607059615,0.006043956043956044,2254.456,1421.567,1.5472,3.9588,0.266473041992849,0.0,Merge
33946121.675,E8,FRAG0027,0.15500000000000003,0.005744921744921746,4192.159,1397.725,1.6097,7.7120,0.7547542035768694,0.0,Hit+Run
33963775.254,P120,FRAG0004,0.0025,0.006438894438894439,1059.189,1451.880,17.282,29.132,0.9996430017641652,0.0,Hit+Run
34198706.497,E28,P477,0.616115051615051,0.0025,6640.709,1059.189,3.2239,25.817,0.8278571732937271,0.0,Merge
34253950.74,E6,FRAG0041,0.43171611721611763,0.005744921744921746,5898.296,1397.725,1.1486,7.9460,0.9549132165463681,0.0,Hit+Run
34280644.806,E28,FRAG0005,0.6186150516150509,0.006438894438894439,6649.679,1451.880,2.3921,18.772,0.5596146009943208,0.0,Merge
34333927.075,E6,FRAG0041,0.43171611721611763,0.005744921744921746,5898.296,1397.725,1.0364,7.1698,0.1417171409249732,0.0,Merge
34358884.478,E6,P233,0.4374610389610394,0.0025,5924.344,1059.189,1.136,8.0557,0.5832271435357803,0.0,Merge
34460641.565,E38,P304,0.09417216117216118,0.0025,3550.596,1059.189,6.1438,25.136,0.37910728695793205,0.0,Merge
34811605.566,P127,P403,0.0025,0.0025,1059.189,1059.189,17.655,24.234,0.8784999999999998,0.0,Graze+Frag
34966515.644,E8,FRAG0031,0.15500000000000003,0.005744921744921746,4192.159,1397.725,1.9845,9.5077,0.7820525471879565,0.0,Hit+Run
35018770.056,E3,FRAG0043,0.030151015651015658,0.005744921744921746,2429.001,1397.725,4.2444,11.614,0.5922819662779657,0.010459540459540461,Fragment
35023088.915,E6,FRAG0038,0.4399610389610394,0.005744921744921746,5935.608,1397.725,1.4248,9.9239,0.8396726889149769,0.0,Hit+Run
35047809.764,E6,FRAG0038,0.4399610389610394,0.005744921744921746,5935.608,1397.725,1.0892,7.5864,0.13792194543195688,0.0,Merge
35378578.202,E6,FRAG0044,0.44570596070596114,0.005744921744921746,5961.332,1397.725,1.46,10.216,0.6174333182883704,0.0,Merge
35469597.421,E41,P293,0.0625,0.0025,3097.090,1059.189,3.8204,13.498,0.7771264817398679,0.0,Hit+Run
35493502.876,E6,E3,0.4514508824508829,0.025436396936396943,5986.835,2295.156,1.6538,11.211,0.7637162053880137,0.01990909090909091,Hit+Run+Frag
35509540.215,E28,P433,0.6250539460539454,0.0025000000000000022,6672.670,1059.189,1.1687,9.4068,0.6670201909282193,0.0,Merge
35514099.932,E6,FRAG0052,0.45145038295038337,0.006636363636363636,5986.833,1466.573,1.0188,7.1358,0.8413880942805702,0.0,Graze+Merge
35625243.233,E6,FRAG0029,0.45808674658674703,0.005744921744921746,6016.026,1397.725,1.5429,10.903,0.6241816045963344,0.0,Merge
35707428.27,E8,P284,0.15500000000000003,0.0025,4192.159,1059.189,5.2498,25.686,0.6362461831065775,0.0,Merge
35757222.536,E6,FRAG0054,0.4638316683316688,0.006636363636363636,6041.071,1466.573,1.2292,8.6934,0.4933345706119481,0.0,Merge
35778101.493,E6,FRAG0040,0.47046803196803244,0.005744921744921746,6069.746,1397.725,1.5584,11.118,0.09233689836031742,0.0,Merge
36065499.478,P205,FRAG0051,0.0025,0.010459540459540461,1059.189,1706.729,19.345,37.411,0.8044486835163549,0.007431568431568432,Graze+Frag
36124417.42,P240,P715,0.0025,0.0025,1059.189,1059.189,16.268,22.329,0.9655499999999999,0.0,Hit+Run
36163825.265,P128,FRAG0013,0.0025,0.005968697968697968,1059.189,1415.642,26.580,43.929,0.7458056831574432,0.008445381285381286,Graze+Frag
36231497.617,E34,P88,0.03250000000000001,0.0025000000000000022,2490.510,1059.189,5.0947,14.292,0.844880471451517,0.0,Hit+Run
36292883.056,E8,P175,0.15750000000000003,0.005,4214.577,1334.495,5.7581,27.838,0.9919962182520173,0.0,Hit+Run
36633090.867,E6,P175,0.4762129537129542,0.005,6094.352,1334.495,1.5137,10.884,0.8074013077178054,0.0,Merge
37103820.031,E34,E62,0.03250000000000001,0.0275,2490.510,2355.617,2.0481,6.4385,0.9504905598134191,0.0,Hit+Run
37422905.285,E6,E3,0.4812129537129542,0.005527805527805528,6115.607,1379.890,1.096,7.8907,0.5993631142999466,0.0,Merge
37762294.26,P78,FRAG0022,0.002500000000000014,0.006742923742923744,1059.189,1474.381,8.0661,13.764,0.5836145077517788,0.0,Graze+Frag
38159205.351,E8,P85,0.15750000000000003,0.0025,4214.577,1059.189,3.4279,16.868,0.9286224846428438,0.0,Hit+Run
38184096.088,E6,FRAG0042,0.4867407592407597,0.005744921744921746,6138.935,1397.725,2.1824,15.761,0.6905696774130233,0.0,Merge
38935903.833,E8,FRAG0025,0.15750000000000003,0.006742923742923744,4214.577,1474.381,3.9336,18.883,0.8333647750094364,0.0,Hit+Run
39055849.466,E6,P85,0.49248568098568146,0.0025,6162.993,1059.189,1.8415,13.620,0.396292092139629,0.0,Merge
39381114.771,E8,FRAG0045,0.15750000000000003,0.005744921744921746,4214.577,1397.725,1.6073,7.7446,0.8135077137728453,0.0,Hit+Run
39474376.423,E0,FRAG0028,0.10544105894105898,0.005744921744921746,3686.920,1397.725,2.0166,8.4250,0.6714505540944533,0.0,Merge
39607471.588,E6,P120,0.49498568098568146,0.0025,6173.404,1059.189,3.4097,25.264,0.29635368775036586,0.0,Merge
39703451.35,E28,P368,0.6275539460539454,0.0025000000000000022,6681.554,1059.189,2.5406,20.478,0.783323979887253,0.0,Merge
39981839.73,E28,E0,0.6300539460539454,0.11118598068598073,6690.415,3752.700,1.2123,9.1249,0.9514340807209059,0.0,Hit+Run
40201236.706,E8,P189,0.15750000000000003,0.0025,4214.577,1059.189,5.2653,25.910,0.8038738014649195,0.0,Hit+Run
40201935.898,E8,P189,0.15750000000000003,0.0025,4214.577,1059.189,1.051,5.1720,0.47390114749845635,0.0,Merge
40216028.917,E6,FRAG0036,0.49748568098568147,0.005744921744921746,6183.780,1397.725,1.2986,9.4523,0.9019348419527001,0.0,Hit+Run
41219639.861,E8,FRAG0004,0.16000000000000003,0.006438894438894439,4236.759,1451.880,1.9531,9.4385,0.957110923295007,0.0,Hit+Run
41345582.928,E6,FRAG0036,0.49748568098568147,0.005744921744921746,6183.780,1397.725,1.4082,10.250,0.7757553157724842,0.0,Merge
41430621.06,E28,P177,0.6300539460539454,0.0025,6690.415,1059.189,3.1166,25.156,0.5780813298341665,0.0,Merge
41670485.0,E8,P205,0.16000000000000003,0.005527972027972029,4236.759,1379.904,2.8365,13.757,0.7859255171594777,0.0,Hit+Run
42268420.494,E28,P92,0.6325539460539453,0.002500000000000014,6699.252,1059.189,2.123,17.160,0.6856887172464239,0.0,Merge
42313540.281,E28,P510,0.6350539460539454,0.0025,6708.067,1059.189,1.6239,13.144,0.9734882163213301,0.0,Hit+Run
43538752.657,E28,P334,0.6350539460539454,0.0025,6708.067,1059.189,2.716,21.984,0.03817262168328849,0.0,Merge
43679442.835,E28,E62,0.6375539460539453,0.0275,6716.858,2355.617,1.488,11.382,0.8998282012072214,0.016485514485514486,Hit+Run+Frag
43801645.613,P109,P510,0.0025,0.0025,1059.189,1059.189,16.636,22.835,0.6067,0.0,Graze+Frag
43899387.12,P109,FRAG0031,0.005,0.005744921744921746,1334.495,1397.725,10.314,18.273,0.42957318962303814,0.010697962037962038,Fragment
45280217.899,P154,P173,0.0025,0.0025,1059.189,1059.189,8.8795,12.187,0.67655,0.0,Graze+Frag
45512847.682,P205,FRAG0019,0.005527972027972029,0.006867132867132868,1379.904,1483.379,10.497,19.512,0.7525830352158773,0.011882570762570762,Graze+Frag
45844411.62,E6,P340,0.5032306027306032,0.0025,6207.492,1059.189,5.2482,39.116,0.2047613830576912,0.0,Merge
46245355.432,E8,P78,0.16000000000000003,0.009243090243090245,4236.759,1637.820,6.0919,29.213,0.9274659673051832,0.0,Hit+Run
46318059.226,E6,P325,0.5057306027306031,0.0025,6217.754,1059.189,6.1081,45.605,0.2199343462796776,0.0,Merge
46912582.776,E6,P78,0.508230602730603,0.009243090243090245,6227.983,1637.820,1.3826,10.019,0.830022624204064,0.0,Hit+Run
46922284.983,E6,FRAG0025,0.508230602730603,0.006742923742923744,6227.983,1474.381,2.1239,15.515,0.45385632172919843,0.0,Merge
47386416.369,E28,P450,0.6375537795537788,0.0025,6716.857,1059.189,3.7918,30.734,0.7450172610664622,0.0,Merge
47966102.791,E6,P472,0.5149735264735268,0.0025,6255.405,1059.189,4.1319,31.049,0.9667979592814466,0.0,Hit+Run
48097424.66,E6,FRAG0050,0.5149735264735268,0.006043956043956044,6255.405,1421.567,3.5306,25.985,0.8388644394842413,0.0,Hit+Run
48097464.589,E6,FRAG0050,0.5149735264735268,0.006043956043956044,6255.405,1421.567,1.0493,7.7230,0.5936829826209016,0.0,Merge
48256491.831,P127,P254,0.005,0.0025,1334.495,1059.189,25.814,40.823,0.8813065375741621,0.0,Graze+Frag
49329544.256,E8,FRAG0058,0.16000000000000003,0.006867132867132868,4236.759,1483.379,3.669,17.704,0.5594312299520291,0.0064072793872793875,Fragment
49578376.263,E6,P205,0.5210174825174828,0.005527972027972029,6279.782,1379.904,1.6284,12.062,0.8323101152259905,0.0,Hit+Run
49582287.374,E6,P205,0.5210174825174828,0.005527972027972029,6279.782,1379.904,1.0428,7.7245,0.2571864491197726,0.0,Merge
50233018.691,E62,P679,0.011014652014652015,0.0025,1736.404,1059.189,3.6785,7.2259,0.8821791149732233,0.0,Hit+Run
50733026.095,P109,P489,0.010744921744921745,0.0025,1722.112,1059.189,11.081,21.605,0.6593593345429272,0.012716163836163835,Graze+Frag
50762359.459,E0,P1,0.11118598068598073,0.010647685647685649,3752.700,1716.902,1.4751,6.2199,0.993680185926742,0.0,Hit+Run
50812982.587,E0,P472,0.11118598068598073,0.0025,3752.700,1059.189,3.2752,14.222,0.8017173423957118,0.0,Hit+Run
50841870.824,E0,P472,0.11118598068598073,0.0025,3752.700,1059.189,1.0205,4.4316,0.7546125491265474,0.0,Merge
50845110.472,E8,P287,0.16045987345987348,0.0025,4240.815,1059.189,5.637,27.925,0.7195776174933733,0.0,Merge
51291912.373,E8,P127,0.16295987345987348,0.007499833499833501,4262.725,1527.604,2.8537,13.833,0.19251107626831138,0.0,Merge
52129845.991,E0,P78,0.11368598068598074,0.009243090243090245,3780.618,1637.820,4.1526,17.671,0.666543427899248,0.009023310023310024,Fragment
52296582.957,E29,FRAG0011,0.07250000000000001,0.005968697968697968,3254.167,1415.642,2.2499,8.2398,0.7799169168385752,0.0,Hit+Run
53009953.639,E8,E62,0.17045970695970697,0.011014652014652015,4327.141,1736.404,1.568,7.6638,0.6489771501400294,0.0,Merge
53013663.022,E41,FRAG0059,0.0625,0.006407259407259408,3097.090,1449.499,2.5047,8.7116,0.6835058326565843,0.0,Hit+Run
53135234.273,E6,P271,0.5265454545454549,0.0025,6301.914,1059.189,2.6579,20.131,0.6748714375166639,0.0,Merge
53470584.739,E0,FRAG0046,0.11390576090576096,0.005744921744921746,3783.052,1397.725,3.7993,16.312,0.8158629214353778,0.0,Hit+Run
53587876.75,E6,P109,0.5290454545454548,0.005527639027639027,6311.872,1379.877,3.4859,25.963,0.892323645734349,0.0,Hit+Run
53623959.049,E28,P282,0.6400537795537787,0.0025,6725.625,1059.189,1.0668,8.6590,0.8737040832463808,0.0,Hit+Run
53630109.628,E6,P109,0.5290454545454548,0.005527639027639027,6311.872,1379.877,1.0547,7.8555,0.9074227399788882,0.0,Hit+Run
53691034.568,E6,P109,0.5290454545454548,0.005527639027639027,6311.872,1379.877,1.0162,7.5688,0.3073158040532589,0.0,Merge
53873303.553,E28,P282,0.6400537795537787,0.0025,6725.625,1059.189,1.1788,9.5681,0.7843725276173136,0.0,Merge
55823141.628,E28,P133,0.6425537795537787,0.0025,6734.370,1059.189,1.5699,12.760,0.7349985401424413,0.0,Merge
55850668.186,E8,FRAG0060,0.18147435897435898,0.007717282717282718,4418.405,1542.228,1.892,9.5232,0.9722423862580448,0.0,Hit+Run
56048761.307,E8,E0,0.18147435897435898,0.11390576090576096,4418.405,3783.052,1.5113,8.1031,0.7938247619307192,0.0,Hit+Run
56352327.235,E35,FRAG0059,0.02750000000000001,0.006407259407259408,2355.617,1449.499,6.2883,16.770,0.7049921010438013,0.013168165168165168,Graze+Frag
57440704.923,E8,P455,0.18147435897435898,0.0025,4418.405,1059.189,7.569,39.190,0.8565628688116722,0.0,Hit+Run
57747920.765,E28,P629,0.6450537795537786,0.0025,6743.093,1059.189,3.3903,27.594,0.6257142139172029,0.0,Merge
58268820.286,E6,P455,0.5345730935730938,0.0025,6333.778,1059.189,1.3086,9.9648,0.8658971010205204,0.0,Hit+Run
58645853.966,E6,FRAG0061,0.5345730935730938,0.009023310023310024,6333.778,1624.734,1.8378,13.569,0.3946617495594694,0.0,Merge
58937815.572,E28,P679,0.6475537795537786,0.0025,6751.793,1059.189,2.0736,16.900,0.6769095706898317,0.0,Merge
59526633.474,E8,P455,0.18147435897435898,0.0025,4418.405,1059.189,2.211,11.448,0.3578221005790166,0.0,Merge
59528191.892,E28,P128,0.6500537795537785,0.00846886446886447,6760.470,1590.751,3.1101,24.674,0.6937575753717559,0.0,Merge
63819753.144,E8,P299,0.183974358974359,0.0025,4438.602,1059.189,6.3462,33.020,0.9676002159620081,0.0,Hit+Run
63828809.66,P358,P414,0.0025000000000000022,0.0025,1059.189,1059.189,24.471,33.589,0.9424500000000001,0.0,Hit+Run
64301489.883,E0,P473,0.11390576090576096,0.0025,3783.052,1059.189,6.3733,27.918,0.9650910509878327,0.0,Hit+Run
65409832.018,E6,P246,0.5435964035964038,0.0025,6369.217,1059.189,5.5458,42.482,0.36860209756383416,0.0,Merge
65450443.846,P336,P473,0.0025,0.0025,1059.189,1059.189,16.999,23.333,0.7958,0.0,Graze+Frag
65698606.594,P1,P299,0.010647685647685649,0.0025,1716.902,1059.189,8.7606,17.033,0.8308393075657132,0.0,Hit+Run
66717066.607,E48,P322,0.005528305028305026,0.0025,1379.932,1059.189,19.958,32.350,0.8046656302383026,0.007835664335664336,Graze+Frag
67656350.613,E6,P219,0.5460964035964038,0.0025,6378.966,1059.189,2.2693,17.411,0.3346357013578035,0.0,Merge
70392040.05,E28,FRAG0024,0.658522644022643,0.006742923742923744,6789.702,1474.381,1.8885,15.138,0.806638675868427,0.0,Merge
70484115.359,E6,E8,0.5485964035964037,0.183974358974359,6388.685,4438.602,1.2085,8.8811,0.6695933510355799,0.0,Hit+Run
70822142.04,E8,P1,0.183974358974359,0.010647685647685649,4438.602,1716.902,3.3243,16.700,0.6848083121237286,0.0,Merge
72620600.22,E6,E8,0.5485964035964037,0.19462204462204463,6388.685,4522.631,1.2077,8.9050,0.6444708870418792,0.0,Hit+Run
72642134.805,E6,E8,0.5485964035964037,0.19462204462204463,6388.685,4522.631,1.0425,7.6869,0.6163664057317944,0.019574512154512155,Graze+Merge
76082865.668,E6,E0,0.7432184482184483,0.11390576090576096,7069.130,3783.052,1.6271,12.919,0.8349015417706757,0.02927738927738928,Hit+Run+Frag
76084899.826,E6,E0,0.7432181152181153,0.08462870462870464,7069.129,3426.360,1.0444,8.2870,0.961680013047282,0.0,Hit+Run
76114521.632,E6,E0,0.7432181152181153,0.08462870462870464,7069.129,3426.360,0.9943,7.8894,0.5495410580230267,0.00902027306027306,Perfect
76180378.03,E6,FRAG0064,0.82784681984682,0.005855477855477856,7327.860,1406.634,1.1949,10.429,0.7782159449547115,0.00902027306027306,Merge
76246178.014,E6,FRAG0066,0.8337022977022979,0.005855477855477856,7345.096,1406.634,1.1187,9.7892,0.6516959199162217,0.0,Merge
77362166.611,E6,P363,0.8395577755577758,0.0025,7362.252,1059.189,5.2611,47.001,0.8759754703860378,0.0,Hit+Run
77627048.985,E6,FRAG0068,0.8395577755577758,0.005855477855477856,7362.252,1406.634,1.6637,14.594,0.2579214379816551,0.0,Merge
77634949.554,E6,P363,0.8454132534132537,0.0025,7379.328,1059.189,1.1192,10.023,0.41336742043500335,0.0,Merge
78483397.023,E6,FRAG0065,0.8479132534132536,0.005855477855477856,7386.595,1406.634,1.0797,9.5050,0.8501124815978368,0.0,Hit+Run
78672784.157,E6,FRAG0065,0.8479132534132536,0.005855477855477856,7386.595,1406.634,1.2378,10.896,0.371042176997791,0.0,Merge
79165973.122,P429,FRAG0046,0.0025,0.005744921744921746,1059.189,1397.725,26.113,42.738,0.9975783038159142,0.0,Hit+Run
79233896.522,E6,FRAG0067,0.8537687312687315,0.005855477855477856,7403.560,1406.634,2.1202,18.710,0.8147097465956101,0.0,Merge
80144111.489,P89,FRAG0023,0.0024999999999999905,0.006742923742923744,1059.189,1474.381,20.993,35.824,0.8023027233713729,0.0,Graze+Frag
80395275.655,E6,P336,0.8596242091242094,0.005,7420.446,1334.495,1.9035,16.900,0.5861810066986718,0.0,Merge
84557408.693,E40,E29,0.09975041625041632,0.07250000000000001,3619.362,3254.167,1.7826,7.9726,0.6101839271469737,0.0,Hit+Run
85894703.531,E28,P429,0.6652655677655668,0.0025,6812.798,1059.189,3.1285,25.743,0.8700351057030407,0.0,Hit+Run
86541863.692,E6,P355,0.8646242091242095,0.0025,7434.806,1059.189,3.7899,34.211,0.9523278545131336,0.0,Hit+Run
86606549.15,E6,P355,0.8646242091242095,0.0025,7434.806,1059.189,1.1892,10.734,0.8421274162013656,0.0,Merge
86652833.86,E28,P429,0.6652655677655668,0.0025,6812.798,1059.189,1.3484,11.095,0.05711958318551744,0.0,Merge
88267448.943,E35,FRAG0009,0.020739094239094247,0.005968697968697968,2144.159,1415.642,9.6735,23.672,0.8230174787147423,0.00820945720945721,Graze+Frag
88274955.742,E35,FRAG0069,0.018498334998335003,0.00820945720945721,2063.976,1574.340,1.0225,2.4750,0.9313180159959176,0.0,Graze+Merge
93412370.861,E6,E48,0.8671242091242094,0.008027639027639028,7441.965,1562.631,2.8657,25.240,0.5932351007623603,0.0,Merge
94369846.069,E6,P89,0.8751518481518484,0.009243090243090245,7464.859,1637.820,3.8319,33.745,0.7173176249811414,0.0,Merge
94465497.003,P414,P526,0.0025,0.0025000000000000022,1059.189,1059.189,15.507,21.285,0.43464999999999987,0.0,Merge
94629650.4,E28,E35,0.6677655677655667,0.026707792207792215,6821.321,2332.776,2.2397,17.428,0.7102920997271126,0.0,Merge
95820525.385,E6,P54,0.8843949383949387,0.005,7491.048,1334.495,4.448,39.893,0.13359980991922069,0.0,Merge
104716136.78,E29,P471,0.07250000000000001,0.0025,3254.167,1059.189,3.4066,12.691,0.8556853243131491,0.0,Hit+Run
106317190.251,E29,FRAG0045,0.07250000000000001,0.005744921744921746,3254.167,1397.725,7.8974,28.937,0.927584953124148,0.0,Hit+Run
111071413.796,E6,FRAG0060,0.8893949383949387,0.007717282717282718,7505.138,1542.228,2.4596,21.881,0.8001727867566686,0.0,Merge
113888138.162,E6,P471,0.8971122211122213,0.0025,7526.783,1059.189,2.0712,18.941,0.36529471193058727,0.0,Merge
120174594.026,E6,P279,0.8996122211122213,0.0025,7533.769,1059.189,2.7264,24.957,0.9411776622037162,0.0,Hit+Run
120383324.752,E6,P279,0.8996122211122213,0.0025,7533.769,1059.189,1.0279,9.4095,0.8201878928659307,0.0,Merge
127419487.589,E29,FRAG0011,0.07250000000000001,0.005968697968697968,3254.167,1415.642,6.6881,24.493,0.9151759175161731,0.0,Hit+Run
142233513.405,E40,FRAG0049,0.09975041625041632,0.006043956043956044,3619.362,1421.567,4.0919,16.747,0.5489789277231232,0.008596290376290375,Fragment
148383092.921,E28,E40,0.6944733599733589,0.09719830169830178,6911.076,3588.228,1.3914,10.794,0.3993550247797016,0.03091575091575092,Fragment
148594226.026,E28,FRAG0075,0.7607559107559098,0.0061831501831501835,7124.301,1432.398,1.0241,8.6621,0.4506859562076627,0.0,Merge
149727900.719,E28,FRAG0074,0.76693906093906,0.0061831501831501835,7143.550,1432.398,1.0504,8.9103,0.18417076310095673,0.0,Merge
151449630.841,E28,FRAG0071,0.7731222111222101,0.0061831501831501835,7162.696,1432.398,1.0178,8.6586,0.6315103674366922,0.0,Merge
151987214.128,E28,FRAG0073,0.7793053613053603,0.0061831501831501835,7181.741,1432.398,1.0815,9.2267,0.5934386586818075,0.0,Merge
154264742.761,E28,FRAG0072,0.7854885114885105,0.0061831501831501835,7200.684,1432.398,1.197,10.240,0.848676738994818,0.0,Hit+Run
156279674.372,P358,FRAG0055,0.0025000000000000022,0.007431568431568432,1059.189,1522.955,15.850,27.772,0.9231085906926684,0.0,Hit+Run
157909921.296,P506,FRAG0070,0.0025000000000000022,0.008596070596070596,1059.189,1598.676,14.126,25.787,0.9236697179230026,0.0,Hit+Run
170610509.805,E6,FRAG0056,0.9021122211122212,0.008242757242757243,7540.741,1576.466,4.0672,36.310,0.9037600530772417,0.0,Hit+Run
170621128.666,E6,FRAG0056,0.9021122211122212,0.008242757242757243,7540.741,1576.466,1.0624,9.4846,0.8952410372936821,0.0,Hit+Run
170718073.485,E6,FRAG0056,0.9021122211122212,0.008242757242757243,7540.741,1576.466,1.1032,9.8488,0.534051309848975,0.0,Merge
176422150.231,E6,FRAG0011,0.9103549783549785,0.005968697968697968,7563.638,1415.642,4.7333,42.719,0.6477620828689398,0.0,Merge
