time_yr,target,projectile,Mt_Mearth,Mp_Mearth,Rt_km,Rp_km,vimp/vesc,vimp_km/s,b,m_frag_Mearth,Regime
9903.124,E1,E0,0.06750000000000003,0.061745486980531006,3177.569,3084.576,1.0476,4.2520,0.9483773499132301,0.0,Hit+Run
20782.527,E2,P209,0.07250000000000004,0.0025,3254.167,1059.189,1.2215,4.5506,0.835089124918202,0.0,Hit+Run
23608.95,E0,P48,0.061745486980531006,0.0025000000000000022,3084.576,1059.189,1.7217,6.0567,0.23381276788793115,0.0,Merge
24297.93,E16,P39,0.08750000000000001,0.0025,3464.680,1059.189,1.5691,6.2527,0.6672994210528828,0.0,Merge
32986.598,E25,P195,0.175,0.0025,4365.224,1059.189,1.2354,6.3137,0.9244008382167382,0.0,Hit+Run
35466.415,E22,P427,0.025,0.0025,2281.955,1059.189,1.2874,3.2998,0.7089394544511847,0.0,Hit+Run
37003.717,E16,P195,0.09000000000000001,0.0025,3497.368,1059.189,1.0702,4.3079,0.9831497299718108,0.0,Hit+Run
47235.68,E10,P110,0.04,0.0025,2668.991,1059.189,2.1686,6.5415,0.4868811053113363,0.0,Merge
80184.729,E47,P557,0.030000000000000002,0.0025,2424.939,1059.189,1.1452,3.1248,0.4773835348737612,0.0,Merge
90346.351,E60,E69,0.025,0.025,2281.955,2281.955,1.1588,3.4267,0.2022,0.0064751914751914755,Fragment
105447.179,E5,E12,0.13250000000000003,0.025,3978.620,2281.955,1.0812,4.8450,0.6454177367999472,0.0,Graze+Merge
110761.394,E20,P196,0.025,0.0025,2281.955,1059.189,1.5789,4.0469,0.8407557499319925,0.0,Hit+Run
114211.433,E2,P28,0.07250000000000004,0.0025000000000000022,3254.167,1059.189,1.7663,6.5802,0.9484059435673248,0.0,Hit+Run
118381.31,E10,P52,0.0425,0.0025,2723.475,1059.189,1.5259,4.7020,0.5754147902056929,0.0,Merge
130807.084,E5,P161,0.15750000000000003,0.0025,4214.577,1059.189,1.1892,5.8521,0.9329379419725092,0.0,Hit+Run
131348.601,E1,E0,0.06750000000000003,0.06424548698053101,3177.569,3125.657,1.0248,4.1858,0.5698548930769587,0.006199433899433899,Graze+Merge
143575.933,E25,P262,0.175,0.0025,4365.224,1059.189,1.3401,6.8488,0.8407887139974302,0.006199433899433899,Hit+Run
151868.748,E48,E43,0.037500000000000006,0.027500000000000004,2612.187,2355.617,1.0864,3.5109,0.6385071691243759,0.0,Graze+Merge
188296.547,E25,P174,0.175,0.0025,4365.224,1059.189,1.0651,5.4434,0.8200265118332515,0.0,Hit+Run
195832.896,E35,P414,0.035,0.0025,2552.798,1059.189,1.0379,2.9878,0.8660601528407575,0.0,Hit+Run
204258.507,E1,P35,0.13174548698053104,0.0025,3971.053,1059.189,1.2442,5.7425,0.9957941395774429,0.0,Hit+Run
204843.423,E2,P56,0.07250000000000004,0.0025,3254.167,1059.189,1.3158,4.9019,0.9364857988625569,0.0,Hit+Run
204874.25,E72,P524,0.025,0.0025,2281.955,1059.189,2.1599,5.5361,0.6075160353895267,0.0,Merge
232411.948,E1,P111,0.13174548698053104,0.0025,3971.053,1059.189,1.1619,5.3626,0.9965835752358996,0.0,Hit+Run
235287.304,E20,P258,0.025,0.0025,2281.955,1059.189,1.5638,4.0082,0.33534611959107097,0.0,Merge
261708.019,E50,P512,0.052500000000000005,0.0025,2922.224,1059.189,1.0248,3.4029,0.8072162849810861,0.0,Graze+Merge
289969.01,E72,P675,0.0275,0.0025,2355.617,1059.189,1.048,2.7752,0.8404820334579529,0.0,Hit+Run
300693.922,E36,P234,0.06,0.0025,3055.232,1059.189,1.4363,5.0013,0.8572930865194446,0.0,Hit+Run
320926.165,E5,E16,0.15750000000000003,0.09000000000000001,4214.577,3497.368,1.0294,5.2101,0.8123720871318648,0.0,Graze+Merge
322723.973,E34,E22,0.085,0.025,3431.364,2281.955,1.0448,4.0958,0.33915332156088235,0.005878787878787879,Fragment
327783.276,E10,P209,0.045000000000000005,0.0025,2775.862,1059.189,1.3295,4.1802,0.7125219803285389,0.0,Merge
333487.702,E1,P35,0.13174548698053104,0.0025,3971.053,1059.189,1.0154,4.6865,0.4892132775456963,0.0,Merge
334550.641,E29,P358,0.05500000000000001,0.0025,2967.891,1059.189,1.3139,4.4356,0.7499541627265103,0.0,Hit+Run
340771.391,E1,P59,0.13424548698053104,0.0025,3996.014,1059.189,1.6094,7.4783,0.48653758284980186,0.0,Merge
359621.458,E72,E54,0.0275,0.025,2355.617,2281.955,1.0019,3.0117,0.8020401764052978,0.0,Graze+Merge
365701.115,E5,P173,0.24750000000000005,0.0025,4899.881,1059.189,1.1232,6.4997,0.8807182681409166,0.0,Hit+Run
367934.727,E2,P117,0.07250000000000004,0.0025,3254.167,1059.189,1.3933,5.1906,0.719056323931284,0.0,Merge
374341.36,E2,P97,0.07500000000000004,0.0025,3291.149,1059.189,2.036,7.6775,0.5620239480786419,0.0,Merge
377275.93,E48,E45,0.065,0.030000000000000002,3137.846,2424.939,1.0447,3.8571,0.954815143267415,0.0,Hit+Run
392968.541,E30,P328,0.052500000000000005,0.0025,2922.224,1059.189,1.0066,3.3425,0.4019934163340069,0.0,Merge
408069.971,E25,P200,0.175,0.0025,4365.224,1059.189,1.1355,5.8031,0.19007876554957215,0.0,Merge
423961.117,P0,P99,0.0025,0.0025000000000000022,1059.189,1059.189,5.1923,7.1268,0.8919499999999998,0.0,Hit+Run
427854.145,E2,P112,0.07750000000000004,0.0025,3327.318,1059.189,1.5618,5.9589,0.6505193010778209,0.0,Merge
430965.794,E60,P646,0.04352480852480853,0.0025,2745.192,1059.189,0.9986,3.1031,0.11595901329086902,0.0,Perfect
445634.218,E10,P45,0.04750000000000001,0.0025,2826.344,1059.189,1.6552,5.3047,0.4292397517211377,0.0,Merge
452911.74,E10,P0,0.05000000000000001,0.0025,2875.083,1059.189,1.1927,3.8925,0.8148183524064408,0.0,Hit+Run
481689.694,E1,P28,0.13674548698053104,0.0025000000000000022,4020.667,1059.189,1.8581,8.6914,0.6548014963794943,0.0,Merge
498589.99,E5,P55,0.24750000000000005,0.0025,4899.881,1059.189,1.0934,6.3272,0.7600111056321999,0.0,Merge
501249.835,E25,P134,0.1775,0.0025,4385.912,1059.189,1.1164,5.7346,0.46129749014360694,0.0,Merge
540876.317,E25,P157,0.18,0.0025,4406.407,1059.189,1.2049,6.2204,0.5433034678294165,0.0,Merge
613663.628,E20,P223,0.0275,0.0025,2355.617,1059.189,1.8155,4.8076,0.5572401400421326,0.0,Merge
624271.976,E61,P666,0.027500000000000004,0.0025,2355.617,1059.189,1.0361,2.7436,0.6656115512833051,0.0,Merge
698576.352,E34,P298,0.10412121212121214,0.0025,3671.472,1059.189,1.0135,4.2987,0.6852196834978779,0.0,Merge
711684.952,E30,P135,0.05500000000000001,0.0025,2967.891,1059.189,1.5069,5.0872,0.6358691544815577,0.0,Merge
778603.075,E25,P224,0.1825,0.0025,4426.714,1059.189,1.0139,5.2603,0.6293209453312286,0.0,Merge
792054.987,E2,P118,0.08000000000000004,0.0025,3362.718,1059.189,1.9445,7.5039,0.8499747349039307,0.0,Hit+Run
798525.347,E10,P137,0.05000000000000001,0.0025,2875.083,1059.189,2.2849,7.4571,0.49817190209459256,0.0,Merge
798830.363,E2,P108,0.08000000000000004,0.0025000000000000022,3362.718,1059.189,1.7985,6.9404,0.8636631532883547,0.0,Hit+Run
808901.418,E1,P98,0.13924548698053105,0.0025,4045.022,1059.189,0.9997,4.7067,0.8605617164202044,0.0,Perfect
810202.318,E17,P128,0.02749999999999999,0.0025,2355.617,1059.189,4.0826,10.811,0.16252262564239472,0.005533799533799534,Fragment
826469.115,E5,P21,0.25000000000000006,0.0025000000000000022,4916.324,1059.189,1.2121,7.0394,0.8143529709462806,0.0,Merge
843257.59,E29,P247,0.05500000000000001,0.0025,2967.891,1059.189,1.0818,3.6521,0.9850518218359411,0.0,Hit+Run
858130.159,E5,P278,0.25250000000000006,0.0025,4932.657,1059.189,1.2213,7.1181,0.8996237293056545,0.0,Hit+Run
862615.324,E40,P323,0.025,0.0025,2281.955,1059.189,1.0466,2.6826,0.5037021653735536,0.0,Merge
873820.341,E5,P146,0.25250000000000006,0.0025,4932.657,1059.189,1.2139,7.0750,0.8390341369951713,0.0,Hit+Run
876022.663,E5,FRAG0003,0.25250000000000006,0.005533799533799534,4932.657,1380.389,1.2424,7.0963,0.9126090740822391,0.0,Hit+Run
908117.361,E10,E9,0.05250000000000001,0.030000000000000002,2922.224,2424.939,0.9946,3.4903,0.6676589161446346,0.0,Perfect
972062.314,E5,P64,0.25250000000000006,0.0025,4932.657,1059.189,1.4829,8.6428,0.23322053670597725,0.0,Merge
973970.339,E1,P24,0.14174548698053105,0.0025,4069.086,1059.189,1.74,8.2446,0.15059886642327494,0.0,Merge
1054502.13,E5,E10,0.25500000000000006,0.08250000000000002,4948.883,3397.388,1.12,6.3630,0.6907814169137244,0.0,Hit+Run
1064278.119,E5,E10,0.25500000000000006,0.08250000000000002,4948.883,3397.388,1.0451,5.9375,0.6183234863155638,0.008274019314019313,Graze+Merge
1079899.755,E34,P162,0.10662121212121214,0.0025,3700.624,1059.189,1.0619,4.5425,0.5901793307773088,0.008274019314019313,Merge
1096443.914,E29,P46,0.05500000000000001,0.0025,2967.891,1059.189,1.1889,4.0136,0.5922397456436945,0.0,Merge
1140389.315,E32,P445,0.035,0.0025,2552.798,1059.189,1.3304,3.8298,0.9162399070856521,0.0,Hit+Run
1147250.624,E1,P8,0.14424548698053105,0.0025,4092.869,1059.189,1.6037,7.6466,0.9757790500585846,0.0,Hit+Run
1152830.898,E17,P215,0.024466200466200454,0.0025,2265.597,1059.189,5.2137,13.265,0.32115618422945424,0.00974994338994339,Fragment
1163351.498,E5,E17,0.3375000000000001,0.0172162837162837,5433.568,2015.148,1.0914,6.7288,0.6167615518131531,0.0,Merge
1191496.251,E72,P598,0.052500000000000005,0.0025,2922.224,1059.189,1.1058,3.6719,0.9156231273994407,0.0,Hit+Run
1192344.393,E36,E23,0.06,0.030000000000000002,3055.232,2424.939,1.2144,4.3968,0.8997600082179528,0.0,Hit+Run
1213358.894,E2,P94,0.08000000000000004,0.0025,3362.718,1059.189,2.5875,9.9852,0.7316459626474652,0.0,Merge
1272224.689,E39,P514,0.025,0.0025,2281.955,1059.189,1.313,3.3654,0.8338575914638259,0.0,Hit+Run
1276478.784,E38,P459,0.027500000000000004,0.0025,2355.617,1059.189,1.8231,4.8277,0.7729482259435624,0.0,Hit+Run
1297448.292,P0,P19,0.0025,0.0025,1059.189,1059.189,12.139,16.662,0.7825,0.0,Graze+Frag
1303876.927,E1,P93,0.14424548698053105,0.0025,4092.869,1059.189,1.4791,7.0525,0.9319273822549259,0.0,Hit+Run
1407997.911,P0,P20,0.005,0.0025,1334.495,1059.189,4.9971,7.9026,0.9056138282106965,0.0,Hit+Run
1483965.089,E36,E38,0.06,0.027500000000000004,3055.232,2355.617,1.0305,3.7023,0.9518857630984828,0.0,Graze+Merge
1513911.943,E5,P74,0.3547162837162838,0.0025000000000000022,5524.431,1059.189,1.3313,8.7612,0.8914783439805314,0.0,Hit+Run
1603515.61,E44,P314,0.025,0.0025,2281.955,1059.189,1.2466,3.1952,0.5170203921190238,0.0,Merge
1606351.717,E5,P33,0.3547162837162838,0.0025,5524.431,1059.189,1.3872,9.1291,0.7503387944158425,0.0,Merge
1637184.462,E84,P419,0.025,0.0025,2281.955,1059.189,3.3617,8.6165,0.8981265728355566,0.0,Hit+Run
1639333.291,E2,P126,0.08250000000000005,0.0025,3397.388,1059.189,1.9957,7.7868,0.9623667974185603,0.0,Hit+Run
1641935.782,E25,P255,0.185,0.0025,4446.835,1059.189,1.1628,6.0623,0.9909629502817051,0.0,Hit+Run
1656265.753,E36,P331,0.0875,0.0025,3464.680,1059.189,1.118,4.4551,0.8604509348707835,0.0,Hit+Run
1660137.501,E41,P247,0.027500000000000004,0.0025,2355.617,1059.189,1.6123,4.2695,0.4511451492789735,0.0,Merge
1721012.047,E20,P179,0.03,0.0025,2424.939,1059.189,1.4558,3.9724,0.7774969336747027,0.0,Hit+Run
1730107.392,E2,P306,0.08250000000000005,0.0025,3397.388,1059.189,1.9648,7.6662,0.17045723693186793,0.0,Merge
1790847.027,E23,P338,0.030000000000000002,0.0025,2424.939,1059.189,2.2987,6.2724,0.3986664073125681,0.0,Merge
1792293.734,E5,P14,0.3572162837162838,0.0025,5537.379,1059.189,1.654,10.912,0.9351285929454728,0.0,Hit+Run
1802730.552,E47,P603,0.0325,0.0025,2490.510,1059.189,1.1589,3.2511,0.8121152181573915,0.0,Hit+Run
1818691.338,E2,P108,0.08500000000000005,0.0025000000000000022,3431.364,1059.189,2.2656,8.9350,0.5244983844338831,0.0,Merge
1826173.16,E5,P44,0.3572162837162838,0.0025,5537.379,1059.189,1.3314,8.7838,0.4179537939206022,0.0,Merge
1853990.808,E20,P156,0.03,0.0025,2424.939,1059.189,3.5604,9.7151,0.8412501510452183,0.0,Hit+Run
1860572.305,E25,P199,0.185,0.0025,4446.835,1059.189,1.7777,9.2682,0.28178237437105697,0.0,Merge
1873433.363,E5,P139,0.3597162837162838,0.0025,5550.267,1059.189,1.073,7.0967,0.5732947982204532,0.0,Merge
1881827.626,E1,P93,0.14424548698053105,0.0025,4092.869,1059.189,1.781,8.4920,0.4807000758694533,0.0,Merge
1883660.796,E5,P74,0.3622162837162838,0.0025000000000000022,5563.095,1059.189,1.2148,8.0544,0.9951312057608901,0.0,Hit+Run
1889819.997,E29,P113,0.05750000000000001,0.0025,3012.195,1059.189,2.0184,6.9225,0.7709188191313953,0.0,Hit+Run
1893967.211,E5,P156,0.3622162837162838,0.0025,5563.095,1059.189,1.0867,7.2051,0.36374456533383875,0.0,Merge
1906968.726,E5,P84,0.3647162837162838,0.0025000000000000022,5575.864,1059.189,1.4388,9.5630,0.4500992527797591,0.0,Merge
1923286.11,E2,P75,0.08750000000000005,0.0025,3464.680,1059.189,1.9655,7.8324,0.9515890401218947,0.0,Hit+Run
1954868.424,E30,P210,0.05750000000000001,0.0025000000000000022,3012.195,1059.189,1.0766,3.6924,0.8181949348151727,0.0,Hit+Run
2025106.007,E49,P535,0.025,0.0025,2281.955,1059.189,2.5267,6.4763,0.23576676269417046,0.0,Merge
2037961.093,E20,P172,0.03,0.0025,2424.939,1059.189,2.8338,7.7325,0.8060327624104139,0.0,Hit+Run
2107855.885,E25,P119,0.1875,0.0025,4466.777,1059.189,1.8953,9.9290,0.9659483247480241,0.0,Hit+Run
2166121.943,E47,P463,0.0325,0.0025,2490.510,1059.189,1.3013,3.6506,0.7204146056190148,0.0,Hit+Run
2250177.802,E35,P322,0.035,0.0025,2552.798,1059.189,1.4892,4.2869,0.60710435065302,0.0,Merge
2329608.174,E50,P654,0.05500000000000001,0.0025,2967.891,1059.189,1.2873,4.3458,0.7870244205735459,0.0,Hit+Run
2330778.596,E5,P69,0.3672162837162838,0.0025000000000000022,5588.576,1059.189,1.1717,7.8067,0.6940569773492691,0.0,Merge
2471821.772,E34,P208,0.10912121212121215,0.0025,3729.325,1059.189,1.4678,6.3313,0.7843357001928098,0.0,Hit+Run
2630514.482,E5,P180,0.3697162837162838,0.0025,5601.229,1059.189,1.1825,7.8977,0.7692375346490887,0.0,Merge
2656731.75,E25,P186,0.1875,0.0025,4466.777,1059.189,1.3997,7.3327,0.9322411740015868,0.0,Hit+Run
2671253.56,E5,P280,0.3722162837162838,0.0025,5613.826,1059.189,1.4242,9.5349,0.26104691431846233,0.0,Merge
2764507.933,E86,P207,0.025,0.0025,2281.955,1059.189,4.8619,12.461,0.7736182274150837,0.0,Hit+Run
2767303.409,E5,P251,0.3747162837162838,0.0025,5626.366,1059.189,1.4037,9.4201,0.7580866328154949,0.0,Merge
2775699.655,E73,P371,0.025,0.0025,2281.955,1059.189,1.6418,4.2081,0.06645453652996172,0.0,Merge
2793125.977,E5,P8,0.3772162837162838,0.0025,5638.851,1059.189,1.3241,8.9070,0.494932858149405,0.0,Merge
2802199.425,E1,P226,0.14674548698053105,0.0025,4116.379,1059.189,3.8075,18.267,0.9185475703797725,0.0,Hit+Run
2802763.751,E5,P161,0.3797162837162838,0.0025,5651.281,1059.189,1.8396,12.403,0.7133925779024305,0.0,Merge
2868847.799,E5,P208,0.3822162837162838,0.0025,5663.656,1059.189,1.1296,7.6344,0.6938411484051794,0.0,Merge
2900750.277,E5,FRAG0003,0.3847162837162838,0.005533799533799534,5675.978,1380.389,1.2602,8.3729,0.3752417554855976,0.0,Merge
2909517.702,E25,E29,0.1875,0.05750000000000001,4466.777,3012.195,1.1205,5.7296,0.5621864893664316,0.008641358641358642,Fragment
2947971.246,E30,P445,0.05750000000000001,0.0025,3012.195,1059.189,1.0245,3.5137,0.9443385611701659,0.0,Hit+Run
2955005.782,E25,P277,0.23635864135864135,0.0025,4825.226,1059.189,1.0723,6.1036,0.8889629130492139,0.0,Hit+Run
2968941.105,E25,P133,0.23635864135864135,0.0025,4825.226,1059.189,1.9782,11.260,0.82451084685083,0.0,Hit+Run
2996918.52,E25,P61,0.23635864135864135,0.0025,4825.226,1059.189,1.1679,6.6478,0.9120049367155574,0.0,Hit+Run
3021044.039,E5,P250,0.3902500832500833,0.0024999999999999905,5703.063,1059.189,1.7951,12.222,0.46140625118235784,0.0,Merge
3217267.76,E25,P202,0.23635864135864135,0.0025,4825.226,1059.189,1.0444,5.9448,0.4332884450283227,0.0,Merge
3241493.253,E25,P3,0.23885864135864135,0.0025,4842.179,1059.189,1.8616,10.636,0.7799022850435481,0.0,Merge
3289708.714,E34,P301,0.10912121212121215,0.0025,3729.325,1059.189,2.0297,8.7551,0.7304423127900271,0.0,Merge
3329550.574,P0,P173,0.005,0.0025,1334.495,1059.189,2.8737,4.5446,0.2735685209942063,0.0,Merge
3399297.314,E25,P325,0.24135864135864135,0.0025,4859.013,1059.189,1.2717,7.2931,0.5261971496991963,0.0,Merge
3453797.75,E48,P358,0.065,0.0025,3137.846,1059.189,1.4396,5.1579,0.6332458446954545,0.0,Merge
3468372.987,E47,P324,0.0325,0.0025,2490.510,1059.189,1.9935,5.5925,0.6146817646891496,0.0,Merge
3469234.268,E36,P543,0.0875,0.0025,3464.680,1059.189,1.0957,4.3663,0.3561278902669465,0.0,Merge
3480847.364,E23,P576,0.0325,0.0025,2490.510,1059.189,1.2207,3.4245,0.6914380539905913,0.0,Merge
3506147.182,E5,P226,0.3927500832500833,0.0025,5715.215,1059.189,1.1827,8.0710,0.578827084244042,0.0,Merge
3519449.985,E34,P171,0.11162121212121215,0.0025,3757.590,1059.189,1.3262,5.7672,0.6945267318239132,0.0,Merge
3549115.115,E62,E82,0.027500000000000004,0.025,2355.617,2281.955,2.0043,6.0249,0.732147378258769,0.0,Hit+Run
3549343.951,P10,P126,0.0025,0.0025,1059.189,1059.189,16.106,22.106,0.35915,0.0,Merge
3558588.607,E5,P146,0.3952500832500833,0.0025,5727.316,1059.189,1.5019,10.272,0.35115805211208984,0.0,Merge
3686610.751,E56,P628,0.027500000000000004,0.0025,2355.617,1059.189,1.3516,3.5791,0.5015713119889015,0.0,Merge
3728848.752,E5,P0,0.3977500832500833,0.0075,5739.366,1527.616,2.0312,13.551,0.9557209069330066,0.0,Hit+Run
3732235.304,E55,P834,0.025,0.0025,2281.955,1059.189,2.1661,5.5520,0.9886905147047542,0.0,Hit+Run
3823906.121,E23,P788,0.035,0.0025,2552.798,1059.189,3.445,9.9171,0.6683095156897506,0.0,Merge
3860370.81,E5,P118,0.3977500832500833,0.0025,5739.366,1059.189,1.4358,9.8425,0.9704965659783913,0.0,Hit+Run
3917268.825,E5,P262,0.3977500832500833,0.0025,5739.366,1059.189,1.239,8.4934,0.3027314444675114,0.0,Merge
3943926.821,E5,P244,0.4002500832500833,0.0025,5751.365,1059.189,1.2282,8.4382,0.7786088925971225,0.0,Merge
3962504.088,E5,P188,0.4027500832500833,0.0025,5763.315,1059.189,2.1605,14.876,0.7233599297027732,0.0,Merge
4080714.321,E36,P366,0.09,0.0025,3497.368,1059.189,1.1821,4.7584,0.5467230483713958,0.0,Merge
4085970.839,E25,P272,0.24385864135864135,0.0025,4875.732,1059.189,1.5915,9.1609,0.9619325774610838,0.0,Hit+Run
4189208.478,E1,P0,0.14674548698053105,0.0075,4116.379,1527.616,1.3656,6.3781,0.5138914293540481,0.0,Merge
4387723.98,E86,P461,0.025,0.0025,2281.955,1059.189,3.4412,8.8203,0.904136849520692,0.0,Hit+Run
4460034.337,E48,P227,0.0675,0.0025,3177.569,1059.189,1.3394,4.8640,0.677625,0.0,Merge
4558922.484,E1,P651,0.15424548698053106,0.0025,4185.345,1059.189,9.4707,46.257,0.8287638415956518,0.0,Hit+Run
4620689.614,E2,P267,0.08750000000000005,0.0025,3464.680,1059.189,2.3545,9.3825,0.7663259505400143,0.0,Hit+Run
4652444.377,E5,P177,0.4052500832500833,0.0025,5775.215,1059.189,1.2909,8.9083,0.6554827242928132,0.0,Merge
4666229.562,P4,P107,0.0025,0.0025,1059.189,1059.189,16.620,22.812,0.78765,0.0,Graze+Frag
4777792.726,E41,P372,0.030000000000000002,0.0025,2424.939,1059.189,7.4762,20.400,0.9895668608886334,0.0,Hit+Run
4781549.986,E41,P290,0.030000000000000002,0.0025,2424.939,1059.189,1.4089,3.8444,0.5304184165728144,0.0,Merge
4784841.62,E5,P267,0.40775008325008333,0.0025,5787.067,1059.189,1.1321,7.8296,0.46482453023793363,0.0,Merge
4826272.766,E5,P286,0.41025008325008333,0.0025,5798.870,1059.189,1.4742,10.217,0.4054438456158722,0.0,Merge
4943618.404,E36,P541,0.0925,0.0025,3529.455,1059.189,1.1601,4.7159,0.8042457859717544,0.0,Hit+Run
4947011.301,E25,P320,0.24385864135864135,0.0025,4875.732,1059.189,1.6268,9.3641,0.9925757452288679,0.0,Hit+Run
4975679.763,E34,P218,0.11412121212121215,0.0025,3785.436,1059.189,1.1042,4.8402,0.990774738106134,0.0,Hit+Run
5057724.86,E34,P433,0.11412121212121215,0.0025,3785.436,1059.189,1.3674,5.9939,0.7578489104803937,0.0,Merge
5244877.941,E25,P305,0.24385864135864135,0.0025,4875.732,1059.189,1.4676,8.4477,0.784235065713853,0.0,Merge
5292040.008,E71,P597,0.025,0.0025,2281.955,1059.189,2.7929,7.1586,0.25666613389475457,0.0,Merge
5322148.625,E58,P573,0.027500000000000004,0.0025,2355.617,1059.189,1.8411,4.8754,0.49501798030977273,0.0,Merge
5521201.903,E5,P158,0.41275008325008333,0.0025,5810.625,1059.189,1.3433,9.3306,0.4485382098251377,0.0,Merge
5524691.247,E72,P599,0.052500000000000005,0.0025,2922.224,1059.189,1.5932,5.2904,0.1105353450792431,0.0,Merge
5594057.167,E1,E2,0.15424548698053106,0.08750000000000005,4185.345,3464.680,1.5597,7.8333,0.4498820863071743,0.03467532467532467,Fragment
5629921.532,E34,FRAG0002,0.11662121212121215,0.005878787878787879,3812.879,1408.498,1.0684,4.6234,0.701399232546432,0.0,Merge
5798548.108,E1,FRAG0011,0.20707016230520645,0.005779220779220779,4617.068,1400.501,1.0529,5.5946,0.7220727270882108,0.0,Merge
5840378.592,E25,P229,0.24635864135864136,0.0025,4892.338,1059.189,1.6261,9.3943,0.5129470836994239,0.0,Merge
5866633.22,E5,P90,0.41525008325008333,0.0025,5822.333,1059.189,1.4327,9.9730,0.5085799254634348,0.0,Merge
5925870.341,E1,P53,0.21284938308442722,0.0025000000000000022,4659.628,1059.189,1.8265,10.013,0.5754037664757303,0.0,Merge
5980012.557,P4,P87,0.005,0.0025000000000000022,1334.495,1059.189,6.6909,10.581,0.36544561954697813,0.0,Fragment
6128115.211,E36,P434,0.0925,0.0025,3529.455,1059.189,1.7569,7.1420,0.8557033635171929,0.0,Hit+Run
6162276.799,E1,FRAG0008,0.21534938308442722,0.005779220779220779,4677.800,1400.501,1.3934,7.5086,0.7659729365263923,0.0,Merge
6163374.825,E5,P222,0.41775008325008334,0.0025,5833.994,1059.189,1.2512,8.7282,0.8601378193850999,0.0,Hit+Run
6185574.737,P20,P189,0.0025,0.0024999999999999905,1059.189,1059.189,12.092,16.598,0.3032500000000002,0.0,Merge
6221203.649,E30,P236,0.05750000000000001,0.0025,3012.195,1059.189,3.405,11.678,0.7033709417929149,0.0,Merge
6238714.904,E1,FRAG0009,0.221128603863648,0.005779220779220779,4719.277,1400.501,1.4654,7.9720,0.7171709863974735,0.0,Merge
6271567.915,E40,P385,0.0275,0.0025,2355.617,1059.189,1.9242,5.0954,0.9034630000163174,0.0,Hit+Run
6328303.907,E44,P473,0.0275,0.0025,2355.617,1059.189,3.2809,8.6881,0.6120121963919041,0.0,Merge
6381849.794,E41,P382,0.0325,0.0025,2490.510,1059.189,1.0743,3.0138,0.11962474703743867,0.0,Merge
6403592.844,E34,E40,0.12250000000000003,0.0275,3875.899,2355.617,1.1307,4.9562,0.9095262275424205,0.0,Hit+Run
6423306.602,E70,P515,0.025,0.0025,2281.955,1059.189,1.1456,2.9363,0.9546095139560894,0.0,Hit+Run
6453794.017,E1,P4,0.22690782464286877,0.0075001665001665,4760.037,1527.627,1.8739,10.222,0.8824858762707712,0.0,Hit+Run
6471107.943,E46,P832,0.025,0.0025,2281.955,1059.189,1.0443,2.6767,0.7454109061541645,0.0,Graze+Merge
6544249.639,E1,P116,0.22690782464286877,0.0025,4760.037,1059.189,3.2317,18.128,0.666575509432048,0.0,Merge
6640268.168,E39,P656,0.025,0.0025,2281.955,1059.189,2.2387,5.7381,0.7502601066614898,0.0,Hit+Run
6828465.566,E5,P23,0.41775008325008334,0.0025000000000000022,5833.994,1059.189,1.4298,9.9741,0.9748172196868622,0.0,Hit+Run
6959164.239,E1,P95,0.22940782464286877,0.0025,4777.454,1059.189,4.2627,24.005,0.5480042268772269,0.0,Merge
6970750.422,E5,P124,0.41775008325008334,0.0025,5833.994,1059.189,1.3394,9.3435,0.76526283212438,0.0,Merge
6986961.835,E41,P191,0.035,0.0025,2552.798,1059.189,3.4038,9.7985,0.5786220394407771,0.0,Merge
6995676.162,E73,P539,0.0275,0.0025,2355.617,1059.189,1.2037,3.1875,0.8998759132024784,0.0,Hit+Run
7024227.263,E30,P451,0.06000000000000001,0.0025,3055.232,1059.189,4.818,16.776,0.4649951760749036,0.0,Merge
7050997.99,E34,E41,0.12250000000000003,0.037500000000000006,3875.899,2612.187,1.0728,4.7596,0.9718891805102736,0.0,Hit+Run
7116304.782,E5,P400,0.42025008325008334,0.0025,5845.609,1059.189,1.3071,9.1376,0.3891824363315304,0.0,Merge
7142968.64,E64,P418,0.025,0.0025,2281.955,1059.189,2.0863,5.3475,0.6498611665802525,0.0,Merge
7193539.399,E1,FRAG0007,0.23190782464286877,0.005779220779220779,4794.746,1400.501,1.0537,5.8310,0.6867164147037919,0.0,Merge
7234413.684,E5,P4,0.42275008325008334,0.0075001665001665,5857.177,1527.627,1.2398,8.4547,0.8991817899970834,0.0,Hit+Run
7281484.878,E25,P63,0.24885864135864136,0.0025,4908.831,1059.189,1.4968,8.6786,0.078386386391138,0.0,Merge
7361867.626,E5,P263,0.42275008325008334,0.0025,5857.177,1059.189,2.8926,20.264,0.8695532683641566,0.0,Hit+Run
7398726.615,E30,FRAG0005,0.06250000000000001,0.008641358641358642,3097.090,1601.478,2.0661,7.1826,0.937649488146192,0.0,Hit+Run
7415896.733,P34,FRAG1001,0.0025,0.005754513019469001,1059.189,1398.502,5.2317,8.5660,0.46135253932915476,0.007792547452547452,Graze+Frag
7518053.302,E35,P755,0.037500000000000006,0.0025,2612.187,1059.189,2.759,8.1362,0.888379686521005,0.0,Hit+Run
7562271.863,E55,P805,0.025,0.0025,2281.955,1059.189,1.7725,4.5432,0.5574531625462976,0.0,Merge
7616357.231,E55,P572,0.0275,0.0025,2355.617,1059.189,1.835,4.8592,0.8115783916310585,0.0,Hit+Run
7809284.951,E42,P547,0.027500000000000004,0.0025,2355.617,1059.189,1.7806,4.7152,0.16045315248056458,0.0,Merge
7825741.375,E30,P198,0.06250000000000001,0.0025,3097.090,1059.189,6.9288,24.480,0.36006090322821377,0.008605727605727606,Fragment
7933711.515,E5,P194,0.42275008325008334,0.0025,5857.177,1059.189,1.3631,9.5492,0.6265051693959905,0.0,Merge
7960974.087,E23,P472,0.037500000000000006,0.0025,2612.187,1059.189,1.3494,3.9793,0.8210717269303537,0.0,Hit+Run
8106866.075,E5,P54,0.42525008325008334,0.0025,5868.701,1059.189,1.4838,10.416,0.8679511686149929,0.0,Hit+Run
8107455.277,E30,P413,0.05639427239427241,0.0025,2992.762,1059.189,2.5363,8.6389,0.9736932208778439,0.0,Hit+Run
8132261.536,E44,P679,0.03,0.0025,2424.939,1059.189,1.4442,3.9407,0.7360155826344986,0.0,Hit+Run
8313924.328,E50,P386,0.05500000000000001,0.0025,2967.891,1059.189,2.3733,8.0121,0.27570543659196883,0.0,Merge
8377010.306,E5,FRAG0005,0.42525008325008334,0.008641358641358642,5868.701,1601.478,1.0698,7.2842,0.9787217860667702,0.0,Hit+Run
8537812.044,E1,P154,0.23768704542208954,0.0025,4834.249,1059.189,4.4232,25.228,0.5198911953044317,0.0,Merge
8617259.241,E30,E20,0.05639427239427241,0.03,2992.762,2424.939,2.5604,9.1348,0.763975227832505,0.010584415584415585,Hit+Run+Frag
8674552.52,E1,P179,0.24018704542208955,0.0025,4851.138,1059.189,2.5546,14.625,0.37534727323779216,0.0,Merge
8706447.391,E44,P685,0.03,0.0025,2424.939,1059.189,1.7048,4.6518,0.964928608760727,0.0,Hit+Run
8863953.123,E5,P4,0.42525008325008334,0.0075001665001665,5868.701,1527.627,1.0905,7.4523,0.5188443910896829,0.0,Merge
8982660.783,E25,E34,0.25135864135864133,0.12250000000000003,4925.214,3875.899,1.0952,6.3772,0.8720442948327161,0.0,Hit+Run
9021178.581,E20,P184,0.019415584415584417,0.0025,2097.542,1059.189,6.6958,15.762,0.49888130034710987,0.014677429237429237,Fragment
9126764.23,P42,FRAG0004,0.0025,0.009749916749916751,1059.189,1667.224,12.098,22.911,0.6240344916932111,0.012055038295038295,Graze+Frag
9189812.955,E30,E20,0.056394272394272416,0.007238261738261739,2992.762,1509.634,1.9895,6.6821,0.9265311333044435,0.0,Hit+Run
9243078.148,E25,P484,0.25135864135864133,0.0025,4925.214,1059.189,1.6052,9.3405,0.5624438621613951,0.0,Merge
9364197.697,E1,P34,0.24268704542208955,0.008254412254412254,4867.912,1577.208,1.9632,10.944,0.6302864727582267,0.0,Merge
9533016.184,E73,P787,0.0275,0.0025,2355.617,1059.189,1.001,2.6507,0.48142843988042133,0.0,Merge
9638495.389,E1,P73,0.2509414576765018,0.0025,4922.487,1059.189,2.4627,14.321,0.19256506216512026,0.0,Merge
9747125.214,E25,P252,0.25385864135864133,0.0025,4941.489,1059.189,1.3382,7.8145,0.7648559471672546,0.0,Merge
9838843.099,E5,FRAG0013,0.43275024975024984,0.010584415584415585,5903.002,1713.494,1.1341,7.7303,0.607932348731444,0.0,Merge
9945430.742,E25,P645,0.25635864135864134,0.0025,4957.657,1059.189,1.5078,8.8358,0.8266817091201908,0.0,Hit+Run
10045400.478,E58,P407,0.030000000000000002,0.0025000000000000022,2424.939,1059.189,3.2686,8.9189,0.8379093710956715,0.0,Hit+Run
10081803.459,E25,P61,0.25635864135864134,0.0025,4957.657,1059.189,1.4139,8.2855,0.9894143290257401,0.0,Hit+Run
10111955.408,E25,FRAG0006,0.25635864135864134,0.005779220779220779,4957.657,1400.501,1.3013,7.4650,0.860511773613583,0.0,Hit+Run
10190295.591,P41,P204,0.0025000000000000022,0.0025,1059.189,1059.189,11.168,15.329,0.6526500000000001,0.0,Graze+Frag
10325155.647,E5,E30,0.4433346653346654,0.056394272394272416,5950.741,2992.762,1.0953,7.3148,0.46036970007398226,0.009681651681651682,Fragment
10327419.403,P56,P391,0.0025,0.0025,1059.189,1059.189,4.2982,5.8996,0.9885,0.0,Hit+Run
10361022.593,E48,P589,0.07,0.0025,3216.324,1059.189,1.4592,5.3684,0.49807537311500283,0.0,Merge
10369822.03,E1,P195,0.2534414576765018,0.0025,4938.780,1059.189,2.5606,14.944,0.4896811011951341,0.0,Merge
10419572.035,P54,P96,0.0025,0.0025,1059.189,1059.189,9.985,13.705,0.3593,0.0,Merge
10507390.441,E25,P160,0.25635864135864134,0.0025,4957.657,1059.189,1.9898,11.660,0.5781745791783492,0.0,Merge
10512635.71,E25,P61,0.25885864135864134,0.0025,4973.720,1059.189,1.057,6.2156,0.40158051458622424,0.0,Merge
10622726.306,E5,P718,0.49004728604728615,0.0025,6152.805,1059.189,1.9082,14.088,0.8320625308513736,0.0,Merge
10635635.044,E5,FRAG0017,0.49254728604728615,0.009681651681651682,6163.250,1663.324,1.3578,9.7175,0.9837166945323101,0.0,Hit+Run
10670285.942,E34,FRAG0017,0.12250000000000003,0.009681651681651682,3875.899,1663.324,1.1703,5.1075,0.9167716636823893,0.0,Hit+Run
10753365.524,E5,P242,0.49254728604728615,0.0025,6163.250,1059.189,2.6674,19.729,0.9455088781070191,0.0,Hit+Run
10798034.271,E44,P246,0.03,0.0025,2424.939,1059.189,3.0244,8.2526,0.7670569963323696,0.0,Hit+Run
10828931.345,E1,E32,0.2559414576765018,0.035,4954.966,2552.798,1.6717,9.2974,0.2976504874414047,0.016751248751248754,Fragment
10840621.533,E1,FRAG0020,0.27419020892525303,0.005583749583749585,5070.037,1384.530,1.0412,6.1243,0.4030380149497851,0.0,Merge
10865399.51,E1,FRAG0018,0.2797739585090026,0.005583749583749585,5104.222,1384.530,1.0619,6.2915,0.9876090983230869,0.0,Hit+Run
11117533.546,E5,P260,0.49254728604728615,0.0025,6163.250,1059.189,1.4526,10.744,0.35089643562960854,0.0,Merge
11195610.264,E1,FRAG0018,0.2797739585090026,0.005583749583749585,5104.222,1384.530,1.306,7.7377,0.575023696435027,0.0,Merge
11318205.405,E5,P228,0.49504728604728615,0.0025,6173.660,1059.189,1.4364,10.643,0.1345208091189125,0.0,Merge
11345005.873,E5,P166,0.49754728604728615,0.0025,6184.035,1059.189,1.3513,10.031,0.7940044176474808,0.0,Merge
11426048.884,E5,P239,0.5000472860472861,0.0025,6194.375,1059.189,1.8473,13.737,0.8290405318591535,0.0,Merge
11440167.455,E92,P885,0.025,0.0025,2281.955,1059.189,1.6208,4.1543,0.9307050044129376,0.0,Hit+Run
11453109.559,P14,P102,0.0025,0.0025,1059.189,1059.189,11.779,16.167,0.0795,0.0,Merge
11513399.139,P62,P391,0.0025000000000000022,0.0025,1059.189,1059.189,6.0479,8.3012,0.7157500000000001,0.0,Graze+Frag
11523750.315,E50,P203,0.05750000000000001,0.0025,3012.195,1059.189,1.6677,5.7197,0.7874913542067726,0.0,Hit+Run
11555107.0,E5,P343,0.502547286047286,0.0025,6204.681,1059.189,1.3167,9.8090,0.918760122047957,0.0,Hit+Run
11561127.421,P56,FRAG0017,0.0025,0.009681651681651682,1059.189,1663.324,4.2706,8.0707,0.18728790621913471,0.009373499833499834,Fragment
11564157.499,E1,P42,0.2853577080927522,0.005527639027639029,5137.956,1379.877,1.9482,11.627,0.4345854067547474,0.0,Merge
11580072.499,E5,P343,0.502547286047286,0.0025,6204.681,1059.189,1.061,7.9041,0.6362815311579799,0.0,Merge
11648814.294,E5,FRAG0016,0.505047286047286,0.0067222777222777225,6214.953,1472.875,1.6475,12.009,0.5651626781233594,0.0,Merge
11683290.457,E42,P462,0.030000000000000002,0.0025,2424.939,1059.189,3.7378,10.199,0.9143297124415516,0.0,Hit+Run
11698488.384,P54,P453,0.005,0.0025,1334.495,1059.189,10.692,16.910,0.4194680154800098,0.007464748584748585,Fragment
11760310.274,E1,P138,0.2908853471203912,0.0025,5170.919,1059.189,2.3884,14.643,0.9926663118831942,0.0,Hit+Run
12153190.924,E73,P408,0.03,0.0025,2424.939,1059.189,1.6394,4.4733,0.6067691583364121,0.0,Merge
12214682.844,E24,P150,0.027500000000000004,0.0025,2355.617,1059.189,3.32,8.7917,0.6617485347145554,0.0,Merge
12229886.85,E50,P288,0.05750000000000001,0.0025,3012.195,1059.189,4.0358,13.841,0.30592603811020336,0.0,Merge
12354548.787,E50,P339,0.06000000000000001,0.0025,3055.232,1059.189,1.4984,5.2175,0.8266250878418758,0.0,Hit+Run
12538388.568,E5,P300,0.5117695637695637,0.0025,6242.405,1059.189,1.7861,13.392,0.8263822947056852,0.0,Merge
12657154.064,P56,P398,0.005527972027972029,0.0025,1379.904,1059.189,5.682,9.2097,0.9635762859192116,0.0,Hit+Run
12701966.275,E1,P313,0.2908853471203912,0.0025,5170.919,1059.189,2.51,15.388,0.7518866320526636,0.0,Merge
12711369.192,E5,P113,0.5142695637695637,0.0025,6252.554,1059.189,2.3296,17.497,0.34804138374286553,0.0,Merge
12762065.464,E5,P118,0.5167695637695636,0.0025,6262.669,1059.189,1.9859,14.941,0.6812772475001138,0.0,Merge
12916612.214,E5,P205,0.5192695637695636,0.0025,6272.752,1059.189,1.4106,10.631,0.8419345552238601,0.0,Merge
12917648.821,E34,P196,0.12250000000000003,0.0025,3875.899,1059.189,4.284,19.262,0.48866079078658864,0.0,Merge
12948085.884,E5,P57,0.5217695637695635,0.0025000000000000022,6282.802,1059.189,2.2634,17.087,0.7803450737915161,0.0,Merge
13065598.252,E5,E34,0.5242695637695636,0.12500000000000003,6292.821,3902.089,1.0489,7.4784,0.9211857767230462,0.0,Hit+Run
13122268.567,E25,P670,0.26135864135864134,0.0025,4989.681,1059.189,1.1125,6.5645,0.763769919513889,0.0,Merge
13192999.242,E1,P41,0.2933853471203912,0.005,5185.691,1334.495,2.9865,18.050,0.9060383548026848,0.0,Hit+Run
13284989.389,E25,E50,0.26385864135864134,0.06000000000000001,5005.540,3055.232,1.039,5.8838,0.5123666651202756,0.009177262737262737,Fragment
13323261.103,E1,P214,0.2933853471203912,0.0025,5185.691,1059.189,2.8328,17.420,0.5143439973245821,0.0,Merge
13359355.611,E36,P578,0.0925,0.0025,3529.455,1059.189,1.3826,5.6204,0.3772786515102769,0.0,Merge
13384262.15,E5,P448,0.5242695637695636,0.0025,6292.821,1059.189,1.6569,12.530,0.5653430502892627,0.0,Merge
13398974.943,E5,P334,0.5267695637695635,0.0025,6302.808,1059.189,1.6815,12.737,0.9031287694588076,0.0,Hit+Run
13524224.526,E40,P470,0.0275,0.0025,2355.617,1059.189,1.6723,4.4284,0.7160377139932332,0.0,Hit+Run
13606748.859,P56,P494,0.005527972027972029,0.0025,1379.904,1059.189,12.275,19.896,0.8650801425546419,0.0,Graze+Frag
13627324.408,P20,P142,0.0049999999999999906,0.0025,1334.495,1059.189,23.525,37.203,0.46886310608544407,0.007495704295704296,Fragment
13743184.854,E48,E72,0.07250000000000001,0.05500000000000001,3254.167,2967.891,1.0046,4.0629,0.8222682426446162,0.0,Graze+Merge
13804508.802,E1,P181,0.2958853471203912,0.0025,5200.379,1059.189,3.4014,20.981,0.5591207800998677,0.0,Merge
13934701.91,E1,P277,0.2983853471203912,0.0025,5214.984,1059.189,4.3531,26.932,0.7099961563341743,0.0,Merge
13950541.34,E1,P539,0.3008853471203912,0.0025,5229.508,1059.189,3.1404,19.487,0.41977778065885546,0.0,Merge
13998521.669,E36,P579,0.095,0.0025,3560.970,1059.189,1.2181,4.9993,0.3846793640601324,0.0,Merge
14022093.342,E1,P368,0.3033853471203912,0.0025,5243.952,1059.189,3.0672,19.089,0.8119082217960347,0.0,Merge
14252060.396,E57,P692,0.025,0.0025,2281.955,1059.189,4.5978,11.784,0.8295547797460585,0.0,Hit+Run
14288903.816,E44,P496,0.03,0.0025,2424.939,1059.189,2.802,7.6457,0.8850978878830182,0.0,Hit+Run
14315822.693,E5,P421,0.5267695637695635,0.0025,6302.808,1059.189,1.4998,11.361,0.6060525698169399,0.0,Merge
14396799.219,E25,E20,0.31468148518148514,0.007238261738261739,5308.244,1509.634,1.5641,9.6022,0.5464832324829956,0.0,Merge
14520148.232,E5,P186,0.5292695637695635,0.0025,6312.763,1059.189,2.59,19.652,0.07150285883563146,0.0,Merge
14527578.218,P41,P498,0.005,0.0025,1334.495,1059.189,10.352,16.372,0.7609408483900391,0.0,Graze+Frag
14593819.288,E71,P601,0.0275,0.0025,2355.617,1059.189,3.5096,9.2937,0.8551063104682194,0.0,Hit+Run
14785951.878,E25,P406,0.3219197469197469,0.0025,5348.636,1059.189,1.2809,8.1427,0.8715141321040007,0.0,Hit+Run
15276074.691,P20,P273,0.007499833499833501,0.0025,1527.604,1059.189,15.211,26.720,0.6593965703475708,0.0099002997002997,Graze+Frag
15302109.305,E63,P397,0.025,0.0025,2281.955,1059.189,1.4725,3.7742,0.2690964788571934,0.0,Merge
15374215.073,E1,P254,0.3058853471203912,0.0025000000000000022,5258.316,1059.189,2.5951,16.198,0.8601406819521326,0.0,Hit+Run
15378308.252,E1,P254,0.3058853471203912,0.0025000000000000022,5258.316,1059.189,1.0445,6.5198,0.5091426893266107,0.0,Merge
15410926.202,P66,FRAG0005,0.0025,0.008641358641358642,1059.189,1601.478,11.793,21.561,0.34395116623430805,0.005613386613386614,Fragment
15838276.675,P54,P647,0.007499833499833501,0.0025,1527.604,1059.189,6.0994,10.714,0.7496310284786015,0.0,Graze+Frag
15845565.206,E34,P91,0.12500000000000003,0.0025,3902.089,1059.189,2.7198,12.318,0.4079620597981545,0.0,Merge
16032840.192,E34,P164,0.12750000000000003,0.0025,3927.931,1059.189,3.4906,15.922,0.12208032027752708,0.0,Merge
16199146.568,E5,P516,0.5317695637695634,0.0025,6322.686,1059.189,1.8722,14.230,0.42851436270107607,0.0,Merge
16389299.093,E1,P460,0.30838534712039123,0.0025,5272.603,1059.189,5.6121,35.133,0.2913683089608894,0.0,Merge
16420394.616,E66,P165,0.052500000000000005,0.0025,2922.224,1059.189,2.909,9.6597,0.19956547361916463,0.0,Merge
16530883.397,E5,P529,0.5342695637695634,0.0025,6332.579,1059.189,1.7128,13.040,0.23328127516817154,0.0,Merge
16636649.931,E5,P276,0.5367695637695633,0.0025,6342.441,1059.189,1.2964,9.8863,0.8508994893779893,0.0,Merge
16676212.007,E62,P203,0.027500000000000004,0.0025,2355.617,1059.189,2.7324,7.2356,0.9696861411948822,0.0,Hit+Run
16699256.864,E35,P565,0.037500000000000006,0.0025,2612.187,1059.189,2.5977,7.6605,0.5356176742055202,0.0,Merge
16816829.16,E41,P435,0.037500000000000006,0.0025,2612.187,1059.189,6.17,18.195,0.9665024556864754,0.0,Hit+Run
16844036.171,E1,P70,0.31088534712039123,0.0025,5286.812,1059.189,2.783,17.472,0.851254802728029,0.0,Hit+Run
16920341.981,E25,P217,0.3219197469197469,0.0025,5348.636,1059.189,1.78,11.315,0.8674240839790033,0.0,Hit+Run
17082517.13,E5,P231,0.5392695637695633,0.0025,6352.273,1059.189,2.354,17.981,0.48254031894975474,0.0,Merge
17228864.302,E1,P170,0.31088534712039123,0.0025,5286.812,1059.189,3.7173,23.338,0.8932427084409793,0.0,Hit+Run
17243488.734,E5,P41,0.5417695637695632,0.007499833499833501,6362.074,1527.604,1.6463,12.272,0.9299972779899354,0.0,Hit+Run
17246544.203,E1,P20,0.31088534712039123,0.01,5286.812,1681.359,2.1737,13.178,0.8771431362879039,0.0,Hit+Run
17276689.437,E1,P170,0.31088534712039123,0.0025,5286.812,1059.189,1.0353,6.4999,0.7704447460979459,0.0,Merge
17376567.145,P66,P122,0.005527972027972028,0.0025,1379.904,1059.189,23.523,38.128,0.58266041384934,0.0,Graze+Frag
17750824.314,E1,FRAG0014,0.31338534712039123,0.007338661338661338,5300.946,1516.582,3.9384,24.134,0.6644912907443006,0.0,Merge
17841786.752,E48,P478,0.1275,0.0025,3927.931,1059.189,1.6908,7.7125,0.9336387848837459,0.0,Hit+Run
18311417.225,E5,P291,0.5417695637695632,0.0025,6362.074,1059.189,1.9169,14.666,0.7732632589867161,0.0,Merge
18329166.645,P27,P37,0.0025,0.0025,1059.189,1059.189,22.441,30.803,0.358,0.0,Merge
18588007.836,E5,P483,0.5442695637695631,0.0025,6371.845,1059.189,3.8047,29.157,0.32969490995926687,0.0,Merge
18812224.937,E73,P185,0.0325,0.0025000000000000022,2490.510,1059.189,6.1291,17.194,0.6623913412202103,0.0,Merge
18822652.631,E34,E39,0.13000000000000003,0.025,3953.438,2281.955,1.4789,6.5876,0.6637679421093066,0.0,Hit+Run
19074467.922,E63,P409,0.0275,0.0025,2355.617,1059.189,3.5514,9.4044,0.36374439941101333,0.0,Merge
19184283.113,E25,E41,0.3219197469197469,0.037500000000000006,5348.636,2612.187,1.0013,6.0109,0.05247302607456604,0.005858141858141859,Fragment
19260100.738,E5,P481,0.5467695637695631,0.0025,6381.586,1059.189,1.5375,11.802,0.5527558152120146,0.0,Merge
19356119.705,E5,P66,0.549269563769563,0.008027639027639028,6391.297,1562.631,1.7277,12.920,0.9528373894498128,0.0,Hit+Run
19771898.425,E1,P246,0.3207240084590526,0.0025,5342.005,1059.189,3.8252,24.284,0.6883223898256939,0.0,Merge
20087644.74,E48,P459,0.1275,0.0025,3927.931,1059.189,1.8146,8.2772,0.8073841052676968,0.0,Hit+Run
20110543.635,E34,P638,0.13000000000000003,0.0025,3953.438,1059.189,2.2414,10.295,0.9267963064509099,0.0,Hit+Run
20111975.692,E5,P425,0.549269563769563,0.0025,6391.297,1059.189,1.4206,10.922,0.7244426304973468,0.0,Merge
20125797.227,E34,P638,0.13000000000000003,0.0025,3953.438,1059.189,1.0907,5.0100,0.34040106021973676,0.0,Merge
20140604.14,E5,P10,0.551769563769563,0.005,6400.979,1334.495,1.4236,10.790,0.8553698778917077,0.0,Hit+Run
20321794.509,E5,P410,0.551769563769563,0.0025,6400.979,1059.189,1.9507,15.022,0.6633357690163512,0.0,Merge
20458234.717,E63,P266,0.03,0.0025,2424.939,1059.189,2.2875,6.2418,0.8186998863857782,0.0,Hit+Run
20568326.031,E23,P412,0.037500000000000006,0.0025,2612.187,1059.189,2.9622,8.7354,0.7965249551980337,0.0,Hit+Run
20627636.596,P27,P278,0.005,0.0025,1334.495,1059.189,27.043,42.767,0.7897639430209755,0.007450376290376291,Graze+Frag
20682051.928,E1,P230,0.3232240084590526,0.0025,5355.849,1059.189,2.3088,14.698,0.723264836484618,0.0,Merge
21004445.554,E66,P256,0.05500000000000001,0.0025,2967.891,1059.189,4.0485,13.667,0.37755652276414225,0.0,Merge
21154815.101,E66,P253,0.05750000000000001,0.0025,3012.195,1059.189,4.5713,15.678,0.14604546535176335,0.0,Merge
21172877.733,E25,P379,0.353561605061605,0.0025000000000000022,5518.430,1059.189,1.9461,12.792,0.7075039407272656,0.0,Merge
21316184.244,E1,P40,0.3257240084590526,0.0025,5369.622,1059.189,6.1257,39.105,0.5632880825360632,0.0,Merge
21343342.936,E44,P174,0.03,0.0025,2424.939,1059.189,3.4276,9.3528,0.6028715817286076,0.0,Merge
21622085.606,E5,P210,0.5542695637695629,0.0025000000000000022,6410.632,1059.189,1.5324,11.819,0.5875265452691096,0.0,Merge
21636893.126,E5,P472,0.5567695637695629,0.0025,6420.256,1059.189,1.6904,13.059,0.4837008353834828,0.0,Merge
21697019.331,E34,P439,0.13250000000000003,0.0025,3978.620,1059.189,6.8772,31.806,0.7756153498444845,0.0,Merge
22124754.388,P20,P62,0.01,0.005,1681.359,1334.495,3.6165,7.2058,0.709092728454312,0.0,Hit+Run
22178161.641,E73,P201,0.035,0.0025,2552.798,1059.189,3.7649,10.838,0.6034998894326121,0.0,Merge
22394299.725,E5,P233,0.5592695637695628,0.0025000000000000022,6429.851,1059.189,3.8581,29.853,0.7916855641195607,0.0,Merge
22595811.45,E39,P163,0.025,0.0025,2281.955,1059.189,6.955,17.826,0.6751316480972986,0.006833499833499833,Fragment
22607829.765,E5,FRAG0023,0.5617695637695628,0.005613386613386614,6439.417,1386.975,2.3706,18.033,0.8066557359070942,0.0,Merge
22646852.593,E5,FRAG0025,0.5673829503829494,0.006833499833499833,6460.794,1480.954,1.6183,12.294,0.21387517853970683,0.0,Merge
22760344.084,P10,FRAG0010,0.005,0.005779220779220779,1334.495,1400.501,9.0899,16.122,0.5114026799229867,0.0,Graze+Frag
22888548.885,E35,P144,0.04000000000000001,0.0025,2668.991,1059.189,3.2647,9.8479,0.9410457475838134,0.0,Hit+Run
22958240.676,P74,P259,0.0025000000000000022,0.0025,1059.189,1059.189,20.365,27.953,0.6929,0.0,Graze+Frag
23345189.194,E39,P465,0.020666500166500165,0.0025,2141.654,1059.189,11.921,28.652,0.4929858857161419,0.02246721278721279,Fragment
23446893.861,E34,FRAG0028,0.13500000000000004,0.005879453879453879,4003.487,1408.551,2.8247,12.875,0.5172982959355588,0.0,Merge
23526969.411,E34,E39,0.14087945387945391,0.005528138528138524,4060.782,1379.918,1.917,8.8845,0.36609506102742256,0.0,Merge
23751656.695,E5,E34,0.5742164502164492,0.14640759240759244,6486.629,4113.217,1.1006,8.1075,0.3098328021112016,0.03868931068931069,Fragment
23795147.651,E5,FRAG0032,0.6819347319347309,0.006448218448218449,6869.231,1452.581,1.0826,8.7969,0.9455517477868726,0.0,Hit+Run
23877904.945,E1,P99,0.3282240084590526,0.0025000000000000022,5383.325,1059.189,3.537,22.641,0.4692694356710062,0.0,Merge
24119314.659,E5,P307,0.6819347319347309,0.0025,6869.231,1059.189,1.1238,9.3286,0.8922248355286531,0.0,Hit+Run
24127936.849,E5,E66,0.6819347319347309,0.06000000000000001,6869.231,3055.232,1.2701,9.8112,0.2758223200968996,0.012572760572760572,Fragment
24128544.558,E5,FRAG0029,0.7293619713619703,0.006448218448218449,7024.922,1452.581,1.0233,8.5174,0.31372863512177374,0.0,Merge
24157503.259,E5,P477,0.7358101898101888,0.0025,7045.564,1059.189,2.5317,21.588,0.7843806818294031,0.0,Merge
24166466.244,E5,FRAG0036,0.7383101898101887,0.006286380286380286,7053.534,1440.325,1.0442,8.7347,0.6869295666686642,0.0,Merge
24801188.91,E5,P390,0.744596570096569,0.0025,7073.497,1059.189,1.3619,11.662,0.5703895141878889,0.0,Merge
24828192.45,E1,FRAG0035,0.3307240084590526,0.006286380286380286,5396.958,1440.325,1.3765,8.6340,0.999465375010516,0.0,Hit+Run
24863972.842,P86,P528,0.0025,0.0025,1059.189,1059.189,14.219,19.517,0.28675,0.0,Merge
24865791.081,E5,FRAG0034,0.7470965700965689,0.006448218448218449,7081.405,1452.581,1.603,13.457,0.7984226472750462,0.0,Merge
24911044.365,E49,P679,0.0275,0.0025,2355.617,1059.189,4.5986,12.177,0.3948554792771933,0.007003996003996004,Fragment
25051272.105,E5,P133,0.7535447885447873,0.0025,7101.719,1059.189,2.9657,25.502,0.4693052137374813,0.0,Merge
25161821.506,E73,P429,0.037500000000000006,0.0025,2612.187,1059.189,3.1477,9.2825,0.7428066576388989,0.0,Hit+Run
25184715.67,E1,FRAG0035,0.3307240084590526,0.006286380286380286,5396.958,1440.325,1.0972,6.8821,0.7976305176497601,0.0,Hit+Run
25323379.389,E5,P389,0.7560447885447873,0.0025,7109.565,1059.189,1.2918,11.121,0.9450983248952952,0.0,Hit+Run
25763880.964,E5,P685,0.7560447885447873,0.0025,7109.565,1059.189,3.5634,30.678,0.5008786131110069,0.0,Merge
25769642.135,E5,P232,0.7585447885447872,0.0025,7117.392,1059.189,2.6069,22.469,0.8302452797482263,0.0,Merge
26330530.974,E59,P476,0.025,0.0025000000000000022,2281.955,1059.189,3.5117,9.0010,0.9828168352170081,0.0,Hit+Run
26378758.408,E44,P304,0.0325,0.0025,2490.510,1059.189,5.3878,15.114,0.9593132939841049,0.0,Hit+Run
26485960.215,E5,P495,0.7610447885447872,0.0025,7125.203,1059.189,2.531,21.841,0.2654411164804918,0.0,Merge
26518630.796,E5,P144,0.7635447885447871,0.0025,7132.996,1059.189,1.379,11.913,0.915374581437824,0.0,Hit+Run
26594396.499,E1,P393,0.3307240084590526,0.0025,5396.958,1059.189,1.8814,12.075,0.1559865712597427,0.0,Merge
27001935.731,P10,FRAG0035,0.010779220779220779,0.006286380286380286,1723.943,1440.325,8.6225,17.890,0.8316610781840171,0.0,Hit+Run
27505554.947,E23,E59,0.037500000000000006,0.025,2612.187,2281.955,1.2428,3.9678,0.4170090448236851,0.006509543789543789,Fragment
27979322.486,E1,P14,0.3332240084590526,0.005,5410.523,1334.495,4.951,31.322,0.6865609857316862,0.0,Merge
28112684.765,E5,FRAG0026,0.7635447885447871,0.005879453879453879,7132.996,1408.551,2.1673,18.377,0.8850327121156681,0.0,Hit+Run
28275868.63,E5,P120,0.7635447885447871,0.0025,7132.996,1059.189,1.8966,16.385,0.7453254463148268,0.0,Merge
28316521.731,E5,P192,0.7660447885447871,0.0025000000000000022,7140.773,1059.189,2.1975,19.007,0.564297783292132,0.0,Merge
28362362.422,E1,P10,0.3382240084590526,0.010779220779220779,5437.450,1723.943,1.8087,11.280,0.6816749979180424,0.0,Merge
28446252.589,E1,P77,0.34900322923827337,0.0025,5494.611,1059.189,2.5334,16.575,0.5125888393826792,0.0,Merge
28587014.12,E1,FRAG0030,0.3515032292382734,0.006448218448218449,5507.700,1452.581,1.3337,8.5450,0.772312935308621,0.0,Merge
28677107.636,E25,FRAG0006,0.356061605061605,0.005779220779220779,5531.406,1400.501,1.3399,8.6489,0.9773451323539403,0.0,Hit+Run
28943077.061,E5,FRAG0012,0.7685447885447871,0.008605727605727606,7148.532,1599.274,1.1344,9.5527,0.7852282083913131,0.0,Merge
29258784.958,E25,P583,0.356061605061605,0.0025,5531.406,1059.189,1.0915,7.1928,0.8448269894991784,0.0,Hit+Run
29513917.294,E52,P284,0.027500000000000004,0.0025,2355.617,1059.189,3.8595,10.220,0.6914799658061819,0.0,Hit+Run
29705623.713,E5,P602,0.7771505161505148,0.0025,7175.115,1059.189,2.193,19.064,0.7306426001378364,0.0,Merge
29883493.755,P81,P441,0.0025,0.0025,1059.189,1059.189,3.8657,5.3060,0.98225,0.0,Hit+Run
30157729.12,E1,FRAG0032,0.35795144768649184,0.006448218448218449,5541.175,1452.581,1.3602,8.7719,0.9944196777775203,0.0,Hit+Run
30781752.95,P68,P248,0.0025,0.0025,1059.189,1059.189,17.39,23.869,0.41955,0.0,Merge
30984300.977,E73,P62,0.037500000000000006,0.005,2612.187,1334.495,5.9138,17.338,0.6668992232026063,0.011071595071595072,Graze+Frag
31171219.389,E5,P275,0.7796505161505147,0.0025,7182.801,1059.189,1.376,11.975,0.4401017341073169,0.0,Merge
31680686.5,P123,P428,0.0025,0.0025,1059.189,1059.189,15.536,21.324,0.29845,0.0,Merge
31768959.719,P66,P617,0.008027639027639028,0.0025,1562.631,1059.189,5.9512,10.654,0.6557896063381825,0.0,Graze+Frag
31797390.33,E5,P197,0.7821505161505147,0.0025,7190.470,1059.189,2.4091,20.990,0.7315406373999661,0.0,Merge
31798449.681,E1,FRAG0032,0.35795144768649184,0.006448218448218449,5541.175,1452.581,1.3116,8.4584,0.22604408737943313,0.0,Merge
32045024.766,E25,P427,0.356061605061605,0.0025,5531.406,1059.189,2.4723,16.292,0.43819210333550673,0.0,Merge
32838661.872,E5,FRAG0026,0.7846505161505146,0.005879453879453879,7198.123,1408.551,2.4433,20.920,0.644986891605535,0.0,Merge
32931565.158,E5,P454,0.7905299700299685,0.0025,7216.057,1059.189,2.0668,18.076,0.19384671948319895,0.0,Merge
32949338.348,E25,P66,0.358561605061605,0.01052780552780553,5544.322,1710.434,1.0979,6.9963,0.25548298191305086,0.0,Merge
33244240.685,P20,P403,0.01,0.0025,1681.359,1059.189,12.495,23.842,0.982477781203715,0.0,Hit+Run
33278705.494,E57,FRAG0024,0.025,0.005858141858141859,2281.955,1406.847,3.7066,9.5780,0.7993146899033808,0.0,Hit+Run
33493797.582,E48,P396,0.1275,0.0025,3927.931,1059.189,1.4187,6.4713,0.7570555087145745,0.0,Merge
33767373.803,E5,P443,0.7930299700299684,0.0025,7223.655,1059.189,1.1205,9.8108,0.8675874230029473,0.0,Merge
33913944.295,E1,P420,0.3643996661347103,0.0025,5574.250,1059.189,1.6393,10.892,0.23680378477522707,0.0,Merge
34211747.049,P56,P292,0.008027639027639028,0.0025,1562.631,1059.189,16.245,29.083,0.9748336636614844,0.0,Hit+Run
34222009.405,E1,P41,0.3668996661347103,0.007499833499833501,5586.969,1527.604,3.9286,25.461,0.6905012080181814,0.0,Merge
34227113.231,E1,P68,0.37439949963454383,0.005,5624.780,1334.495,1.3606,8.9754,0.10822362746461478,0.0,Merge
34452700.339,E5,P304,0.7955299700299684,0.0025,7231.238,1059.189,1.5544,13.625,0.6573196288518125,0.0,Merge
34648376.968,E23,P335,0.05599050949050949,0.0025,2985.602,1059.189,4.4881,15.248,0.5759666690279115,0.0,Merge
35075116.016,E5,P378,0.7980299700299683,0.0025,7238.805,1059.189,1.0949,9.6080,0.507798385383212,0.0,Merge
35231391.534,P115,P577,0.0025,0.0025,1059.189,1059.189,30.558,41.944,0.22835,0.0,Merge
35358179.424,E5,P54,0.8005299700299683,0.01,7246.356,1681.359,1.9672,16.746,0.989181890360117,0.0,Hit+Run
35388235.811,E1,E73,0.37939949963454384,0.03142840492840493,5649.709,2462.831,1.6261,10.338,0.9762370473378739,0.0,Hit+Run
35480634.905,E5,P351,0.8005299700299683,0.0025,7246.356,1059.189,2.0353,17.880,0.607502238063468,0.0,Merge
35486095.117,E5,P437,0.8030299700299682,0.0025,7253.892,1059.189,2.3834,20.961,0.4996436462284927,0.0,Merge
35971763.528,E1,P182,0.37939949963454384,0.0025000000000000022,5649.709,1059.189,2.2565,15.210,0.8011103240582372,0.0,Merge
35989746.302,P119,P691,0.0025,0.0025,1059.189,1059.189,11.315,15.531,0.9148,0.0,Hit+Run
36039432.919,E25,E58,0.3690894105894105,0.030000000000000002,5598.062,2424.939,1.6072,10.127,0.6119281303396965,0.0058605794205794206,Fragment
36081070.148,E1,P20,0.38189949963454384,0.01,5662.091,1681.359,2.4042,15.691,0.9686570773664068,0.0,Hit+Run
36125915.776,E1,P115,0.38189949963454384,0.005,5662.091,1334.495,2.6518,17.617,0.7214595354460208,0.0,Merge
36736421.079,E1,P20,0.38689949963454384,0.01,5686.694,1681.359,1.0276,6.7382,0.5237463022230541,0.0,Merge
36821480.526,E25,FRAG0021,0.3932289377289377,0.006653679653679654,5717.537,1467.848,1.4443,9.6262,0.9169053250335719,0.0,Hit+Run
37717105.937,E25,FRAG0021,0.3932289377289377,0.006653679653679654,5717.537,1467.848,1.303,8.6844,0.28438944994098636,0.0,Merge
37946443.727,E47,E62,0.035,0.027500000000000004,2552.798,2355.617,1.6343,5.2102,0.7365978339472535,0.0,Hit+Run
38054498.164,E24,P550,0.030000000000000002,0.0025,2424.939,1059.189,1.9814,5.4065,0.9707053740901513,0.0,Hit+Run
38307698.219,E5,P206,0.8055299700299682,0.0025,7261.412,1059.189,2.203,19.395,0.9080471870747785,0.0,Hit+Run
38425402.535,E5,P206,0.8055299700299682,0.0025,7261.412,1059.189,1.1185,9.8475,0.5668204209563369,0.0,Merge
38505454.134,E99,P711,0.025,0.0025,2281.955,1059.189,2.5869,6.6306,0.695484630508325,0.0,Hit+Run
38841710.569,E57,P346,0.025,0.0025,2281.955,1059.189,4.5235,11.594,0.5947441974336143,0.0,Merge
39021925.27,E5,P103,0.8080299700299681,0.0025,7268.916,1059.189,1.3708,12.082,0.948665266421875,0.0,Hit+Run
39102880.901,E5,P103,0.8080299700299681,0.0025,7268.916,1059.189,1.0771,9.4934,0.6068699602016099,0.0,Merge
39575915.579,E5,P540,0.8105299700299681,0.0025,7276.405,1059.189,2.6021,22.959,0.5044672261590698,0.0,Merge
39685977.729,E5,P54,0.813029970029968,0.01,7283.878,1681.359,1.329,11.376,0.633229712894508,0.0,Merge
40184934.875,E25,P449,0.3998826173826173,0.0025,5749.605,1059.189,2.8646,19.674,0.8240025773942417,0.0,Merge
40464416.724,E48,P507,0.13,0.0025,3953.438,1059.189,1.5798,7.2566,0.6183374217151847,0.0,Merge
40527628.142,E1,P470,0.39689949963454385,0.0025,5735.272,1059.189,1.9608,13.431,0.48629166498578025,0.0,Merge
40602785.714,E5,P651,0.823029970029968,0.0025,7313.620,1059.189,2.5148,22.309,0.10665392014471888,0.0,Merge
40968816.01,E1,FRAG0027,0.39939949963454385,0.005879453879453879,5747.288,1408.551,3.6997,24.875,0.4962728927311807,0.0,Merge
42282349.309,E48,P435,0.1325,0.0025,3978.620,1059.189,1.505,6.9604,0.850641781200992,0.0,Hit+Run
42422696.391,E5,P272,0.825529970029968,0.0025,7321.017,1059.189,1.6636,14.774,0.8861881088165278,0.0,Hit+Run
42590939.934,E5,P245,0.825529970029968,0.0025,7321.017,1059.189,2.1731,19.298,0.517438108095455,0.0,Merge
42887252.643,P119,P350,0.0025,0.0025,1059.189,1059.189,10.265,14.090,0.4997,0.0,Merge
43279236.042,E92,P499,0.025,0.0025,2281.955,1059.189,4.5041,11.544,0.5526722606376673,0.0,Merge
43468982.583,E1,P56,0.40527895351399773,0.008027639027639028,5775.353,1562.631,3.4895,23.397,0.6530145502269479,0.0,Merge
44401995.224,E5,P389,0.8280299700299679,0.0025,7328.400,1059.189,1.3222,11.754,0.9632756404540734,0.0,Hit+Run
44709602.959,E5,P763,0.8280299700299679,0.0025,7328.400,1059.189,1.9039,16.926,0.8115979523063843,0.0,Merge
44738944.484,E5,P332,0.8305299700299679,0.0025,7335.768,1059.189,2.2799,20.290,0.7068412757358987,0.0,Merge
44817330.667,E5,P389,0.8330299700299678,0.0025,7343.121,1059.189,1.241,11.056,0.9493617268962264,0.0,Hit+Run
45132075.035,E5,FRAG0035,0.8330299700299678,0.006286380286380286,7343.121,1440.325,1.5307,13.368,0.7239081346359986,0.0,Merge
45296432.006,E5,P656,0.8393163503163481,0.0025,7361.546,1059.189,1.508,13.470,0.9406569269934505,0.0,Hit+Run
46180876.409,E5,P656,0.8393163503163481,0.0025,7361.546,1059.189,1.2764,11.401,0.6920297615316129,0.0,Merge
46649891.044,E5,P337,0.841816350316348,0.0025,7368.848,1059.189,2.659,23.777,0.9947200648710621,0.0,Hit+Run
46929583.362,E1,P568,0.41330659254163676,0.0025,5813.236,1059.189,5.251,36.491,0.8655026811486267,0.0,Hit+Run
46960289.053,E1,P568,0.41330659254163676,0.0025,5813.236,1059.189,1.0578,7.3510,0.7626438793233011,0.0,Merge
47045305.82,E5,P341,0.841816350316348,0.0025,7368.848,1059.189,1.5614,13.962,0.9214515921311528,0.0,Hit+Run
47073791.806,E1,P213,0.41580659254163677,0.0025,5824.933,1059.189,1.3164,9.1678,0.6934964969722667,0.0,Merge
47120951.588,E5,P144,0.841816350316348,0.0025,7368.848,1059.189,2.9472,26.354,0.9671788131848194,0.0,Hit+Run
47340693.27,E5,P341,0.841816350316348,0.0025,7368.848,1059.189,1.0669,9.5404,0.4299058239404951,0.0,Merge
48101699.611,E1,P221,0.41830659254163677,0.0025,5836.584,1059.189,2.6982,18.831,0.9561782359550849,0.0,Hit+Run
48157467.61,E48,E57,0.1325,0.0275,3978.620,2355.617,1.47,6.6006,0.5893589038781551,0.006154179154179154,Fragment
48419212.288,P138,P601,0.0025,0.0025,1059.189,1059.189,19.497,26.761,0.36555,0.0,Merge
49204992.899,E5,FRAG0033,0.844316350316348,0.006448218448218449,7376.136,1452.581,2.9649,26.002,0.9897823303248936,0.0,Hit+Run
49668089.339,E5,FRAG0031,0.844316350316348,0.006448218448218449,7376.136,1452.581,2.4959,21.889,0.7569366010587942,0.0,Merge
49830317.585,E24,P534,0.030000000000000002,0.0025,2424.939,1059.189,3.0058,8.2018,0.6875046737837897,0.0,Merge
51173944.66,E1,P337,0.41830659254163677,0.0025,5836.584,1059.189,1.7726,12.371,0.9703131182605201,0.0,Hit+Run
51351898.083,E5,P155,0.8507645687645664,0.0025,7394.866,1059.189,3.887,34.888,0.8698138271036117,0.0,Merge
51381271.848,E73,E71,0.03142840492840493,0.0275,2462.831,2355.617,1.8789,5.8704,0.39331094759366025,0.015445221445221445,Fragment
51453193.785,E35,P395,0.04000000000000001,0.0025,2668.991,1059.189,4.4026,13.280,0.21333711128183827,0.0,Merge
51672686.336,E25,P303,0.4023826173826173,0.0025,5761.562,1059.189,1.5971,10.993,0.40039286288031156,0.0,Merge
52174049.508,E5,P340,0.8532645687645664,0.0025,7402.102,1059.189,2.9915,26.878,0.7547066654802306,0.0,Merge
52367490.861,E25,P566,0.4048826173826173,0.0025,5773.469,1059.189,1.9938,13.754,0.6675352350440682,0.0,Merge
52565820.755,E36,P476,0.0975,0.0025000000000000022,3591.937,1059.189,3.3934,14.057,0.6915699429710629,0.0,Merge
53702598.735,E25,FRAG0024,0.40738261738261733,0.005858141858141859,5785.328,1406.847,1.8625,12.613,0.9816798818071457,0.0,Hit+Run
53753022.798,E40,P434,0.0275,0.0025,2355.617,1059.189,5.9287,15.699,0.38885400710788587,0.0116598001998002,Fragment
53804541.669,E23,P827,0.05849050949050949,0.0025,3029.393,1059.189,2.4686,8.5182,0.5050244385207336,0.0,Merge
54192897.26,E5,P521,0.8557645687645663,0.0025,7409.324,1059.189,1.9708,17.725,0.9632936594271428,0.0,Hit+Run
54864708.811,E5,P521,0.8557645687645663,0.0025,7409.324,1059.189,1.0365,9.3225,0.9486823932033162,0.0,Hit+Run
55128983.663,P81,P279,0.0025,0.0025,1059.189,1059.189,10.009,13.739,0.5823,0.0,Graze+Frag
55311008.331,E25,P474,0.40738261738261733,0.0025,5785.328,1059.189,1.7415,12.040,0.35390612961163564,0.0,Merge
56100541.67,E5,P521,0.8557645687645663,0.0025,7409.324,1059.189,1.5665,14.089,0.745787025699997,0.0,Merge
57197426.47,E25,FRAG0039,0.40988261738261733,0.005535797535797536,5797.138,1380.555,1.0582,7.1924,0.9101523783534534,0.0,Hit+Run
58653663.428,E35,P463,0.04250000000000001,0.0025,2723.475,1059.189,3.3869,10.436,0.8245308029824318,0.0,Hit+Run
59373275.196,E36,FRAG0001,0.1,0.0064751914751914755,3622.378,1454.603,2.7939,11.431,0.8897939791036884,0.0,Hit+Run
59724626.93,E5,P623,0.8582645687645662,0.0025,7416.532,1059.189,1.7641,15.883,0.880282684006659,0.0,Hit+Run
60707566.006,E5,P347,0.8582645687645662,0.0025,7416.532,1059.189,1.6427,14.790,0.9691859848963971,0.0,Hit+Run
60912471.677,E5,FRAG0022,0.8582645687645662,0.009177156177156177,7416.532,1633.916,2.0009,17.501,0.5006115891965659,0.0,Merge
60939158.346,E1,P570,0.41830659254163677,0.0025,5836.584,1059.189,3.3756,23.559,0.7233335579775301,0.0,Merge
62386883.596,E73,P334,0.04348318348318348,0.0025,2744.317,1059.189,10.560,32.806,0.7443950849114981,0.008097902097902098,Graze+Frag
63499049.518,E5,P211,0.8674417249417224,0.0025,7442.873,1059.189,2.402,21.707,0.966638383770267,0.0,Hit+Run
63649699.395,E5,P211,0.8674417249417224,0.0025,7442.873,1059.189,1.1208,10.129,0.7916419946055537,0.0,Merge
64281129.671,P123,P583,0.005,0.0025,1334.495,1059.189,12.078,19.101,0.18849300376633618,0.0,Fragment
64969596.639,E5,FRAG0040,0.8699417249417224,0.005535797535797536,7450.016,1380.555,2.8722,25.550,0.9097205331210885,0.0,Hit+Run
65146290.266,E5,FRAG0040,0.8699417249417224,0.005535797535797536,7450.016,1380.555,1.0676,9.4971,0.3578813411387978,0.0,Merge
66572694.76,P222,P369,0.0025,0.0025,1059.189,1059.189,17.349,23.813,0.98065,0.0,Hit+Run
66620830.212,E5,P708,0.87547752247752,0.0025,7465.785,1059.189,1.479,13.409,0.5595195427528469,0.0,Merge
66792453.171,E24,P558,0.0325,0.0025,2490.510,1059.189,4.6408,13.019,0.8311288876278584,0.0,Hit+Run
67630078.95,E5,P375,0.8779775224775199,0.0025,7472.885,1059.189,1.4146,12.838,0.3983401614275198,0.0,Merge
69297430.893,E5,FRAG0047,0.8804775224775199,0.008097902097902098,7479.971,1567.176,1.0466,9.2667,0.44803029303423136,0.0,Merge
69627787.72,E1,FRAG0024,0.42080659254163677,0.005858141858141859,5848.188,1406.847,5.3645,36.754,0.45834090961024765,0.0,Merge
70569412.776,E1,P426,0.42666473439977864,0.0025,5875.201,1059.189,3.3165,23.310,0.49742372112017796,0.0,Merge
73079433.685,E36,P520,0.1,0.0025,3622.378,1059.189,2.39,9.9912,0.33186274476539707,0.0,Merge
73804003.98,E48,FRAG0006,0.15384582084582085,0.005779220779220779,4181.727,1400.501,1.0876,5.1960,0.8638785906769555,0.0,Hit+Run
74503230.985,E5,P604,0.8885754245754219,0.0025,7502.833,1059.189,4.3733,39.859,0.6767603826350483,0.0,Merge
74727331.385,E1,P623,0.42916473439977865,0.0025,5886.654,1059.189,1.6815,11.843,0.8249636867268912,0.0,Merge
74903881.562,E5,FRAG0041,0.8910754245754219,0.005860472860472861,7509.862,1407.034,1.9129,17.140,0.8076753848005961,0.0,Merge
75574457.656,E23,P406,0.06099050949050949,0.0025,3071.953,1059.189,2.5607,8.9688,0.5867814772597995,0.0,Merge
75754307.336,E5,P606,0.8969358974358947,0.0025,7526.290,1059.189,4.8975,44.785,0.41859086877475704,0.0,Merge
77340932.182,E5,FRAG0044,0.8994358974358947,0.0077226107226107225,7533.276,1542.583,1.8173,16.232,0.5888264719673422,0.0,Merge
79271216.507,E5,P506,0.9071585081585054,0.0025,7554.775,1059.189,1.141,10.475,0.8486220242662799,0.0,Merge
80020721.355,E1,P287,0.43166473439977865,0.0025,5898.062,1059.189,5.0345,35.532,0.5487533887140157,0.0,Merge
83157447.192,E48,E62,0.15384582084582085,0.027500000000000004,4181.727,2355.617,1.0048,4.7281,0.8588176939643075,0.0,Graze+Merge
84487102.477,E42,P123,0.030000000000000002,0.0075001665001665,2424.939,1527.627,1.9547,5.3791,0.6509954989877992,0.0,Hit+Run
85405491.324,E5,P445,0.9096585081585054,0.0025,7561.709,1059.189,2.6685,24.523,0.3175235769420818,0.0,Merge
87260177.257,E23,E35,0.0634905094905095,0.04250000000000001,3113.365,2723.475,1.5813,6.0202,0.8237281601626617,0.0,Hit+Run
87718006.378,E1,P318,0.43416473439977865,0.0025,5909.426,1059.189,2.9147,20.613,0.7570995001062886,0.0,Merge
90292114.877,E73,P374,0.03788528138528138,0.0025,2621.102,1059.189,7.0513,20.868,0.6647670349678264,0.006695637695637696,Fragment
90838245.98,E5,P856,0.9121585081585053,0.0025,7568.630,1059.189,2.8575,26.285,0.28378568712552366,0.0,Merge
92970123.294,E36,P266,0.10250000000000001,0.0025,3652.317,1059.189,1.1487,4.8448,0.5429436613928199,0.0,Merge
93309354.493,E5,P514,0.9146585081585052,0.0025,7575.538,1059.189,4.0805,37.572,0.8589097191518368,0.0,Merge
93852378.452,E5,E73,0.9171585081585052,0.03368964368964369,7582.434,2520.534,1.5048,13.042,0.7922441148246668,0.028161838161838162,Hit+Run+Frag
94078888.097,E1,P289,0.43666473439977865,0.0025000000000000022,5920.747,1059.189,2.347,16.632,0.8515604169974983,0.0,Hit+Run
94135544.906,E5,FRAG0051,0.9171585081585052,0.005632367632367632,7582.434,1388.537,1.0276,9.3113,0.5198095983154524,0.0,Merge
95159729.46,E5,P149,0.9227908757908728,0.0025,7597.924,1059.189,2.8224,26.069,0.3108639549857978,0.0,Merge
96194105.738,E48,P457,0.18134582084582085,0.0025,4417.362,1059.189,1.3215,6.8406,0.37111458309769346,0.0,Merge
96573827.036,E25,P365,0.40988261738261733,0.0025,5797.138,1059.189,2.2121,15.327,0.550177555998748,0.0,Merge
96854832.936,E1,P336,0.43666473439977865,0.0025,5920.747,1059.189,3.1793,22.530,0.19153535427635732,0.0,Merge
97102520.309,E5,FRAG0052,0.9252908757908728,0.005632367632367632,7604.779,1388.537,1.4563,13.237,0.96035181794559,0.0,Hit+Run
99889918.749,E1,FRAG0052,0.43916473439977866,0.005632367632367632,5932.025,1388.537,2.2642,15.768,0.9478356386151942,0.0,Hit+Run
100283205.885,E1,P403,0.43916473439977866,0.0025,5932.025,1059.189,3.125,22.191,0.48822518595940434,0.0,Merge
104246260.147,E5,FRAG0052,0.9252908757908728,0.005632367632367632,7604.779,1388.537,1.3403,12.183,0.6342871344906111,0.0,Merge
105376265.313,E25,E23,0.41238261738261733,0.0634905094905095,5808.900,3113.365,1.6814,10.970,0.9544490436407181,0.0,Hit+Run
108611436.011,E5,FRAG0048,0.9309232434232404,0.006695637695637696,7620.178,1470.927,3.3259,30.176,0.9836294725018069,0.0,Hit+Run
109693379.086,E5,FRAG0048,0.9309232434232404,0.006695637695637696,7620.178,1470.927,1.0952,9.9370,0.9694638669753642,0.0,Hit+Run
109750093.71,E5,FRAG0048,0.9309232434232404,0.006695637695637696,7620.178,1470.927,1.0188,9.2438,0.6338479821950289,0.0,Merge
109998846.464,E61,FRAG0053,0.030000000000000002,0.005632367632367632,2424.939,1388.537,5.1403,14.038,0.7046897717715528,0.0075994005994005995,Graze+Frag
112236171.238,E23,P384,0.0634905094905095,0.0025,3113.365,1059.189,1.6888,6.0003,0.9379891630518524,0.0,Hit+Run
114423707.764,E5,P123,0.9376188811188781,0.0075001665001665,7638.404,1527.627,3.3354,30.259,0.9835057150909675,0.0,Hit+Run
123131098.867,E48,FRAG0006,0.18384582084582085,0.005779220779220779,4437.568,1400.501,3.4414,17.522,0.6688197510218054,0.0,Merge
124623423.655,E25,P475,0.41238261738261733,0.0025,5808.900,1059.189,1.5525,10.780,0.5711559239031587,0.0,Merge
126565453.077,E5,P138,0.9376188811188781,0.005,7638.404,1334.495,2.0936,19.171,0.36051490631403066,0.0,Merge
126740165.527,E25,FRAG0054,0.41488261738261734,0.0075994005994005995,5820.615,1534.335,1.9154,12.969,0.6124547200234608,0.0,Merge
130536905.464,E25,P347,0.42248201798201795,0.0025,5855.939,1059.189,1.9062,13.350,0.8503020681934194,0.0,Hit+Run
131598023.683,E25,P272,0.42248201798201795,0.0025,5855.939,1059.189,1.0303,7.2161,0.7001590976818236,0.0,Merge
136197605.274,E25,P123,0.42498201798201796,0.0075001665001665,5867.467,1527.627,2.7724,18.941,0.9340221746680163,0.0,Hit+Run
150003780.238,E5,E42,0.9426188811188781,0.030000000000000002,7651.957,2424.939,4.039,35.451,0.3966119103485083,0.02905801531801532,Fragment
150041281.79,E5,FRAG0055,0.9435612720612692,0.005811521811521812,7654.506,1403.105,1.0718,9.8035,0.9238534544516906,0.0,Hit+Run
150313379.798,E5,FRAG0058,0.9435612720612692,0.005811521811521812,7654.506,1403.105,1.0108,9.2455,0.4966599663202146,0.0,Merge
150736562.437,E5,FRAG0057,0.9493727938727909,0.005811521811521812,7670.189,1403.105,1.0107,9.2648,0.28243435193099836,0.0,Merge
151597582.08,E5,FRAG0059,0.9551843156843127,0.005811521811521812,7685.808,1403.105,1.2363,11.357,0.29283975639511983,0.0,Merge
152305339.25,E5,E35,0.9609958374958345,0.04250000000000001,7701.364,2723.475,1.0584,9.2774,0.8665553124670748,0.017350649350649353,Hit+Run+Frag
153010584.772,E1,E35,0.44166473439977866,0.02514951714951715,5943.260,2286.495,1.384,9.3126,0.7420990687313369,0.019621378621378624,Hit+Run+Frag
153013534.099,E1,FRAG0063,0.44166506740011163,0.006540459540459541,5943.261,1459.474,1.0222,7.1061,0.5048299331621664,0.0,Merge
154130689.884,E1,FRAG0062,0.4482055269405712,0.005783549783549784,5972.455,1400.851,4.662,32.682,0.7748559971875293,0.0,Merge
154221067.348,E5,P369,0.960995670995668,0.0025,7701.364,1059.189,4.2866,40.163,0.34908884403779034,0.0,Merge
154733687.412,E25,FRAG0061,0.42498201798201796,0.005783549783549784,5867.467,1400.851,1.5526,10.678,0.7648846590346584,0.0,Merge
161004624.331,E1,E35,0.453989076724121,0.005527805527805528,5998.034,1379.890,2.7749,19.565,0.9295502863427101,0.0,Hit+Run
161153872.781,E1,E35,0.453989076724121,0.005527805527805528,5998.034,1379.890,1.5143,10.677,0.5558278212108718,0.0,Merge
161203132.881,E1,P360,0.4595168822519265,0.0025,6022.280,1059.189,6.355,45.860,0.26669421202378013,0.0,Merge
161714121.191,P296,P563,0.0025,0.0025,1059.189,1059.189,7.5914,10.419,0.9649000000000001,0.0,Hit+Run
177081882.632,E25,P70,0.43076556776556774,0.0025,5893.964,1059.189,2.4682,17.406,0.3894185444071946,0.0,Merge
193720790.75,E25,E56,0.43326556776556774,0.030000000000000002,5905.344,2424.939,1.7316,11.536,0.7397379117545513,0.024471528471528472,Hit+Run+Frag
