time_yr,target,projectile,Mt_Mearth,Mp_Mearth,Rt_km,Rp_km,vimp/vesc,vimp_km/s,b,m_frag_Mearth,Regime
4387.112,EI12,PI117,0.00625,0.000625,1437.541,667.2478,1.0353,1.6716,0.7157693143206566,0.0,Graze+Merge
8182.156,E0,PI77,0.4524555555544456,0.000625,5991.273,667.2478,1.0111,7.4516,0.8114309719646756,0.0,Merge
17389.789,E1,PI129,0.23462666666666668,0.000625,4813.411,667.2478,1.0366,6.0676,0.8998591364947167,0.0,Hit+Run
28779.559,EI6,PI62,0.00625,0.000625,1437.541,667.2478,2.5629,4.1382,0.7940395084248046,0.0,Hit+Run
32195.879,E0,PI96,0.4530805555544456,0.000625,5994.031,667.2478,1.0664,7.8629,0.9691189234729589,0.0,Hit+Run
34606.495,E0,PI165,0.4530805555544456,0.000625,5994.031,667.2478,1.0253,7.5599,0.6607465417884807,0.0,Merge
37393.437,E0,PI112,0.4537055555544456,0.000625,5996.786,667.2478,1.022,7.5392,0.951795966728224,0.0,Hit+Run
39176.111,E1,PI191,0.23462666666666668,0.000625,4813.411,667.2478,1.199,7.0182,0.5951049686597892,0.0,Merge
43395.61,E0,PI115,0.4537055555544456,0.000625,5996.786,667.2478,1.0734,7.9183,0.7315069881378209,0.0,Merge
48498.608,EI1,P443,0.00625,0.0024355585714285716,1437.541,1050.009,5.1699,8.6308,0.13262673570357889,0.0,Fragment
48662.985,E0,PI150,0.45433055555444557,0.000625,5999.538,667.2478,1.0756,7.9384,0.7554783196322785,0.0,Merge
53314.583,EI5,PI55,0.00625,0.000625,1437.541,667.2478,2.6673,4.3068,0.6254785668462378,0.0,Merge
61583.059,E0,EI15,0.45495555555444556,0.00625,6002.288,1437.541,1.1227,7.8974,0.1611941615369361,0.0,Merge
66225.408,E0,PI72,0.46120555555444553,0.000625,6029.648,667.2478,1.0962,8.1330,0.9668115285318565,0.0,Hit+Run
71996.117,E0,PI66,0.46120555555444553,0.000625,6029.648,667.2478,1.022,7.5825,0.9123394690457536,0.0,Graze+Merge
73998.08,E1,PI189,0.23525166666666666,0.000625,4817.681,667.2478,1.07,6.2689,0.6187089436233588,0.0,Merge
81628.109,E1,PI175,0.23587666666666665,0.000625,4821.944,667.2478,1.3434,7.8781,0.5846040414823912,0.0,Merge
82064.014,E0,PI70,0.4618305555544455,0.000625,6032.371,667.2478,1.0666,7.9171,0.9203040602279917,0.0,Hit+Run
82405.821,EI1,PI15,0.008685647685647686,0.000625,1604.210,667.2478,2.4114,4.3617,0.2075659593966332,0.0,Merge
82556.143,EI10,PI68,0.00625,0.000625,1437.541,667.2478,1.6503,2.6647,0.8801640413788454,0.0,Hit+Run
84468.668,EI7,PI139,0.00625,0.000625,1437.541,667.2478,2.874,4.6406,0.9442281269544921,0.0,Hit+Run
97832.936,E0,PI97,0.4618305555544455,0.000625,6032.371,667.2478,1.1221,8.3291,0.5757190256430662,0.0,Merge
111282.31,EI13,PI140,0.00625,0.000625,1437.541,667.2478,1.3976,2.2566,0.5364171941483241,0.0,Merge
114308.826,E0,EI18,0.4624555555544455,0.00625,6035.091,1437.541,1.0055,7.1146,0.5156690665541733,0.0,Merge
133760.047,E8,P156,0.11363999999999999,0.0024355585714285716,3780.108,1050.009,1.7467,7.6501,0.8060120772249864,0.0,Hit+Run
135319.665,EI6,PI65,0.00625,0.000625,1437.541,667.2478,1.1664,1.8833,0.4375891218370655,0.0,Merge
160208.916,EI12,PI163,0.006875,0.000625,1483.945,667.2478,5.6345,9.3994,0.7092084525591936,0.0,Graze+Frag
170031.606,E0,PI96,0.4687055555544455,0.000625,6062.157,667.2478,1.1295,8.4274,0.8072480475859959,0.0,Merge
170765.263,EI2,PI26,0.00625,0.000625,1437.541,667.2478,3.6381,5.8744,0.7283362564804848,0.0,Hit+Run
186585.883,E3,PI184,0.40336,0.000625,5766.223,667.2478,1.3492,9.5519,0.595402084801505,0.0,Merge
197967.881,E10,P383,0.14002,0.0024355585714285716,4052.507,1050.009,1.2788,6.0368,0.14994822742684813,0.0,Merge
198934.503,EI2,P829,0.00625,0.0024355585714285716,1437.541,1050.009,3.1741,5.2989,0.8770123490359534,0.0,Hit+Run
203573.328,E0,EI10,0.46933055555444547,0.00625,6064.850,1437.541,0.9976,7.0962,0.7488106138243417,0.0,Perfect
235280.823,E0,PI75,0.47558055555444545,0.000625,6091.653,667.2478,1.1085,8.3128,0.6380151601704154,0.0,Merge
245103.987,E0,PI136,0.47620555555444544,0.000625,6094.321,667.2478,1.1993,8.9979,0.4055027880893729,0.0,Merge
245856.603,E1,PI183,0.23650166666666664,0.000625,4826.199,667.2478,1.078,6.3276,0.964634168146744,0.0,Hit+Run
284960.576,E0,PI134,0.4768305555544454,0.000625,6096.986,667.2478,1.015,7.6186,0.45194013866012567,0.0,Merge
292788.878,E0,PI84,0.4774555555544454,0.000625,6099.648,667.2478,1.4314,10.749,0.5846449877850399,0.0,Merge
315228.0,E0,PI133,0.4780805555544454,0.000625,6102.309,667.2478,1.3008,9.7728,0.5018283327215934,0.0,Merge
340425.783,E0,PI48,0.4787055555544454,0.000625,6104.967,667.2478,1.2868,9.6720,0.7614740160622195,0.0,Merge
345033.283,E0,PI45,0.47933055555444537,0.000625,6107.623,667.2478,1.7157,12.901,0.857427448504062,0.0,Merge
366596.085,E0,PI105,0.47995555555444536,0.000625,6110.276,667.2478,1.2419,9.3431,0.9054265770151844,0.0,Hit+Run
375385.605,E1,EI17,0.23650166666666664,0.00625,4826.199,1437.541,1.1009,6.1230,0.9715207681426932,0.0,Hit+Run
376345.313,E0,PI142,0.47995555555444536,0.000625,6110.276,667.2478,1.2393,9.3235,0.1656147189063919,0.0,Merge
394468.903,EI3,PI31,0.00625,0.000625,1437.541,667.2478,3.5573,5.7439,0.9714792678336851,0.0,Hit+Run
396507.633,EI8,PI73,0.00625,0.000625,1437.541,667.2478,6.1592,9.9452,0.9031123705402712,0.0,Hit+Run
410732.55,E1,EI17,0.23650166666666664,0.00625,4826.199,1437.541,1.1369,6.3233,0.744377995164292,0.0,Merge
457751.115,E3,E9,0.403985,0.07894000000000001,5769.200,3347.800,1.091,7.0940,0.3683504635982114,0.017996003996003995,Fragment
466288.402,E0,PI64,0.48058055555444534,0.000625,6112.927,667.2478,1.1549,8.6925,0.7371386819584709,0.0,Merge
480635.945,E0,PI76,0.48120555555444533,0.000625,6115.576,667.2478,1.4811,11.152,0.957257215137003,0.0,Hit+Run
485572.633,E0,PI132,0.48120555555444533,0.000625,6115.576,667.2478,1.5363,11.568,0.9360689844167247,0.0,Hit+Run
495703.101,E0,PI155,0.48120555555444533,0.000625,6115.576,667.2478,1.5376,11.578,0.4170925757957781,0.0,Merge
496138.464,E0,EI12,0.4818305555544453,0.0075001665001665,6118.222,1527.627,1.2223,8.7362,0.9074287820562478,0.0,Hit+Run
506705.966,E0,PI50,0.4818305555544453,0.000625,6118.222,667.2478,1.43,10.772,0.8666805975539991,0.0,Merge
515922.289,E0,EI12,0.4824555555544453,0.0075001665001665,6120.867,1527.627,1.0035,7.1757,0.5260180115273354,0.0,Merge
562343.965,EI8,PI194,0.00625,0.000625,1437.541,667.2478,7.5391,12.173,0.297645293111586,0.0,Merge
575363.917,E0,PI28,0.4899557220546118,0.000625,6152.422,667.2478,1.4679,11.123,0.9445597783623023,0.0,Hit+Run
579171.577,EI11,PI25,0.00625,0.000625,1437.541,667.2478,3.4153,5.5146,0.13413844783642837,0.0,Merge
593168.686,E0,PI87,0.4899557220546118,0.000625,6152.422,667.2478,1.1734,8.8915,0.6098590355042182,0.0,Merge
614546.715,E0,PI164,0.4905807220546118,0.000625,6155.037,667.2478,1.114,8.4451,0.948027387417197,0.0,Hit+Run
616159.351,EI4,P136,0.00625,0.0024355585714285716,1437.541,1050.009,7.9737,13.311,0.8780525587277462,0.0,Hit+Run
653367.767,E0,EI11,0.4905807220546118,0.006875,6155.037,1483.945,1.1571,8.3423,0.5607147298629366,0.0,Merge
653676.318,E1,PI132,0.24275166666666664,0.000625,4868.344,667.2478,1.0827,6.4139,0.44975698786213686,0.0,Merge
675372.265,EI7,PI4,0.00625,0.000625,1437.541,667.2478,9.1954,14.847,0.438681899416181,0.0,Fragment
676354.316,EI7,PI6,0.006875124875124875,0.000625,1483.954,667.2478,8.5607,14.281,0.7969556112647649,0.0,Graze+Frag
677183.017,EI4,PI18,0.00625,0.000625,1437.541,667.2478,12.342,19.928,0.35966042072639093,0.006661005661005661,Fragment
689064.194,E0,PI69,0.4974557220546118,0.000625,6183.656,667.2478,1.0817,8.2402,0.9709315593747531,0.0,Hit+Run
692919.414,EI13,PI109,0.006875,0.000625,1483.945,667.2478,3.4746,5.7963,0.9072570341463393,0.0,Hit+Run
701166.106,E0,PI164,0.4974557220546118,0.000625,6183.656,667.2478,1.1642,8.8687,0.7164873773651379,0.0,Merge
735763.094,E0,PI111,0.4980807220546118,0.000625,6186.244,667.2478,1.1674,8.8969,0.5720037239563207,0.0,Merge
752332.162,E3,P394,0.464928996003996,0.0024355585714285716,6045.831,1050.009,1.1167,8.0969,0.923850296855801,0.0,Hit+Run
770552.543,E0,PI109,0.4987057220546118,0.000625,6188.831,667.2478,1.4309,10.909,0.8328106503685722,0.0,Merge
785630.708,E5,P605,0.0735,0.0024355585714285716,3269.060,1050.009,1.0371,3.8851,0.4769919826529975,0.0,Merge
790126.136,E0,PI102,0.49933072205461176,0.000625,6191.415,667.2478,1.6066,12.254,0.6143875511240913,0.0,Merge
817533.57,E0,PI80,0.49995572205461175,0.000625,6193.997,667.2478,1.2675,9.6725,0.8271909280148584,0.0,Merge
820681.075,E0,PI90,0.5005807220546118,0.000625,6196.577,667.2478,1.6624,12.691,0.9536147085741821,0.0,Hit+Run
849542.794,E0,PI90,0.5005807220546118,0.000625,6196.577,667.2478,1.0522,8.0330,0.22253718230004343,0.0,Merge
888774.429,E0,PI104,0.5012057220546118,0.000625,6199.155,667.2478,1.0886,8.3145,0.41701452292235136,0.0,Merge
889279.381,EI5,EI0,0.006875,0.00625,1483.945,1437.541,5.8495,11.077,0.8935205030491193,0.0,Hit+Run
893663.209,E0,PI43,0.5018307220546118,0.000625,6201.731,667.2478,1.2663,9.6760,0.9147784536437558,0.0,Hit+Run
949884.7,E0,PI72,0.5018307220546118,0.000625,6201.731,667.2478,1.1776,8.9982,0.488628206782472,0.0,Merge
963931.959,E6,PI92,0.08018000000000002,0.000625,3365.238,667.2478,3.0218,12.085,0.7740283419836891,0.0,Merge
966055.294,E0,PI125,0.5024557220546118,0.000625,6204.304,667.2478,1.287,9.8384,0.7143721645381962,0.0,Merge
966794.237,E4,P638,0.0574,0.0024355585714285716,3010.448,1050.009,1.6792,5.7590,0.4022869241215222,0.0,Merge
1003271.641,E0,PI83,0.5030807220546117,0.000625,6206.876,667.2478,1.0695,8.1793,0.483611127484358,0.0,Merge
1018781.15,E0,PI168,0.5037057220546117,0.000625,6209.445,667.2478,1.5219,11.644,0.6018292807271565,0.0,Merge
1042527.272,E0,EI13,0.5043307220546117,0.006875,6212.012,1483.945,1.2704,9.2504,0.8234028288713044,0.0,Hit+Run
1043659.066,EI4,P829,0.006875124875124875,0.0024355585714285716,1483.954,1050.009,2.6106,4.4708,0.4359983429293171,0.0,Merge
1065319.279,E0,PI157,0.5043307220546117,0.000625,6212.012,667.2478,1.0806,8.2713,0.831307206567928,0.0,Merge
1128751.398,E3,PI178,0.464928996003996,0.000625,6045.831,667.2478,1.3561,10.089,0.4669635916124099,0.0,Merge
1131936.108,E0,PI176,0.5049557220546117,0.000625,6214.577,667.2478,1.7378,13.307,0.8207748968472063,0.0,Merge
1151508.784,E0,PI113,0.5055807220546117,0.000625,6217.140,667.2478,1.0797,8.2716,0.9132829038830883,0.0,Hit+Run
1230858.407,E0,PI60,0.5055807220546117,0.000625,6217.140,667.2478,1.0286,7.8801,0.4306779559595024,0.0,Merge
1234974.763,E12,P316,0.09854,0.0024355585714285716,3604.663,1050.009,1.2842,5.3438,0.4600043709763386,0.0,Merge
1241265.634,E0,PI123,0.5062057220546117,0.000625,6219.701,667.2478,1.8147,13.908,0.9881875142043702,0.0,Hit+Run
1359117.448,EI7,PI9,0.0075001665001665,0.000625,1527.627,667.2478,11.386,19.572,0.5169172604670637,0.007491282051282051,Fragment
1364864.765,E0,PI187,0.5062057220546117,0.000625,6219.701,667.2478,1.7183,13.169,0.5521639976097167,0.0,Merge
1405509.254,E6,PI147,0.08080500000000002,0.000625,3373.960,667.2478,2.0616,8.2679,0.4899963555395428,0.0,Merge
1410292.901,E0,PI107,0.5068307220546117,0.000625,6222.260,667.2478,1.8042,13.833,0.8058808726723368,0.0,Merge
1434495.187,E3,PI127,0.465553996003996,0.000625,6048.539,667.2478,1.517,11.291,0.9622489930641964,0.0,Hit+Run
1481926.882,E0,PI22,0.5074557220546116,0.000625,6224.816,667.2478,1.6088,12.341,0.8264152536901872,0.0,Merge
1521431.514,E0,PI171,0.5080807220546116,0.000625,6227.371,667.2478,1.0739,8.2413,0.867996284371857,0.0,Merge
1568118.073,EI9,PI43,0.00625,0.000625,1437.541,667.2478,11.156,18.014,0.5462521923603636,0.0,Fragment
1620438.305,EI19,P317,0.00625,0.0024355585714285716,1437.541,1050.009,12.432,20.755,0.886200867980123,0.0,Hit+Run
1672665.898,E1,PI88,0.24337666666666663,0.000625,4872.518,667.2478,1.2824,7.6038,0.9940708778630241,0.0,Hit+Run
1689370.271,E0,PI42,0.5087057220546116,0.000625,6229.923,667.2478,1.9199,14.740,0.9292715778469373,0.0,Hit+Run
1704332.607,EI4,PI0,0.009310683446553447,0.000625,1641.802,667.2478,9.8358,18.228,0.9551257607096748,0.0,Hit+Run
1731387.104,E4,EI6,0.05983555857142857,0.006875,3052.438,1483.945,1.6238,5.5632,0.2691516675075605,0.0,Merge
1764288.517,E0,PI156,0.5087057220546116,0.000625,6229.923,667.2478,1.6717,12.834,0.4529837638902012,0.0,Merge
1779986.163,E0,PI68,0.5093307220546116,0.000625,6232.474,667.2478,1.6289,12.511,0.6355573158964115,0.0,Merge
1785099.16,E0,PI181,0.5099557220546116,0.000625,6235.022,667.2478,1.3284,10.207,0.9493086733830391,0.0,Hit+Run
1811441.846,E0,PI74,0.5099557220546116,0.000625,6235.022,667.2478,1.5864,12.190,0.5629547675823675,0.0,Merge
1822591.073,E0,PI161,0.5105807220546116,0.000625,6237.568,667.2478,1.5515,11.926,0.7358810180974715,0.0,Merge
1826492.635,E0,PI42,0.5112057220546116,0.000625,6240.112,667.2478,1.3828,10.634,0.8406141244112569,0.0,Merge
1885629.408,E14,P16,0.044980000000000006,0.0024355585714285716,2775.451,1050.009,1.6502,5.1905,0.41557827811715836,0.0,Merge
1888202.96,EI4,P389,0.009310683446553447,0.0024355585714285716,1641.802,1050.009,7.4271,13.861,0.38352061380888014,0.006218448218448218,Fragment
1905347.915,E1,EI14,0.24337666666666663,0.00625,4872.518,1437.541,1.6392,9.2112,0.3565166790504004,0.0,Merge
1905490.923,E0,PI110,0.5118307220546116,0.000625,6242.654,667.2478,1.1034,8.4895,0.5443201858972859,0.0,Merge
1958933.918,E0,PI31,0.5124557220546115,0.000625,6245.194,667.2478,1.6257,12.513,0.8984120349854405,0.0,Merge
2004918.412,EI7,P699,0.008124875124875124,0.0024355585714285716,1568.915,1050.009,9.9088,17.776,0.7097761841334838,0.0,Graze+Frag
2011161.5,E0,P735,0.5130807220546115,0.0024355585714285716,6247.732,1050.009,1.379,10.354,0.9216116002428216,0.0,Hit+Run
2050862.339,E1,P735,0.24962666666666664,0.0024355585714285716,4913.875,1050.009,1.8358,10.662,0.18612773739920868,0.0,Merge
2056030.027,E1,PI192,0.2520622252380952,0.000625,4929.805,667.2478,2.5702,15.428,0.23904528365807645,0.0,Merge
2094853.146,E0,P400,0.5130807220546115,0.0024355585714285716,6247.732,1050.009,1.7097,12.838,0.9203274224440625,0.0,Hit+Run
2095379.365,E0,PI105,0.5130807220546115,0.000625,6247.732,667.2478,1.1781,9.0719,0.548157637704896,0.0,Merge
2106396.291,E6,P546,0.08143000000000002,0.0024355585714285716,3382.636,1050.009,4.0455,15.721,0.4330700120232118,0.0,Merge
2162802.1,E0,P750,0.5137057220546115,0.0024355585714285716,6250.268,1050.009,1.4282,10.729,0.7788564946154092,0.0,Merge
2168220.625,E3,FRAG0003,0.465553996003996,0.005998667998667998,6048.539,1418.008,1.0889,7.7312,0.8341446782149996,0.0,Hit+Run
2174655.826,E1,PI129,0.25268722523809517,0.000625,4933.876,667.2478,2.0888,12.550,0.559265960309297,0.0,Merge
2176327.283,E0,EI3,0.51614128062604,0.00625,6260.130,1437.541,1.2524,9.2176,0.4998233205624968,0.0,Merge
2234905.696,E0,PI16,0.52239128062604,0.000625,6285.297,667.2478,2.2461,17.404,0.6744954841942084,0.0,Merge
2324798.251,E0,PI33,0.52301628062604,0.000625,6287.802,667.2478,1.8313,14.196,0.5984895960566177,0.0,Merge
2343823.454,E0,PI30,0.52364128062604,0.000625,6290.306,667.2478,1.4806,11.482,0.9387242849752231,0.0,Hit+Run
2407296.186,E0,PI124,0.52364128062604,0.000625,6290.306,667.2478,1.5121,11.726,0.942792723078265,0.0,Hit+Run
2441623.161,E0,PI162,0.52364128062604,0.000625,6290.306,667.2478,1.8051,13.999,0.7206560026521721,0.0,Merge
2447875.034,E0,PI124,0.52426628062604,0.000625,6292.808,667.2478,1.0687,8.2916,0.5287362920057546,0.0,Merge
2490467.141,E1,EI9,0.25331222523809516,0.006875124875124875,4937.941,1483.954,2.4322,13.831,0.9541560710923986,0.0,Hit+Run
2539320.003,E0,P25,0.52489128062604,0.0024355585714285716,6295.307,1050.009,1.4031,10.621,0.9170439811072582,0.0,Hit+Run
2543520.529,E0,P25,0.52489128062604,0.0024355585714285716,6295.307,1050.009,1.0476,7.9302,0.6880401009653334,0.0,Merge
2566657.458,E8,P352,0.11363999999999999,0.0024355585714285716,3780.108,1050.009,1.5951,6.9861,0.44961058196500114,0.0,Merge
2571284.706,E0,EI1,0.5273268391974685,0.009310647685647686,6305.029,1641.800,1.9743,14.494,0.27951545585217,0.0,Merge
2601621.691,E0,PI5,0.5366374868831162,0.000625,6341.921,667.2478,2.7555,21.553,0.8687923916865083,0.0,Merge
2607344.14,E0,PI47,0.5372624868831162,0.000625,6344.382,667.2478,1.1966,9.3635,0.5076135503682837,0.0,Merge
2624219.395,EI13,PI141,0.006875,0.000625,1483.945,667.2478,5.1848,8.6492,0.7690162269360851,0.0,Hit+Run
2626320.057,E0,PI52,0.5378874868831162,0.000625,6346.841,667.2478,1.1268,8.8209,0.8552834577531214,0.0,Merge
2627446.714,E6,P406,0.08386555857142859,0.0024355585714285716,3416.030,1050.009,3.6121,14.186,0.7201441196505728,0.0,Merge
2636095.889,E0,PI71,0.5385124868831161,0.000625,6349.299,667.2478,2.5104,19.660,0.7158692924124153,0.0,Merge
2666160.151,E0,P504,0.5391374868831161,0.0024355585714285716,6351.754,1050.009,1.3584,10.381,0.7532758153041124,0.0,Merge
2687637.933,E10,P394,0.14245555857142858,0.0024355585714285716,4075.869,1050.009,1.5541,7.3819,0.9715206146651407,0.0,Hit+Run
2690735.583,E3,PI177,0.465553996003996,0.000625,6048.539,667.2478,2.4001,17.865,0.9858458890004393,0.0,Hit+Run
2699081.802,E0,PI32,0.5415730454545447,0.000625,6361.304,667.2478,1.3868,10.882,0.7277636561221804,0.0,Merge
2704122.249,E3,PI85,0.465553996003996,0.000625,6048.539,667.2478,1.2474,9.2851,0.1424820205005203,0.0,Merge
2710149.056,E0,PI58,0.5421980454545446,0.000625,6363.750,667.2478,2.0988,16.475,0.5474039565942519,0.0,Merge
2844290.727,EI5,PI29,0.006875,0.000625,1483.945,667.2478,6.3995,10.675,0.24557748187051157,0.0,Merge
2870746.985,EI0,PI153,0.00625,0.000625,1437.541,667.2478,12.663,20.448,0.7109884124120261,0.0,Graze+Frag
2918311.67,E6,PI138,0.08630111714285717,0.000625,3448.783,667.2478,3.2318,13.268,0.5504940584862675,0.0,Merge
2934439.309,E11,P227,0.020565714285714288,0.0024355585714285716,2138.167,1050.009,4.4042,10.568,0.6411463328421432,0.0,Merge
2985358.845,E0,PI30,0.5428230454545446,0.000625,6366.195,667.2478,1.5013,11.790,0.4711212655891676,0.0,Merge
2990236.747,E0,PI199,0.5434480454545446,0.000625,6368.637,667.2478,2.0197,15.867,0.6392275556229771,0.0,Merge
3038094.718,E12,P743,0.10097555857142858,0.0024355585714285716,3634.120,1050.009,1.8264,7.6669,0.6480564247018048,0.0,Merge
3049212.417,E3,P341,0.466178996003996,0.0024355585714285716,6051.245,1050.009,1.58,11.467,0.17025705753132486,0.0,Merge
3082727.433,E0,PI141,0.5440730454545446,0.000625,6371.078,667.2478,1.262,9.9188,0.5425756391444264,0.0,Merge
3202171.573,E12,P592,0.10341111714285715,0.0024355585714285716,3663.106,1050.009,1.6446,6.9630,0.13305927558301409,0.0,Merge
3202898.004,E3,PI99,0.46861455457542456,0.000625,6061.765,667.2478,1.2165,9.0759,0.8168818565052698,0.0,Merge
3203652.461,E0,PI54,0.5446980454545446,0.000625,6373.516,667.2478,2.4243,19.061,0.9004330424779231,0.0,Merge
3222783.957,E3,PI195,0.46923955457542454,0.000625,6064.458,667.2478,2.3611,17.623,0.5552122443253896,0.0,Merge
3232831.975,E6,PI152,0.08692611714285717,0.000625,3457.089,667.2478,2.6044,10.720,0.7829784533248665,0.0,Merge
3299676.906,EI0,PI100,0.006875124875124875,0.000625,1483.954,667.2478,12.931,21.572,0.574279880877622,0.0,Fragment
3321453.679,EI5,EI4,0.0075,0.005527793799533801,1527.616,1379.889,10.456,19.774,0.526244938770702,0.012942803862803864,Graze+Frag
3329869.744,E6,PI177,0.08755111714285717,0.000625,3465.355,667.2478,1.6454,6.7903,0.9778221200830202,0.0,Hit+Run
3366449.79,E0,EI13,0.5453230454545446,0.006875,6375.953,1483.945,1.6921,12.671,0.5756277946695628,0.0,Merge
3392717.189,E5,P719,0.07593555857142857,0.0024355585714285716,3304.777,1050.009,2.2431,8.5015,0.577510565323594,0.0,Merge
3426373.817,E6,P800,0.08755111714285717,0.0024355585714285716,3465.355,1050.009,3.1159,12.427,0.8580953214360068,0.0,Hit+Run
3484331.211,E1,PI148,0.25331222523809516,0.000625,4937.941,667.2478,1.8888,11.358,0.46391295607567656,0.0,Merge
3521243.499,E0,PI89,0.5521980454545445,0.000625,6402.635,667.2478,1.763,13.928,0.8860596832055098,0.0,Merge
3572344.983,EI7,EI9,0.01056043956043956,0.006875124875124875,1712.200,1483.954,7.3674,15.373,0.9679675463420138,0.0,Hit+Run
3577325.62,E4,P429,0.06671055857142857,0.0024355585714285716,3165.133,1050.009,3.2602,11.797,0.5608440862397182,0.0,Merge
3617670.804,EI5,PI12,0.005527627299367299,0.000625,1379.876,667.2478,31.226,48.365,0.24218830697988283,0.0,Fragment
3624046.551,E3,PI59,0.46986455457542453,0.000625,6067.150,667.2478,1.2941,9.6638,0.6375806949514005,0.0,Merge
3626298.261,E1,PI143,0.25393722523809514,0.000625,4941.998,667.2478,2.1378,12.866,0.9569910950563287,0.0,Hit+Run
3645924.186,E0,PI193,0.5528230454545445,0.000625,6405.050,667.2478,1.1066,8.7459,0.2123757041224046,0.0,Merge
3799344.12,E0,PI145,0.5534480454545445,0.000625,6407.463,667.2478,2.0731,16.391,0.8756167411823952,0.0,Merge
3829530.921,E8,P669,0.11607555857142857,0.0024355585714285716,3806.923,1050.009,1.1719,5.1718,0.4647222297254981,0.0,Merge
3869942.579,EI5,PI62,0.006152847152847154,0.000625,1430.054,667.2478,10.985,17.643,0.44484169444190225,0.0,Fragment
3874392.474,E0,P703,0.5540730454545445,0.0024355585714285716,6409.874,1050.009,1.3495,10.413,0.48014656752503243,0.0,Merge
3891907.778,EI9,PI149,0.006875124875124875,0.000625,1483.954,667.2478,12.418,20.715,0.7673620894753955,0.0,Graze+Frag
3894449.047,E8,E12,0.11851111714285714,0.10584667571428573,3833.365,3691.642,1.0721,5.2300,0.8583673384171351,0.0,Hit+Run
3899374.321,E3,P574,0.4704895545754245,0.0024355585714285716,6069.839,1050.009,1.0641,7.7481,0.8571272041743752,0.0,Hit+Run
4131491.872,E0,PI135,0.556508604025973,0.000625,6419.252,667.2478,1.7974,14.238,0.5425090161637803,0.0,Merge
4176535.586,EI2,PI21,0.00625,0.000625,1437.541,667.2478,7.7465,12.508,0.9890320076982277,0.0,Hit+Run
4312111.522,E1,PI181,0.25393722523809514,0.000625,4941.998,667.2478,1.8381,11.062,0.4947067758001552,0.0,Merge
4353467.851,E0,P132,0.557133604025973,0.0024355585714285716,6421.655,1050.009,2.2718,17.564,0.8784619890956888,0.0,Hit+Run
4388289.066,E0,P132,0.557133604025973,0.0024355585714285716,6421.655,1050.009,1.053,8.1414,0.15504798242135043,0.0,Merge
4400798.565,E1,EI7,0.25456222523809513,0.01056043956043956,4946.050,1712.200,1.9379,10.925,0.7511652003487477,0.0,Hit+Run
4495692.017,E10,E19,0.14245555857142858,0.041620000000000004,4075.869,2704.547,1.6091,7.4904,0.9275941147613928,0.0,Hit+Run
4527571.725,E0,P241,0.5595691625974015,0.0024355585714285716,6430.999,1050.009,2.7243,21.096,0.9285007076181235,0.06019337995337996,Hit+Run
4569152.458,E0,PI160,0.5595691625974015,0.000625,6430.999,667.2478,1.9392,15.391,0.4907792341603229,0.0,Merge
4582820.631,E1,EI9,0.25456222523809513,0.007499833499833501,4946.050,1527.604,1.9955,11.343,0.9887279064306187,0.0,Hit+Run
4615307.41,E0,EI9,0.5601941625974015,0.007499833499833501,6433.392,1527.604,1.0981,8.2846,0.9593119788432117,0.0,Hit+Run
4628087.621,E0,PI46,0.5601941625974015,0.000625,6433.392,667.2478,1.2725,10.103,0.7312567343143684,0.0,Merge
4683381.541,E1,P20,0.25456222523809513,0.0024355585714285716,4946.050,1050.009,2.8334,16.572,0.6202297983132189,0.0,Merge
4757992.708,E12,PI51,0.10584667571428573,0.000625,3691.642,667.2478,1.9799,8.7423,0.8186353150174017,0.0,Merge
4783758.519,E0,FRAG0004,0.5608191625974015,0.006218448218448218,6435.784,1435.118,1.1431,8.6683,0.8484939060362203,0.0,Hit+Run
4814205.655,EI7,P803,0.01056043956043956,0.0024355585714285716,1712.200,1050.009,6.4157,12.433,0.3054079886067296,0.012472387612387613,Fragment
4873743.879,E0,EI9,0.5608191625974015,0.007499833499833501,6435.784,1527.604,1.1255,8.4947,0.833952173550029,0.0,Hit+Run
4936724.162,E1,P289,0.2569977838095237,0.0024355585714285716,4961.774,1050.009,1.7273,10.137,0.9741504326373943,0.0,Hit+Run
5024298.241,EI9,P581,0.007499833499833501,0.0024355585714285716,1527.604,1050.009,3.5903,6.2975,0.8671549982795953,0.0,Hit+Run
5047528.102,EI19,PI167,0.00625,0.000625,1437.541,667.2478,9.16,14.790,0.6274592262083847,0.0,Merge
5086278.04,E0,PI37,0.5608191625974015,0.000625,6435.784,667.2478,2.3375,18.566,0.7682495824004846,0.0,Merge
5198498.43,E6,PI137,0.08755111714285717,0.000625,3465.355,667.2478,1.3863,5.7210,0.77623697501145,0.0,Merge
5267605.202,E0,PI40,0.5614441625974015,0.000625,6438.174,667.2478,1.6129,12.816,0.5953031922773154,0.0,Merge
5460106.157,E3,P368,0.4704895545754245,0.0024355585714285716,6069.839,1050.009,2.5261,18.393,0.9237945478847751,0.0,Hit+Run
5474684.635,E0,EI9,0.5620691625974015,0.007499833499833501,6440.562,1527.604,1.2825,9.6874,0.6609358952452462,0.0,Merge
5475197.256,EI5,P481,0.006777888777888779,0.0024355585714285716,1476.925,1050.009,21.834,37.248,0.7679391346486988,0.0,Graze+Frag
5586793.863,EI0,PI19,0.0075001665001665,0.000625,1527.627,667.2478,10.869,18.683,0.6020377410852431,0.005882690642690643,Fragment
5685345.76,E3,PI151,0.4704895545754245,0.000625,6069.839,667.2478,1.3413,10.020,0.17974131961019027,0.0,Merge
5685483.695,E1,P855,0.2569977838095237,0.0024355585714285716,4961.774,1050.009,1.9969,11.719,0.9078755196993423,0.0,Hit+Run
5709856.591,E4,P427,0.06914611714285715,0.0024355585714285716,3203.193,1050.009,2.0661,7.5727,0.8170652142810485,0.0,Hit+Run
5781839.418,E8,P645,0.11851111714285714,0.0024355585714285716,3833.365,1050.009,1.4076,6.2585,0.7754059711238026,0.0,Merge
5801384.321,E0,FRAG0006,0.569568996097235,0.007468198468198468,6469.081,1525.454,1.399,10.618,0.5563976068567106,0.0,Merge
5867368.118,E3,P733,0.4711145545754245,0.0024355585714285716,6072.525,1050.009,1.071,7.8021,0.7863337992567513,0.0,Merge
5947324.02,E1,P177,0.2569977838095237,0.0024355585714285716,4961.774,1050.009,1.5795,9.2701,0.5718790432724311,0.0,Merge
5960249.11,EI5,P272,0.009213453213453213,0.0024355585714285716,1636.067,1050.009,19.080,35.501,0.8791630883522671,0.0,Graze+Frag
5962513.265,EI5,P772,0.01164901764901765,0.0024355585714285716,1769.118,1050.009,14.161,28.280,0.789070014494431,0.011134658674658675,Graze+Frag
5963955.505,EI5,P131,0.005527799663669664,0.0024355585714285716,1379.890,1050.009,15.257,24.677,0.6197268475691393,0.00792079254079254,Graze+Frag
5974495.369,EI5,P322,0.007963369963369965,0.0024355585714285716,1558.449,1050.009,10.885,19.418,0.7168322727342971,0.009817382617382617,Graze+Frag
5984498.938,EI5,P512,0.0103989343989344,0.0024355585714285716,1703.426,1050.009,7.6175,14.693,0.17000633668170204,0.012545354645354645,Fragment
5984935.954,EI5,FRAG0008,0.005527799663669665,0.0073066933066933066,1379.890,1514.377,1.0758,2.0239,0.6119300106455536,0.0,Graze+Merge
5985826.332,EI5,P35,0.012834492970362972,0.0024355585714285716,1827.202,1050.009,5.538,11.398,0.8465985486699736,0.0,Hit+Run
6005365.054,EI5,P459,0.012834492970362972,0.0024355585714285716,1827.202,1050.009,4.4266,9.1109,0.7625165984457561,0.0,Hit+Run
6005666.628,EI5,P459,0.012834492970362972,0.0024355585714285716,1827.202,1050.009,1.1513,2.3696,0.851425005027255,0.0,Hit+Run
6008740.989,EI5,P459,0.012834492970362972,0.0024355585714285716,1827.202,1050.009,1.0043,2.0670,0.8368186239460088,0.0,Graze+Merge
6017980.75,EI5,P72,0.015270051541791544,0.0024355585714285716,1936.157,1050.009,3.3002,7.1795,0.6984948356520562,0.0,Hit+Run
6019985.214,EI5,P72,0.015270051541791544,0.0024355585714285716,1936.157,1050.009,1.3616,2.9621,0.7308487689102364,0.0,Hit+Run
6021780.578,EI5,P72,0.015270051541791544,0.0024355585714285716,1936.157,1050.009,1.1589,2.5211,0.7577563486740537,0.0,Hit+Run
6021910.227,EI5,P212,0.015270051541791544,0.0024355585714285716,1936.157,1050.009,2.3829,5.1839,0.8154617606976619,0.0,Hit+Run
6021983.8,EI5,P212,0.015270051541791544,0.0024355585714285716,1936.157,1050.009,0.9652,2.0997,0.38020734393981787,0.0,Perfect
6023478.946,EI5,P72,0.017705610113220114,0.0024355585714285716,2034.061,1050.009,1.045,2.3859,0.9166256220131977,0.0,Hit+Run
6024191.841,EI5,P72,0.017705610113220114,0.0024355585714285716,2034.061,1050.009,1.1926,2.7229,0.7634809469293983,0.0,Hit+Run
6025447.901,EI5,P72,0.017705610113220114,0.0024355585714285716,2034.061,1050.009,1.0915,2.4920,0.7367696663915262,0.0,Hit+Run
6026496.567,EI5,P72,0.017705610113220114,0.0024355585714285716,2034.061,1050.009,1.1536,2.6338,0.5069866999867213,0.0,Merge
6026967.657,E0,PI198,0.5770371945654335,0.000625,6497.233,667.2478,2.321,18.619,0.567064088018391,0.0,Merge
6030398.157,EI5,P116,0.020141168684648686,0.0024355585714285716,2123.352,1050.009,2.4725,5.8920,0.9979219201848041,0.0,Hit+Run
6030611.08,EI5,P180,0.020141168684648686,0.0024355585714285716,2123.352,1050.009,2.1504,5.1244,0.6329852061786405,0.0,Merge
6035073.508,EI5,P229,0.022576727256077258,0.0024355585714285716,2205.705,1050.009,1.1174,2.7670,0.9331708675358502,0.0,Hit+Run
6035811.956,EI5,P229,0.022576727256077258,0.0024355585714285716,2205.705,1050.009,1.3444,3.3291,0.8862210046636023,0.0,Hit+Run
6036221.933,EI5,P851,0.022576727256077258,0.0024355585714285716,2205.705,1050.009,1.4071,3.4844,0.8396098853907211,0.0,Hit+Run
6041978.662,EI5,P397,0.022576727256077258,0.0024355585714285716,2205.705,1050.009,1.8102,4.4826,0.8690805785356387,0.0,Hit+Run
6042026.415,EI5,P579,0.022576727256077258,0.0024355585714285716,2205.705,1050.009,1.4391,3.5637,0.47796721870665193,0.0,Merge
6043208.416,EI5,P274,0.02501228582750583,0.0024355585714285716,2282.329,1050.009,1.2463,3.1956,0.9329749578161595,0.0,Hit+Run
6044565.141,EI5,P274,0.02501228582750583,0.0024355585714285716,2282.329,1050.009,1.083,2.7769,0.6405898385299177,0.0,Merge
6046187.662,EI5,P765,0.027447844398934402,0.0024355585714285716,2354.127,1050.009,2.825,7.4780,0.6719780582447724,0.0,Merge
6058565.773,EI5,P794,0.029883402970362974,0.0024355585714285716,2421.794,1050.009,2.0241,5.5174,0.2066872417069842,0.0,Merge
6069964.726,EI5,P35,0.03231896154179154,0.0024355585714285716,2485.877,1050.009,3.0252,8.4735,0.20606161472111215,0.0,Merge
6079029.868,P0,PI127,0.0024355585714285716,0.000625,1050.009,667.2478,6.6266,7.9037,0.6615842540801217,0.0,Graze+Frag
6093820.322,EI5,P700,0.03475452011322011,0.0024355585714285716,2546.816,1050.009,1.608,4.6195,0.565892120103697,0.0,Merge
6105174.923,EI5,P737,0.03719007868464868,0.0024355585714285716,2604.970,1050.009,3.3957,9.9892,0.9451354615430465,0.0,Hit+Run
6127877.465,EI5,P737,0.03719007868464868,0.0024355585714285716,2604.970,1050.009,1.2075,3.5521,0.8513417606614652,0.0,Hit+Run
6131338.395,EI5,P737,0.03719007868464868,0.0024355585714285716,2604.970,1050.009,1.0999,3.2356,0.6201360116798166,0.0,Merge
6131825.706,EI5,P397,0.03962563725607725,0.0024355585714285716,2660.638,1050.009,2.2168,6.6680,0.17775123072719834,0.0,Merge
6161960.925,EI5,P44,0.042061195827505816,0.0024355585714285716,2714.070,1050.009,2.0726,6.3666,0.2585666472682809,0.0,Merge
6201661.209,EI5,P229,0.044496754398934385,0.0024355585714285716,2765.476,1050.009,2.5438,7.9707,0.7339356566103773,0.0,Hit+Run
6201723.413,EI5,P229,0.044496754398934385,0.0024355585714285716,2765.476,1050.009,1.0499,3.2897,0.5907870370364592,0.0,Merge
6214466.226,EI5,P296,0.046932312970362954,0.0024355585714285716,2815.039,1050.009,2.7836,8.8880,0.06853605065933854,0.0,Merge
6224082.069,E1,PI36,0.2594333423809523,0.000625,4977.398,667.2478,2.4061,14.591,0.7367364084440927,0.0,Merge
6242767.607,EI5,P851,0.04936787154179152,0.0024355585714285716,2862.916,1050.009,2.0679,6.7222,0.6349311654002491,0.0,Merge
6298787.45,EI5,P533,0.05180343011322009,0.0024355585714285716,2909.243,1050.009,2.8179,9.3182,0.9225363402343744,0.0,Hit+Run
6299336.27,EI5,P533,0.05180343011322009,0.0024355585714285716,2909.243,1050.009,1.0399,3.4387,0.9255490037110458,0.0,Hit+Run
6300214.342,EI5,P533,0.05180343011322009,0.0024355585714285716,2909.243,1050.009,1.055,3.4886,0.686005517517174,0.0,Merge
6411582.634,E0,PI44,0.5776621945654334,0.000625,6499.578,667.2478,2.1796,17.492,0.8586507581186127,0.0,Merge
6412528.864,EI5,P116,0.05423898868464866,0.0024355585714285716,2954.139,1050.009,2.4407,8.2037,0.8974966911745237,0.0,Hit+Run
6412819.878,EI5,P116,0.05423898868464866,0.0024355585714285716,2954.139,1050.009,1.0469,3.5188,0.2293725616820053,0.0,Merge
6431100.865,EI5,P715,0.05667454725607723,0.0024355585714285716,2997.711,1050.009,4.2606,14.546,0.9035226947958211,0.0,Hit+Run
6432433.781,EI5,P715,0.05667454725607723,0.0024355585714285716,2997.711,1050.009,1.0756,3.6722,0.9979482223257122,0.0,Hit+Run
6442519.791,EI5,P715,0.05667454725607723,0.0024355585714285716,2997.711,1050.009,1.0778,3.6797,0.8470895559897215,0.0,Hit+Run
6444300.405,EI5,P715,0.05667454725607723,0.0024355585714285716,2997.711,1050.009,1.1081,3.7832,0.5906964765320877,0.0,Merge
6461760.24,E10,P707,0.14245555857142858,0.0024355585714285716,4075.869,1050.009,2.9743,14.127,0.9948186618166294,0.0,Hit+Run
6466484.57,E0,PI154,0.5782871945654334,0.000625,6501.921,667.2478,2.2154,17.786,0.7522062049993173,0.0,Merge
6467947.098,E16,P7,0.04256,0.0024355585714285716,2724.756,1050.009,2.1752,6.7095,0.7410352865821,0.0,Hit+Run
6472819.001,EI0,P742,0.008124875124875124,0.0024355585714285716,1568.915,1050.009,13.877,24.896,0.4099424736685878,0.010523836163836163,Fragment
6496659.377,E16,P683,0.04256,0.0024355585714285716,2724.756,1050.009,4.7363,14.609,0.2916211336247501,0.0,Merge
6590142.194,E3,PI41,0.4735501131468531,0.000625,6082.972,667.2478,1.5518,11.619,0.8078824881677177,0.0,Merge
6733112.75,E0,FRAG0005,0.5789121945654334,0.0075001665001665,6504.262,1527.627,2.6947,20.571,0.4561630045752509,0.0,Merge
6745727.937,EI0,P308,0.01056043956043956,0.0024355585714285716,1712.200,1050.009,10.120,19.612,0.5855874301538003,0.007468198468198468,Fragment
6841844.359,E0,P710,0.5864123610655999,0.0024355585714285716,6532.231,1050.009,3.0628,24.114,0.6973981873925108,0.0,Merge
7042175.333,P11,P611,0.0024355585714285716,0.0024355585714285716,1050.009,1050.009,21.372,29.080,0.95865,0.0,Hit+Run
7107458.729,E17,PI126,0.040959999999999996,0.000625,2690.174,667.2478,2.3527,7.3975,0.9211306596639504,0.0,Hit+Run
7151137.64,P11,P816,0.0024355585714285716,0.0024355585714285716,1050.009,1050.009,10.115,13.763,0.5635,0.0,Graze+Frag
7168039.817,E1,P419,0.26005834238095227,0.0024355585714285716,4981.392,1050.009,2.6046,15.351,0.8205410931723334,0.0,Merge
7265057.837,EI5,P235,0.059110105827505796,0.0024355585714285716,3040.052,1050.009,7.2952,25.282,0.5734388172032321,0.008491175491175491,Fragment
7271758.904,EI5,FRAG0010,0.05305448890775887,0.008491175491175491,2932.476,1592.146,1.3161,4.3366,0.682854030888471,0.0,Hit+Run
7293088.325,EI5,FRAG0010,0.05305448890775887,0.008491175491175491,2932.476,1592.146,1.0754,3.5435,0.8037923017348915,0.0,Hit+Run
7311684.998,EI5,FRAG0010,0.05305448890775887,0.008491175491175491,2932.476,1592.146,1.3805,4.5488,0.16799142445547804,0.0,Merge
7354934.654,E12,P111,0.10647167571428573,0.0024355585714285716,3698.893,1050.009,1.5729,6.7296,0.7839570797000888,0.0,Hit+Run
7370537.18,E1,FRAG0004,0.26249390095238084,0.006218448218448218,4996.895,1435.118,1.3991,8.0793,0.6715340226348971,0.0,Merge
7491604.428,E1,PI34,0.26871234917082903,0.000625,5036.046,667.2478,1.8724,11.495,0.19514445590850824,0.0,Merge
7496898.244,EI7,P398,0.005527799663669664,0.0024355585714285716,1379.890,1050.009,12.301,19.895,0.5670276342873506,0.0,Fragment
7548682.458,P11,FRAG0007,0.004871128871128871,0.008556776556776557,1322.930,1596.236,6.6919,12.822,0.9302583569462063,0.0,Hit+Run
7550749.77,P11,FRAG0007,0.004871128871128871,0.008556776556776557,1322.930,1596.236,1.0755,2.0608,0.581530434858173,0.0,Graze+Merge
7552051.755,EI5,P242,0.061545664398934365,0.0024355585714285716,3081.245,1050.009,7.5462,26.532,0.7148853358924704,0.0,Merge
7710389.096,EI2,PI190,0.00625,0.000625,1437.541,667.2478,15.701,25.353,0.6118871457059888,0.0,Fragment
7716858.155,P11,P648,0.013427905427905429,0.0024355585714285716,1854.940,1050.009,7.0971,14.817,0.5366967568579193,0.014455764235764236,Fragment
7726896.728,EI0,PI3,0.005527799663669664,0.000625,1379.890,667.2478,22.788,35.296,0.9248753181418873,0.0,Hit+Run
7786556.174,E12,P201,0.10647167571428573,0.0024355585714285716,3698.893,1050.009,1.8401,7.8728,0.7066128789904824,0.0,Merge
7810825.642,P11,FRAG0011,0.005527799663669661,0.010335664335664338,1379.890,1699.965,1.1241,2.2792,0.6594662626644657,0.0,Hit+Run
7812829.273,E0,PI17,0.5888479196370284,0.000625,6541.262,667.2478,1.9547,15.792,0.7175097193503691,0.0,Merge
7813959.149,P11,FRAG0011,0.005527799663669661,0.010335664335664338,1379.890,1699.965,1.0778,2.1853,0.8798110605300709,0.0,Hit+Run
7914578.992,E3,P855,0.47417511314685307,0.0024355585714285716,6085.647,1050.009,1.4612,10.669,0.713920978207423,0.0,Merge
7951854.2,E15,P182,0.11428,0.0024355585714285716,3787.191,1050.009,1.6734,7.3438,0.7403388878469435,0.0,Merge
8026250.56,EI16,PI114,0.00625,0.000625,1437.541,667.2478,15.375,24.827,0.8571474136187252,0.0,Graze+Frag
8046421.196,EI2,P400,0.006875124875124875,0.0024355585714285716,1483.954,1050.009,9.02,15.447,0.7384740234168822,0.00782958374958375,Graze+Frag
8214471.516,P11,FRAG0011,0.005527799663669661,0.010335664335664338,1379.890,1699.965,2.0484,4.1534,0.987160823784644,0.0,Hit+Run
8214526.979,P11,FRAG0011,0.005527799663669661,0.010335664335664338,1379.890,1699.965,1.0445,2.1178,0.7317346967753282,0.0,Graze+Merge
8237037.833,EI2,PI35,0.009310689310689312,0.000625,1641.803,667.2478,13.857,25.681,0.32316287097335633,0.0,Fragment
8317308.644,E3,P664,0.47661067171828164,0.0024355585714285716,6096.048,1050.009,1.0604,7.7567,0.5514208792249712,0.0,Merge
8363665.878,E0,P79,0.5894729196370284,0.0024355585714285716,6543.575,1050.009,2.8224,22.262,0.7256578680373112,0.0,Merge
8452854.426,P11,P309,0.015863463999334,0.0024355585714285716,1960.919,1050.009,16.688,36.756,0.9177006657941067,0.0,Hit+Run
8482084.784,E0,P420,0.5919084782084569,0.0024355585714285716,6552.575,1050.009,1.4885,11.758,0.6586546506301749,0.0,Merge
8490827.301,E0,PI76,0.5943440367798855,0.000625,6561.550,667.2478,1.3085,10.605,0.5171143449744909,0.0,Merge
8497465.877,EI2,EI0,0.009935397935397937,0.005527799663669664,1677.730,1379.890,5.8777,11.809,0.8582837021564256,0.0,Hit+Run
8532807.243,E3,P147,0.4790462302897102,0.0024355585714285716,6106.415,1050.009,2.4537,17.981,0.618882039866612,0.0,Merge
8597500.465,E0,PI196,0.5949690367798854,0.000625,6563.849,667.2478,2.7007,21.898,0.9098130007009951,0.0,Hit+Run
8752664.781,P11,P309,0.015863463999334,0.0024355585714285716,1960.919,1050.009,2.0219,4.4532,0.8164937369285866,0.0,Hit+Run
8752944.273,P11,P309,0.015863463999334,0.0024355585714285716,1960.919,1050.009,1.0496,2.3117,0.8226156489706451,0.0,Hit+Run
8790226.666,P11,P309,0.015863463999334,0.0024355585714285716,1960.919,1050.009,1.5294,3.3685,0.8453448755948836,0.0,Hit+Run
8796929.001,P11,P309,0.015863463999334,0.0024355585714285716,1960.919,1050.009,1.0386,2.2875,0.2986711555838317,0.0,Merge
8840313.77,E1,PI81,0.269337349170829,0.000625,5039.947,667.2478,2.0668,12.699,0.26466104336592794,0.0,Merge
9179611.598,E3,P220,0.4814817888611388,0.0024355585714285716,6116.746,1050.009,1.2062,8.8552,0.4714672281976865,0.0,Merge
9220163.317,E3,PI73,0.48391734743256737,0.000625,6127.042,667.2478,1.8675,14.090,0.7590390495330913,0.0,Merge
9246020.643,EI5,P82,0.06398122297036293,0.0024355585714285716,3121.366,1050.009,9.0471,32.252,0.5591164055993327,0.012893772893772894,Fragment
9247817.329,EI5,FRAG0012,0.053523008648018615,0.006446886446886447,2941.083,1452.481,1.405,4.6375,0.8217641811567129,0.0,Hit+Run
9248056.099,EI5,FRAG0012,0.053523008648018615,0.006446886446886447,2941.083,1452.481,1.0737,3.5440,0.8533601972455014,0.0,Hit+Run
9248468.36,EI5,FRAG0012,0.053523008648018615,0.006446886446886447,2941.083,1452.481,1.0135,3.3453,0.32218564710876985,0.0,Merge
9263673.486,E1,PI49,0.269962349170829,0.000625,5043.843,667.2478,3.2255,19.835,0.9362446035724065,0.0,Hit+Run
9359275.375,E0,FRAG0009,0.5949690367798854,0.007468198468198468,6563.849,1525.454,1.9123,14.743,0.19603987454904087,0.0,Merge
9918680.31,E10,P87,0.14245555857142858,0.0024355585714285716,4075.869,1050.009,3.0945,14.698,0.8420693492636963,0.0,Hit+Run
10064622.092,E0,PI3,0.6024372352480839,0.000625,6591.199,667.2478,2.153,17.533,0.526409872148242,0.0,Merge
10137501.722,E1,P553,0.269962349170829,0.0024355585714285716,5043.843,1050.009,3.3271,19.873,0.7192657436899903,0.0,Merge
10191608.213,P11,P731,0.01829902257076257,0.0024355585714285716,2056.536,1050.009,12.934,29.855,0.7454792534602048,0.014002664002664004,Graze+Frag
10193541.981,P11,FRAG0014,0.0067319171395271386,0.007001332001332002,1473.579,1492.980,1.4527,2.7925,0.8550710378381735,0.0,Hit+Run
10195637.559,P11,FRAG0015,0.0067319171395271386,0.007001332001332002,1473.579,1492.980,1.1761,2.2607,0.7615864501065921,0.0,Hit+Run
10195908.15,P11,FRAG0015,0.0067319171395271386,0.007001332001332002,1473.579,1492.980,1.0196,1.9599,0.8739467781878022,0.0,Graze+Merge
10223227.162,P11,FRAG0014,0.01373324914085914,0.007001332001332002,1868.895,1492.980,0.9916,2.2001,0.9851810655825466,0.0,Perfect
10235998.687,EI5,FRAG0013,0.059969895094905065,0.006446886446886447,3054.721,1452.481,4.3189,14.812,0.6825541692618459,0.006573759573759575,Graze+Frag
10336698.399,E0,PI197,0.6030622352480839,0.000625,6593.478,667.2478,2.5689,20.927,0.2252092387936786,0.0,Merge
10340012.585,EI5,FRAG0016,0.059843021968031936,0.006573759573759575,3052.565,1461.947,1.2026,4.1210,0.7084879755130205,0.0,Hit+Run
10343655.07,EI5,FRAG0016,0.059843021968031936,0.006573759573759575,3052.565,1461.947,1.0099,3.4607,0.9824709185153834,0.0,Graze+Merge
10350593.289,E1,PI27,0.2723979077422576,0.000625,5058.966,667.2478,2.3475,14.482,0.8204831070958183,0.0,Merge
10360196.997,P11,P121,0.020734581142191143,0.0024355585714285716,2144.004,1050.009,9.2752,22.319,0.8920333705276011,0.0,Hit+Run
10361412.103,P11,P121,0.020734581142191143,0.0024355585714285716,2144.004,1050.009,1.034,2.4881,0.3548935533132234,0.0,Merge
10389966.205,E0,PI179,0.6036872352480839,0.000625,6595.755,667.2478,1.5964,13.009,0.29950146525748156,0.0,Merge
10492493.172,P11,P382,0.023170139713619715,0.0024355585714285716,2224.863,1050.009,13.427,33.544,0.7911309293190053,0.008914418914418914,Graze+Frag
10493278.249,P11,FRAG0017,0.01669127937062937,0.008914418914418914,1994.452,1618.172,1.0549,2.5091,0.21282624788700927,0.0,Merge
10518809.658,P11,P431,0.025605698285048287,0.0024355585714285716,2300.237,1050.009,12.553,32.447,0.924970526365548,0.0,Hit+Run
10519599.85,P11,P431,0.025605698285048287,0.0024355585714285716,2300.237,1050.009,1.0452,2.7015,0.988067907135288,0.0,Hit+Run
10533091.137,P11,P431,0.025605698285048287,0.0024355585714285716,2300.237,1050.009,1.0712,2.7687,0.9978861067545186,0.0,Hit+Run
10574761.479,P11,P431,0.025605698285048287,0.0024355585714285716,2300.237,1050.009,1.1465,2.9634,0.4465564358284979,0.0,Merge
10590234.519,E1,P779,0.27302290774225757,0.0024355585714285716,5062.832,1050.009,2.138,12.822,0.6798930733751561,0.0,Merge
10724098.209,E0,PI185,0.6043122352480839,0.000625,6598.030,667.2478,1.6033,13.070,0.9221450066212388,0.0,Hit+Run
10785842.962,EI0,PI8,0.005527799663669664,0.000625,1379.890,667.2478,29.842,46.222,0.9139555745707929,0.0,Graze+Frag
10791697.853,E3,PI174,0.48454234743256736,0.000625,6129.679,667.2478,1.1548,8.7167,0.3536981006955521,0.0,Merge
10885127.369,EI0,P134,0.006152847152847154,0.0024355585714285716,1430.054,1050.009,13.858,23.041,0.612773966253285,0.0,Graze+Frag
10952195.131,E0,P289,0.6043122352480839,0.0024355585714285716,6598.030,1050.009,2.8786,22.906,0.4428283443550984,0.0,Merge
10955633.939,EI5,P524,0.06641678154179151,0.0024355585714285716,3160.480,1050.009,10.345,37.375,0.7621050278562925,0.0056886446886446895,Graze+Frag
10956196.07,EI5,FRAG0018,0.0631636954245754,0.0056886446886446895,3108.014,1393.146,1.0325,3.6078,0.7674125180373257,0.0,Graze+Merge
11172900.662,E3,PI143,0.48516734743256734,0.000625,6132.313,667.2478,1.1701,8.8361,0.5808036291418704,0.0,Merge
11218626.574,E12,P122,0.1089072342857143,0.0024355585714285716,3726.885,1050.009,1.142,4.9258,0.7631817744852599,0.0,Merge
11238965.623,P11,PI21,0.02804125685647686,0.000625,2370.971,667.2478,13.236,36.325,0.8642729956819619,0.0,Hit+Run
11238951.121,P11,PI21,0.02804125685647686,0.000625,2370.971,667.2478,13.243,36.344,0.9891341056676178,0.0,Hit+Run
11251194.498,P11,PI21,0.02804125685647686,0.000625,2370.971,667.2478,1.0628,2.9166,0.4612837632032575,0.0,Merge
11265850.314,E3,P776,0.48579234743256733,0.0024355585714285716,6134.945,1050.009,1.6844,12.405,0.924303387064785,0.0,Hit+Run
11599730.472,E0,PI13,0.6067477938195124,0.000625,6606.882,667.2478,2.3616,19.279,0.5825650941212116,0.0,Merge
11810243.897,EI5,PI10,0.06885234011322008,0.000625,3198.650,667.2478,11.593,43.911,0.8646346622941609,0.0,Hit+Run
11810250.937,EI5,PI10,0.06885234011322008,0.000625,3198.650,667.2478,1.0487,3.9719,0.595977365789937,0.0,Merge
11832960.598,P11,P696,0.02866625685647686,0.0024355585714285716,2388.457,1050.009,10.575,28.416,0.7605487665215604,0.0074365634365634375,Graze+Frag
11855129.919,P11,FRAG0019,0.023665251991341993,0.0074365634365634375,2240.599,1523.297,1.1931,3.0641,0.42551129503044866,0.0,Merge
12088347.175,P11,P525,0.03110181542790543,0.0024355585714285716,2454.270,1050.009,7.8144,21.598,0.6891578099915706,0.007203796203796204,Fragment
12088555.927,P11,FRAG0020,0.026333577795537796,0.007203796203796204,2321.830,1507.235,1.0387,2.7464,0.9721323549764503,0.0,Hit+Run
12101142.028,P11,FRAG0020,0.026333577795537796,0.007203796203796204,2321.830,1507.235,1.1439,3.0245,0.49801166613158604,0.0,Merge
12112359.816,E3,E4,0.48579234743256733,0.06914611714285715,6134.945,3203.193,1.1323,7.7985,0.5717673987881118,0.009301032301032302,Fragment
12239252.973,EI2,P581,0.009935397935397937,0.0024355585714285716,1677.730,1050.009,6.6195,12.594,0.8233840726549715,0.0,Hit+Run
12359127.91,E0,PI49,0.6073727938195124,0.000625,6609.150,667.2478,2.1556,17.604,0.5247247394385753,0.0,Merge
12437760.505,P11,PI14,0.033537373999334,0.000625,2516.731,667.2478,13.169,38.540,0.7884597755019265,0.0,Merge
12473034.358,E5,P261,0.07837111714285715,0.0024355585714285716,3339.739,1050.009,3.5261,13.516,0.7087651151694602,0.0,Merge
12491598.21,E0,E6,0.6079977938195124,0.08817611714285717,6611.416,3473.581,1.4613,10.847,0.29376066335506695,0.03332067932067933,Fragment
12513446.608,E0,FRAG0026,0.6628532316416902,0.005553446553446554,6804.553,1382.021,1.0363,8.3658,0.8853776642391333,0.0,Hit+Run
12522068.883,E0,FRAG0025,0.6628532316416902,0.005553446553446554,6804.553,1382.021,1.0511,8.4853,0.6991923499417565,0.0,Merge
12524160.954,E1,PI69,0.27545846631368615,0.000625,5077.842,667.2478,3.1222,19.337,0.5566535955969443,0.0,Merge
12574221.707,E0,PI20,0.6684066781951368,0.000625,6823.503,667.2478,1.7684,14.931,0.9261362059715884,0.0,Hit+Run
12583263.129,E0,FRAG0027,0.6684066781951368,0.005553446553446554,6823.503,1382.021,1.0646,8.6200,0.543184339092192,0.0,Merge
12590248.07,E0,FRAG0024,0.6739601247485834,0.005553446553446554,6842.349,1382.021,1.0607,8.6138,0.681957813005598,0.0,Merge
12621351.39,E0,PI20,0.6795135713020299,0.000625,6861.091,667.2478,1.0579,8.9836,0.5741621696179227,0.0,Merge
12658038.899,E3,PI53,0.5456374322743922,0.000625,6377.178,667.2478,1.2072,9.4976,0.9720896943861103,0.0,Hit+Run
12892847.449,E8,P670,0.12094667571428572,0.0024355585714285716,3859.447,1050.009,4.458,19.966,0.7270870843913039,0.0,Merge
12954299.798,E3,PI169,0.5456374322743922,0.000625,6377.178,667.2478,2.6294,20.686,0.44231982182627433,0.0,Merge
13003745.995,E3,PI70,0.5462624322743922,0.000625,6379.612,667.2478,2.7123,21.347,0.19726764703381588,0.0,Merge
13047310.723,E0,PI24,0.6801385713020299,0.000625,6863.194,667.2478,1.9711,16.743,0.9410135553492022,0.0,Hit+Run
13075993.214,E0,PI24,0.6801385713020299,0.000625,6863.194,667.2478,1.0084,8.5660,0.8064007687873842,0.0,Merge
13234914.927,E1,PI28,0.27608346631368613,0.000625,5081.680,667.2478,3.4349,21.290,0.5160414009160065,0.0,Merge
13279180.805,E3,FRAG0021,0.5468874322743922,0.009301032301032302,6382.044,1641.235,1.4842,11.040,0.33909642638726706,0.0,Merge
13316558.225,E0,PI188,0.6807635713020299,0.000625,6865.296,667.2478,2.5521,21.686,0.7704216317852725,0.0,Merge
13550699.028,E0,FRAG0022,0.6813885713020299,0.005553446553446554,6867.396,1382.021,1.034,8.4299,0.9372784838804814,0.0,Hit+Run
13745720.84,E0,PI158,0.6813885713020299,0.000625,6867.396,667.2478,2.2042,18.735,0.9724182044635501,0.0,Hit+Run
13768927.654,E0,PI11,0.6813885713020299,0.000625,6867.396,667.2478,2.303,19.575,0.46292174153813587,0.0,Merge
13839058.209,EI5,PI122,0.06947734011322008,0.000625,3208.299,667.2478,9.5932,36.451,0.9266743863831455,0.0,Hit+Run
13839290.213,EI5,PI122,0.06947734011322008,0.000625,3208.299,667.2478,1.0523,3.9984,0.8832132417653904,0.0,Hit+Run
13839923.092,EI5,PI122,0.06947734011322008,0.000625,3208.299,667.2478,1.0391,3.9483,0.7257597235502089,0.0,Merge
13862705.405,P11,PI112,0.034162373999334,0.000625,2532.269,667.2478,11.647,34.312,0.4863482170281692,0.0,Merge
13908984.305,E0,P732,0.6820135713020299,0.0024355585714285716,6869.495,1050.009,1.5568,12.930,0.453831381753882,0.0,Merge
14132577.182,P11,PI2,0.034787373999334,0.000625,2547.618,667.2478,15.519,46.017,0.9251845250280906,0.0,Hit+Run
14139768.787,P11,PI2,0.034787373999334,0.000625,2547.618,667.2478,1.356,4.0208,0.9171015424539694,0.0,Hit+Run
14168643.853,P11,PI2,0.034787373999334,0.000625,2547.618,667.2478,1.3364,3.9626,0.6096312249285739,0.0,Merge
14215665.385,P11,FRAG0002,0.035412373999334,0.005998667998667998,2562.785,1418.008,10.036,28.921,0.6920715742701619,0.033496503496503495,Graze+Frag
14255680.806,P11,FRAG0029,0.007914538501498501,0.005582750582750583,1555.257,1384.447,1.1696,2.2390,0.6265036410298346,0.0,Hit+Run
14258030.417,P11,FRAG0029,0.007914538501498501,0.005582750582750583,1555.257,1384.447,1.3531,2.5903,0.8619847849433452,0.0,Hit+Run
14286870.21,P11,FRAG0032,0.007914538501498501,0.005582750582750583,1555.257,1384.447,1.6796,3.2153,0.41377174265278976,0.0,Merge
14309579.391,P11,FRAG0028,0.013497289084249084,0.005582750582750583,1858.129,1384.447,1.1273,2.4431,0.6194572710380686,0.0,Graze+Merge
14312073.49,P11,FRAG0029,0.019080039666999667,0.005582750582750583,2085.388,1384.447,1.222,2.9106,0.9905160834321517,0.0,Hit+Run
14359361.345,P11,FRAG0030,0.019080039666999667,0.005582750582750583,2085.388,1384.447,1.3614,3.2427,0.36468973935236315,0.0,Merge
14360801.537,P11,P692,0.024662790249750252,0.0024355585714285716,2271.649,1050.009,11.074,28.260,0.5211241262997538,0.02157042957042957,Fragment
14362119.848,P11,FRAG0036,0.005527919250749254,0.00719014319014319,1379.900,1506.282,1.0561,1.9806,0.8797145048250568,0.0,Hit+Run
14362857.229,P11,FRAG0031,0.005527919250749254,0.005582750582750583,1379.900,1384.447,1.436,2.5720,0.6377491630368471,0.0,Hit+Run
14391650.356,P11,FRAG0034,0.005527919250749254,0.00719014319014319,1379.900,1506.282,1.3869,2.6010,0.8681443466637707,0.0,Hit+Run
14396485.132,P11,FRAG0034,0.005527919250749254,0.00719014319014319,1379.900,1506.282,1.2224,2.2925,0.8317605021979082,0.0,Hit+Run
14409981.588,P11,FRAG0033,0.005527919250749254,0.005582750582750583,1379.900,1384.447,4.064,7.2792,0.5433047816603823,0.009114798534798536,Graze+Frag
14417846.207,P11,FRAG0037,0.005527919250749254,0.005582750582750583,1379.900,1384.447,1.2439,2.2280,0.7575517609773945,0.0,Hit+Run
14426461.04,P11,FRAG0037,0.005527919250749254,0.005582750582750583,1379.900,1384.447,1.7672,3.1653,0.9650099264111092,0.0,Hit+Run
14428591.512,P11,FRAG0034,0.005527919250749254,0.00719014319014319,1379.900,1506.282,1.4544,2.7276,0.13688166452794226,0.0,Merge
14443565.874,E3,EI8,0.5561884645754245,0.006875,6418.021,1483.945,1.4105,10.637,0.7572191988865741,0.0,Merge
14501675.597,P11,FRAG0037,0.012718062440892443,0.005582750582750583,1821.660,1384.447,1.5717,3.3548,0.6205709593040557,0.0,Hit+Run
14504309.783,P11,FRAG0037,0.012718062440892443,0.005582750582750583,1821.660,1384.447,1.0714,2.2869,0.9936408108688268,0.0,Hit+Run
14504351.489,P11,FRAG0037,0.012718062440892443,0.005582750582750583,1821.660,1384.447,1.052,2.2455,0.7718784546919609,0.0,Graze+Merge
14627421.821,P11,FRAG0035,0.018300813023643024,0.00719014319014319,2056.603,1506.282,2.1173,5.0597,0.7508027314890185,0.0,Hit+Run
14628256.287,P11,FRAG0035,0.018300813023643024,0.00719014319014319,2056.603,1506.282,1.0105,2.4148,0.3265388676891965,0.0,Merge
14668928.351,E1,PI91,0.2767084663136861,0.000625,5085.511,667.2478,1.824,11.314,0.29596740542120953,0.0,Merge
14672496.107,P11,FRAG0031,0.025490956213786213,0.005582750582750583,2296.796,1384.447,4.1596,10.797,0.579869891200585,0.010505827505827505,Fragment
14703296.405,E0,PI88,0.6844491298734584,0.000625,6877.663,667.2478,1.6846,14.341,0.8549551174146385,0.0,Merge
14736394.786,EI0,P345,0.00858841158841159,0.0024355585714285716,1598.201,1050.009,19.819,36.128,0.9533524381389215,0.0,Hit+Run
14751715.876,E0,P471,0.6850741298734584,0.0024355585714285716,6879.756,1050.009,3.163,26.312,0.8074625445040966,0.0,Merge
14862358.697,P11,FRAG0038,0.020567879290709287,0.010505827505827505,2138.242,1709.243,1.2789,3.2471,0.7241430263658621,0.0,Hit+Run
14865573.22,P11,FRAG0038,0.020567879290709287,0.010505827505827505,2138.242,1709.243,1.0181,2.5849,0.6721803456558022,0.0,Graze+Merge
14908197.918,EI5,P649,0.07010234011322009,0.0024355585714285716,3217.891,1050.009,7.0339,25.907,0.6613869725364064,0.0,Merge
15086913.886,EI2,PI56,0.009935397935397937,0.000625,1677.730,667.2478,7.7662,14.724,0.9138528979213013,0.0,Hit+Run
15169130.433,E0,PI56,0.6875096884448869,0.000625,6887.899,667.2478,1.2817,10.928,0.43833719115978287,0.0,Merge
15280482.69,E0,EI2,0.6881346884448869,0.009935397935397937,6889.985,1677.730,1.2088,9.7482,0.4567742070062958,0.0,Merge
15507145.49,E8,PI144,0.12338223428571429,0.000625,3885.182,667.2478,2.5975,12.111,0.7977867374415216,0.0,Merge
15510411.777,P11,FRAG0029,0.031073706796536794,0.005582750582750583,2453.530,1384.447,4.229,11.676,0.8949875774067226,0.0,Hit+Run
15510434.707,P11,FRAG0029,0.031073706796536794,0.005582750582750583,2453.530,1384.447,1.0358,2.8599,0.7172046879232872,0.0,Graze+Merge
15620486.783,E0,FRAG0023,0.6980700863802848,0.005553446553446554,6922.987,1382.021,1.65,13.568,0.3391051571837346,0.0,Merge
15653418.782,E3,P657,0.5630634645754244,0.0024355585714285716,6444.357,1050.009,2.9079,22.567,0.5243630351041847,0.0,Merge
15755870.254,E0,PI185,0.7036235329337314,0.000625,6941.297,667.2478,1.7669,15.187,0.3044354545587934,0.0,Merge
16062420.444,P11,EI0,0.036656457379287376,0.00858841158841159,2592.451,1598.201,6.4868,19.042,0.8053288309148395,0.0,Hit+Run
16089700.767,P11,EI0,0.036656457379287376,0.00858841158841159,2592.451,1598.201,1.2902,3.7875,0.6642818394809914,0.0,Hit+Run
16099001.587,P11,EI0,0.036656457379287376,0.00858841158841159,2592.451,1598.201,1.1492,3.3736,0.896328885475888,0.0,Hit+Run
16223157.311,E0,PI95,0.7042485329337314,0.000625,6943.351,667.2478,1.7678,15.199,0.6579698760953936,0.0,Merge
16225658.097,P11,EI0,0.036656457379287376,0.00858841158841159,2592.451,1598.201,2.8042,8.2320,0.6688596804310373,0.0,Hit+Run
16250563.528,P11,P345,0.036656457379287376,0.0024355585714285716,2592.451,1050.009,14.384,42.102,0.5730143860014666,0.03603134199134199,Fragment
16270499.762,EI5,FRAG0036,0.07253789868464866,0.00719014319014319,3254.734,1506.282,9.6463,35.267,0.6137555586426265,0.0532027972027972,Fragment
16271569.004,EI5,FRAG0046,0.02652524467199465,0.005911421911421911,2327.449,1411.100,1.5448,4.0653,0.728575123448499,0.0,Hit+Run
16273583.338,EI5,FRAG0051,0.02652524467199465,0.005911421911421911,2327.449,1411.100,1.2639,3.3261,0.8030948553777354,0.0,Hit+Run
16276936.203,EI5,FRAG0046,0.02652524467199465,0.005911421911421911,2327.449,1411.100,1.0247,2.6966,0.8719493445287259,0.0,Graze+Merge
16279727.44,EI5,FRAG0049,0.03243666658341656,0.005911421911421911,2488.891,1411.100,1.1086,3.1057,0.8486499725237635,0.0,Hit+Run
16291519.413,EI5,FRAG0048,0.03243666658341656,0.005911421911421911,2488.891,1411.100,1.5948,4.4679,0.7242689530885992,0.0,Hit+Run
16292428.436,EI5,FRAG0048,0.03243666658341656,0.005911421911421911,2488.891,1411.100,1.0771,3.0175,0.6589194590395442,0.0,Graze+Merge
16297547.279,P11,FRAG0041,0.00552758038628038,0.005594072594072594,1379.872,1385.383,1.2631,2.2631,0.4860294593736138,0.0,Merge
16309892.271,EI5,FRAG0050,0.03834808849483847,0.005911421911421911,2631.732,1411.100,1.6586,4.9029,0.7413812149303067,0.0,Hit+Run
16309894.684,EI5,FRAG0050,0.03834808849483847,0.005911421911421911,2631.732,1411.100,1.0526,3.1115,0.9345868911014499,0.0,Hit+Run
16322845.754,EI5,FRAG0047,0.03834808849483847,0.005911421911421911,2631.732,1411.100,1.4895,4.4030,0.8619394737810335,0.0,Hit+Run
16322967.613,EI5,FRAG0047,0.03834808849483847,0.005911421911421911,2631.732,1411.100,1.0527,3.1118,0.8172834448546845,0.0,Hit+Run
16322992.865,EI5,FRAG0047,0.03834808849483847,0.005911421911421911,2631.732,1411.100,1.0486,3.0997,0.7518617115150622,0.0,Graze+Merge
16329833.841,EI5,FRAG0050,0.04425951040626038,0.005911421911421911,2760.552,1411.100,1.9521,6.0482,0.7627223994016733,0.0,Hit+Run
16330309.166,EI5,FRAG0050,0.04425951040626038,0.005911421911421911,2760.552,1411.100,1.0168,3.1503,0.8416018979342774,0.0,Graze+Merge
16383664.865,P11,FRAG0044,0.011121652980352975,0.005594072594072594,1742.008,1385.383,2.4765,5.1152,0.9038705861630485,0.0,Hit+Run
16415153.503,EI0,FRAG0044,0.00858841158841159,0.005594072594072594,1598.201,1385.383,1.0426,2.0308,0.8083182547276624,0.0,Graze+Merge
16421906.716,P11,FRAG0042,0.011121652980352975,0.005594072594072594,1742.008,1385.383,1.6457,3.3992,0.7438397613620109,0.0,Hit+Run
16422280.913,P11,FRAG0042,0.011121652980352975,0.005594072594072594,1742.008,1385.383,1.0726,2.2154,0.384174242482686,0.0,Merge
16445671.264,EI5,FRAG0051,0.05017093231768229,0.005911421911421911,2878.356,1411.100,1.8582,6.0029,0.7222972917669387,0.0,Hit+Run
16460476.713,EI5,FRAG0053,0.05017093231768229,0.005911421911421911,2878.356,1411.100,1.8832,6.0836,0.06139929598353297,0.0,Merge
16511098.187,P11,FRAG0040,0.01671572557442557,0.005594072594072594,1995.425,1385.383,1.9795,4.5430,0.7263855002945835,0.0,Hit+Run
16535287.096,EI5,FRAG0052,0.0560823542291042,0.005911421911421911,2987.234,1411.100,2.3033,7.7256,0.17665314839842888,0.0,Merge
16549933.594,P11,FRAG0039,0.01671572557442557,0.005594072594072594,1995.425,1385.383,1.347,3.0914,0.7466300949643684,0.0,Hit+Run
16550552.55,EI0,FRAG0043,0.014182484182484183,0.005594072594072594,1889.055,1385.383,2.4338,5.3437,0.42345170499243934,0.00610989010989011,Fragment
16553558.141,P11,EI0,0.01671572557442557,0.013666666666666667,1995.425,1865.870,3.0472,7.6366,0.2768370172190649,0.02511171495171495,Fragment
16589158.467,EI5,FRAG0045,0.06199377614052611,0.005911421911421911,3088.705,1411.100,2.8576,9.9177,0.9630313625140511,0.0,Hit+Run
16594123.516,EI5,FRAG0045,0.06199377614052611,0.005911421911421911,3088.705,1411.100,1.0647,3.6952,0.6709644738827405,0.0,Merge
16707030.913,E15,P224,0.11671555857142858,0.0024355585714285716,3813.907,1050.009,2.9109,12.871,0.7253917928993806,0.0,Merge
16800617.915,E1,E13,0.2773334663136861,0.02222,5089.337,2194.026,1.7759,10.175,0.8713561443415403,0.013545787545787547,Hit+Run+Frag
16806071.633,P145,PI108,0.0024355585714285716,0.000625,1050.009,667.2478,19.753,23.560,0.6805390709715115,0.0,Graze+Frag
16830231.903,E1,E13,0.2773333530935729,0.008674325674325675,5089.337,1603.512,1.0572,6.1744,0.8203346801106931,0.0,Hit+Run
16833648.333,E1,FRAG0059,0.2773333530935729,0.006772893772893774,5089.337,1476.562,1.112,6.5351,0.6847378768998209,0.0,Merge
16834214.63,EI5,FRAG0049,0.06790519805194803,0.005911421911421911,3183.915,1411.100,1.979,7.0865,0.802316252841973,0.0,Hit+Run
16834830.64,EI5,FRAG0049,0.06790519805194803,0.005911421911421911,3183.915,1411.100,1.0671,3.8211,0.4291168973011779,0.0,Merge
16862211.547,P11,FRAG0056,0.005527247385947381,0.006213786213786214,1379.844,1434.760,2.9853,5.4474,0.6867835647707718,0.0,Hit+Run
16873288.956,P11,FRAG0058,0.005527247385947381,0.006213786213786214,1379.844,1434.760,1.5646,2.8549,0.6019222362949201,0.0,Hit+Run
16899104.052,P11,FRAG0056,0.005527247385947381,0.006213786213786214,1379.844,1434.760,1.5634,2.8528,0.6653598787257416,0.0,Hit+Run
16899378.62,P11,FRAG0056,0.005527247385947381,0.006213786213786214,1379.844,1434.760,1.0451,1.9070,0.760026097840051,0.0,Graze+Merge
16904118.315,P11,FRAG0039,0.011741033599733594,0.005594072594072594,1773.764,1385.383,4.2367,8.8667,0.8404634502999323,0.0,Hit+Run
16917466.118,P11,FRAG0039,0.011741033599733594,0.005594072594072594,1773.764,1385.383,1.3502,2.8257,0.47994398912177305,0.0,Merge
17023419.192,E12,PI130,0.11134279285714288,0.000625,3754.463,667.2478,4.1036,18.449,0.6952409292161181,0.0,Merge
17033454.042,E3,P97,0.565499023146853,0.0024355585714285716,6453.636,1050.009,2.0996,16.319,0.46176981669052664,0.0,Merge
17100297.826,P11,FRAG0055,0.01733510619380619,0.006213786213786214,2019.773,1434.760,4.1668,9.7196,0.780538847711342,0.0,Hit+Run
17222746.643,P11,FRAG0057,0.01733510619380619,0.006213786213786214,2019.773,1434.760,1.2029,2.8059,0.9510880476195056,0.0,Hit+Run
17229976.547,P11,FRAG0057,0.01733510619380619,0.006213786213786214,2019.773,1434.760,1.0247,2.3902,0.5732721649295662,0.0,Merge
17336000.336,P11,P611,0.023548892407592403,0.0024355585714285716,2236.921,1050.009,4.9385,12.405,0.8032532575151865,0.0,Hit+Run
17336654.244,P11,FRAG0055,0.023548892407592403,0.006213786213786214,2236.921,1434.760,5.5277,14.060,0.09394422342516232,0.02833221445221445,Fragment
17344976.93,P11,FRAG0063,0.005528246386946378,0.006058608058608059,1379.927,1422.715,1.4001,2.5434,0.7139313879966646,0.0,Hit+Run
17345043.568,P11,FRAG0064,0.005528246386946378,0.006058608058608059,1379.927,1422.715,1.3745,2.4968,0.5357931975296348,0.0,Hit+Run
17345608.378,P11,FRAG0054,0.005528246386946378,0.00610989010989011,1379.927,1426.718,9.7605,17.757,0.46988353465854693,0.011568591408591409,Fragment
17347568.407,P11,FRAG0040,0.005528246386946379,0.005594072594072594,1379.927,1385.383,7.0246,12.586,0.3634815001531757,0.010997016317016318,Fragment
17349134.584,E3,P726,0.5679345817182815,0.0024355585714285716,6462.887,1050.009,2.3816,18.539,0.46693774673242716,0.0,Merge
17371107.237,P11,FRAG0064,0.005528246386946379,0.006058608058608059,1379.927,1422.715,1.6091,2.9230,0.6870481784900315,0.0,Hit+Run
17477797.067,P11,FRAG0062,0.005528246386946379,0.006058608058608059,1379.927,1422.715,2.411,4.3797,0.6341187824833824,0.0,Hit+Run
17480271.93,P11,FRAG0058,0.005528246386946379,0.006213786213786214,1379.927,1434.760,4.1188,7.5159,0.8976653030634262,0.0,Hit+Run
17501509.301,E1,P469,0.2841062468664666,0.0024355585714285716,5130.434,1050.009,2.5576,15.558,0.9463227737270979,0.0,Hit+Run
17591118.386,E3,PI63,0.57037014028971,0.000625,6472.113,667.2478,1.667,13.319,0.7704679690406419,0.0,Merge
17619080.667,E0,P469,0.7048735329337313,0.0024355585714285716,6945.405,1050.009,1.2429,10.444,0.8483465415080045,0.0,Merge
17629207.95,E0,PI128,0.7073090915051599,0.000625,6953.395,667.2478,2.7078,23.317,0.9945618413748444,0.0,Hit+Run
17961094.942,P11,FRAG0062,0.005528246386946379,0.006058608058608059,1379.927,1422.715,2.6844,4.8764,0.5785306075145386,0.0,Hit+Run
18020333.81,E0,P185,0.7073090915051599,0.0024355585714285716,6953.395,1050.009,2.2166,18.649,0.9071188966670972,0.0,Hit+Run
18028727.581,P87,P652,0.0024355585714285716,0.0024355585714285716,1050.009,1050.009,25.534,34.744,0.55335,0.0,Graze+Frag
18095516.038,P11,FRAG0062,0.005528246386946379,0.006058608058608059,1379.927,1422.715,1.9251,3.4971,0.39000348443597105,0.0,Merge
18316268.142,E0,PI57,0.7073090915051599,0.000625,6953.395,667.2478,2.5563,22.012,0.21013540556754737,0.0,Merge
18382845.04,P11,P611,0.011586854445554438,0.0024355585714285716,1765.966,1050.009,2.6605,5.3041,0.25737168974269337,0.0,Merge
18395115.643,E0,PI146,0.7079340915051598,0.000625,6955.443,667.2478,1.9249,16.580,0.5489392896804781,0.0,Merge
18426423.898,P11,FRAG0061,0.01402241301698301,0.006058608058608059,1881.921,1422.715,1.8796,4.1395,0.6529076252562931,0.0,Hit+Run
18427795.78,P11,FRAG0061,0.01402241301698301,0.006058608058608059,1881.921,1422.715,1.018,2.2420,0.6969852965993695,0.0,Graze+Merge
18521762.284,E0,PI0,0.7085590915051598,0.000625,6957.489,667.2478,2.1601,18.612,0.7342799517633685,0.0,Merge
18576850.504,P11,FRAG0058,0.02008102107559107,0.006213786213786214,2121.236,1434.760,1.9865,4.8261,0.5632974109505949,0.0,Merge
18613292.856,P87,P832,0.004871128871128871,0.0024355585714285716,1322.930,1050.009,13.679,21.445,0.7258739368814882,0.0,Graze+Frag
18631845.633,E1,PI78,0.2841062468664666,0.000625,5130.434,667.2478,1.7304,10.834,0.3138780269160458,0.0,Merge
18644081.598,P11,FRAG0064,0.026294807289377282,0.006058608058608059,2320.690,1422.715,1.6476,4.3274,0.4017836589062815,0.0,Merge
18730892.472,P11,FRAG0063,0.032353415347985345,0.006058608058608059,2486.760,1422.715,2.0324,5.6916,0.9003787407180561,0.0,Hit+Run
18758134.611,P34,P321,0.0024355585714285716,0.0024355585714285716,1050.009,1050.009,6.1745,8.4015,0.6103,0.0,Graze+Frag
18815658.457,P11,FRAG0063,0.032353415347985345,0.006058608058608059,2486.760,1422.715,1.3683,3.8318,0.6720241183812267,0.0,Hit+Run
18817047.087,P11,FRAG0063,0.032353415347985345,0.006058608058608059,2486.760,1422.715,1.0436,2.9225,0.6492522646774426,0.0,Graze+Merge
18875116.026,P185,PI131,0.0024355585714285716,0.000625,1050.009,667.2478,22.098,26.356,0.9315986779265002,0.0,Hit+Run
18906050.093,E3,FRAG0060,0.57099514028971,0.006772893772893774,6474.476,1476.562,1.3862,10.557,0.6029026116488428,0.0,Merge
18945293.499,E0,P522,0.7091840915051598,0.0024355585714285716,6959.534,1050.009,2.8567,24.057,0.45078800024648386,0.0,Merge
18961859.775,P185,PI172,0.0024355585714285716,0.000625,1050.009,667.2478,25.109,29.949,0.9571571084445678,0.0,Hit+Run
19005182.334,P11,FRAG0065,0.0384120234065934,0.00610989010989011,2633.194,1426.718,2.4979,7.3902,0.23109045965199704,0.007085914085914087,Fragment
19005923.175,P11,FRAG0067,0.037435999430569425,0.007085914085914087,2610.700,1498.968,1.046,3.0759,0.8890436820552119,0.0,Hit+Run
19040232.509,P11,FRAG0067,0.037435999430569425,0.007085914085914087,2610.700,1498.968,1.0938,3.2164,0.6895091193302801,0.0,Graze+Merge
19207126.91,P11,FRAG0066,0.04452191351648351,0.005594072594072594,2765.997,1385.383,5.7335,17.797,0.7130568918683164,0.008284049284049284,Graze+Frag
19299688.365,E1,FRAG0022,0.2847312468664666,0.005553446553446554,5134.193,1382.021,2.1412,12.768,0.6906034828607321,0.0,Merge
19316204.58,E0,E11,0.7116196500765883,0.02300127285714286,6967.492,2219.445,1.0303,8.2312,0.9673556807671521,0.0,Hit+Run
19340008.005,E0,E11,0.7116196500765883,0.02300127285714286,6967.492,2219.445,1.0739,8.5796,0.4359357470050638,0.0,Merge
20465649.274,P127,PI166,0.0024355585714285716,0.000625,1050.009,667.2478,6.4432,7.6849,0.14552407806937978,0.0,Merge
20665243.699,E0,P230,0.7346209229337312,0.0024355585714285716,7041.766,1050.009,2.1245,18.115,0.4727129603736161,0.0,Merge
20874412.556,E3,E10,0.5777680340626038,0.14245555857142858,6499.975,4075.869,1.1639,8.5812,0.25733542337605275,0.0431934731934732,Fragment
21054164.46,P11,FRAG0068,0.04183193682650682,0.008284049284049284,2709.129,1579.094,1.0453,3.1926,0.22673877996933212,0.0,Merge
21181387.358,E0,PI139,0.7370564815051597,0.000625,7049.539,667.2478,2.8464,24.863,0.9252261736107165,0.0,Hit+Run
21248315.461,E3,FRAG0073,0.6770301194405591,0.006170496170496171,6852.723,1431.420,1.2396,10.057,0.6277693683580692,0.0,Merge
21837528.886,E1,P639,0.29028469341991314,0.0024355585714285716,5167.358,1050.009,2.8848,17.684,0.9782243116684061,0.0,Hit+Run
22067138.979,E0,FRAG0026,0.7370564815051597,0.005553446553446554,7049.539,1382.021,2.5144,21.082,0.4777415517277072,0.0,Merge
22449246.391,E0,PI67,0.7426099280586063,0.000625,7067.200,667.2478,1.4303,12.526,0.5329789375279778,0.0,Merge
22451980.416,E0,P639,0.7432349280586062,0.0024355585714285716,7069.183,1050.009,1.5772,13.503,0.22315415246489428,0.0,Merge
22517325.485,E0,P574,0.7456704866300348,0.0024355585714285716,7076.896,1050.009,4.2062,36.055,0.3883760549929952,0.0,Merge
23281084.821,E3,P368,0.6832006156110553,0.0024355585714285716,6873.478,1050.009,1.4542,12.085,0.32747421761217727,0.0,Merge
23299972.568,E8,P206,0.1240072342857143,0.0024355585714285716,3891.731,1050.009,2.4653,11.141,0.8595805809326368,0.0,Hit+Run
23356009.329,E0,FRAG0070,0.7481060452014633,0.006170496170496171,7084.593,1431.420,1.5986,13.441,0.8017989619679283,0.0,Merge
23360765.264,E3,FRAG0069,0.6856361741824838,0.006170496170496171,6881.637,1431.420,1.1736,9.5650,0.947015316938845,0.0,Hit+Run
23546342.305,E8,P56,0.1240072342857143,0.0024355585714285716,3891.731,1050.009,2.2815,10.310,0.6682126641514818,0.0,Merge
23730950.962,E3,P418,0.6856361741824838,0.0024355585714285716,6881.637,1050.009,1.9936,16.589,0.9129073162418733,0.0,Hit+Run
23811294.654,P186,P718,0.0024355585714285716,0.0024355585714285716,1050.009,1050.009,4.381,5.9611,0.6619,0.0,Graze+Frag
24026213.302,E1,E22,0.29028469341991314,0.023440000000000003,5167.358,2233.467,3.3867,19.700,0.9638141897429225,0.0,Hit+Run
24128619.622,E1,PI61,0.29028469341991314,0.000625,5167.358,667.2478,3.9484,24.908,0.6336751357353198,0.0,Merge
24457633.495,E5,P156,0.08080667571428572,0.0024355585714285716,3373.983,1050.009,2.6648,10.327,0.7571645127601254,0.0,Merge
25072882.107,P185,PI23,0.0024355585714285716,0.000625,1050.009,667.2478,18.259,21.778,0.07838733953148945,0.0,Merge
25190602.227,E3,P768,0.6856361741824838,0.0024355585714285716,6881.637,1050.009,1.2749,10.608,0.668672941102083,0.0,Merge
25271068.756,E8,E14,0.12644279285714285,0.047415558571428575,3917.044,2824.668,1.9099,8.6652,0.5707903475287291,0.019845154845154846,Fragment
25623537.271,P136,FRAG0071,0.0024355585714285716,0.006170496170496171,1050.009,1431.420,6.559,10.913,0.6852019853945369,0.007693599733599733,Graze+Frag
25714426.76,E5,P111,0.0832422342857143,0.0024355585714285716,3407.546,1050.009,4.1367,16.203,0.9718360115835172,0.0,Hit+Run
25905286.045,E0,PI139,0.7542765413719594,0.000625,7104.018,667.2478,2.7546,24.255,0.3907944662157576,0.0,Merge
25980535.922,E0,PI118,0.7549015413719594,0.000625,7105.979,667.2478,3.7651,33.163,0.8607737806897274,0.0,Merge
26278433.375,P140,FRAG0078,0.0024355585714285716,0.006615051615051615,1050.009,1465.002,6.9364,11.756,0.9788216126842585,0.0,Hit+Run
26405974.418,E0,P284,0.7555265413719594,0.0024355585714285716,7107.940,1050.009,2.0494,17.648,0.3786626276272684,0.0,Merge
26446916.062,E0,PI113,0.7579620999433879,0.000625,7115.569,667.2478,2.0703,18.261,0.7184306494397442,0.0,Merge
26594955.359,P175,PI79,0.0024355585714285716,0.000625,1050.009,667.2478,10.183,12.145,0.4868942158262485,0.0,Merge
26749236.234,E12,P776,0.11196779285714288,0.0024355585714285716,3761.475,1050.009,1.7672,7.6987,0.4765670634735916,0.0,Merge
26795653.358,E3,E22,0.6880717327539123,0.023440000000000003,6889.775,2233.467,1.1272,8.8935,0.9032063709681181,0.009145188145188145,Hit+Run+Frag
27551524.039,P145,PI158,0.0030605727605727607,0.000625,1133.082,667.2478,11.473,14.666,0.6862072423200195,0.0,Graze+Frag
27592632.132,E3,P427,0.6880718393140188,0.0024355585714285716,6889.776,1050.009,1.9424,16.183,0.9606897676649722,0.0,Hit+Run
27840506.839,E3,P568,0.6880718393140188,0.0024355585714285716,6889.776,1050.009,1.9368,16.136,0.29677165616603784,0.0,Merge
28859239.91,E0,E22,0.7585870999433879,0.014294705294705294,7117.525,1894.024,1.2532,10.368,0.7323234702183906,0.0,Merge
29313164.726,E0,E13,0.7728818052380932,0.008674325674325675,7161.954,1603.512,2.0484,17.280,0.9199332189780688,0.0,Hit+Run
29856616.198,P140,P146,0.0024355585714285716,0.0024355585714285716,1050.009,1050.009,12.446,16.936,0.4589,0.0,Merge
29889459.27,E13,P581,0.008674325674325675,0.0024355585714285716,1603.512,1050.009,7.3728,13.478,0.8822115449618962,0.0,Hit+Run
29971210.789,E0,E13,0.7728818052380932,0.008674325674325675,7161.954,1603.512,1.0382,8.7585,0.832343876163921,0.0,Graze+Merge
30125332.848,E0,P94,0.7815561309124189,0.0024355585714285716,7188.648,1050.009,5.0594,44.094,0.8226409565428779,0.0,Merge
30136092.545,E3,PI196,0.6905073978854473,0.000625,6897.895,667.2478,1.2344,10.541,0.6845792226631577,0.0,Merge
31307102.763,P185,P150,0.0030605585714285717,0.0024355585714285716,1133.080,1050.009,19.871,28.168,0.9391774001907288,0.0,Hit+Run
31649086.612,P145,P241,0.003685647685647686,0.0024355585714285716,1205.494,1050.009,34.248,50.407,0.8587293470174128,0.006042997002997002,Graze+Frag
31860916.417,E17,P519,0.040959999999999996,0.0024355585714285716,2690.174,1050.009,2.5347,7.7136,0.9266978848100982,0.0,Hit+Run
32020677.752,E3,PI131,0.6911323978854473,0.000625,6899.976,667.2478,1.5218,12.999,0.3868869063977117,0.0,Merge
32296650.777,E0,P552,0.7839916894838475,0.0024355585714285716,7196.108,1050.009,2.5729,22.448,0.9896034238641002,0.0,Hit+Run
32407645.56,E0,P23,0.7839916894838475,0.0024355585714285716,7196.108,1050.009,2.193,19.133,0.3034260233488075,0.0,Merge
32825886.749,E1,P427,0.29090969341991313,0.0024355585714285716,5171.064,1050.009,1.7274,10.597,0.49299496043319624,0.0,Merge
32835039.828,P11,P145,0.05011598611055611,0.006121212121212121,2877.305,1427.599,10.298,33.255,0.12852916836908856,0.0507092907092907,Fragment
32876451.012,P11,FRAG0083,0.005527907522477532,0.005634365634365634,1379.899,1388.701,1.9038,3.4152,0.870075043497181,0.0,Hit+Run
32886940.075,P11,FRAG0081,0.005527907522477532,0.005634365634365634,1379.899,1388.701,1.3644,2.4476,0.7154182949165684,0.0,Hit+Run
32893066.519,P11,FRAG0087,0.005527907522477532,0.005634365634365634,1379.899,1388.701,1.5952,2.8616,0.4745863873620987,0.0,Merge
32902674.682,P11,FRAG0085,0.011162273156843167,0.005634365634365634,1744.126,1388.701,1.7143,3.5463,0.7109947464736246,0.0,Hit+Run
32904386.816,P11,FRAG0088,0.011162273156843167,0.005634365634365634,1744.126,1388.701,1.0441,2.1599,0.7646631307505468,0.0,Graze+Merge
32922145.631,P11,FRAG0085,0.016796638791208802,0.005634365634365634,1998.640,1388.701,1.8387,4.2273,0.41656266228783606,0.0,Merge
32968307.542,E0,P552,0.786427248055276,0.0024355585714285716,7203.552,1050.009,1.2222,10.675,0.4241715683563357,0.0,Merge
32998518.044,P11,FRAG0083,0.022431004425574438,0.005634365634365634,2200.949,1388.701,1.0773,2.6912,0.5185303776389762,0.0,Merge
32998945.437,P11,FRAG0081,0.028065370059940073,0.005634365634365634,2371.650,1388.701,1.0889,2.9123,0.6781907827700956,0.0,Graze+Merge
33013720.685,P11,FRAG0086,0.033699735694305705,0.005634365634365634,2520.786,1388.701,1.471,4.1686,0.8536333242131753,0.0,Hit+Run
33116175.669,P11,FRAG0084,0.033699735694305705,0.005634365634365634,2520.786,1388.701,1.6213,4.5945,0.7504029478958331,0.0,Hit+Run
33117895.595,P11,FRAG0084,0.033699735694305705,0.005634365634365634,2520.786,1388.701,0.9856,2.7930,0.8636919992322292,0.0,Perfect
33120724.179,P11,FRAG0086,0.039334101328671336,0.005634365634365634,2654.097,1388.701,1.5561,4.6366,0.908136507137268,0.0,Hit+Run
33121123.429,P11,FRAG0086,0.039334101328671336,0.005634365634365634,2654.097,1388.701,1.043,3.1078,0.5696450858403871,0.0,Merge
33298082.698,P11,FRAG0080,0.04496846696303697,0.005634365634365634,2775.214,1388.701,1.2192,3.7972,0.6396985305082183,0.0,Merge
33695285.338,EI7,PI128,0.007963369963369965,0.000625,1558.449,667.2478,11.277,19.791,0.961384652392403,0.0,Hit+Run
33882040.389,E0,P136,0.7888628066267045,0.008606060606060607,7210.980,1599.295,2.0877,17.745,0.8614437565740896,0.0,Hit+Run
33888788.862,E0,P136,0.7888628066267045,0.008606060606060607,7210.980,1599.295,1.0477,8.9054,0.6930018324857783,0.0,Merge
35180696.091,P11,FRAG0082,0.0506028325974026,0.005634365634365634,2886.592,1388.701,1.5367,4.9793,0.6905739972277204,0.0,Hit+Run
35180717.257,P11,FRAG0082,0.0506028325974026,0.005634365634365634,2886.592,1388.701,1.0497,3.4013,0.9658448406670456,0.0,Hit+Run
35243029.231,P11,FRAG0082,0.0506028325974026,0.005634365634365634,2886.592,1388.701,1.1479,3.7195,0.4332629390115646,0.0,Merge
35297191.711,E3,PI180,0.6917573978854473,0.000625,6902.055,667.2478,2.6073,22.278,0.2627946461502562,0.0,Merge
35505294.814,EI19,P818,0.006875,0.0024355585714285716,1483.945,1050.009,3.0957,5.3015,0.6003234117341124,0.0,Hit+Run
36923803.693,E3,P647,0.6923823978854473,0.0024355585714285716,6904.133,1050.009,2.8203,23.550,0.7206938325817613,0.0,Merge
36972591.094,E0,FRAG0072,0.7974688672327651,0.006170496170496171,7237.108,1431.420,2.5736,22.138,0.5328150487327468,0.0,Merge
37742230.717,E0,PI186,0.8036393634032613,0.000625,7255.726,667.2478,3.3701,30.335,0.7082666981964653,0.0,Merge
39479770.966,E0,P74,0.8042643634032612,0.0024355585714285716,7257.607,1050.009,2.72,23.946,0.39321131168300244,0.0,Merge
40135468.565,E8,P140,0.15401319658341658,0.004871117142857143,4183.243,1322.929,3.1356,15.048,0.352290060867639,0.0,Merge
40512116.523,E3,P185,0.6948179564568758,0.0030605585714285717,6912.219,1133.080,1.9415,16.155,0.8750569420385904,0.0,Hit+Run
40800161.602,E12,P342,0.11440335142857146,0.0024355585714285716,3788.553,1050.009,4.4207,19.408,0.4944590714564861,0.0,Merge
41526752.301,E12,P858,0.11683891000000003,0.0024355585714285716,3815.250,1050.009,2.5824,11.423,0.6036634337250436,0.0,Merge
42896129.333,E0,PI116,0.8066999219746898,0.000625,7264.925,667.2478,1.7516,15.787,0.09488525415397052,0.0,Merge
42935357.409,E0,P257,0.8073249219746897,0.0024355585714285716,7266.801,1050.009,2.3136,20.396,0.641069280144631,0.0,Merge
44682039.53,P216,P217,0.0024355585714285716,0.0024355585714285716,1050.009,1050.009,3.8802,5.2797,0.93815,0.0,Hit+Run
45347404.465,E1,P530,0.2933452519913417,0.0024355585714285716,5185.455,1050.009,2.7934,17.188,0.8625425773520526,0.0,Hit+Run
45604319.181,E12,P550,0.11927446857142861,0.0024355585714285716,3841.578,1050.009,6.1385,27.356,0.7886422133345986,0.0,Hit+Run
45749378.122,EI5,FRAG0051,0.07381661996336994,0.005911421911421911,3273.747,1411.100,2.3185,8.5452,0.8088550932185954,0.0,Hit+Run
45931746.377,EI5,FRAG0051,0.07381661996336994,0.005911421911421911,3273.747,1411.100,1.1201,4.1283,0.6061346936136585,0.0,Merge
45955004.123,E15,P185,0.11915111714285716,0.0030605585714285717,3840.253,1133.080,2.7136,12.018,0.2785985160557593,0.0,Merge
45994945.237,E0,EI7,0.8097604805461183,0.007963369963369965,7274.101,1558.449,3.1825,27.358,0.5529355704638484,0.0,Merge
46453372.932,E3,FRAG0076,0.6948179564568758,0.006615051615051615,6912.219,1465.002,2.0389,16.668,0.26313101127569,0.0,Merge
46730447.236,E12,PI123,0.11927446857142861,0.000625,3841.578,667.2478,2.7194,12.528,0.780443864364476,0.0,Merge
47404764.864,E1,P158,0.2933452519913417,0.0024355585714285716,5185.455,1050.009,3.8382,23.617,0.4884026761269385,0.0,Merge
48032754.465,E0,FRAG0074,0.8177238505094883,0.006170496170496171,7297.869,1431.420,2.7343,23.732,0.6512603359548038,0.0,Merge
48505470.778,E3,P208,0.7014330080719274,0.0024355585714285716,6934.086,1050.009,3.053,25.610,0.9345792105935439,0.0,Hit+Run
49058795.164,E0,PI120,0.8238943466799844,0.000625,7316.179,667.2478,1.7745,16.111,0.7699768214429162,0.0,Merge
49420007.965,E5,P387,0.0832422342857143,0.0024355585714285716,3407.546,1050.009,2.7675,10.840,0.4773180253541635,0.0,Merge
49961876.335,P87,P428,0.0073066933066933066,0.0024355585714285716,1514.377,1050.009,6.7031,11.672,0.3763521813581834,0.0,Fragment
50078182.813,E0,P550,0.8245193466799844,0.0024355585714285716,7318.029,1050.009,1.4047,12.475,0.9787643453905873,0.0,Hit+Run
50319522.539,E0,P550,0.8245193466799844,0.0024355585714285716,7318.029,1050.009,1.0706,9.5085,0.826859979062545,0.0,Merge
50777951.722,E0,P581,0.8269549052514129,0.0024355585714285716,7325.227,1050.009,3.2588,28.973,0.8873988310341928,0.0,Hit+Run
51059030.13,E0,P482,0.8269549052514129,0.0024355585714285716,7325.227,1050.009,2.3613,20.993,0.6106661382102045,0.0,Merge
51657035.233,E0,P625,0.8293904638228414,0.0024355585714285716,7332.412,1050.009,2.3148,20.601,0.6769587296579943,0.0,Merge
52239339.107,E0,P614,0.83182602239427,0.0024355585714285716,7339.582,1050.009,2.0067,17.878,0.3547491430137069,0.0,Merge
52310343.903,E3,P394,0.7014330080719274,0.0024355585714285716,6934.086,1050.009,2.606,21.860,0.8192440938136697,0.0,Merge
52552488.916,E0,PI172,0.8342615809656985,0.000625,7346.738,667.2478,4.473,40.789,0.787387628874412,0.0,Merge
52792157.849,P58,P813,0.0024355585714285716,0.0024355585714285716,1050.009,1050.009,11.191,15.227,0.29255,0.0,Merge
53083251.243,E1,P613,0.2957808105627703,0.0024355585714285716,5199.766,1050.009,6.9434,42.851,0.8906478783196703,0.0,Hit+Run
54713154.84,E0,P260,0.8348865809656985,0.0024355585714285716,7348.573,1050.009,3.5074,31.288,0.9981745986236672,0.0,Hit+Run
56025738.875,E3,P13,0.703868566643356,0.0024355585714285716,6942.102,1050.009,1.8889,15.864,0.9011055966503323,0.0,Hit+Run
56318439.617,E3,FRAG0079,0.703868566643356,0.009145188145188145,6942.102,1632.017,1.9715,16.062,0.716628084004041,0.0,Merge
58510041.699,E8,P26,0.15888431372627373,0.0024355585714285716,4226.889,1050.009,1.2704,6.2755,0.9639446185522392,0.0,Hit+Run
58648601.201,E12,P655,0.11989946857142861,0.0024355585714285716,3848.276,1050.009,1.935,8.6395,0.5047719696016052,0.0,Merge
60012245.048,E8,E16,0.15888431372627373,0.04499555857142857,4226.889,2775.771,1.2962,6.2486,0.9314334717582541,0.0,Hit+Run
60325796.894,E1,P513,0.2957808105627703,0.0024355585714285716,5199.766,1050.009,2.0614,12.721,0.7744185381970566,0.0,Merge
61154655.284,E0,EI19,0.8348865809656985,0.006875,7348.573,1483.945,1.6631,14.505,0.7882279210808335,0.0,Merge
62972465.069,E0,P150,0.8417615809656984,0.0024355585714285716,7368.688,1050.009,4.2722,38.221,0.6293237785257133,0.0,Merge
64048555.578,E0,P191,0.8441971395371269,0.0024355585714285716,7375.788,1050.009,4.3484,38.942,0.7946713837750912,0.0,Merge
64383326.796,E1,P87,0.29821636913419886,0.009742257742257742,5213.999,1666.788,2.6443,15.805,0.5165663757309421,0.0,Merge
65720985.651,E5,P260,0.08567779285714287,0.0024355585714285716,3440.460,1050.009,3.2665,12.927,0.6901653107864987,0.0,Merge
68215687.133,E0,P530,0.8466326981085555,0.0024355585714285716,7382.875,1050.009,2.2827,20.463,0.6955738528498127,0.0,Merge
70478017.785,E1,P613,0.3079586268764566,0.0024355585714285716,5270.170,1050.009,2.355,14.744,0.2526607717701472,0.0,Merge
70706929.117,E3,P707,0.7130137547885441,0.0024355585714285716,6972.039,1050.009,2.8372,23.938,0.9836581537020738,0.0,Hit+Run
70796316.888,E3,P707,0.7130137547885441,0.0024355585714285716,6972.039,1050.009,1.0386,8.7629,0.4020500635294039,0.0,Merge
71853201.865,E0,PI38,0.849068256679984,0.000625,7389.948,667.2478,2.1643,19.857,0.8179465591442411,0.0,Merge
76598355.305,P100,P518,0.0024355585714285716,0.0024355585714285716,1050.009,1050.009,14.664,19.953,0.5761,0.0,Graze+Frag
77232370.009,E3,P52,0.7154493133599726,0.0024355585714285716,6979.968,1050.009,1.9615,16.569,0.25946777332926063,0.0,Merge
77237250.384,E12,P773,0.12233502714285718,0.0024355585714285716,3874.159,1050.009,3.5897,16.143,0.3421636852772553,0.0,Merge
77433272.578,E0,P840,0.849693256679984,0.0024355585714285716,7391.760,1050.009,3.6628,32.878,0.73043998879438,0.0,Merge
77703287.154,E0,P246,0.8521288152514125,0.0024355585714285716,7398.816,1050.009,1.8753,16.850,0.8225649417063227,0.0,Merge
78385223.646,E0,P623,0.854564373822841,0.0024355585714285716,7405.859,1050.009,2.6143,23.513,0.8614611988932889,0.0,Merge
85182189.653,E8,E12,0.15888431372627373,0.12477058571428576,4226.889,3899.700,1.3122,6.9262,0.40492178628844416,0.03500499500499501,Fragment
88882585.301,E3,E1,0.7178848719314012,0.31039418544788516,6987.880,5284.027,1.0904,8.9174,0.9391458441451881,0.0,Hit+Run
89001189.195,E0,P346,0.8569999323942695,0.0024355585714285716,7412.888,1050.009,3.6528,32.887,0.7785246826363852,0.0,Merge
93528548.624,E1,P186,0.31039418544788516,0.004871128871128871,5284.027,1322.930,5.786,35.708,0.48529865136107597,0.0,Merge
94429011.849,E0,P100,0.859435490965698,0.004871128871128871,7419.903,1322.930,2.9418,26.132,0.7720478507416076,0.0,Merge
96532491.143,E0,P13,0.8643066198368269,0.0024355585714285716,7433.895,1050.009,4.2437,38.322,0.8386445989817818,0.0,Merge
98244611.919,EI5,P11,0.07972804187479185,0.05623719823176823,3358.903,2989.980,11.155,46.122,0.24706828524290486,0.1304405594405595,Fragment
98245097.533,EI5,FRAG0106,0.005524680666000592,0.005671328671328671,1379.630,1391.731,1.0448,1.8761,0.9994668881312108,0.0,Hit+Run
98245301.562,EI5,FRAG0098,0.005524680666000592,0.005671328671328671,1379.630,1391.731,2.7048,4.8571,0.8084545630946289,0.0,Hit+Run
98245441.421,EI5,FRAG0103,0.005524680666000592,0.005671328671328671,1379.630,1391.731,1.5726,2.8239,0.9082170596735474,0.0,Hit+Run
98251638.318,EI5,FRAG0109,0.005524680666000592,0.005671328671328671,1379.630,1391.731,2.5741,4.6224,0.9481419709790827,0.0,Hit+Run
98252355.624,EI5,FRAG0102,0.005524680666000592,0.005671328671328671,1379.630,1391.731,1.621,2.9108,0.541574950240546,0.0,Hit+Run
98252778.194,EI5,FRAG0103,0.005524680666000592,0.005671328671328671,1379.630,1391.731,1.2459,2.2373,0.9153358406170531,0.0,Hit+Run
98253928.747,EI5,FRAG0107,0.005524680666000592,0.005671328671328671,1379.630,1391.731,1.4256,2.5600,0.5798072842588142,0.0,Hit+Run
98266022.18,EI5,FRAG0107,0.005524680666000592,0.005671328671328671,1379.630,1391.731,2.0597,3.6986,0.3680359966107507,0.0,Merge
98267951.651,EI5,FRAG0100,0.011196009337329263,0.005671328671328671,1745.882,1391.731,2.0849,4.3188,0.7130174906829774,0.0,Hit+Run
98270253.877,EI5,FRAG0110,0.011196009337329263,0.005671328671328671,1745.882,1391.731,2.0631,4.2736,0.6149177688104871,0.0,Hit+Run
98271399.391,EI5,FRAG0096,0.011196009337329263,0.005671328671328671,1745.882,1391.731,1.6793,3.4786,0.25000683515206934,0.0,Merge
98272252.739,EI5,FRAG0102,0.016867338008657935,0.005671328671328671,2001.440,1391.731,1.5166,3.4921,0.7758211880055983,0.0,Hit+Run
98277153.505,EI5,FRAG0103,0.016867338008657935,0.005671328671328671,2001.440,1391.731,1.681,3.8706,0.9397387035129013,0.0,Hit+Run
98279167.772,EI5,FRAG0110,0.016867338008657935,0.005671328671328671,2001.440,1391.731,1.3389,3.0829,0.3196951903740852,0.0,Merge
98284188.646,EI5,FRAG0109,0.022538666679986608,0.005671328671328671,2204.465,1391.731,1.2908,3.2299,0.5632848426229294,0.0,Merge
98288746.458,EI5,FRAG0099,0.028209995351315277,0.005671328671328671,2375.717,1391.731,1.5755,4.2211,0.8935467654427959,0.0,Hit+Run
98294085.477,EI5,FRAG0106,0.028209995351315277,0.005671328671328671,2375.717,1391.731,1.3444,3.6019,0.7685006655223255,0.0,Hit+Run
98294301.739,EI5,FRAG0101,0.028209995351315277,0.005671328671328671,2375.717,1391.731,1.9188,5.1409,0.7950485263728138,0.0,Hit+Run
98298097.419,EI5,FRAG0108,0.028209995351315277,0.005671328671328671,2375.717,1391.731,1.8822,5.0428,0.6293923970278438,0.0,Merge
98302275.684,EI5,FRAG0114,0.03388132402264395,0.005671328671328671,2525.305,1391.731,1.5034,4.2681,0.7396619234911525,0.0,Hit+Run
98306635.845,EI5,FRAG0114,0.03388132402264395,0.005671328671328671,2525.305,1391.731,1.3739,3.9005,0.4091252999629437,0.0,Merge
98309767.512,EI5,FRAG0095,0.039552652693972616,0.005671328671328671,2659.004,1391.731,1.7726,5.2915,0.7072979610128406,0.0,Hit+Run
98310379.861,EI5,FRAG0111,0.039552652693972616,0.005671328671328671,2659.004,1391.731,1.116,3.3314,0.6423775263546783,0.0,Merge
98315679.388,EI5,FRAG0104,0.045223981365301286,0.005671328671328671,2780.460,1391.731,1.8922,5.9044,0.23411573899596988,0.0,Merge
98321029.928,EI5,FRAG0100,0.050895310036629955,0.005671328671328671,2892.143,1391.731,1.6158,5.2457,0.2078704305140664,0.0,Merge
98357604.947,EI5,FRAG0116,0.056566638707958625,0.005671328671328671,2995.808,1391.731,1.8426,6.2001,0.8118481237412305,0.0,Hit+Run
98358350.863,EI5,FRAG0116,0.056566638707958625,0.005671328671328671,2995.808,1391.731,1.0696,3.5991,0.9394632745631278,0.0,Hit+Run
98359797.873,EI5,FRAG0099,0.056566638707958625,0.005671328671328671,2995.808,1391.731,1.9618,6.6012,0.8357460920599379,0.0,Hit+Run
98362730.326,EI5,FRAG0099,0.056566638707958625,0.005671328671328671,2995.808,1391.731,1.0017,3.3706,0.43726454032286294,0.0,Merge
98365934.454,EI5,FRAG0095,0.062237967379287294,0.005671328671328671,3092.755,1391.731,1.4063,4.8892,0.6628978347045095,0.0,Merge
98367438.188,EI5,FRAG0103,0.06790929605061596,0.005671328671328671,3183.979,1391.731,1.5074,5.4005,0.8654903460529441,0.0,Hit+Run
98370179.614,EI5,FRAG0117,0.06790929605061596,0.005671328671328671,3183.979,1391.731,1.0416,3.7317,0.4614139318762721,0.0,Merge
98370313.02,EI5,FRAG0106,0.07358062472194464,0.005671328671328671,3270.255,1391.731,1.345,4.9544,0.9503548855633869,0.0,Hit+Run
98370612.162,EI5,FRAG0106,0.07358062472194464,0.005671328671328671,3270.255,1391.731,1.0182,3.7506,0.3897380974453925,0.0,Merge
98376906.907,EI5,FRAG0103,0.07925195339327332,0.005671328671328671,3352.204,1391.731,1.9421,7.3412,0.8237178577794498,0.0,Hit+Run
98387865.001,EI5,FRAG0105,0.07925195339327332,0.005671328671328671,3352.204,1391.731,1.441,5.4470,0.9340933655302864,0.0,Hit+Run
98387991.355,EI5,FRAG0105,0.07925195339327332,0.005671328671328671,3352.204,1391.731,1.0572,3.9963,0.7661275640426178,0.0,Graze+Merge
98395571.65,EI5,FRAG0103,0.084923282064602,0.005671328671328671,3430.331,1391.731,1.9993,7.7423,0.6340552788473345,0.0,Merge
98397740.573,EI5,FRAG0115,0.09059461073593067,0.005671328671328671,3505.053,1391.731,1.2578,4.9825,0.28853361025282537,0.0,Merge
98407629.186,EI5,FRAG0112,0.09626593940725935,0.005671328671328671,3576.718,1391.731,1.5705,6.3555,0.14743268764044898,0.0,Merge
98415360.766,EI5,FRAG0097,0.10193726807858802,0.005671328671328671,3645.621,1391.731,3.31,13.668,0.38682709251527514,0.005783216783216783,Fragment
98415378.146,EI5,FRAG0118,0.10182537996669992,0.005783216783216783,3644.286,1400.824,1.0537,4.3477,0.5336649660898204,0.0,Merge
98441169.326,EI5,FRAG0102,0.1076085967499167,0.005671328671328671,3712.013,1391.731,2.0305,8.5465,0.675672561209338,0.0,Merge
98446181.376,EI5,FRAG0116,0.11327992542124538,0.005671328671328671,3776.111,1391.731,1.7529,7.5135,0.7917799532946993,0.0,Hit+Run
98446200.527,EI5,FRAG0116,0.11327992542124538,0.005671328671328671,3776.111,1391.731,1.0525,4.5113,0.8796093648727936,0.0,Hit+Run
98447404.066,EI5,FRAG0116,0.11327992542124538,0.005671328671328671,3776.111,1391.731,1.2095,5.1843,0.6989818229251656,0.0,Merge
98602618.907,EI5,FRAG0101,0.11895125409257405,0.005671328671328671,3838.105,1391.731,1.9443,8.4795,0.8507209237309978,0.0,Hit+Run
98602623.387,EI5,FRAG0101,0.11895125409257405,0.005671328671328671,3838.105,1391.731,1.0478,4.5697,0.6513240336536064,0.0,Merge
100653835.584,EI5,FRAG0113,0.12462258276390273,0.005671328671328671,3898.157,1391.731,2.4297,10.773,0.7257799628896336,0.0,Merge
100674236.198,EI5,FRAG0098,0.1302939114352314,0.005671328671328671,3956.415,1391.731,2.2561,10.163,0.8406042178244237,0.0,Hit+Run
100674261.979,EI5,FRAG0098,0.1302939114352314,0.005671328671328671,3956.415,1391.731,1.0539,4.7475,0.5597123569532333,0.0,Merge
101368972.213,E0,P141,0.8667421784082554,0.0024355585714285716,7440.871,1050.009,3.2566,29.437,0.883873266796281,0.0,Hit+Run
101388571.129,E0,P141,0.8667421784082554,0.0024355585714285716,7440.871,1050.009,1.0313,9.3222,0.7908939354388693,0.0,Merge
107138493.577,E17,P418,0.040959999999999996,0.0024355585714285716,2690.174,1050.009,2.9206,8.8880,0.5124026491297067,0.0,Merge
108480687.402,E17,FRAG0069,0.043395558571428565,0.006170496170496171,2742.472,1431.420,5.7903,17.827,0.6453583080684596,0.01511888111888112,Fragment
108944455.489,P0,P333,0.0030605727605727607,0.0024355585714285716,1133.082,1050.009,10.998,15.590,0.9758213553748386,0.0,Hit+Run
118026368.21,E5,P172,0.08811335142857145,0.0024355585714285716,3472.757,1050.009,2.8835,11.527,0.8648939171507902,0.0,Hit+Run
124602171.719,E16,P626,0.04499555857142857,0.0024355585714285716,2775.771,1050.009,6.7267,21.160,0.8084007830097557,0.0,Hit+Run
126405181.578,E3,P208,0.7178848719314012,0.0024355585714285716,6987.880,1050.009,4.6571,39.388,0.9289191491746521,0.0,Hit+Run
131605238.436,E0,P208,0.8691777369796839,0.0024355585714285716,7447.835,1050.009,3.503,31.696,0.8079006408067155,0.0,Merge
133705495.859,E3,E8,0.7178848719314012,0.24864990443556448,6987.880,4907.458,1.3768,11.087,0.891274498856337,0.0,Hit+Run
135318094.813,E0,P695,0.8716132955511124,0.0024355585714285716,7454.785,1050.009,3.9008,35.330,0.259893835840186,0.0,Merge
138891468.245,E0,E8,0.874048854122541,0.24864990443556448,7461.722,4907.458,1.2858,10.944,0.9910813039089007,0.0,Hit+Run
138920871.327,E0,E8,0.874048854122541,0.24864990443556448,7461.722,4907.458,1.1154,9.4939,0.744291261040113,0.011577435897435897,Hit+Run
139367707.907,E0,E8,0.874048854122541,0.24864990443556448,7461.722,4907.458,1.0975,9.3416,0.9518096544570355,0.0,Hit+Run
139472514.839,E1,P567,0.31526531431901406,0.0024355585714285716,5311.525,1050.009,2.4735,15.616,0.6985976021192494,0.0,Merge
140004829.438,E1,P112,0.31770087289044263,0.0024355585714285716,5325.168,1050.009,2.7374,17.330,0.38707670781110703,0.0,Merge
140127885.535,E0,E8,0.874048854122541,0.24864990443556448,7461.722,4907.458,1.0934,9.3067,0.566814774577152,0.03484115884115884,Fragment
140202450.347,E0,FRAG0121,1.0878575997169466,0.005806859806859807,8026.345,1402.730,1.0083,9.7018,0.77249440347626,0.0,Merge
140209558.045,E0,FRAG0123,1.0936644595238065,0.005806859806859807,8040.601,1402.730,1.0814,10.424,0.6562187455609297,0.0,Merge
140335864.421,E0,FRAG0126,1.0994713193306664,0.005806859806859807,8054.807,1402.730,1.1028,10.651,0.5608320696109949,0.0,Merge
140491222.98,E0,FRAG0122,1.1052781791375264,0.005806859806859807,8068.962,1402.730,1.4447,13.979,0.8033444007391431,0.0,Merge
149433022.541,E16,P665,0.04499555857142857,0.0024355585714285716,2775.771,1050.009,11.443,35.997,0.417695504199171,0.029065934065934065,Fragment
150469999.333,E0,P333,1.1110850389443863,0.0024355585714285716,8083.069,1050.009,3.7634,37.126,0.31524847433098657,0.0,Merge
161408650.177,E0,E15,1.113520597515815,0.12221167571428573,8088.970,3872.856,2.2395,20.336,0.9202841674234711,0.013853479853479853,Hit+Run+Frag
161418999.707,E0,E15,1.1135204850183122,0.10835830835830836,8088.970,3720.613,1.0401,9.4521,0.3218578366121483,0.01629210123210123,Fragment
161996376.502,E0,FRAG0134,1.2055870850849124,0.008145854145854146,8306.027,1570.264,1.0279,10.180,0.6247838820562088,0.0,Merge
162181678.703,E0,FRAG0132,1.2137329392307665,0.0069267399267399265,8324.693,1487.659,1.0973,10.934,0.8803733991542825,0.0,Hit+Run
162210939.13,E0,FRAG0132,1.2137329392307665,0.0069267399267399265,8324.693,1487.659,1.0703,10.665,0.8740104806868475,0.0,Hit+Run
164434463.739,E0,P392,1.2137329392307665,0.0024355585714285716,8324.693,1050.009,4.5418,46.217,0.9854972940919056,0.0,Hit+Run
164591915.633,E0,FRAG0132,1.2137329392307665,0.0069267399267399265,8324.693,1487.659,1.2879,12.833,0.40705710409003054,0.0,Merge
170284144.397,P210,FRAG0128,0.0024355585714285716,0.005813186813186813,1050.009,1403.239,22.86,37.450,0.8009308439345036,0.0,Graze+Frag
170683820.682,E0,FRAG0135,1.2206596791575064,0.008145854145854146,8340.499,1570.264,1.2476,12.411,0.8206890341429154,0.0,Merge
173020665.641,E0,P210,1.2288055333033605,0.008248751248751249,8359.011,1576.848,1.751,17.455,0.5818411710180496,0.0,Merge
