time_yr,target,projectile,Mt_Mearth,Mp_Mearth,Rt_km,Rp_km,vimp/vesc,vimp_km/s,b,m_frag_Mearth,Regime
564843.624,E3,P126,0.40336,0.0024355585714285716,5766.223,1050.009,1.0532,7.2602,0.9221750313913544,0.0,Hit+Run
583139.652,E3,P126,0.40336,0.0024355585714285716,5766.223,1050.009,1.0492,7.2326,0.458084377119914,0.0,Merge
598232.153,E3,E4,0.40579555857142857,0.0574,5777.805,3010.448,1.3982,9.0689,0.11709120230394045,0.019586413586413588,Fragment
723009.156,E12,P75,0.09854,0.0024355585714285716,3604.663,1050.009,2.407,10.016,0.5672612823908554,0.0,Merge
1471712.449,M4,P488,0.05,0.0024355585714285716,2875.083,1050.009,6.0857,19.872,0.8573039003368711,0.0,Hit+Run
1670607.935,E3,P740,0.44360914498501497,0.0024355585714285716,5951.969,1050.009,1.8146,12.939,0.7718372190103018,0.0,Merge
1686284.118,E3,M3,0.44604470355644354,0.05,5962.842,2875.083,1.7895,11.977,0.9131901341136613,0.0,Hit+Run
1744329.859,E3,M3,0.44604470355644354,0.05,5962.842,2875.083,1.057,7.0748,0.41749690062026873,0.00815074925074925,Fragment
2522375.6,E3,P744,0.4878941874059274,0.0024355585714285716,6143.781,1050.009,1.6572,12.223,0.8072380648928115,0.0,Merge
3118476.079,E3,P228,0.49032974597735596,0.0024355585714285716,6153.987,1050.009,2.4244,17.914,0.2766903489605027,0.0,Merge
3154995.699,M2,P122,0.05,0.0024355585714285716,2875.083,1050.009,6.923,22.606,0.6907361397963683,0.0,Merge
3399858.219,E3,P559,0.49276530454878453,0.0024355585714285716,6164.159,1050.009,2.0047,14.838,0.9457071839016998,0.0,Hit+Run
3920527.897,E11,P852,0.020565714285714288,0.0024355585714285716,2138.167,1050.009,12.896,30.946,0.8414710290973189,0.0,Graze+Frag
3929471.813,E12,P240,0.10097555857142858,0.0024355585714285716,3634.120,1050.009,7.0032,29.398,0.9780197880750571,0.0,Hit+Run
4050433.193,E12,P240,0.10097555857142858,0.0024355585714285716,3634.120,1050.009,1.0315,4.3300,0.7287434451363646,0.0,Merge
4312515.388,E12,P414,0.10341111714285715,0.0024355585714285716,3663.106,1050.009,3.9249,16.617,0.9967010222409887,0.0,Hit+Run
4624359.095,E6,P756,0.08018000000000002,0.0024355585714285716,3365.238,1050.009,5.2099,20.134,0.652964367804119,0.0,Merge
5272674.602,E8,P410,0.11363999999999999,0.0024355585714285716,3780.108,1050.009,2.9317,12.840,0.6300026431363376,0.0,Merge
5750776.026,E8,P833,0.11607555857142857,0.0024355585714285716,3806.923,1050.009,3.5447,15.643,0.8430683594075657,0.0,Hit+Run
6050587.741,E3,P749,0.49276530454878453,0.0024355585714285716,6164.159,1050.009,2.2767,16.852,0.43910274828973933,0.0,Merge
6361804.264,E14,P7,0.044980000000000006,0.0024355585714285716,2775.451,1050.009,6.4362,20.244,0.3337395389907348,0.009197469197469197,Fragment
6478793.436,E9,P454,0.07894000000000001,0.0024355585714285716,3347.800,1050.009,3.8399,14.757,0.6371600345872895,0.0,Merge
6483629.954,E3,P795,0.4952008631202131,0.0024355585714285716,6174.298,1050.009,3.264,24.202,0.3948510764838821,0.0,Merge
6515651.463,M0,M1,0.05,0.05,2875.083,2875.083,5.0349,18.758,0.8605,0.008023643023643024,Hit+Run+Frag
6682992.846,M0,M1,0.050001665001665,0.041974691974691974,2875.115,2712.208,1.3793,4.9997,0.46492151229235984,0.010955710955710955,Fragment
6683097.202,M0,FRAG0007,0.08102064602064601,0.010955710955710955,3376.958,1733.301,1.0387,3.9369,0.8523248167168501,0.0,Graze+Merge
7028284.472,E3,P527,0.4976364216916417,0.0024355585714285716,6184.404,1050.009,1.2565,9.3332,0.933335102820781,0.0,Hit+Run
7264674.362,E3,P527,0.4976364216916417,0.0024355585714285716,6184.404,1050.009,1.2955,9.6229,0.7495404086400996,0.0,Merge
8177698.306,E3,P510,0.5000719802630702,0.0024355585714285716,6194.477,1050.009,3.7206,27.684,0.3673341414278933,0.0,Merge
8574578.894,E15,P775,0.11428,0.0024355585714285716,3787.191,1050.009,3.8285,16.801,0.923309698009624,0.0,Hit+Run
8589222.711,E17,P72,0.040959999999999996,0.0024355585714285716,2690.174,1050.009,10.388,31.612,0.8424003125501297,0.0,Hit+Run
8689625.107,E3,P193,0.5025075388344987,0.0024355585714285716,6204.517,1050.009,3.1567,23.529,0.3829860758084923,0.0,Merge
9164473.306,E17,P721,0.040959999999999996,0.0024355585714285716,2690.174,1050.009,5.0728,15.437,0.8093861609568485,0.0,Hit+Run
9386461.932,E3,P24,0.5049430974059272,0.0024355585714285716,6214.525,1050.009,2.2836,17.050,0.850242532593666,0.0,Merge
9893215.578,E19,P353,0.041620000000000004,0.0024355585714285716,2704.547,1050.009,9.2418,28.283,0.8894003546019716,0.0,Hit+Run
10030826.373,E3,P335,0.5073786559773558,0.0024355585714285716,6224.501,1050.009,3.0326,22.681,0.9559422958821444,0.0,Hit+Run
10615879.221,E11,P455,0.023001332001332003,0.0024355585714285716,2219.447,1050.009,17.357,43.255,0.9170486817308992,0.0,Hit+Run
10677960.971,E12,E17,0.10341111714285715,0.040959999999999996,3663.106,2690.174,1.7019,7.2482,0.8788068603965201,0.0,Hit+Run
10706155.247,E3,FRAG0002,0.5073786559773558,0.006528804528804529,6224.501,1458.607,2.1805,15.932,0.7768566863502859,0.0,Merge
10744900.115,E3,P447,0.5139074605061603,0.0024355585714285716,6251.086,1050.009,5.0862,38.214,0.7972791249453278,0.0,Merge
10745467.657,M0,P313,0.09197635697635698,0.0024355585714285716,3522.783,1050.009,4.2915,17.421,0.8073570682867619,0.0,Hit+Run
10822940.366,M0,P313,0.09197635697635698,0.0024355585714285716,3522.783,1050.009,1.5241,6.1871,0.48888243848738466,0.0,Merge
10904938.803,M0,M2,0.09441191554778555,0.05243555857142857,3553.607,2921.028,4.1642,17.717,0.47299938696471894,0.13333866133866137,Fragment
10915164.353,M0,FRAG0026,0.013508812780552742,0.0055557775557775555,1858.658,1382.214,1.3143,2.8479,0.6267267851826425,0.0,Hit+Run
10970081.891,M0,FRAG0028,0.013508812780552742,0.0055557775557775555,1858.658,1382.214,1.6001,3.4672,0.9981862825863738,0.0,Hit+Run
10974179.739,M0,FRAG0014,0.013508812780552742,0.0055557775557775555,1858.658,1382.214,1.4529,3.1482,0.980981118278651,0.0,Hit+Run
11068123.411,M0,FRAG0023,0.013508812780552742,0.0055557775557775555,1858.658,1382.214,1.6457,3.5660,0.9620554375401562,0.0,Hit+Run
11105784.389,M0,FRAG0022,0.013508812780552742,0.0055557775557775555,1858.658,1382.214,1.9843,4.2997,0.8686313953492224,0.0,Hit+Run
11113176.948,E12,P677,0.10341111714285715,0.0024355585714285716,3663.106,1050.009,2.8617,12.116,0.5369003947006199,0.0,Merge
11178541.945,E11,FRAG0024,0.023001332001332003,0.0055557775557775555,2219.447,1382.214,7.1528,17.994,0.9924362787138222,0.0,Hit+Run
11347695.876,M0,FRAG0010,0.013508812780552742,0.0055557775557775555,1858.658,1382.214,1.1932,2.5855,0.2947244645912884,0.0,Merge
11441848.937,M0,FRAG0030,0.019064590336330296,0.0055557775557775555,2084.825,1382.214,2.919,6.9495,0.9357252275672017,0.0,Hit+Run
11453677.766,M0,FRAG0030,0.019064590336330296,0.0055557775557775555,2084.825,1382.214,1.2233,2.9124,0.9888825504365164,0.0,Hit+Run
11568251.73,M0,FRAG0016,0.019064590336330296,0.0055557775557775555,2084.825,1382.214,2.0062,4.7763,0.6535825138762236,0.0,Hit+Run
11617227.076,M0,FRAG0030,0.019064590336330296,0.0055557775557775555,2084.825,1382.214,1.1422,2.7193,0.9849739237549491,0.0,Hit+Run
11618753.746,E3,P735,0.5163430190775888,0.0024355585714285716,6260.945,1050.009,3.2903,24.762,0.46475665497872665,0.0,Merge
11639616.897,E14,P190,0.038218089373959374,0.0024355585714285716,2628.755,1050.009,3.8556,11.451,0.9745380188192434,0.0,Hit+Run
11649560.813,M0,FRAG0030,0.019064590336330296,0.0055557775557775555,2084.825,1382.214,1.8034,4.2935,0.855147385208738,0.0,Hit+Run
11750101.377,E12,P430,0.10584667571428573,0.0024355585714285716,3691.642,1050.009,3.1205,13.322,0.40695127858410074,0.0,Merge
11783809.024,M0,FRAG0025,0.019064590336330296,0.0055557775557775555,2084.825,1382.214,1.7671,4.2071,0.9674151700469853,0.0,Hit+Run
11818851.806,M0,FRAG0008,0.019064590336330296,0.0055557775557775555,2084.825,1382.214,2.4821,5.9094,0.995076220408846,0.0,Hit+Run
12043214.105,M0,FRAG0017,0.019064590336330296,0.0055557775557775555,2084.825,1382.214,2.7442,6.5334,0.3841879364389725,0.00837904761904762,Fragment
12052238.815,M0,FRAG0032,0.01624141351315347,0.00837895437895438,1976.370,1585.101,0.9986,2.3457,0.8919958079144135,0.0,Perfect
12146027.129,M0,FRAG0028,0.02462036789210785,0.0055557775557775555,2270.345,1382.214,1.2884,3.3085,0.49670181339382413,0.0,Merge
12205218.076,E11,FRAG0023,0.023001332001332003,0.0055557775557775555,2219.447,1382.214,5.3519,13.463,0.29092155677168297,0.02302897102897103,Fragment
12273703.846,M0,FRAG0019,0.030176145447885404,0.0055557775557775555,2429.676,1382.214,1.5652,4.2813,0.6320398834503292,0.0,Merge
12301485.231,M0,FRAG0030,0.03573192300366296,0.0055557775557775555,2570.470,1382.214,1.2097,3.4930,0.9839189990355547,0.0,Hit+Run
12301485.921,M0,FRAG0030,0.03573192300366296,0.0055557775557775555,2570.470,1382.214,1.0478,3.0255,0.42621316058684905,0.0,Merge
12418306.905,M0,FRAG0011,0.04128770055944051,0.0055557775557775555,2697.330,1382.214,1.3461,4.0752,0.9901893061076278,0.0,Hit+Run
12448083.288,M0,E11,0.04128770055944051,0.005528138528138528,2697.330,1379.918,3.2778,9.9232,0.3400399958863564,0.010025308025308025,Fragment
12480766.737,M0,FRAG0026,0.036790531062271016,0.0055557775557775555,2595.608,1382.214,2.2342,6.5127,0.7860906686928956,0.0,Hit+Run
12506562.574,M4,P200,0.05,0.0024355585714285716,2875.083,1050.009,7.0053,22.875,0.08482210497181276,0.010033519813519813,Fragment
12832325.148,M0,FRAG0012,0.036790531062271016,0.0055557775557775555,2595.608,1382.214,2.8374,8.2710,0.5520317968906695,0.0,Merge
12839533.487,M0,FRAG0037,0.04234630861804857,0.010025308025308025,2720.188,1682.776,1.8997,5.8535,0.2439725242528741,0.008015984015984016,Fragment
13070024.526,M0,FRAG0018,0.044355632627372577,0.0055557775557775555,2762.549,1382.214,2.2582,7.0011,0.8288787029269592,0.0,Hit+Run
13103620.207,M0,FRAG0011,0.044355632627372577,0.0055557775557775555,2762.549,1382.214,1.558,4.8303,0.9151258114495939,0.0,Hit+Run
13154978.335,E3,P43,0.5187785776490174,0.0024355585714285716,6270.774,1050.009,2.2017,16.597,0.46640312857599564,0.0,Merge
13185622.133,M0,FRAG0022,0.044355632627372577,0.0055557775557775555,2762.549,1382.214,1.5652,4.8526,0.7182371263059595,0.0,Hit+Run
13209450.282,M0,FRAG0008,0.044355632627372577,0.0055557775557775555,2762.549,1382.214,1.5212,4.7162,0.7679591842332281,0.0,Hit+Run
13285316.228,M0,FRAG0039,0.044355632627372577,0.008015984015984016,2762.549,1561.874,1.0572,3.2869,0.9250822949765499,0.0,Hit+Run
13474543.724,M0,FRAG0006,0.044355632627372577,0.008023643023643024,2762.549,1562.371,2.3471,7.2975,0.4050961493760324,0.007841744921744923,Fragment
13478441.424,M0,FRAG0040,0.04453778380952376,0.007841491841491842,2766.326,1550.458,1.04,3.2366,0.5815534763294191,0.0,Merge
13646363.924,M0,FRAG0022,0.0523792756510156,0.0055557775557775555,2919.983,1382.214,2.92,9.5733,0.5710062590918245,0.0,Merge
13946461.743,M0,FRAG0015,0.05793505320679315,0.0055557775557775555,3019.773,1382.214,1.7724,6.0138,0.4521440338300627,0.0,Merge
13961111.008,E15,P238,0.11428,0.0024355585714285716,3787.191,1050.009,4.1735,18.315,0.8774299826671633,0.0,Hit+Run
13979661.124,M0,FRAG0016,0.06349083076257071,0.0055557775557775555,3113.370,1382.214,1.4252,4.9901,0.8141495324387114,0.0,Hit+Run
14070590.826,M0,FRAG0033,0.06349083076257071,0.005757242757242757,3113.370,1398.724,6.3084,22.079,0.6968366830762648,0.010907758907758908,Graze+Frag
14074730.581,M0,FRAG0041,0.05834031461205456,0.010907758907758908,3026.798,1730.768,1.106,3.7698,0.9594640236120707,0.0,Hit+Run
14107552.953,M0,FRAG0016,0.05834031461205456,0.0055557775557775555,3026.798,1382.214,1.4023,4.7694,0.5388357855554015,0.0,Merge
14119696.489,E12,E9,0.1082822342857143,0.08137555857142859,3719.742,3381.882,1.0112,4.6687,0.21627187524891606,0.018195804195804195,Fragment
14241289.057,E13,P494,0.02222,0.0024355585714285716,2194.026,1050.009,6.9462,17.108,0.7768281731334478,0.0,Graze+Frag
14245429.993,M4,P367,0.04240225853812854,0.0024355585714285716,2721.386,1050.009,11.846,36.494,0.2620799974319983,0.032602444222444224,Fragment
14339947.49,E15,P48,0.11428,0.0024355585714285716,3787.191,1050.009,1.7379,7.6269,0.656252174062297,0.0,Merge
14440912.093,M0,FRAG0039,0.06389609216783211,0.008015984015984016,3119.981,1561.874,1.0668,3.7353,0.7367700697286622,0.0,Graze+Merge
14582663.922,P46,P294,0.0024355585714285716,0.0024355585714285716,1050.009,1050.009,15.004,20.416,0.315,0.0,Merge
14620908.671,M0,FRAG0008,0.07191207618381612,0.0055557775557775555,3245.346,1382.214,1.2234,4.4720,0.666453202025346,0.0,Merge
14637467.77,E3,P578,0.5212141362204459,0.0024355585714285716,6280.572,1050.009,2.5041,18.908,0.6095869514731238,0.0,Merge
14686018.458,M0,FRAG0021,0.07746785373959368,0.0055557775557775555,3326.858,1382.214,2.0194,7.5755,0.8790711144574919,0.0,Hit+Run
14932375.414,M0,FRAG0029,0.07746785373959368,0.0055557775557775555,3326.858,1382.214,3.0256,11.350,0.9800268825648419,0.0,Hit+Run
15124086.139,M0,FRAG0021,0.07746785373959368,0.0055557775557775555,3326.858,1382.214,1.4653,5.4968,0.7331126701539334,0.0,Hit+Run
15140480.954,M0,FRAG0021,0.07746785373959368,0.0055557775557775555,3326.858,1382.214,1.1283,4.2326,0.615766602395845,0.0,Merge
15154869.093,M0,FRAG0041,0.08302363129537124,0.010907758907758908,3404.560,1730.768,1.1215,4.2852,0.6890229824193881,0.0,Hit+Run
15226246.348,M0,FRAG0014,0.08302363129537124,0.0055557775557775555,3404.560,1382.214,3.2444,12.469,0.9670060736006566,0.0,Hit+Run
15259776.803,E12,E10,0.17146198866133872,0.14002,4335.605,4052.507,1.2303,6.6981,0.8713477897849617,0.0,Hit+Run
15454672.577,M0,FRAG0027,0.08302363129537124,0.0055557775557775555,3404.560,1382.214,1.8265,7.0197,0.741826518656579,0.0,Hit+Run
15455345.085,M0,FRAG0041,0.08302363129537124,0.010907758907758908,3404.560,1730.768,1.9581,7.4819,0.2455634683807769,0.0070004129204129205,Fragment
15474655.76,M0,FRAG0050,0.08693139020313015,0.007,3457.159,1492.885,1.2611,4.9080,0.6051719917633799,0.0,Merge
15585776.863,M0,FRAG0009,0.09393139020313016,0.0055557775557775555,3547.568,1382.214,1.5394,6.1784,0.9938666088950164,0.0,Hit+Run
15638494.631,M0,FRAG0009,0.09393139020313016,0.0055557775557775555,3547.568,1382.214,1.0283,4.1271,0.7551687925381437,0.0,Graze+Merge
15717542.213,E13,P353,0.024655677655677655,0.0024355585714285716,2271.430,1050.009,8.8035,22.462,0.7820727531679371,0.0,Graze+Frag
15810338.541,M0,FRAG0014,0.09948716775890772,0.0055557775557775555,3616.175,1382.214,1.306,5.3489,0.8732983012223917,0.0,Hit+Run
15974305.204,E19,FRAG0029,0.041620000000000004,0.0055557775557775555,2704.547,1382.214,13.759,41.767,0.7916903258746812,0.022053180153180155,Graze+Frag
16131197.047,M0,FRAG0018,0.09948716775890772,0.0055557775557775555,3616.175,1382.214,3.3303,13.639,0.6005508407296059,0.0,Merge
16220789.149,M0,FRAG0014,0.10504294531468528,0.0055557775557775555,3682.274,1382.214,1.4896,6.2191,0.237826948030447,0.0,Merge
16223315.128,P168,P610,0.0024355585714285716,0.0024355585714285716,1050.009,1050.009,25.398,34.559,0.80655,0.0,Graze+Frag
16264913.258,E3,FRAG0004,0.5236496947918744,0.008150516150516152,6290.340,1570.563,1.8197,13.371,0.6848160488123375,0.0,Merge
16401031.666,M0,FRAG0011,0.11059872287046284,0.0055557775557775555,3746.081,1382.214,3.4373,14.615,0.7376315730007934,0.0,Hit+Run
16409427.304,M0,FRAG0011,0.11059872287046284,0.0055557775557775555,3746.081,1382.214,1.1091,4.7158,0.08648799588363432,0.0,Merge
16447232.264,E3,P638,0.5318002109423905,0.0024355585714285716,6322.808,1050.009,1.6252,12.359,0.6665997713334134,0.0,Merge
16934767.544,E10,P47,0.14002,0.0024355585714285716,4052.507,1050.009,4.6822,22.103,0.24422182168302864,0.0,Merge
17240429.022,M0,FRAG0025,0.1161545004262404,0.0055557775557775555,3807.786,1382.214,2.0758,8.9809,0.6149683758331703,0.0,Merge
17290197.211,E12,P72,0.17146198866133872,0.0024355585714285716,4335.605,1050.009,4.6905,23.812,0.9195102826285642,0.0,Hit+Run
17306649.082,E6,E17,0.08261555857142859,0.040959999999999996,3398.973,2690.174,2.3629,9.5102,0.8548860636811535,0.0,Hit+Run
17431973.317,E3,P556,0.534235769513819,0.0024355585714285716,6332.446,1050.009,3.3513,25.528,0.9233031699653044,0.0,Hit+Run
18008267.334,M0,FRAG0036,0.12171027798201796,0.005757242757242757,3867.552,1398.724,3.9918,17.545,0.7869094267098931,0.0,Hit+Run
18047055.841,P185,P833,0.0024355585714285716,0.0024355585714285716,1050.009,1050.009,5.2859,7.1924,0.41975,0.0,Merge
18281779.587,M0,FRAG0024,0.12171027798201796,0.0055557775557775555,3867.552,1382.214,6.6396,29.206,0.6248032212104726,0.01414985014985015,Fragment
18331289.443,M0,FRAG0055,0.11311620538794537,0.007074925074925075,3774.291,1498.193,1.2626,5.3858,0.1708010603681971,0.0,Merge
18429313.994,P117,FRAG0052,0.0024355585714285716,0.0073509823509823515,1050.009,1517.431,4.0613,7.0841,0.3734317640821532,0.0,Fragment
18488659.642,M0,FRAG0054,0.12019113046287044,0.007074925074925075,3851.394,1498.193,1.0023,4.3676,0.5529156929330398,0.0,Merge
18585017.051,M0,P414,0.12726605553779552,0.0024355585714285716,3925.527,1050.009,4.3576,19.877,0.9578041707894092,0.0,Hit+Run
18589630.119,M0,P414,0.12726605553779552,0.0024355585714285716,3925.527,1050.009,1.0422,4.7540,0.9491255498020257,0.0,Hit+Run
18593294.738,M0,P414,0.12726605553779552,0.0024355585714285716,3925.527,1050.009,1.0348,4.7202,0.3587426329966592,0.0,Merge
18705455.942,P67,FRAG0020,0.0024355585714285716,0.0055557775557775555,1050.009,1382.214,16.129,26.121,0.18813818772524812,0.0,Fragment
18745354.473,M0,FRAG0027,0.1297016141092241,0.0055557775557775555,3950.411,1382.214,2.4801,11.159,0.7679136775747648,0.0,Hit+Run
18747398.587,M0,FRAG0027,0.1297016141092241,0.0055557775557775555,3950.411,1382.214,1.0662,4.7974,0.8426604362736785,0.0,Hit+Run
18955618.733,E3,M4,0.534235769513819,0.012235419507159506,6332.446,1798.319,1.5224,11.150,0.5040557586152707,0.0,Merge
18965001.157,E18,FRAG0043,0.0728,0.006065268065268066,3258.649,1423.236,4.8976,17.958,0.3765425374496743,0.0182017982017982,Fragment
19101538.957,P3,P851,0.0024355585714285716,0.0024355585714285716,1050.009,1050.009,19.626,26.704,0.65155,0.0,Graze+Frag
19606457.151,E6,P81,0.08261555857142859,0.0024355585714285716,3398.973,1050.009,6.0817,23.757,0.6987441727879132,0.0,Merge
19815835.448,P46,P801,0.004871117142857143,0.0024355585714285716,1322.929,1050.009,4.755,7.4546,0.34944517823347965,0.0,Fragment
19836971.427,P142,FRAG0036,0.0024355585714285716,0.005757242757242757,1050.009,1398.724,18.566,30.341,0.8820784094418309,0.00604963036963037,Graze+Frag
20263304.211,E14,FRAG0001,0.038218089373959374,0.006528804528804529,2628.755,1458.607,5.028,14.863,0.42672483406009754,0.027723942723942727,Fragment
20384423.233,P124,P764,0.0024355585714285716,0.0024355585714285716,1050.009,1050.009,13.312,18.113,0.65475,0.0,Graze+Frag
20541269.904,E3,P779,0.5464711890209786,0.0024355585714285716,6380.425,1050.009,2.4565,18.863,0.7524682650007957,0.0,Merge
20560117.074,P168,FRAG0038,0.004871128871128871,0.010033300033300033,1322.930,1683.223,17.751,35.314,0.7325913737282422,0.009376623376623377,Graze+Frag
20917806.628,P168,FRAG0046,0.005527805527805527,0.006520479520479521,1379.890,1457.987,7.7716,14.306,0.7370918080861812,0.011047872127872128,Graze+Frag
21171988.42,E12,E10,0.17146198866133872,0.14245555857142858,4335.605,4075.869,1.0307,5.6255,0.9854685571188702,0.0,Graze+Merge
21198646.799,P100,P556,0.0024355585714285716,0.0024355585714285716,1050.009,1050.009,12.710,17.295,0.19465,0.0,Merge
21386303.585,M0,FRAG0034,0.1297016141092241,0.005757242757242757,3950.411,1398.724,2.2249,10.002,0.7944933557303177,0.0,Hit+Run
21409084.615,E17,P282,0.040959999999999996,0.0024355585714285716,2690.174,1050.009,4.097,12.468,0.751917082257433,0.0,Hit+Run
21561573.066,E6,P559,0.08505111714285717,0.0024355585714285716,3432.052,1050.009,5.2443,20.700,0.37245137268732587,0.0,Merge
22110813.504,E3,P711,0.5489067475924071,0.0024355585714285716,6389.889,1050.009,2.0815,16.008,0.7229948641754613,0.0,Merge
22152435.879,E3,P3,0.5513423061638356,0.004871128871128871,6399.326,1322.930,2.0434,15.493,0.6516786926834465,0.0,Merge
22598884.504,E3,E6,0.5562134350349645,0.08748667571428574,6418.117,3464.504,1.2408,8.9467,0.732172655026481,0.007292374292374292,Hit+Run+Frag
22688381.771,E3,E17,0.5562145962637357,0.040959999999999996,6418.122,2690.174,1.3345,9.6540,0.1510760349802817,0.008364675324675325,Fragment
22786194.527,E3,E6,0.5888102938994333,0.0801931401931402,6541.123,3365.422,1.0356,7.6033,0.4275332054089824,0.013415251415251416,Fragment
22833485.565,E3,FRAG0068,0.655588182677322,0.006707625707625708,6779.602,1471.804,1.0373,8.3027,0.6121142551754383,0.0,Merge
23145990.102,E3,FRAG0067,0.6622958083849477,0.008364302364302365,6802.645,1584.177,1.0133,8.0955,0.444570030055052,0.0,Merge
23150910.628,P185,FRAG0045,0.004871117142857143,0.006520479520479521,1322.929,1457.987,18.869,34.120,0.9339753183151616,0.0,Hit+Run
23381146.529,M0,FRAG0027,0.1297016141092241,0.0055557775557775555,3950.411,1382.214,3.3317,14.991,0.35239874244869346,0.0,Merge
23848313.726,P182,FRAG0069,0.0024355585714285716,0.006707625707625708,1050.009,1471.804,15.771,26.830,0.8202921129701602,0.0,Graze+Frag
23994044.144,M0,P142,0.13525739166500164,0.008192807192807192,4006.029,1573.275,4.442,20.123,0.6673957720578605,0.00834931734931735,Fragment
24129738.505,M0,FRAG0070,0.13510088150849148,0.00834931734931735,4004.484,1583.230,1.0388,4.7024,0.6890672993566539,0.0,Merge
24989050.027,M0,P168,0.14345019885780882,0.005527805527805528,4085.334,1379.890,3.5189,16.414,0.5452369559389555,0.0,Merge
25297830.587,M0,FRAG0034,0.14897800438561434,0.005757242757242757,4137.149,1398.724,4.4976,21.244,0.8621998715993473,0.0,Hit+Run
25533850.285,M0,FRAG0035,0.14897800438561434,0.005757242757242757,4137.149,1398.724,5.3859,25.440,0.9019580697176496,0.0,Hit+Run
25560332.603,M0,FRAG0035,0.14897800438561434,0.005757242757242757,4137.149,1398.724,1.0037,4.7409,0.5361378069562034,0.0,Merge
25867199.239,E12,P497,0.3139175472327673,0.0024355585714285716,5303.945,1050.009,2.6671,16.813,0.9378383104913042,0.0,Hit+Run
25894567.822,E3,FRAG0045,0.6706601107492501,0.006520479520479521,6831.163,1457.987,1.9855,16.033,0.9437696043796553,0.0,Hit+Run
26345427.237,E3,P310,0.6706601107492501,0.0024355585714285716,6831.163,1050.009,1.8658,15.405,0.9434789875054466,0.0,Hit+Run
26638268.263,E19,P72,0.025122830502830505,0.0024355585714285716,2285.686,1050.009,4.4458,11.416,0.4098302098932775,0.006570902430902432,Fragment
27027178.184,M0,FRAG0013,0.1547352471428571,0.0055557775557775555,4189.770,1382.214,2.1065,10.094,0.926910271423599,0.0,Hit+Run
27039960.102,M0,FRAG0013,0.1547352471428571,0.0055557775557775555,4189.770,1382.214,1.1641,5.5782,0.5712450176040467,0.0,Merge
27068392.85,P151,P497,0.0024355585714285716,0.0024355585714285716,1050.009,1050.009,16.044,21.831,0.41835,0.0,Merge
27254286.168,E3,FRAG0065,0.6706601107492501,0.006520479520479521,6831.163,1457.987,2.8894,23.332,0.9182222259865631,0.0,Hit+Run
27363729.989,M0,P67,0.16029102469863465,0.007991341991341992,4239.327,1560.272,4.6618,22.435,0.4964010057471203,0.014597402597402599,Fragment
27380733.981,M0,FRAG0072,0.15368496409257404,0.007298701298701299,4180.269,1513.825,1.1558,5.4905,0.7946344540099748,0.0,Hit+Run
27433860.438,M0,FRAG0073,0.15368496409257404,0.007298701298701299,4180.269,1513.825,1.0618,5.0440,0.1883806364550624,0.0,Merge
27447690.991,M0,FRAG0072,0.16098366539127534,0.007298701298701299,4245.424,1513.825,1.145,5.5296,0.5958374501209217,0.0,Merge
27516946.863,P247,FRAG0045,0.0024355585714285716,0.006520479520479521,1050.009,1457.987,12.446,21.012,0.9978873545018482,0.0,Hit+Run
27556028.295,E3,P247,0.6706601107492501,0.0024355585714285716,6831.163,1050.009,1.0892,8.9930,0.8643428997156005,0.0,Merge
27625985.768,E3,FRAG0065,0.6730956693206787,0.006520479520479521,6839.422,1457.987,1.1441,9.2508,0.33399990277310004,0.0,Merge
27815805.532,E3,FRAG0053,0.6796161488411582,0.0073509823509823515,6861.437,1517.431,4.7517,38.439,0.35450087609862135,0.0,Merge
28012620.396,M0,FRAG0026,0.16828236668997665,0.0055557775557775555,4308.638,1382.214,2.2666,11.192,0.5980462862203079,0.0,Merge
28029266.977,M0,FRAG0031,0.1738381442457542,0.0055557775557775555,4355.542,1382.214,2.1887,10.933,0.5939213393906982,0.0,Merge
28477818.791,P124,P418,0.004871128871128871,0.0024355585714285716,1322.930,1050.009,14.750,23.125,0.39399010076355434,0.0,Fragment
28782352.165,E3,FRAG0048,0.6869671311921405,0.006520479520479521,6886.087,1457.987,2.2772,18.547,0.9567317489297644,0.0,Hit+Run
28939260.463,E3,FRAG0045,0.6869671311921405,0.006520479520479521,6886.087,1457.987,1.0798,8.7949,0.850272337550536,0.0,Hit+Run
29036018.707,E3,FRAG0045,0.6869671311921405,0.006520479520479521,6886.087,1457.987,1.0502,8.5538,0.7897802844179975,0.0,Merge
29208473.211,P238,P460,0.0024355585714285716,0.0024355585714285716,1050.009,1050.009,20.690,28.153,0.884,0.0,Graze+Frag
29355900.602,E19,FRAG0003,0.020987626503496504,0.006528804528804529,2152.690,1458.607,5.6087,13.831,0.7612778597298114,0.006506227106227107,Hit+Run
29392985.029,P310,FRAG0062,0.0024355585714285716,0.005544788544788545,1050.009,1381.302,5.8208,9.4217,0.5704564978548736,0.0074840959040959045,Graze+Frag
31396304.88,P134,P305,0.0024355585714285716,0.0024355585714285716,1050.009,1050.009,18.789,25.566,0.8691,0.0,Graze+Frag
31964908.697,E8,P283,0.11607555857142857,0.0024355585714285716,3806.923,1050.009,6.7415,29.751,0.8649367186744596,0.0,Hit+Run
32611810.484,M0,FRAG0034,0.17939392180153174,0.005757242757242757,4401.456,1398.724,3.5286,17.811,0.15730923130625002,0.0,Merge
32883896.034,E3,P6,0.69348761071262,0.0024355585714285716,6907.805,1050.009,1.3468,11.252,0.8746501994923942,0.0,Hit+Run
32906061.611,E3,P6,0.69348761071262,0.0024355585714285716,6907.805,1050.009,1.0398,8.6874,0.8363690623371592,0.0,Merge
32933322.156,E3,FRAG0047,0.6959231692840485,0.006520479520479521,6915.882,1457.987,2.2446,18.367,0.5424435577384995,0.0,Merge
33554164.096,E13,P182,0.027091242091242092,0.009143190143190143,2343.887,1631.898,6.2696,16.910,0.6027464283681959,0.030705960705960707,Graze+Frag
33892745.509,E12,P821,0.3139175472327673,0.0024355585714285716,5303.945,1050.009,2.4521,15.458,0.3181221006926889,0.0,Merge
33925255.66,E16,P227,0.04256,0.0024355585714285716,2724.756,1050.009,6.687,20.626,0.6053304026181074,0.0074765234765234775,Fragment
34264737.618,E3,FRAG0074,0.702443648804528,0.0061411921411921415,6937.415,1429.150,2.7829,22.881,0.8341581971582588,0.0,Hit+Run
35055880.772,P241,P489,0.0024355585714285716,0.0024355585714285716,1050.009,1050.009,22.242,30.265,0.9370499999999999,0.0,Hit+Run
35236661.327,E12,P241,0.3163531058041959,0.0024355585714285716,5317.627,1050.009,2.9884,18.891,0.9786561722467058,0.0,Hit+Run
35387094.928,E18,FRAG0078,0.06066346986346987,0.0061411921411921415,3066.452,1429.150,7.2656,25.022,0.7857795829516193,0.006968351648351648,Graze+Frag
35624489.459,M0,P470,0.1851511645587745,0.0024355585714285716,4448.046,1050.009,11.448,59.747,0.8253638690583088,0.0,Graze+Frag
36976830.803,M0,P335,0.1875857475857476,0.0024355585714285716,4467.457,1050.009,7.2924,38.234,0.8930109830317573,0.0,Hit+Run
37165788.939,M0,P335,0.1875857475857476,0.0024355585714285716,4467.457,1050.009,1.3377,7.0137,0.616824523414265,0.0,Merge
37339697.657,E12,FRAG0071,0.3163531058041959,0.006570762570762572,5317.627,1461.725,1.6721,10.310,0.3729754008300597,0.0,Merge
37552127.83,E18,FRAG0080,0.05983663003663004,0.006968031968031968,3052.457,1490.609,6.8497,23.467,0.6209640000981376,0.026151182151182152,Fragment
38642600.958,E3,P241,0.702443648804528,0.0024355585714285716,6937.415,1050.009,1.6992,14.261,0.6058081367272989,0.0,Merge
39129069.427,E3,P310,0.7048792073759566,0.00798035298035298,6945.423,1559.556,1.4618,11.956,0.8176101243378452,0.0,Hit+Run
40180832.227,E8,P345,0.11607555857142857,0.0024355585714285716,3806.923,1050.009,5.0599,22.330,0.30999770932102294,0.0,Merge
40590382.474,E3,P350,0.7048792073759566,0.0024355585714285716,6945.423,1050.009,2.7615,23.205,0.49835816340050687,0.0,Merge
41640799.358,P124,FRAG0074,0.0073066933066933066,0.0061411921411921415,1514.377,1429.150,16.488,31.486,0.8577359663336033,0.00792007992007992,Graze+Frag
42177486.964,E19,FRAG0066,0.020987626503496504,0.007292374292374292,2152.690,1513.387,7.7416,19.209,0.9902400556232921,0.0,Hit+Run
42351428.597,E3,P442,0.7073147659473851,0.0024355585714285716,6953.414,1050.009,2.4289,20.435,0.3969569670503354,0.0,Merge
42753305.867,E3,P489,0.7097503245188136,0.0024355585714285716,6961.386,1050.009,2.986,25.152,0.4135263888606012,0.0,Merge
42881911.952,E12,E8,0.32292386837495846,0.11851111714285714,5354.191,3833.365,1.529,9.4688,0.8631340344968249,0.0,Hit+Run
42907093.805,E3,P321,0.7121858830902421,0.0024355585714285716,6969.339,1050.009,2.0367,17.177,0.01851109428658833,0.0,Merge
42915906.677,E12,E8,0.32292386837495846,0.11851111714285714,5354.191,3833.365,1.0468,6.4826,0.8456510684345032,0.0,Hit+Run
43464881.707,E3,E19,0.7146214416616706,0.020987626503496504,6977.275,2152.690,2.2028,17.665,0.685044131241858,0.0,Merge
43766391.689,P45,FRAG0051,0.0024355585714285716,0.0073509823509823515,1050.009,1517.431,30.962,54.007,0.7510759333445125,0.0,Graze+Frag
44037119.988,E12,P746,0.32292386837495846,0.0024355585714285716,5354.191,1050.009,3.951,25.160,0.1252393298615241,0.0,Merge
44584247.289,P45,FRAG0066,0.009786546786546786,0.007292374292374292,1669.310,1513.387,9.442,19.541,0.6898687095490624,0.011551115551115551,Graze+Frag
44843928.011,E3,FRAG0063,0.7356090681651671,0.005544788544788545,7044.922,1381.302,1.5573,13.048,0.37104830864815425,0.0,Merge
45455907.532,P45,P566,0.005527805527805527,0.0024355585714285716,1379.890,1050.009,14.742,23.843,0.9274608651230534,0.0,Hit+Run
46466416.79,P151,FRAG0085,0.004871117142857143,0.00792007992007992,1322.929,1555.620,11.876,22.366,0.6664396910037249,0.012644855144855145,Graze+Frag
46576380.249,E3,P151,0.7411538567099557,0.005527793799533799,7062.578,1379.889,2.6664,22.403,0.7839345063426091,0.0,Merge
47471796.537,P238,P486,0.004871128871128871,0.0024355585714285716,1322.930,1050.009,29.717,46.589,0.7532475239021341,0.0,Graze+Frag
48985140.147,P45,FRAG0086,0.005527805527805527,0.005775557775557776,1379.890,1400.205,5.3213,9.5862,0.7594099984344108,0.0,Hit+Run
49013173.601,P238,FRAG0049,0.0073066933066933066,0.006520479520479521,1514.377,1457.987,13.755,26.506,0.6981483507081987,0.01368961038961039,Graze+Frag
49764862.913,M0,P238,0.19002130615717616,0.005527805527805527,4486.709,1379.890,7.4211,38.278,0.8463916088249328,0.0,Hit+Run
49878906.149,P361,FRAG0048,0.0024355585714285716,0.006520479520479521,1050.009,1457.987,27.371,46.212,0.9561883486246153,0.0,Hit+Run
52499514.05,E3,P87,0.7466816505094895,0.0024355585714285716,7080.093,1050.009,2.4565,21.066,0.7626025938689791,0.0,Merge
53302456.67,E3,P577,0.7491172090809181,0.0024355585714285716,7087.783,1050.009,3.8535,33.085,0.9987426539432003,0.0,Hit+Run
53495137.386,M0,P238,0.19002130615717616,0.005527805527805527,4486.709,1379.890,4.1244,21.274,0.7424568300779297,0.0,Merge
54298236.108,E3,P310,0.7491172090809181,0.00798035298035298,7087.783,1559.556,2.7744,23.193,0.1490941447813231,0.0,Merge
56470545.871,M0,P591,0.19554911168498168,0.0024355585714285716,4529.801,1050.009,5.2809,28.104,0.7283647380675153,0.0,Merge
58135119.003,E12,FRAG0088,0.32535942694638703,0.0072634032634032635,5367.618,1511.380,2.362,14.674,0.6868898182645098,0.0,Merge
58830038.315,E3,FRAG0048,0.757097562061271,0.006520479520479521,7112.863,1457.987,1.6396,13.826,0.9754527380742829,0.0,Hit+Run
59784058.9,E3,FRAG0048,0.757097562061271,0.006520479520479521,7112.863,1457.987,1.2304,10.375,0.41975837580225656,0.0,Merge
59895989.69,P361,P693,0.0024355585714285716,0.0024355585714285716,1050.009,1050.009,12.330,16.778,0.8227,0.0,Graze+Frag
60679911.591,E3,P190,0.7636180415817505,0.0024355585714285716,7133.224,1050.009,4.6742,40.404,0.9505754104693959,0.0,Hit+Run
60757389.753,E3,P190,0.7636180415817505,0.0024355585714285716,7133.224,1050.009,1.0655,9.2103,0.7337866854957701,0.0,Merge
61086751.33,P185,P334,0.004871117142857143,0.0024355585714285716,1322.929,1050.009,24.229,37.986,0.12488149317852497,0.0,Fragment
61198474.063,M0,P124,0.19798467025641026,0.005527805527805527,4548.529,1379.890,1.9175,10.037,0.8409732880768112,0.0,Hit+Run
62559935.462,M0,P124,0.19798467025641026,0.005527805527805527,4548.529,1379.890,1.5372,8.0466,0.3813189710557204,0.0,Merge
63318391.28,E12,P428,0.3326228302097903,0.0024355585714285716,5407.267,1050.009,3.7617,24.209,0.2742456328227952,0.0,Merge
63468077.796,M0,P16,0.20351247578421577,0.0024355585714285716,4590.474,1050.009,8.6446,46.668,0.3681830296514583,0.0,Merge
67931083.136,P282,P525,0.0024355585714285716,0.0024355585714285716,1050.009,1050.009,25.396,34.557,0.85685,0.0,Graze+Frag
68644065.695,M0,FRAG0086,0.20594803435564435,0.005775557775557776,4608.713,1400.205,4.6991,24.920,0.8985156549504418,0.0,Hit+Run
68716663.544,M0,FRAG0086,0.20594803435564435,0.005775557775557776,4608.713,1400.205,1.0929,5.7959,0.791061926176599,0.0,Hit+Run
68743277.509,M0,FRAG0086,0.20594803435564435,0.005775557775557776,4608.713,1400.205,1.0335,5.4809,0.7912920198142303,0.0,Graze+Merge
72345035.894,E3,FRAG0089,0.766053600153179,0.0082993672993673,7140.800,1580.067,2.9033,24.442,0.8198821415681256,0.0,Hit+Run
72552073.814,M0,P185,0.21172359213120212,0.0073066933066933066,4651.399,1514.377,6.2508,33.285,0.2963243217198124,0.018133966033966033,Fragment
72581025.734,M0,FRAG0091,0.2008964193040293,0.006044622044622044,4570.719,1421.620,1.0038,5.2702,0.23493021095671693,0.0,Merge
73848273.934,P134,P753,0.004871128871128871,0.0024355585714285716,1322.930,1050.009,27.561,43.208,0.15955846446657598,0.0,Fragment
74443654.574,E8,P575,0.11851111714285714,0.0024355585714285716,3833.365,1050.009,4.6925,20.864,0.267914616262962,0.0,Merge
74747606.033,M0,FRAG0092,0.20694104134865135,0.006044622044622044,4616.109,1421.620,2.5347,13.450,0.9460466279313172,0.0,Hit+Run
74769260.449,P178,FRAG0087,0.0024355585714285716,0.005775557775557776,1050.009,1400.205,24.562,40.172,0.29671954209404744,0.008208238428238429,Fragment
74843654.387,M0,FRAG0092,0.20694104134865135,0.006044622044622044,4616.109,1421.620,0.9916,5.2617,0.9864910005008716,0.0,Perfect
76310822.024,E3,P134,0.766053600153179,0.0073066933066933066,7140.800,1514.377,2.5213,21.292,0.8952424373660911,0.0,Hit+Run
77624504.791,M0,P178,0.2129856633932734,0.008211122211122211,4660.623,1574.446,4.9333,26.252,0.4935645323296826,0.013905194805194804,Fragment
77626311.504,M0,FRAG0094,0.20729202369963373,0.006952380952380953,4618.717,1489.492,1.0238,5.4171,0.7954688234304512,0.0,Graze+Merge
77806958.591,M0,FRAG0093,0.2142444046520147,0.006952380952380953,4669.786,1489.492,1.1342,6.0725,0.0576968084027059,0.0,Merge
78706596.842,E3,P778,0.766053600153179,0.0024355585714285716,7140.800,1050.009,2.5203,21.810,0.627874935457472,0.0,Merge
78730818.986,E3,P134,0.7684891587246075,0.0073066933066933066,7148.360,1514.377,1.4635,12.373,0.8624832434533298,0.0,Hit+Run
79373212.635,E3,P134,0.7684891587246075,0.0073066933066933066,7148.360,1514.377,1.2882,10.891,0.9984737127617003,0.0,Hit+Run
80200034.752,E12,P835,0.33505838878121885,0.0024355585714285716,5420.433,1050.009,1.889,12.188,0.7252998064896646,0.0,Merge
80939516.587,E3,P585,0.7684891587246075,0.0024355585714285716,7148.360,1050.009,1.6978,14.709,0.4510465750711588,0.0,Merge
81877228.366,P577,P607,0.0024355585714285716,0.0024355585714285716,1050.009,1050.009,13.787,18.760,0.8171,0.0,Graze+Frag
84875468.143,E3,FRAG0060,0.7709247172960361,0.005544788544788545,7155.904,1381.302,3.2681,27.845,0.6276456848951931,0.0,Merge
84966660.413,E3,FRAG0084,0.7764695058408246,0.006537795537795538,7173.019,1459.276,1.2844,10.928,0.3416041619272883,0.0,Merge
85929378.163,E3,P449,0.7830073013786202,0.0024355585714285716,7193.094,1050.009,2.0746,18.092,0.798621471047064,0.0,Merge
87414095.034,P253,FRAG0079,0.0024355585714285716,0.0074765234765234775,1050.009,1526.020,5.798,10.161,0.9597938305731378,0.0,Hit+Run
88972511.748,M0,P577,0.22119678560439565,0.004871128871128871,4719.762,1322.930,4.2567,23.261,0.9087742045551291,0.0,Hit+Run
89011814.262,M0,P577,0.22119678560439565,0.004871128871128871,4719.762,1322.930,0.9919,5.4203,0.6920274561545718,0.0,Perfect
89428091.437,E3,P134,0.7854428599500487,0.0073066933066933066,7200.545,1514.377,1.7065,14.541,0.9844550461475405,0.0,Hit+Run
89683251.749,E3,P134,0.7854428599500487,0.0073066933066933066,7200.545,1514.377,1.0817,9.2172,0.6780883393816923,0.0,Merge
89873101.951,M0,FRAG0090,0.22606791447552452,0.006044622044622044,4754.156,1421.620,3.2008,17.531,0.4017623122167386,0.0,Merge
97768979.154,E3,P384,0.792749553256742,0.0024355585714285716,7222.804,1050.009,2.4357,21.334,0.46892969194109174,0.0,Merge
99398513.175,M0,P775,0.23211253652014657,0.0024355585714285716,4796.156,1050.009,2.9413,16.644,0.523328980216442,0.0,Merge
100789272.524,P45,FRAG0057,0.005527805527805527,0.006067266067266068,1379.890,1423.393,18.434,33.496,0.9403277082917344,0.0,Hit+Run
102282723.572,E12,P828,0.3374939473526474,0.0024355585714285716,5433.535,1050.009,1.942,12.563,0.8620182810253038,0.0,Hit+Run
102660600.867,E3,P828,0.7951851118281705,0.0024355585714285716,7230.193,1050.009,1.1021,9.6639,0.9820771666901463,0.0,Hit+Run
108540588.647,E12,P828,0.3374939473526474,0.0024355585714285716,5433.535,1050.009,2.6983,17.455,0.4459264313956486,0.0,Merge
114733932.137,E3,P361,0.7951851118281705,0.004871128871128871,7230.193,1322.930,2.9788,25.739,0.332551954707601,0.0,Merge
121118244.577,E3,E12,0.8000562406992994,0.339929505924076,7244.927,5446.574,1.5466,13.095,0.5729037369003034,0.0,Hit+Run
121325118.757,E3,E12,0.8000562406992994,0.339929505924076,7244.927,5446.574,1.0362,8.7739,0.5521819297565399,0.044765900765900764,Fragment
121371004.947,E3,FRAG0099,1.0952198458574747,0.0055957375957375955,8044.411,1385.520,1.0263,9.9068,0.4435121629314363,0.0,Merge
121393354.6,E3,FRAG0101,1.1008155834532123,0.0055957375957375955,8058.088,1385.520,1.0541,10.193,0.9701848755080066,0.0,Hit+Run
121533323.889,E3,FRAG0101,1.1008155834532123,0.0055957375957375955,8058.088,1385.520,1.0189,9.8532,0.8834911346534654,0.0,Graze+Merge
122038778.903,E3,FRAG0102,1.10641132104895,0.0055957375957375955,8071.719,1385.520,1.069,10.356,0.6142612954867483,0.0,Merge
122561271.684,E3,FRAG0097,1.1120070586446875,0.0055957375957375955,8085.304,1385.520,1.0926,10.603,0.9717740576680048,0.0,Hit+Run
123309542.605,E3,FRAG0100,1.1120070586446875,0.0055957375957375955,8085.304,1385.520,1.1765,11.418,0.9780914854346244,0.0,Hit+Run
123361953.365,E3,FRAG0096,1.1120070586446875,0.0055957375957375955,8085.304,1385.520,1.0176,9.8760,0.748956672926417,0.0,Merge
123404483.831,E3,FRAG0095,1.1176027962404251,0.0055957375957375955,8098.843,1385.520,1.0498,10.206,0.9730364792068366,0.0,Hit+Run
123404499.113,E3,FRAG0095,1.1176027962404251,0.0055957375957375955,8098.843,1385.520,1.0489,10.198,0.1940095551345268,0.0,Merge
123756663.334,E3,FRAG0100,1.1231985338361627,0.0055957375957375955,8112.337,1385.520,1.0272,10.004,0.6178724679878785,0.0,Merge
124351352.799,E3,FRAG0097,1.1287942714319004,0.0055957375957375955,8125.787,1385.520,1.0861,10.597,0.5534344075610356,0.0,Merge
125591461.547,P282,P606,0.004871128871128871,0.0024355585714285716,1322.930,1050.009,26.582,41.673,0.8127335062871225,0.0,Graze+Frag
130458088.646,M0,P284,0.23454809509157515,0.0024355585714285716,4812.873,1050.009,7.1482,40.602,0.994527092854084,0.0,Hit+Run
130567376.311,M0,P284,0.23454809509157515,0.0024355585714285716,4812.873,1050.009,1.661,9.4347,0.8878914598687389,0.0,Hit+Run
130700996.793,M0,P284,0.23454809509157515,0.0024355585714285716,4812.873,1050.009,1.3495,7.6653,0.7694347867372126,0.0,Merge
131524698.173,E3,FRAG0098,1.134390009027638,0.0055957375957375955,8139.192,1385.520,1.5714,15.359,0.940671184916773,0.0,Hit+Run
137478979.391,E3,P455,1.134390009027638,0.0024355585714285716,8139.192,1050.009,2.7421,27.248,0.484319561077026,0.0,Merge
159490244.307,E3,M0,1.1368255675990666,0.23698365366300372,8145.013,4829.475,3.2077,29.489,0.9132190763292986,0.02681585081585082,Hit+Run+Frag
159506528.137,E3,FRAG0103,1.136823540276389,0.006703962703962705,8145.008,1471.536,1.0747,10.470,0.47464684474229263,0.0,Merge
159917117.093,E3,FRAG0105,1.1435275029803518,0.006703962703962705,8160.987,1471.536,1.2794,12.490,0.7541216587153325,0.0,Merge
159920899.511,E3,M0,1.1502314656843144,0.21016983016983018,8176.904,4639.992,0.9986,9.1915,0.9608593739149818,0.0,Perfect
