time_yr,target,projectile,Mt_Mearth,Mp_Mearth,Rt_km,Rp_km,vimp/vesc,vimp_km/s,b,m_frag_Mearth,Regime
26461.296,M0,P754,0.05,0.0024355585714285716,2875.083,1050.009,2.2609,7.3828,0.9459349426649309,0.0,Hit+Run
94055.602,E3,P320,0.40336,0.0024355585714285716,5766.223,1050.009,0.9994,6.8893,0.9518680353376311,0.0,Perfect
112850.42,M0,P670,0.05,0.0024355585714285716,2875.083,1050.009,7.4092,24.194,0.8360617496962616,0.0,Hit+Run
113040.451,M0,P670,0.05,0.0024355585714285716,2875.083,1050.009,1.0542,3.4424,0.5561781028074044,0.0,Merge
115725.621,M0,P754,0.05243555857142857,0.0024355585714285716,2921.028,1050.009,1.0438,3.4665,0.792737861838983,0.0,Graze+Merge
262243.209,M1,P524,0.05,0.0024355585714285716,2875.083,1050.009,2.677,8.7416,0.5538341413574062,0.0,Merge
494841.461,M2,P593,0.05,0.0024355585714285716,2875.083,1050.009,3.1096,10.154,0.5467290082120988,0.0,Merge
551028.394,M0,P850,0.05487111714285714,0.0024355585714285716,2965.571,1050.009,4.3662,14.736,0.5378612953580577,0.0,Merge
590023.528,E6,P126,0.08018000000000002,0.0024355585714285716,3365.238,1050.009,1.4248,5.5063,0.6572326069306546,0.0,Merge
598148.033,E1,P568,0.23462666666666668,0.0024355585714285716,4813.411,1050.009,1.6761,9.5216,0.40561754989058124,0.0,Merge
661460.414,M0,P637,0.05730667571428571,0.0024355585714285716,3008.815,1050.009,4.5468,15.584,0.6955637130408066,0.0,Merge
699047.043,M0,P184,0.05974223428571428,0.0024355585714285716,3050.851,1050.009,6.7213,23.382,0.38053236778048455,0.008011988011988012,Fragment
703174.554,M0,FRAG0001,0.05416580484515483,0.008011988011988012,2952.810,1561.614,1.0646,3.5298,0.8440291608419094,0.0,Hit+Run
715076.507,E10,P557,0.14002,0.0024355585714285716,4052.507,1050.009,1.137,5.3674,0.6461752003945108,0.0,Merge
751534.976,M0,FRAG0001,0.05416580484515483,0.008011988011988012,2952.810,1561.614,1.1166,3.7022,0.8180620516622565,0.0,Hit+Run
806499.459,M0,P66,0.05416580484515483,0.0024355585714285716,2952.810,1050.009,3.5998,12.093,0.32140826356844016,0.0,Merge
857189.115,E3,P2,0.40579555857142857,0.0024355585714285716,5777.805,1050.009,1.2748,8.8066,0.980002572883906,0.0,Hit+Run
895889.268,M0,P200,0.0566013634165834,0.0024355585714285716,2996.420,1050.009,9.0848,31.002,0.5998127905338677,0.012440326340326342,Fragment
895941.106,P4,P358,0.0024355585714285716,0.0024355585714285716,1050.009,1050.009,3.181,4.3283,0.8336,0.0,Hit+Run
901266.822,M0,FRAG0002,0.04659669554778553,0.00622011322011322,2808.313,1435.246,1.0553,3.3262,0.6722385271660272,0.0,Graze+Merge
901883.098,P4,P133,0.0024355585714285716,0.0024355585714285716,1050.009,1050.009,3.1875,4.3372,0.7556,0.0,Hit+Run
901967.425,M3,P117,0.05,0.0024355585714285716,2875.083,1050.009,3.2371,10.570,0.8539344557524984,0.0,Hit+Run
902651.976,P4,P133,0.0024355585714285716,0.0024355585714285716,1050.009,1050.009,2.5134,3.4199,0.9495,0.0,Hit+Run
903004.194,P4,P133,0.0024355585714285716,0.0024355585714285716,1050.009,1050.009,1.6817,2.2882,0.2057,0.0,Merge
903927.321,P4,P742,0.004871117142857143,0.0024355585714285716,1322.929,1050.009,0.9797,1.5359,0.2112950264047364,0.0,Perfect
905511.341,P4,P364,0.007306675714285714,0.0024355585714285716,1514.376,1050.009,1.0976,1.9113,0.19641408188429516,0.0,Merge
905815.148,P4,P763,0.009742234285714286,0.0024355585714285716,1666.786,1050.009,1.0894,2.0606,0.9359735874886895,0.0,Hit+Run
905832.804,P4,P855,0.009742234285714286,0.0024355585714285716,1666.786,1050.009,1.3032,2.4650,0.8999604453901145,0.0,Hit+Run
905873.145,P4,P763,0.009742234285714286,0.0024355585714285716,1666.786,1050.009,1.2759,2.4134,0.6798324149817888,0.0,Hit+Run
906227.695,P4,P263,0.009742234285714286,0.0024355585714285716,1666.786,1050.009,1.0662,2.0167,0.7867675200547296,0.0,Hit+Run
906500.187,P4,P577,0.009742234285714286,0.0024355585714285716,1666.786,1050.009,1.331,2.5176,0.8502659903648235,0.0,Hit+Run
906781.003,P4,P638,0.009742234285714286,0.0024355585714285716,1666.786,1050.009,1.1043,2.0888,0.5457187375925467,0.0,Merge
906846.458,P4,P855,0.012177792857142858,0.0024355585714285716,1795.491,1050.009,1.1235,2.2747,0.9819513606685689,0.0,Hit+Run
907361.756,P4,P708,0.012177792857142858,0.0024355585714285716,1795.491,1050.009,1.4488,2.9333,0.16437368555080467,0.0,Merge
907666.64,P4,P763,0.01461335142857143,0.0024355585714285716,1907.994,1050.009,1.1873,2.5466,0.5974890849270454,0.0,Merge
908015.819,P4,P855,0.01704891,0.0024355585714285716,2008.596,1050.009,1.2275,2.7679,0.26478272382657064,0.0,Merge
908017.244,P4,P263,0.019484468571428572,0.0024355585714285716,2100.019,1050.009,1.168,2.7527,0.8228,0.0,Hit+Run
909966.166,P4,P71,0.019484468571428572,0.0024355585714285716,2100.019,1050.009,1.3814,3.2556,0.9516,0.0,Hit+Run
910457.131,P4,P181,0.019484468571428572,0.0024355585714285716,2100.019,1050.009,1.3119,3.0918,0.28746666666666665,0.0,Merge
911441.511,P4,P487,0.021920027142857144,0.0024355585714285716,2184.108,1050.009,1.6651,4.0824,0.8976533031042768,0.0,Hit+Run
912090.235,P4,P487,0.021920027142857144,0.0024355585714285716,2184.108,1050.009,1.0594,2.5973,0.933378445847443,0.0,Hit+Run
912614.896,P4,P5,0.021920027142857144,0.0024355585714285716,2184.108,1050.009,1.6051,3.9353,0.6464292369330529,0.0,Merge
912813.892,P4,P358,0.024355585714285716,0.0024355585714285716,2262.177,1050.009,1.2844,3.2635,0.9723671496167163,0.0,Hit+Run
915273.999,P4,P263,0.024355585714285716,0.0024355585714285716,2262.177,1050.009,2.525,6.4158,0.6603791507792394,0.0,Merge
915715.174,P4,P417,0.02679114428571429,0.0024355585714285716,2335.201,1050.009,1.5301,4.0167,0.5726232238784035,0.0,Merge
916790.461,P4,P71,0.02922670285714286,0.0024355585714285716,2403.922,1050.009,1.0991,2.9730,0.721121272026103,0.0,Hit+Run
927726.854,P4,P260,0.02922670285714286,0.0024355585714285716,2403.922,1050.009,1.3337,3.6076,0.9453711261394225,0.0,Hit+Run
927728.087,P4,P260,0.02922670285714286,0.0024355585714285716,2403.922,1050.009,1.0488,2.8370,0.2233450595436507,0.0,Merge
957931.253,P4,P648,0.03166226142857143,0.0024355585714285716,2468.924,1050.009,1.6603,4.6174,0.6508147527972323,0.0,Merge
959686.937,P4,P644,0.03409782,0.0024355585714285716,2530.673,1050.009,1.1761,3.3563,0.9573024947142208,0.0,Hit+Run
961430.935,P4,P358,0.03409782,0.0024355585714285716,2530.673,1050.009,1.7454,4.9809,0.7734749724734168,0.0,Hit+Run
961449.584,P4,P358,0.03409782,0.0024355585714285716,2530.673,1050.009,1.0466,2.9867,0.5600343276571048,0.0,Merge
974123.582,P4,P71,0.03653337857142857,0.0024355585714285716,2589.547,1050.009,1.3827,4.0422,0.3793009858115871,0.0,Merge
980110.425,P4,P100,0.03896893714285714,0.0024355585714285716,2645.859,1050.009,1.8212,5.4460,0.8609369464011364,0.0,Hit+Run
993212.807,E0,E6,0.4524555555544456,0.08261555857142859,5991.273,3398.973,1.1977,8.0774,0.3088072506285067,0.023399267399267402,Fragment
1003477.392,P4,P100,0.03896893714285714,0.0024355585714285716,2645.859,1050.009,1.4088,4.2128,0.6927728945887077,0.0,Merge
1019742.311,P4,P54,0.041404495714285706,0.0024355585714285716,2699.871,1050.009,1.3986,4.2724,0.5398473594797654,0.0,Merge
1022577.915,P4,P398,0.043840054285714275,0.0024355585714285716,2751.804,1050.009,1.3845,4.3154,0.7473374082580417,0.0,Hit+Run
1022681.718,P4,P398,0.043840054285714275,0.0024355585714285716,2751.804,1050.009,1.0449,3.2569,0.59164513076041,0.0,Merge
1066529.961,M0,P388,0.05281680876789875,0.0024355585714285716,2928.091,1050.009,7.8996,26.302,0.40482886363780507,0.012217782217782218,Fragment
1113527.429,M0,P489,0.0430345851215451,0.0024355585714285716,2734.847,1050.009,5.4083,16.747,0.9319063728248461,0.0,Hit+Run
1127393.832,M3,P117,0.05,0.0024355585714285716,2875.083,1050.009,4.4998,14.693,0.8091794418165938,0.0,Hit+Run
1144114.037,P4,P577,0.046275612857142844,0.0024355585714285716,2801.848,1050.009,1.7149,5.4484,0.16941185930495334,0.0,Merge
1171680.258,P8,FRAG0008,0.0024355585714285716,0.006108891108891109,1050.009,1426.640,13.215,21.930,0.706281043444966,0.0,Graze+Frag
1283053.047,P4,P385,0.04871117142857141,0.0024355585714285716,2850.165,1050.009,1.0763,3.4822,0.7825910077058812,0.0,Hit+Run
1301272.81,P4,P276,0.04871117142857141,0.0024355585714285716,2850.165,1050.009,1.4545,4.7058,0.9813628389655689,0.0,Hit+Run
1316107.487,E8,P683,0.11363999999999999,0.0024355585714285716,3780.108,1050.009,1.8255,7.9952,0.8740993194024539,0.0,Hit+Run
1321051.236,M0,P147,0.0430345851215451,0.0024355585714285716,2734.847,1050.009,3.6019,11.153,0.5646209503957004,0.0,Merge
1334711.012,M0,P489,0.04547014369297367,0.0024355585714285716,2785.496,1050.009,1.792,5.6581,0.6515821486091745,0.0,Merge
1337310.098,M0,FRAG0009,0.04790570226440224,0.006108891108891109,2834.368,1426.640,2.5912,8.2424,0.7431470128035746,0.0,Hit+Run
1337870.347,P4,P629,0.04871117142857141,0.0024355585714285716,2850.165,1050.009,1.1196,3.6223,0.6419160903621682,0.0,Merge
1376918.429,P4,P276,0.05114672999999998,0.0024355585714285716,2896.897,1050.009,1.4277,4.6997,0.97845065421739,0.0,Hit+Run
1382539.971,P4,P276,0.05114672999999998,0.0024355585714285716,2896.897,1050.009,1.1694,3.8494,0.7653068015546265,0.0,Hit+Run
1388687.847,P4,P276,0.05114672999999998,0.0024355585714285716,2896.897,1050.009,1.0389,3.4198,0.8050877823201973,0.0,Graze+Merge
1393006.974,E0,P288,0.5116718467266067,0.0024355585714285716,6242.008,1050.009,2.0211,15.161,0.7825603137899744,0.0,Merge
1396596.924,E0,P650,0.5141074052980352,0.0024355585714285716,6251.896,1050.009,1.8662,14.023,0.9437899130263459,0.0,Hit+Run
1538843.504,M0,P8,0.04790570226440224,0.008544122544122545,2834.368,1595.449,1.2957,4.1323,0.8325579702757977,0.0,Hit+Run
1612162.929,E0,FRAG0004,0.5141074052980352,0.0058498168498168504,6251.896,1406.181,1.3432,9.8883,0.9542658382349987,0.0,Hit+Run
1614086.494,E0,FRAG0004,0.5141074052980352,0.0058498168498168504,6251.896,1406.181,1.0463,7.7026,0.49309313567793583,0.0,Merge
1634277.421,M0,FRAG0009,0.04790570226440224,0.006108891108891109,2834.368,1426.640,2.5667,8.1645,0.484256198819372,0.0,Merge
1877246.408,E8,P683,0.11363999999999999,0.0024355585714285716,3780.108,1050.009,1.1039,4.8348,0.8199425704521004,0.0,Hit+Run
1880019.909,E3,P344,0.40579555857142857,0.0024355585714285716,5777.805,1050.009,1.6003,11.055,0.47498095515045036,0.0,Merge
1952903.678,E0,M2,0.5199572221478521,0.05243555857142857,6275.520,2921.028,1.2196,8.5962,0.7646042497373197,0.014897102897102898,Hit+Run+Frag
1981136.382,E0,FRAG0010,0.5199565502830502,0.007448551448551449,6275.517,1524.115,1.0131,7.4429,0.88014254472277,0.0,Graze+Merge
2022165.405,P4,P385,0.05358228857142855,0.0024355585714285716,2942.168,1050.009,1.0343,3.4614,0.7641042412685197,0.0,Graze+Merge
2092479.92,M1,M3,0.05243555857142857,0.05,2921.028,2875.083,2.5642,9.6308,0.5614152422909812,0.02634565434565435,Hit+Run+Frag
2093122.124,M1,FRAG0014,0.05243555857142858,0.006586413586413587,2921.028,1462.885,1.182,3.8748,0.6958235200956969,0.0,Hit+Run
2105991.933,M1,FRAG0014,0.05243555857142858,0.006586413586413587,2921.028,1462.885,0.9902,3.2460,0.5353769974115603,0.0,Perfect
2106491.234,M3,FRAG0015,0.023654345654345654,0.006586413586413587,2240.255,1462.885,1.1985,3.0598,0.2866909941182275,0.0,Merge
2135164.347,M3,FRAG0012,0.03024075924075924,0.006586413586413587,2431.409,1462.885,1.0711,2.9427,0.4608340003959183,0.0,Merge
2141876.217,P4,P487,0.05601784714285712,0.0024355585714285716,2986.088,1050.009,1.1254,3.8263,0.8463830413496314,0.0,Hit+Run
2149258.858,P4,P487,0.05601784714285712,0.0024355585714285716,2986.088,1050.009,1.0607,3.6064,0.7284516980007405,0.0,Merge
2164742.041,P8,P252,0.008544122544122545,0.0024355585714285716,1595.449,1050.009,13.344,24.288,0.8753847699531216,0.0,Graze+Frag
2184201.895,M1,M3,0.05902197215784216,0.03682717282717283,3038.540,2596.470,1.3079,4.8192,0.5530295517532188,0.007175091575091576,Hit+Run
2192354.658,P28,P389,0.0024355585714285716,0.0024355585714285716,1050.009,1050.009,5.7607,7.8385,0.7115,0.0,Graze+Frag
2302649.379,E0,P197,0.5274051017316017,0.0024355585714285716,6305.341,1050.009,1.0939,8.2948,0.42802265601702516,0.0,Merge
2518397.076,M0,P8,0.05401459337329335,0.01097968697968698,2950.060,1734.564,2.44,8.1198,0.9648760298345466,0.0,Hit+Run
2519707.344,M0,P8,0.05401459337329335,0.01097968697968698,2950.060,1734.564,1.0597,3.5264,0.8572547574819006,0.0,Hit+Run
2610139.4,E10,P28,0.14245555857142858,0.004871128871128871,4075.869,1322.930,1.0867,5.0717,0.3321062110398205,0.0,Merge
2632809.324,M0,FRAG0003,0.05401459337329335,0.00622011322011322,2950.060,1435.246,3.0091,9.9636,0.7043322140734863,0.0,Hit+Run
2648907.925,M1,P538,0.05902197215784216,0.0024355585714285716,3038.540,1050.009,3.3258,11.520,0.922512902204968,0.0,Hit+Run
2655735.557,M0,FRAG0003,0.05401459337329335,0.00622011322011322,2950.060,1435.246,1.0404,3.4449,0.6287190900411466,0.0,Merge
2789315.809,E0,P450,0.5298406603030302,0.0024355585714285716,6315.032,1050.009,1.2995,9.8699,0.6784012238405711,0.0,Merge
2838539.427,E0,P538,0.5322762188744588,0.0024355585714285716,6324.694,1050.009,1.104,8.3987,0.9126792787718644,0.0,Hit+Run
2845889.232,E0,P98,0.5322762188744588,0.0024355585714285716,6324.694,1050.009,2.2698,17.267,0.8658532229356082,0.0,Hit+Run
2856153.965,M3,P471,0.03682717282717283,0.0024355585714285716,2596.470,1050.009,3.8452,11.272,0.8006983807029016,0.0,Hit+Run
2966338.823,E1,P768,0.23706222523809525,0.0024355585714285716,4830.009,1050.009,1.2938,7.3771,0.8857452489928854,0.0,Hit+Run
3016430.192,E0,M2,0.5322762188744588,0.03753912753912754,6324.694,2613.095,1.3015,9.2843,0.7612739233604768,0.026127206127206128,Hit+Run+Frag
3028648.657,E0,M2,0.5322765518747918,0.011411588411588413,6324.695,1757.016,1.0841,7.9441,0.7137252838475094,0.0,Merge
3032865.989,E0,FRAG0019,0.5436881402863802,0.006531801531801532,6369.575,1458.830,1.0627,7.9597,0.3794045708745298,0.0,Merge
3036561.178,E0,FRAG0016,0.5502199418181818,0.006531801531801532,6394.981,1458.830,1.1011,8.2827,0.5811315930228395,0.0,Merge
3059484.24,E0,FRAG0017,0.5567517433499833,0.006531801531801532,6420.187,1458.830,1.134,8.5663,0.417119743742418,0.0,Merge
3100988.64,E0,P253,0.5632835448817849,0.0024355585714285716,6445.197,1050.009,2.2064,17.125,0.6396004317500552,0.0,Merge
3114668.429,E1,P780,0.23706222523809525,0.0024355585714285716,4830.009,1050.009,2.4515,13.978,0.41983158375244706,0.0,Merge
3116086.398,E1,P186,0.23949778380952383,0.0024355585714285716,4846.494,1050.009,1.2868,7.3640,0.4084153814782243,0.0,Merge
3160244.268,E0,P413,0.5657191034532134,0.0024355585714285716,6454.473,1050.009,1.4191,11.031,0.7934259394809344,0.0,Merge
3203915.405,E0,FRAG0007,0.5681546620246419,0.0058498168498168504,6463.722,1406.181,1.2833,9.7917,0.5783747291460516,0.0,Merge
3221425.255,P8,P691,0.01097968697968698,0.0024355585714285716,1734.564,1050.009,16.183,31.735,0.9281494706480723,0.0,Hit+Run
3221425.405,P8,P691,0.01097968697968698,0.0024355585714285716,1734.564,1050.009,1.0497,2.0584,0.6069723786573703,0.0,Merge
3221982.123,E10,P107,0.14732668744255745,0.0024355585714285716,4121.807,1050.009,1.2442,5.9817,0.7158426447407563,0.0,Merge
3251014.923,M0,P255,0.060234706593406566,0.0024355585714285716,3059.211,1050.009,9.35,32.622,0.9340924264929622,0.0,Hit+Run
3255951.667,E1,P788,0.2419333423809524,0.0024355585714285716,4862.867,1050.009,2.88,16.541,0.7029222123472328,0.0,Merge
3273596.132,P8,P255,0.013415245551115552,0.0024355585714285716,1854.357,1050.009,3.1148,6.5011,0.5478090209350753,0.0,Merge
3356907.579,M0,P601,0.060234706593406566,0.0024355585714285716,3059.211,1050.009,5.4126,18.884,0.941164936297444,0.0,Hit+Run
3368361.469,E0,P194,0.5740044788744588,0.0024355585714285716,6485.830,1050.009,1.7142,13.394,0.6862938997826029,0.0,Merge
3372520.854,M0,P601,0.060234706593406566,0.0024355585714285716,3059.211,1050.009,1.0292,3.5909,0.9893324504395454,0.0,Hit+Run
3384819.64,M3,P400,0.03682717282717283,0.0024355585714285716,2596.470,1050.009,1.9697,5.7744,0.8036889838144643,0.0,Hit+Run
3416842.378,M0,P601,0.060234706593406566,0.0024355585714285716,3059.211,1050.009,1.0567,3.6868,0.5010314840438063,0.0,Merge
3851140.277,E3,P509,0.40823111714285715,0.0024355585714285716,5789.342,1050.009,1.3483,9.3342,0.16768674565817945,0.0,Merge
3878591.068,M1,P790,0.05902197215784216,0.0024355585714285716,3038.540,1050.009,4.3774,15.162,0.9175335769453422,0.0,Hit+Run
3974938.572,M1,P761,0.05902197215784216,0.0024355585714285716,3038.540,1050.009,2.9758,10.307,0.8571128092427209,0.0,Hit+Run
3978714.979,M1,P761,0.05902197215784216,0.0024355585714285716,3038.540,1050.009,1.0574,3.6626,0.572250813419661,0.0,Merge
4001383.032,M0,P270,0.06267026516483513,0.0024355585714285716,3099.900,1050.009,5.6101,19.852,0.9385804768868666,0.0,Hit+Run
4002210.652,M0,P270,0.06267026516483513,0.0024355585714285716,3099.900,1050.009,1.0476,3.7071,0.8431164220152857,0.0,Hit+Run
4052852.757,P43,P74,0.0024355585714285716,0.0024355585714285716,1050.009,1050.009,9.0496,12.313,0.67955,0.0,Graze+Frag
4089054.515,E1,P42,0.24436890095238098,0.0024355585714285716,4879.131,1050.009,2.1663,12.486,0.4202585633558843,0.0,Merge
4148456.066,M4,P3,0.05,0.0024355585714285716,2875.083,1050.009,6.0203,19.659,0.8721001569899851,0.0,Hit+Run
4283949.066,P4,P644,0.058453405714285686,0.0024355585714285716,3028.752,1050.009,1.7551,6.0584,0.8790502865497776,0.0,Hit+Run
4291142.66,P4,P644,0.058453405714285686,0.0024355585714285716,3028.752,1050.009,1.2151,4.1944,0.4866781194498431,0.0,Merge
4364101.274,E15,P414,0.11428,0.0024355585714285716,3787.191,1050.009,1.5585,6.8396,0.6024648627307774,0.0,Merge
4457940.01,M4,P496,0.05,0.0024355585714285716,2875.083,1050.009,4.5976,15.013,0.567092173308959,0.0,Merge
4493620.601,P8,P701,0.015850804122544124,0.0024355585714285716,1960.398,1050.009,12.551,27.638,0.9250392516479823,0.0,Hit+Run
4504075.901,E0,P538,0.5764400374458873,0.0024355585714285716,6494.991,1050.009,1.5049,11.776,0.7560702403856883,0.0,Merge
4585565.725,E1,P352,0.24680445952380956,0.0024355585714285716,4895.287,1050.009,1.6794,9.7147,0.7795839116788054,0.0,Merge
4623058.553,P4,P612,0.060888964285714255,0.0024355585714285716,3070.247,1050.009,11.731,41.089,0.8210163559123466,0.0,Graze+Frag
4678253.0,P8,P701,0.015850804122544124,0.0024355585714285716,1960.398,1050.009,4.7838,10.533,0.7359939191922208,0.0,Hit+Run
4684900.318,E0,P404,0.5788755960173159,0.0024355585714285716,6504.125,1050.009,1.8572,14.555,0.8835602369705535,0.0,Hit+Run
4722272.188,M3,P692,0.03682717282717283,0.0024355585714285716,2596.470,1050.009,9.3926,27.535,0.9308608208918657,0.0,Hit+Run
4741939.801,M3,P692,0.03682717282717283,0.0024355585714285716,2596.470,1050.009,1.6592,4.8641,0.8826551469269158,0.0,Hit+Run
4812139.875,M0,P804,0.06267026516483513,0.0024355585714285716,3099.900,1050.009,7.1606,25.339,0.35220111010915844,0.008746646686646688,Fragment
4836648.971,M0,FRAG0020,0.056359236989676965,0.008746586746586746,2992.142,1607.953,1.0829,3.6397,0.7672734265696122,0.0,Hit+Run
4849873.03,E0,P174,0.5788755960173159,0.0024355585714285716,6504.125,1050.009,1.3773,10.794,0.937803362023316,0.0,Hit+Run
4972930.225,E10,P416,0.14976224601398602,0.0024355585714285716,4144.396,1050.009,1.3003,6.2883,0.5992708304143869,0.0,Merge
4994593.151,E0,P650,0.5788755960173159,0.0024355585714285716,6504.125,1050.009,1.1994,9.4001,0.9749986477737818,0.0,Hit+Run
5017911.795,E0,P198,0.5788755960173159,0.0024355585714285716,6504.125,1050.009,1.3328,10.445,0.47286229014249465,0.0,Merge
5018948.942,E15,P600,0.11671555857142858,0.0024355585714285716,3813.907,1050.009,1.7259,7.6318,0.2734235414376976,0.0,Merge
5070500.254,M0,P701,0.056359236989676965,0.0024355585714285716,2992.142,1050.009,3.7675,12.837,0.4753788776553456,0.0,Merge
5080239.872,E9,P686,0.07894000000000001,0.0024355585714285716,3347.800,1050.009,3.2734,12.580,0.8696435167413614,0.0,Hit+Run
5093765.756,M3,P166,0.03682717282717283,0.0024355585714285716,2596.470,1050.009,6.0947,17.867,0.4591287824608546,0.00944888444888445,Fragment
5095358.375,M3,FRAG0021,0.02981384694971695,0.00944888444888445,2419.913,1649.886,1.0604,2.9425,0.48388758761094613,0.0,Merge
5106229.942,P3,FRAG0006,0.0024355585714285716,0.0058498168498168504,1050.009,1406.181,6.0985,10.007,0.46699575186979414,0.0,Graze+Frag
5149637.936,M0,FRAG0020,0.058794795561105534,0.008746586746586746,3034.637,1607.953,5.1055,17.398,0.3059743829533433,0.04090675990675991,Fragment
5158130.612,E3,P401,0.4106666757142857,0.0024355585714285716,5800.832,1050.009,2.2255,15.439,0.32497602587999563,0.0,Merge
5273190.713,M0,FRAG0024,0.026634622400932374,0.005843822843822844,2330.644,1405.700,1.842,4.8520,0.8262544074298616,0.0,Hit+Run
5278170.878,P8,FRAG0026,0.015850804122544124,0.005843822843822844,1960.398,1405.700,2.7748,6.2936,0.5726687123018708,0.0,Merge
5300680.196,M0,P8,0.026634622400932374,0.021694626966366967,2330.644,2176.596,1.1403,3.3360,0.3529649192259361,0.0,Merge
5312803.15,M3,FRAG0028,0.0392627313986014,0.005843822843822844,2652.491,1405.700,5.8072,17.297,0.7000860338335655,0.010102897102897102,Graze+Frag
5313102.189,M1,M3,0.06145753072927073,0.03500365713952714,3079.774,2552.887,2.3602,8.7262,0.9238784255242029,0.0,Hit+Run
5363751.874,P2,P275,0.0024355585714285716,0.0024355585714285716,1050.009,1050.009,12.078,16.435,0.5662,0.0,Graze+Frag
5364256.612,E3,P836,0.4131022342857143,0.0024355585714285716,5812.277,1050.009,1.5239,10.594,0.7582239843169848,0.0,Merge
5506492.288,M0,FRAG0001,0.04832924936729934,0.008011988011988012,2842.696,1561.614,5.3894,17.221,0.8066646216761585,0.0,Hit+Run
5538205.783,M0,P309,0.04832924936729934,0.0024355585714285716,2842.696,1050.009,7.5275,24.286,0.6499334173882534,0.007370962370962371,Fragment
5539630.355,M0,P490,0.043393845567765536,0.0024355585714285716,2742.436,1050.009,2.0801,6.4603,0.8501854090188024,0.0,Hit+Run
5606037.181,M1,P490,0.06145753072927073,0.0024355585714285716,3079.774,1050.009,3.8918,13.676,0.7760243648360684,0.0,Hit+Run
5612473.933,M0,P692,0.043393845567765536,0.0024355585714285716,2742.436,1050.009,6.8741,21.349,0.7337612779887546,0.0,Graze+Frag
5647102.807,M0,P838,0.04583083583083583,0.0024355585714285716,2792.842,1050.009,3.9323,12.450,0.9679754971331913,0.0,Hit+Run
5663224.766,M1,FRAG0001,0.06145753072927073,0.008011988011988012,3079.774,1561.614,3.1464,10.875,0.4752314975986904,0.011072261072261074,Fragment
5668649.943,M1,FRAG0031,0.05839725766899767,0.005536130536130537,3027.782,1380.583,1.2583,4.2812,0.8759098395283076,0.0,Hit+Run
5682239.47,E0,P121,0.5813111545887444,0.0024355585714285716,6513.234,1050.009,1.2646,9.9258,0.4087109933821743,0.0,Merge
5860197.377,M1,M0,0.05839725766899767,0.04583083583083583,3027.782,2792.842,1.7455,6.5991,0.5667379391151114,0.0,Hit+Run
5881724.115,M1,M0,0.05839725766899767,0.04583083583083583,3027.782,2792.842,1.0887,4.1159,0.6654684217622415,0.0,Graze+Merge
5946557.575,M1,FRAG0031,0.1042280934998335,0.005536130536130537,3672.728,1380.583,1.8938,7.8855,0.3455189667484164,0.0,Merge
5993004.027,P4,P262,0.06332334332334333,0.0024355585714285716,3110.630,1050.009,14.785,52.515,0.9137566217789554,0.0,Hit+Run
5993246.451,P4,P262,0.06332334332334333,0.0024355585714285716,3110.630,1050.009,1.0604,3.7663,0.6102177668924754,0.0,Merge
6086816.988,E10,E17,0.1521978045854146,0.040959999999999996,4166.742,2690.174,2.572,12.196,0.8619190257431951,0.00877955377955378,Hit+Run+Frag
6124067.065,M1,M3,0.10976422403596404,0.03500365713952714,3736.635,2552.887,1.3757,5.8966,0.9749259625638853,0.0,Hit+Run
6241026.567,E3,E10,0.4155377928571429,0.15219776462537463,5823.678,4166.742,1.2155,8.1864,0.6895434583463759,0.013226933066933066,Hit+Run
6251596.402,M3,FRAG0029,0.03500365713952714,0.010102897102897102,2552.887,1687.106,8.3891,24.446,0.6681469882969953,0.04166362304362304,Graze+Frag
6270233.648,M1,FRAG0035,0.10976422403596404,0.005654012654012654,3736.635,1390.313,2.6084,11.057,0.8304931831870775,0.0,Hit+Run
6332961.684,M1,P490,0.10976422403596404,0.0024355585714285716,3736.635,1050.009,2.5987,11.240,0.397032310346075,0.0,Merge
6423344.181,E0,P404,0.5837467131601729,0.0024355585714285716,6522.318,1050.009,1.2229,9.6128,0.20155260779659803,0.0,Merge
6507081.484,E0,M4,0.5861822717316014,0.05243555857142857,6531.376,2921.028,1.5543,11.414,0.9604553918312126,0.0,Hit+Run
6527564.328,E3,E5,0.4155377928571429,0.0735,5823.678,3269.060,1.1609,7.6063,0.9242064265969716,0.0,Hit+Run
6576540.6,M1,FRAG0030,0.11219978260739262,0.007370962370962371,3764.071,1518.804,3.808,16.185,0.5117917723569083,0.010312121212121212,Fragment
6629451.112,E10,P146,0.15219776462537463,0.0024355585714285716,4166.742,1050.009,2.7031,13.148,0.3065500567637772,0.0,Merge
6666314.067,M1,FRAG0024,0.10925872366633367,0.005843822843822844,3730.891,1405.700,1.6319,6.9016,0.9919569465791878,0.0,Hit+Run
6667256.124,P4,FRAG0013,0.0657589018947719,0.006586413586413587,3150.010,1462.885,22.346,79.064,0.5298392761093155,0.07179679653679653,Fragment
6667316.627,P4,FRAG0050,0.0055281326640026635,0.005568098568098569,1379.918,1383.235,1.1244,2.0130,0.78440711699854,0.0,Hit+Run
6667378.602,P4,FRAG0044,0.0055281326640026635,0.005568098568098569,1379.918,1383.235,1.4923,2.6717,0.42468950932422384,0.0,Merge
6668632.036,P4,FRAG0046,0.011096231232101232,0.005568098568098569,1740.680,1383.235,1.2772,2.6354,0.7910167382329425,0.0,Hit+Run
6668793.902,P4,FRAG0053,0.011096231232101232,0.005568098568098569,1740.680,1383.235,1.536,3.1695,0.4246505045134725,0.0,Merge
6674031.404,P4,FRAG0043,0.0166643298001998,0.005568098568098569,1993.378,1383.235,1.6422,3.7647,0.19156803966644848,0.0,Merge
6674526.814,P4,FRAG0051,0.02223242836829837,0.005568098568098569,2194.435,1383.235,1.2521,3.1183,0.8995681865581142,0.0,Hit+Run
6677554.961,P4,FRAG0042,0.02223242836829837,0.005568098568098569,2194.435,1383.235,1.3687,3.4087,0.7761581776016895,0.0,Hit+Run
6677933.493,P4,FRAG0051,0.02223242836829837,0.005568098568098569,2194.435,1383.235,1.4822,3.6913,0.5560810840949041,0.0,Merge
6679038.542,P4,P185,0.027800526936396938,0.0024355585714285716,2364.167,1050.009,16.250,43.206,0.7911309197379788,0.012637362637362638,Graze+Frag
6679059.684,P4,FRAG0055,0.017598722870462873,0.006318681318681319,2029.960,1442.788,1.1323,2.6548,0.9244499052612525,0.0,Hit+Run
6680503.625,P4,FRAG0052,0.017598722870462873,0.005568098568098569,2029.960,1383.235,1.3534,3.1501,0.7041113746606066,0.0,Hit+Run
6680800.913,P4,FRAG0052,0.017598722870462873,0.005568098568098569,2029.960,1383.235,1.1559,2.6904,0.9600275200415164,0.0,Hit+Run
6686757.277,P4,FRAG0049,0.017598722870462873,0.005568098568098569,2029.960,1383.235,2.8296,6.5862,0.9098910314158816,0.0,Hit+Run
6688800.303,P4,FRAG0047,0.017598722870462873,0.005568098568098569,2029.960,1383.235,1.6018,3.7283,0.09557454000165512,0.0,Merge
6689119.385,E0,FRAG0011,0.5861822717316014,0.007448551448551449,6531.376,1524.115,1.7374,13.325,0.35780515845172084,0.0,Merge
6689426.796,P4,FRAG0046,0.02316682143856144,0.005568098568098569,2224.757,1383.235,1.171,2.9524,0.9169742731209266,0.0,Hit+Run
6689868.65,P4,FRAG0048,0.02316682143856144,0.005568098568098569,2224.757,1383.235,1.2311,3.1040,0.8315725268851331,0.0,Hit+Run
6692206.152,P4,FRAG0055,0.02316682143856144,0.006318681318681319,2224.757,1442.788,1.3118,3.3230,0.637240197439839,0.0,Hit+Run
6695193.324,P4,FRAG0046,0.02316682143856144,0.005568098568098569,2224.757,1383.235,1.321,3.3306,0.9867755559649107,0.0,Hit+Run
6695353.356,P4,FRAG0046,0.02316682143856144,0.005568098568098569,2224.757,1383.235,1.1538,2.9091,0.5700027019521111,0.0,Merge
6700945.32,P4,FRAG0054,0.02873492000666001,0.006318681318681319,2390.362,1442.788,1.849,4.9955,0.6372594293570266,0.0,Hit+Run
6706990.606,P4,FRAG0055,0.02873492000666001,0.006318681318681319,2390.362,1442.788,1.2911,3.4882,0.8133024246672219,0.0,Hit+Run
6709868.005,P4,FRAG0055,0.02873492000666001,0.006318681318681319,2390.362,1442.788,1.4475,3.9107,0.8085006851564586,0.0,Hit+Run
6711833.793,P4,FRAG0055,0.02873492000666001,0.006318681318681319,2390.362,1442.788,1.2636,3.4139,0.950682062877764,0.0,Hit+Run
6714236.407,P4,FRAG0054,0.02873492000666001,0.006318681318681319,2390.362,1442.788,1.235,3.3366,0.9758132449925386,0.0,Hit+Run
6714389.17,P4,FRAG0054,0.02873492000666001,0.006318681318681319,2390.362,1442.788,1.0241,2.7668,0.8253379535708236,0.0,Graze+Merge
6716502.998,P4,FRAG0052,0.03505360132534133,0.005568098568098569,2554.101,1383.235,1.0563,3.0312,0.48852654944561874,0.0,Merge
6724678.624,P4,FRAG0048,0.040621699893439896,0.005568098568098569,2682.748,1383.235,1.7646,5.3136,0.8556324766825864,0.0,Hit+Run
6727874.559,P4,FRAG0048,0.040621699893439896,0.005568098568098569,2682.748,1383.235,1.1173,3.3644,0.6787393034881065,0.0,Hit+Run
6727898.508,P4,FRAG0048,0.040621699893439896,0.005568098568098569,2682.748,1383.235,1.0468,3.1521,0.780678860588245,0.0,Graze+Merge
6738724.843,P4,FRAG0055,0.046189798461538464,0.006318681318681319,2800.115,1442.788,3.3194,10.432,0.5524462865872343,0.0078045288045288045,Fragment
6739466.126,P4,FRAG0056,0.04470395097569098,0.0078045288045288045,2769.762,1548.018,1.0897,3.3950,0.702354523545841,0.0,Graze+Merge
6773783.502,P4,FRAG0050,0.05250847978021978,0.005568098568098569,2922.382,1383.235,2.0182,6.6222,0.8214075352580066,0.0,Hit+Run
6788345.395,P4,FRAG0045,0.05250847978021978,0.005568098568098569,2922.382,1383.235,1.4957,4.9077,0.5825599797652843,0.0,Merge
6809866.16,E0,P685,0.5936308231801529,0.0024355585714285716,6558.925,1050.009,2.0927,16.548,0.912257820131812,0.0,Hit+Run
6824420.615,P136,P599,0.0024355585714285716,0.0024355585714285716,1050.009,1050.009,10.937,14.882,0.13435,0.0,Merge
6831615.204,M1,FRAG0032,0.10925872366633367,0.005536130536130537,3730.891,1380.583,2.5863,10.950,0.7823122469375504,0.0,Hit+Run
6897620.361,E0,P117,0.5936308231801529,0.0024355585714285716,6558.925,1050.009,1.5663,12.385,0.8614858409144222,0.0,Merge
6917432.786,M1,FRAG0032,0.10925872366633367,0.005536130536130537,3730.891,1380.583,1.4199,6.0117,0.9182935602464377,0.0,Hit+Run
6948208.185,P4,FRAG0049,0.05807657834831835,0.005568098568098569,3022.230,1383.235,2.1715,7.3739,0.7006990939056358,0.0,Hit+Run
6948363.993,P4,FRAG0049,0.05807657834831835,0.005568098568098569,3022.230,1383.235,1.0624,3.6077,0.5744717262938901,0.0,Merge
6954608.747,M1,FRAG0032,0.10925872366633367,0.005536130536130537,3730.891,1380.583,1.124,4.7589,0.9242787817662064,0.0,Hit+Run
6957689.064,M1,P190,0.10925872366633367,0.0024355585714285716,3730.891,1050.009,5.3531,23.116,0.9295035381935088,0.0,Hit+Run
6971984.85,E4,P580,0.0574,0.0024355585714285716,3010.448,1050.009,2.8302,9.7065,0.4093302816208854,0.0,Merge
6972295.112,E0,FRAG0040,0.5960663817515814,0.005654012654012654,6567.882,1390.313,1.9115,14.849,0.9953917982990845,0.0,Hit+Run
7063919.031,E0,P221,0.5960663817515814,0.0024355585714285716,6567.882,1050.009,2.7098,21.459,0.9804543923622109,0.0,Hit+Run
7092271.108,E0,P221,0.5960663817515814,0.0024355585714285716,6567.882,1050.009,1.0268,8.1312,0.6581769988826167,0.0,Merge
7101025.85,E0,M4,0.59850194032301,0.05243555857142857,6576.816,2921.028,1.2748,9.4288,0.9882004333807377,0.0,Hit+Run
7140303.122,P4,FRAG0050,0.06364467691641693,0.005568098568098569,3115.883,1383.235,6.2574,21.927,0.4985004617506438,0.024779493839493842,Fragment
7140305.32,P4,FRAG0059,0.044433554705294705,0.006194805194805196,2764.166,1433.297,1.1063,3.4326,0.49508471919950675,0.0,Merge
7140514.185,P87,P165,0.0024355585714285716,0.0024355585714285716,1050.009,1050.009,24.091,32.781,0.55585,0.0,Graze+Frag
7141252.668,P4,FRAG0057,0.0506283599000999,0.006194805194805196,2887.077,1433.297,1.1793,3.8210,0.7842546249049921,0.0,Hit+Run
7141276.614,P4,FRAG0057,0.0506283599000999,0.006194805194805196,2887.077,1433.297,1.0427,3.3784,0.9159660994864287,0.0,Hit+Run
7141750.866,P4,FRAG0057,0.0506283599000999,0.006194805194805196,2887.077,1433.297,1.1197,3.6279,0.18370108758212533,0.0,Merge
7142014.15,E1,P768,0.24924001809523813,0.0024355585714285716,4911.337,1050.009,2.1458,12.456,0.608670476825611,0.0,Merge
7142375.192,P136,P473,0.004871117142857143,0.0024355585714285716,1322.929,1050.009,13.806,21.644,0.595138365928908,0.0,Graze+Frag
7145172.864,P4,FRAG0060,0.0568231650949051,0.006194805194805196,3000.329,1433.297,1.2868,4.3343,0.8933396775295412,0.0,Hit+Run
7145851.568,P4,FRAG0060,0.0568231650949051,0.006194805194805196,3000.329,1433.297,1.0754,3.6222,0.9658841919081237,0.0,Hit+Run
7145858.314,P4,FRAG0060,0.0568231650949051,0.006194805194805196,3000.329,1433.297,1.0531,3.5471,0.6713074464883757,0.0,Merge
7185738.089,P87,FRAG0038,0.004871128871128871,0.005654012654012654,1322.930,1390.313,16.857,29.662,0.5161549103742126,0.0,Graze+Frag
7207451.305,P4,FRAG0058,0.06301797028971029,0.006194805194805196,3105.622,1433.297,1.2034,4.1984,0.5687241222666949,0.0,Merge
7214051.423,E0,P643,0.59850194032301,0.0024355585714285716,6576.816,1050.009,1.1401,9.0415,0.7433256666318274,0.0,Merge
7285674.98,E0,M4,0.6009374988944385,0.05243555857142857,6585.725,2921.028,1.0184,7.5429,0.6815193300049384,0.0,Merge
7310822.323,E0,P471,0.653373057465867,0.0024355585714285716,6771.958,1050.009,1.7574,14.376,0.21055317746186097,0.0,Merge
7358664.467,E0,E16,0.6558086160372956,0.04256,6780.362,2724.756,1.5911,12.184,0.7572795873318138,0.03703296703296703,Hit+Run+Frag
7360287.069,E0,FRAG0061,0.6558078434765231,0.006172161172161172,6780.359,1431.549,1.0583,8.4891,0.5631096692411227,0.0,Merge
7360359.969,M1,FRAG0032,0.10925872366633367,0.005536130536130537,3730.891,1380.583,2.918,12.354,0.944278180502994,0.0,Hit+Run
7360830.854,E0,FRAG0065,0.6619800046486842,0.006172161172161172,6801.564,1431.549,1.0505,8.4549,0.7252533708954347,0.0,Merge
7394115.844,M1,P680,0.10925872366633367,0.0024355585714285716,3730.891,1050.009,6.4017,27.644,0.8616109953147957,0.0,Hit+Run
7402607.072,M1,P190,0.10925872366633367,0.0024355585714285716,3730.891,1050.009,1.3121,5.6661,0.8266502376025386,0.0,Hit+Run
7454925.132,M1,P270,0.10925872366633367,0.0024355585714285716,3730.891,1050.009,6.0271,26.027,0.8831493192625253,0.0,Hit+Run
7503555.095,P175,FRAG0042,0.0024355585714285716,0.005568098568098569,1050.009,1383.235,5.5102,8.9284,0.8495893450627604,0.0,Hit+Run
7526633.291,P136,P175,0.0073066933066933066,0.0024355585714285716,1514.377,1050.009,5.7225,9.9650,0.6181199250394015,0.007328211788211789,Graze+Frag
7563477.329,M1,FRAG0032,0.10925872366633367,0.005536130536130537,3730.891,1380.583,1.1192,4.7386,0.5743622943787632,0.0,Merge
7588563.698,M1,P190,0.11479485420246421,0.0024355585714285716,3792.870,1050.009,1.0056,4.4202,0.8611117261146372,0.0,Graze+Merge
7605546.84,E11,P686,0.020565714285714288,0.0024355585714285716,2138.167,1050.009,2.6635,6.3916,0.9521291304769776,0.0,Hit+Run
7613587.527,M1,P838,0.11723041277389279,0.0024355585714285716,3819.506,1050.009,3.4803,15.414,0.30127683314811404,0.0,Merge
7678083.74,E4,P141,0.05983555857142857,0.0024355585714285716,3052.438,1050.009,3.311,11.524,0.9535781909697069,0.0,Hit+Run
7717673.343,P4,P477,0.06921277548451549,0.0024355585714285716,3204.222,1050.009,5.6612,20.756,0.8580279213328428,0.0,Hit+Run
7719143.527,P4,P477,0.06921277548451549,0.0024355585714285716,3204.222,1050.009,1.0145,3.7196,0.0199593924818472,0.0,Merge
7795073.195,M1,P680,0.11966597134532136,0.0024355585714285716,3845.776,1050.009,2.3856,10.643,0.5658157147664953,0.0,Merge
7800987.782,M1,P558,0.12210152991674994,0.0024355585714285716,3871.692,1050.009,4.4277,19.898,0.7145993927057135,0.0,Merge
7854249.817,P136,P329,0.009742257742257742,0.0024355585714285716,1666.788,1050.009,5.9505,11.255,0.9872021282046225,0.0,Hit+Run
7939328.768,P87,P136,0.010525141525141526,0.009742257742257742,1710.290,1666.788,8.288,18.139,0.14747556238526544,0.02017206793206793,Fragment
8007688.367,P87,FRAG0067,0.005527472527472528,0.00736996336996337,1379.863,1518.736,1.5501,2.9212,0.11072803167037447,0.0,Merge
8017629.339,P4,P381,0.07164833405594406,0.0024355585714285716,3241.374,1050.009,13.795,51.208,0.5744974688143859,0.027127539127539128,Fragment
8017789.778,P4,FRAG0072,0.046956353499833514,0.006781884781884782,2815.520,1477.215,1.0922,3.4525,0.282028439845344,0.0,Merge
8018009.961,P4,FRAG0069,0.053738238281718295,0.006781884781884782,2945.020,1477.215,1.2014,3.9707,0.6749476927283831,0.0,Hit+Run
8019768.672,P4,FRAG0069,0.053738238281718295,0.006781884781884782,2945.020,1477.215,1.1028,3.6448,0.5697264441333317,0.0,Merge
8020252.962,P4,FRAG0071,0.060520123063603076,0.006781884781884782,3064.035,1477.215,1.1065,3.8057,0.6657380343996799,0.0,Merge
8022746.208,P4,FRAG0070,0.06730200784548786,0.006781884781884782,3174.460,1477.215,1.2722,4.5359,0.5718111199677409,0.0,Merge
8072654.743,M1,P561,0.12453708848817852,0.0024355585714285716,3897.266,1050.009,5.5533,25.135,0.7732652243537557,0.0,Merge
8131985.012,E3,P289,0.4155377928571429,0.0024355585714285716,5823.678,1050.009,2.2444,15.636,0.3320341947444614,0.0,Merge
8184025.077,E4,P669,0.05983555857142857,0.0024355585714285716,3052.438,1050.009,1.9364,6.7402,0.7567017948003992,0.0,Hit+Run
8257470.951,P110,P224,0.0024355585714285716,0.0024355585714285716,1050.009,1050.009,8.8672,12.065,0.51975,0.0,Graze+Frag
8350227.896,E3,P652,0.41797335142857145,0.0024355585714285716,5835.033,1050.009,2.9737,20.760,0.6401122863646019,0.0,Merge
8400411.761,P87,P671,0.012897435897435899,0.0024355585714285716,1830.184,1050.009,22.234,45.833,0.595214682399266,0.009805527805527806,Fragment
8425103.275,M1,FRAG0041,0.1269726470596071,0.010312021312021313,3922.508,1698.667,1.5866,7.0052,0.5338240397436168,0.0,Merge
8465297.384,P87,P740,0.005527466663336665,0.0024355585714285716,1379.862,1050.009,10.844,17.539,0.23845051336215367,0.0,Fragment
8538927.24,P4,FRAG0068,0.07408389262737264,0.00736996336996337,3277.694,1518.736,8.2994,30.556,0.34523407044184506,0.07157242757242759,Fragment
8539549.687,P4,FRAG0085,0.009881428424908426,0.005964368964368965,1674.687,1415.300,1.1903,2.4081,0.28784140621932375,0.0,Merge
8539875.265,P4,FRAG0083,0.01584579738927739,0.005964368964368965,1960.191,1415.300,1.2586,2.8582,0.6557990101727108,0.0,Hit+Run
8539980.256,P4,FRAG0081,0.01584579738927739,0.005964368964368965,1960.191,1415.300,1.4666,3.3306,0.40644091669164994,0.0,Merge
8542405.281,P4,FRAG0077,0.021810166353646354,0.005964368964368965,2180.453,1415.300,1.3792,3.4246,0.9139005167058019,0.0,Hit+Run
8544486.194,P4,FRAG0083,0.021810166353646354,0.005964368964368965,2180.453,1415.300,1.3055,3.2416,0.7427753585780219,0.0,Hit+Run
8547136.552,P4,FRAG0082,0.021810166353646354,0.005964368964368965,2180.453,1415.300,1.6887,4.1931,0.597603980634044,0.0,Merge
8548357.363,P4,FRAG0074,0.02777453531801532,0.005964368964368965,2363.430,1415.300,1.2014,3.2072,0.8900240271108844,0.0,Hit+Run
8548979.495,P4,FRAG0075,0.02777453531801532,0.005964368964368965,2363.430,1415.300,1.271,3.3930,0.940373242980474,0.0,Hit+Run
8549091.048,P4,FRAG0075,0.02777453531801532,0.005964368964368965,2363.430,1415.300,0.9866,2.6338,0.7863234061024623,0.0,Perfect
8549304.707,P4,FRAG0083,0.03373890428238428,0.005964368964368965,2521.762,1415.300,1.1253,3.1926,0.33364618554547565,0.0,Merge
8550963.014,P4,FRAG0084,0.03970327324675325,0.005964368964368965,2662.375,1415.300,1.6277,4.8666,0.7588176933146328,0.0,Hit+Run
8552921.941,P4,FRAG0080,0.03970327324675325,0.005964368964368965,2662.375,1415.300,1.6472,4.9249,0.8184941149021028,0.0,Hit+Run
8553075.199,P4,FRAG0084,0.03970327324675325,0.005964368964368965,2662.375,1415.300,1.1288,3.3749,0.9601113560653654,0.0,Hit+Run
8553604.269,P4,FRAG0084,0.03970327324675325,0.005964368964368965,2662.375,1415.300,1.1299,3.3782,0.8328582426365047,0.0,Hit+Run
8554368.144,P4,FRAG0084,0.03970327324675325,0.005964368964368965,2662.375,1415.300,1.4591,4.3625,0.3745119849296794,0.0,Merge
8556164.21,P4,FRAG0078,0.04566764221112221,0.005964368964368965,2789.523,1415.300,1.1698,3.6623,0.7832885258372511,0.0,Hit+Run
8557241.837,P4,FRAG0076,0.04566764221112221,0.005964368964368965,2789.523,1415.300,1.2151,3.8041,0.848435416018684,0.0,Hit+Run
8557560.53,P4,FRAG0076,0.04566764221112221,0.005964368964368965,2789.523,1415.300,1.0088,3.1582,0.9751467808318584,0.0,Graze+Merge
8560045.925,P4,FRAG0077,0.051632011175491176,0.005964368964368965,2906.030,1415.300,1.3012,4.2441,0.7644137611703119,0.0,Hit+Run
8560121.008,P4,FRAG0077,0.051632011175491176,0.005964368964368965,2906.030,1415.300,1.0277,3.3520,0.8512988301799048,0.0,Graze+Merge
8561395.875,P87,FRAG0042,0.007963369963369965,0.005568098568098569,1558.449,1383.235,14.640,28.053,0.641247237704278,0.008003663003663003,Graze+Frag
8564129.477,P87,FRAG0086,0.00552780552780553,0.008003663003663003,1379.890,1561.073,1.0941,2.0967,0.7742214612324426,0.0,Hit+Run
8564202.275,P4,FRAG0078,0.05759638013986014,0.005964368964368965,3013.877,1415.300,1.624,5.4963,0.13200919395560098,0.0,Merge
8580322.11,P4,FRAG0079,0.06356074910422911,0.005964368964368965,3114.513,1415.300,1.1123,3.8932,0.27351088158409953,0.0,Merge
8592807.388,P4,P329,0.06952511806859808,0.0024355585714285716,3209.034,1050.009,5.7006,20.934,0.8136652612727863,0.0,Hit+Run
8593921.246,P4,P329,0.06952511806859808,0.0024355585714285716,3209.034,1050.009,1.0504,3.8574,0.1551381399167207,0.0,Merge
8620471.722,P87,FRAG0086,0.00552780552780553,0.008003663003663003,1379.890,1561.073,1.8067,3.4623,0.36592649997889953,0.0,Merge
8627063.755,M1,P328,0.1372846683716284,0.0024355585714285716,4025.945,1050.009,2.9285,13.726,0.8662679842875665,0.0,Hit+Run
8642286.817,M1,P328,0.1372846683716284,0.0024355585714285716,4025.945,1050.009,0.9955,4.6662,0.4829432115296642,0.0,Perfect
8664585.482,E3,P747,0.42040891,0.0024355585714285716,5846.345,1050.009,1.5985,11.182,0.8808062638153914,0.0,Hit+Run
8705764.691,P56,P852,0.0024355585714285716,0.0024355585714285716,1050.009,1050.009,16.061,21.854,0.9634,0.0,Hit+Run
8727037.027,P4,FRAG0074,0.07196067664002666,0.005964368964368965,3246.077,1415.300,1.0957,4.0024,0.28593249492163253,0.0,Merge
8758382.953,P4,P498,0.07792504560439563,0.0024355585714285716,3333.390,1050.009,4.8048,18.380,0.5099629286910862,0.0,Merge
8799386.608,E0,P777,0.6681521658208454,0.0024355585714285716,6822.637,1050.009,1.9607,16.167,0.544760835254411,0.0,Merge
8910045.682,P98,P720,0.0024355585714285716,0.0024355585714285716,1050.009,1050.009,9.1718,12.479,0.44339999999999996,0.0,Merge
8925233.793,E9,P611,0.07894000000000001,0.0024355585714285716,3347.800,1050.009,4.786,18.393,0.7267582855680826,0.0,Merge
8943584.676,E0,FRAG0024,0.6705877243922739,0.005843822843822844,6830.917,1405.700,1.3797,11.170,0.658492159951329,0.0,Merge
8949117.737,M1,FRAG0027,0.13972022694305697,0.005843822843822844,4049.613,1405.700,3.9777,18.357,0.6421849553820259,0.0,Merge
8984958.027,E3,P347,0.42040891,0.0024355585714285716,5846.345,1050.009,2.1638,15.137,0.3872495681529074,0.0,Merge
9003828.944,M1,FRAG0025,0.1455640497868798,0.005843822843822844,4105.303,1405.700,2.5481,11.932,0.9424833769247867,0.0,Hit+Run
9005351.056,M1,FRAG0025,0.1455640497868798,0.005843822843822844,4105.303,1405.700,1.016,4.7578,0.34505082215583394,0.0,Merge
9109832.236,M1,P270,0.15140787263070266,0.0024355585714285716,4159.521,1050.009,2.8717,13.942,0.9040786568675091,0.0,Hit+Run
9128052.585,M1,P270,0.15140787263070266,0.0024355585714285716,4159.521,1050.009,1.0472,5.0842,0.9845618579734396,0.0,Hit+Run
9128116.772,M1,P270,0.15140787263070266,0.0024355585714285716,4159.521,1050.009,1.0475,5.0857,0.8375682337313584,0.0,Hit+Run
9129753.227,M1,P270,0.15140787263070266,0.0024355585714285716,4159.521,1050.009,1.0801,5.2439,0.4210197613408439,0.0,Merge
9201830.243,E0,P390,0.6764315472360968,0.0024355585714285716,6850.702,1050.009,1.6078,13.315,0.20394176730404884,0.0,Merge
9283625.026,E15,P562,0.11915111714285716,0.0024355585714285716,3840.253,1050.009,3.6962,16.466,0.7784536350872824,0.0,Merge
9514358.894,P4,FRAG0080,0.0803606041758242,0.005964368964368965,3367.763,1415.300,2.4204,9.1867,0.785495842791497,0.0,Hit+Run
9514361.821,P4,FRAG0080,0.0803606041758242,0.005964368964368965,3367.763,1415.300,1.0468,3.9731,0.36585123692583527,0.0,Merge
9524229.071,P4,FRAG0073,0.08632497314019318,0.009805527805527806,3449.101,1670.388,7.0559,27.316,0.9749398499974204,0.0,Hit+Run
9524694.554,P4,FRAG0073,0.08632497314019318,0.009805527805527806,3449.101,1670.388,1.0664,4.1285,0.8608117243740613,0.0,Hit+Run
9527425.972,P4,FRAG0073,0.08632497314019318,0.009805527805527806,3449.101,1670.388,1.1532,4.4645,0.27238489486141737,0.0,Merge
9635307.761,P87,FRAG0063,0.013531468531468534,0.006172161172161172,1859.696,1431.549,12.090,26.429,0.7643907191142751,0.014175824175824175,Graze+Frag
9652337.717,M1,FRAG0039,0.15384343120213123,0.005654012654012654,4181.706,1390.313,5.3304,25.479,0.8498469532346242,0.0,Hit+Run
9657405.133,M1,FRAG0039,0.15384343120213123,0.005654012654012654,4181.706,1390.313,1.0508,5.0228,0.38980087205056846,0.0,Merge
9661412.166,E1,P110,0.2516755766666667,0.004871128871128871,4927.283,1322.930,2.5221,14.436,0.7910975371546511,0.0,Hit+Run
9729091.732,P87,FRAG0088,0.005527805527805532,0.007087912087912087,1379.890,1499.109,2.0418,3.8186,0.6738411049561107,0.0,Hit+Run
9729869.864,P87,FRAG0088,0.005527805527805532,0.007087912087912087,1379.890,1499.109,0.9973,1.8651,0.6781547616490512,0.0,Perfect
9745476.341,P87,FRAG0087,0.01261571761571762,0.007087912087912087,1816.761,1499.109,3.9364,8.5729,0.8848016396801375,0.0,Hit+Run
9762229.409,P87,FRAG0087,0.01261571761571762,0.007087912087912087,1816.761,1499.109,1.0969,2.3889,0.773085091082218,0.0,Hit+Run
9796716.521,P3,P110,0.008285381285381286,0.004871128871128871,1579.178,1322.930,12.634,24.034,0.6888377633351659,0.012969890109890109,Graze+Frag
9885934.174,E0,FRAG0018,0.6788671058075253,0.006531801531801532,6858.915,1458.830,1.6298,13.217,0.7499848624708686,0.0,Merge
9940617.389,P87,FRAG0087,0.01261571761571762,0.007087912087912087,1816.761,1499.109,1.3081,2.8488,0.5175451290122347,0.0,Merge
10042239.481,E0,P485,0.6853989073393268,0.0024355585714285716,6880.843,1050.009,2.2337,18.585,0.437185868195992,0.0,Merge
10330128.665,E1,P3,0.2516755766666667,0.005527805527805528,4927.283,1379.890,1.5614,8.9082,0.5215416935380263,0.0,Merge
10520564.074,M1,M3,0.1594974438561439,0.005528465664335659,4232.319,1379.945,3.781,18.317,0.37306297724935894,0.0,Merge
10580757.128,E3,E10,0.4228444685714286,0.1546333231968032,5857.613,4188.850,1.0661,7.2213,0.3130990623812785,0.03962703962703963,Fragment
10622628.655,E3,FRAG0091,0.5378507521411922,0.005661005661005661,6346.697,1390.886,1.0316,7.7245,0.4382557156076836,0.0,Merge
10726088.231,P87,P803,0.019703629703629707,0.0024355585714285716,2107.864,1050.009,29.571,69.955,0.29176192669642415,0.01661138861138861,Fragment
10748586.961,P87,FRAG0099,0.005527799663669668,0.005537129537129537,1379.890,1380.666,1.7111,3.0606,0.49521077471417274,0.0,Merge
10783326.553,E12,P239,0.09854,0.0024355585714285716,3604.663,1050.009,3.093,12.870,0.6072986998647218,0.0,Merge
10824535.724,P87,FRAG0097,0.011064929200799205,0.005537129537129537,1739.041,1380.666,6.2178,12.814,0.8352641364084545,0.0,Hit+Run
10829412.119,P4,FRAG0097,0.09613050094572098,0.005537129537129537,3575.040,1380.666,3.6854,14.913,0.19614830114038173,0.007188478188478189,Fragment
10830086.741,P4,FRAG0100,0.09447915229437233,0.007188478188478189,3554.450,1506.166,1.0591,4.2411,0.9953356394568017,0.0,Hit+Run
10834603.107,P4,FRAG0100,0.09447915229437233,0.007188478188478189,3554.450,1506.166,1.072,4.2928,0.5265705517611772,0.0,Merge
10985132.054,P4,P87,0.10166763048285052,0.011064929200799205,3642.403,1739.041,4.4497,18.195,0.3294880664825676,0.032723942723942724,Fragment
10985197.172,P4,FRAG0104,0.08000861695970701,0.006544788544788544,3362.839,1459.796,1.0769,4.0759,0.6049104779801978,0.0,Merge
10985527.22,P4,FRAG0102,0.08655340550449556,0.006544788544788544,3452.141,1459.796,1.1232,4.3687,0.5786907601745743,0.0,Merge
10985606.74,P4,FRAG0101,0.0930981940492841,0.006544788544788544,3537.047,1459.796,0.9934,3.9633,0.49599489915689976,0.0,Perfect
10989393.725,P4,FRAG0105,0.09964298259407264,0.006544788544788544,3618.062,1459.796,1.0933,4.4667,0.7028270652992885,0.0,Merge
11005529.987,P4,FRAG0103,0.10618777113886119,0.006544788544788544,3695.603,1459.796,1.0717,4.4773,0.5017171777512572,0.0,Merge
11033282.429,E3,E4,0.5435117578021978,0.05983555857142857,6368.886,3052.438,1.1393,8.1456,0.7717977478133901,0.008214119214119214,Hit+Run+Frag
11169725.648,E15,P452,0.12158667571428573,0.0024355585714285716,3866.243,1050.009,3.2831,14.732,0.8951826936267163,0.0,Hit+Run
11237370.081,E1,P472,0.2572033821944722,0.0024355585714285716,4963.096,1050.009,1.9611,11.513,0.8977656124519043,0.0,Hit+Run
11349038.926,M1,FRAG0035,0.16502590952047955,0.005654012654012654,4280.664,1390.313,3.8988,19.109,0.6833540132926708,0.0,Merge
11505037.829,E0,P755,0.6878344659107554,0.0024355585714285716,6888.983,1050.009,1.4805,12.333,0.6560983510758079,0.0,Merge
11893066.056,E0,P465,0.6902700244821839,0.0024355585714285716,6897.105,1050.009,2.3332,19.461,0.7074919799707503,0.0,Merge
11934479.805,E0,P704,0.6927055830536124,0.0024355585714285716,6905.207,1050.009,2.4268,20.267,0.6892866719244016,0.0,Merge
11956639.893,E3,P620,0.5435114855377956,0.0024355585714285716,6368.885,1050.009,2.2369,17.143,0.7425749608196619,0.0,Merge
11994981.104,E3,E9,0.5459470441092241,0.08137555857142859,6378.384,3381.882,1.0414,7.4591,0.20199843354409824,0.01584948384948385,Fragment
12443731.606,P4,P131,0.11273255968364973,0.0024355585714285716,3770.019,1050.009,12.168,53.143,0.42823094377665316,0.015375291375291375,Fragment
12443824.826,P4,FRAG0110,0.09979282687978693,0.007687645687645688,3619.875,1540.251,1.0667,4.3494,0.6307968852139634,0.0,Merge
12601376.492,P4,FRAG0109,0.10748047256743261,0.007687645687645688,3710.539,1540.251,1.2781,5.3478,0.9095458834096837,0.0,Hit+Run
12604039.203,P4,FRAG0109,0.10748047256743261,0.007687645687645688,3710.539,1540.251,0.9664,4.0435,0.1318633065373685,0.0,Perfect
12627049.044,P98,FRAG0062,0.004871117142857143,0.006172161172161172,1322.929,1431.549,4.8097,8.6040,0.40593526286960396,0.0,Fragment
13027885.567,M1,P443,0.1706799221744922,0.0024355585714285716,4329.004,1050.009,6.5452,33.173,0.9449904110396746,0.0,Hit+Run
13185582.471,E0,P534,0.6951411416250409,0.0024355585714285716,6913.291,1050.009,1.9541,16.340,0.7359255794916548,0.0,Merge
13247276.423,M1,P443,0.1706799221744922,0.0024355585714285716,4329.004,1050.009,1.3983,7.0871,0.1801131442605001,0.0,Merge
13497707.729,E3,P609,0.6114731188311688,0.0024355585714285716,6623.989,1050.009,1.5839,12.656,0.23340199549446752,0.0,Merge
13516748.03,P431,P845,0.0024355585714285716,0.0024355585714285716,1050.009,1050.009,15.238,20.734,0.3315,0.0,Merge
13941767.625,E0,P523,0.6975767001964694,0.0024355585714285716,6921.355,1050.009,2.5935,21.713,0.9144696448912911,0.0,Hit+Run
14233521.507,E15,E8,0.12158667571428573,0.11363999999999999,3866.243,3780.108,1.6546,8.1991,0.7625442441409168,0.008323769563769564,Hit+Run
14370982.99,E1,P503,0.2572033821944722,0.0024355585714285716,4963.096,1050.009,2.5341,14.877,0.4608920823693513,0.0,Merge
14464524.645,E0,P790,0.6975767001964694,0.0024355585714285716,6921.355,1050.009,3.1884,26.694,0.577230744325608,0.0,Merge
14835741.336,E15,P34,0.12158667571428573,0.0024355585714285716,3866.243,1050.009,5.5171,24.757,0.5434953523371903,0.0,Merge
14953256.68,E12,P169,0.10097555857142858,0.0024355585714285716,3634.120,1050.009,2.0916,8.7802,0.9668477390918103,0.0,Hit+Run
15350509.8,E0,E1,0.700012258767898,0.25963894076590077,6929.401,4978.713,1.091,8.7501,0.46139313659596604,0.05196203796203797,Fragment
15353746.768,E3,E12,0.6139086774025974,0.10097555857142858,6632.772,3634.120,1.0599,7.9017,0.6668373867113174,0.007445401265401265,Graze+Merge
15566648.093,M1,FRAG0037,0.17311548074592079,0.005654012654012654,4349.498,1390.313,3.4927,17.414,0.957148308012627,0.007445401265401265,Hit+Run
15572720.926,M1,FRAG0037,0.17311548074592079,0.005654012654012654,4349.498,1390.313,1.0651,5.3106,0.6038726044297859,0.0,Merge
15623017.384,E0,FRAG0117,0.9076891615717607,0.005773559773559774,7556.248,1400.044,1.2374,11.164,0.33392869866780744,0.0,Merge
15623050.131,E0,FRAG0036,0.9134627213453205,0.005654012654012654,7572.235,1390.313,1.9926,18.027,0.9240400138539122,0.0,Hit+Run
15640203.094,E0,FRAG0115,0.9134627213453205,0.005773559773559774,7572.235,1400.044,1.0252,9.2710,0.9974750572715348,0.0,Hit+Run
15650075.283,E0,FRAG0119,0.9134627213453205,0.005773559773559774,7572.235,1400.044,1.0056,9.0937,0.8210876412720842,0.0,Merge
15928339.736,E0,FRAG0114,0.9192362811188802,0.005773559773559774,7588.155,1400.044,1.0098,9.1522,0.9073841110267207,0.0,Graze+Merge
16236943.167,M1,P472,0.17876949339993345,0.0024355585714285716,4396.343,1050.009,5.3119,27.374,0.7295551825379437,0.0,Merge
16238683.692,M1,P857,0.18120505197136202,0.0024355585714285716,4416.219,1050.009,7.0933,36.732,0.8312582364759292,0.0,Hit+Run
16250771.97,M1,P857,0.18120505197136202,0.0024355585714285716,4416.219,1050.009,1.0425,5.3985,0.3345553850954246,0.0,Merge
16375010.215,E5,P571,0.0735,0.0024355585714285716,3269.060,1050.009,7.2464,27.146,0.8907079739543756,0.0,Hit+Run
16381670.721,E8,P817,0.11363999999999999,0.0024355585714285716,3780.108,1050.009,2.4866,10.890,0.5328022353381597,0.0,Merge
16556391.465,E17,P169,0.03218048618048618,0.0024355585714285716,2482.321,1050.009,5.1761,14.476,0.674773937814596,0.0,Merge
16592825.225,E0,FRAG0116,0.92500984089244,0.005773559773559774,7604.009,1400.044,1.1335,10.296,0.7395370264153419,0.0,Merge
16962562.983,E3,P467,0.714884235974026,0.0024355585714285716,6978.130,1050.009,1.9066,16.101,0.655991905855673,0.0,Merge
17375659.42,E0,P543,0.9307834006659997,0.0024355585714285716,7619.796,1050.009,2.4878,23.060,0.7772014512917992,0.0,Merge
17382232.217,E13,FRAG0118,0.02222,0.005773559773559774,2194.026,1400.044,5.5043,13.724,0.8339456487199918,0.0,Hit+Run
17407200.459,P153,P578,0.0024355585714285716,0.0024355585714285716,1050.009,1050.009,1.5742,2.1420,0.71635,0.0,Hit+Run
17589156.826,E3,E13,0.7173197945454545,0.02222,6986.046,2194.026,1.6053,12.872,0.8297195927103582,0.016692307692307694,Hit+Run+Frag
17628892.817,E3,E13,0.7173196813253413,0.005527805527805528,6986.045,1379.890,1.0442,8.6717,0.7573144680586297,0.0,Merge
17658357.874,E3,FRAG0120,0.7228474868531468,0.005564102564102565,7003.945,1382.904,1.0114,8.4211,0.7156060714636837,0.0,Merge
17859472.074,E8,P667,0.11607555857142857,0.0024355585714285716,3806.923,1050.009,3.051,13.464,0.995049537251678,0.0,Hit+Run
17901282.521,E15,P828,0.12402223428571431,0.0024355585714285716,3891.888,1050.009,9.6233,43.491,0.7257867610665686,0.0,Merge
17910168.577,P355,P523,0.0024355585714285716,0.0024355585714285716,1050.009,1050.009,7.4466,10.132,0.8925,0.0,Hit+Run
18154667.604,E3,FRAG0118,0.7284115894172494,0.005773559773559774,7021.870,1400.044,1.259,10.502,0.21611104983753443,0.0,Merge
18248543.568,E0,E17,0.9332189592374283,0.03461604475191475,7626.437,2543.429,1.597,13.918,0.8028486612522987,0.02908757908757909,Hit+Run+Frag
18248561.074,E0,FRAG0126,0.9332196193739584,0.005817515817515818,7626.439,1403.588,1.0475,9.5435,0.9610297684133987,0.0,Hit+Run
18305860.468,E0,FRAG0126,0.9332196193739584,0.005817515817515818,7626.439,1403.588,1.1186,10.191,0.7137413281361836,0.0,Merge
18372308.549,M1,FRAG0036,0.1836406105427906,0.005654012654012654,4435.917,1390.313,3.9645,20.189,0.6069641411212667,0.0,Merge
18654014.435,E0,P567,0.9390371351914741,0.0024355585714285716,7642.253,1050.009,2.1305,19.809,0.5433467059673536,0.0,Merge
18861087.346,E3,P2,0.7341851491908091,0.004871128871128871,7040.373,1322.930,2.5791,21.660,0.8324730661984555,0.0,Merge
19016107.982,E15,FRAG0111,0.12645779285714287,0.005773559773559774,3917.199,1400.044,4.5673,20.348,0.44813302503027524,0.009604728604728606,Fragment
19514775.027,E15,FRAG0096,0.12262662402597405,0.005661005661005661,3877.234,1390.886,2.898,12.776,0.7208929395486056,0.0,Merge
19579108.882,E3,FRAG0112,0.739056278061938,0.005773559773559774,7055.909,1400.044,1.3009,10.908,0.8416070671054867,0.0,Hit+Run
19705232.014,E3,E5,0.739056278061938,0.0735,7055.909,3269.060,1.0342,8.1967,0.44987106685879547,0.010372927072927073,Fragment
20088451.346,P424,P430,0.0024355585714285716,0.0024355585714285716,1050.009,1050.009,12.966,17.643,0.302,0.0,Merge
20557708.149,P4,FRAG0098,0.11516811825507829,0.005537129537129537,3796.976,1380.666,8.7494,37.742,0.898929108278199,0.0,Hit+Run
20558063.008,P4,FRAG0098,0.11516811825507829,0.005537129537129537,3796.976,1380.666,1.0759,4.6411,0.9340561308646942,0.0,Hit+Run
20571485.162,P4,FRAG0098,0.11516811825507829,0.005537129537129537,3796.976,1380.666,1.0149,4.3780,0.24515581734165598,0.0,Merge
20724420.87,M1,P685,0.18929462319680326,0.0024355585714285716,4480.982,1050.009,6.3737,33.526,0.5915780118136849,0.0,Merge
20971671.558,P37,FRAG0113,0.0024355585714285716,0.005773559773559774,1050.009,1400.044,20.015,32.733,0.2250400068154935,0.0,Fragment
21479778.003,E0,FRAG0093,0.9414726937629027,0.005661005661005661,7648.855,1390.886,1.3438,12.289,0.8877663814036897,0.0,Hit+Run
21563065.278,E0,FRAG0093,0.9414726937629027,0.005661005661005661,7648.855,1390.886,1.1526,10.540,0.8185524183853693,0.0,Merge
22132116.189,E0,P98,0.9471336994239083,0.011043290043290042,7664.155,1737.907,2.7417,24.727,0.9589504293818439,0.0,Hit+Run
22155667.688,E3,P116,0.8021836506893106,0.0024355585714285716,7251.343,1050.009,3.8137,33.544,0.9297676692522644,0.0,Hit+Run
22461767.782,M1,FRAG0089,0.19173018176823184,0.007628704628704629,4500.119,1536.305,4.5991,23.613,0.5544240288725691,0.010816849816849817,Fragment
22582873.593,M1,FRAG0130,0.18854203658008664,0.010816849816849817,4475.036,1725.946,1.1234,5.6908,0.3325435111212156,0.0,Merge
22913515.863,E0,P37,0.9471336994239083,0.00820912420912421,7664.155,1574.319,2.0385,18.520,0.5660299356390612,0.0,Merge
24273815.318,E0,FRAG0112,0.9553428236330326,0.005773559773559774,7686.234,1400.044,2.2187,20.386,0.837711258093135,0.0,Merge
24928456.965,E15,P521,0.1282876296869797,0.0024355585714285716,3936.003,1050.009,5.6946,26.050,0.9703414491701596,0.0,Hit+Run
26379568.703,M1,FRAG0115,0.19935888639693647,0.005773559773559774,4559.029,1400.044,6.3712,33.396,0.896034448678675,0.0,Hit+Run
26416979.419,M1,FRAG0115,0.19935888639693647,0.005773559773559774,4559.029,1400.044,1.1014,5.7733,0.9730756619487761,0.0,Hit+Run
26418117.126,M1,FRAG0115,0.19935888639693647,0.005773559773559774,4559.029,1400.044,1.0655,5.5851,0.6388223741860429,0.0,Merge
26605384.929,P521,P683,0.0024355585714285716,0.0024355585714285716,1050.009,1050.009,17.808,24.231,0.70605,0.0,Graze+Frag
26606767.859,P370,P832,0.0024355585714285716,0.0024355585714285716,1050.009,1050.009,13.052,17.760,0.85425,0.0,Graze+Frag
27358054.928,E3,P150,0.8021836506893106,0.0024355585714285716,7251.343,1050.009,2.1962,19.317,0.7880837948134093,0.0,Merge
28242734.216,E0,P521,0.9611163834065923,0.004871128871128871,7701.686,1322.930,1.3281,12.276,0.7659342868744181,0.0,Merge
29011204.706,P174,P650,0.0024355585714285716,0.0024355585714285716,1050.009,1050.009,37.622,51.193,0.8383,0.0,Graze+Frag
29132106.24,P195,FRAG0095,0.0024355585714285716,0.005661005661005661,1050.009,1390.886,8.165,13.285,0.7170568209322087,0.007552640692640693,Graze+Frag
29557419.413,E3,P660,0.8046192092607392,0.0024355585714285716,7258.674,1050.009,1.3135,11.565,0.5290673084054726,0.0,Merge
29714689.971,E0,P457,0.9659875122777212,0.0024355585714285716,7714.676,1050.009,2.2775,21.388,0.21600106600731875,0.0,Merge
30221627.627,E0,FRAG0129,0.9684230708491497,0.010372627372627374,7721.154,1701.989,2.4302,22.128,0.6296950826993318,0.0,Merge
30431912.694,E0,P174,0.978795698221777,0.004871128871128871,7748.623,1322.930,1.7916,16.667,0.42144606836698545,0.0,Merge
31676840.891,E0,P355,0.9836668270929059,0.0024355585714285716,7761.455,1050.009,5.3906,50.948,0.79583528944458,0.0,Merge
32025657.467,P424,P783,0.004871117142857143,0.0024355585714285716,1322.929,1050.009,15.179,23.797,0.9484860908242165,0.0,Hit+Run
32739032.319,E15,P98,0.1282876296869797,0.011043290043290042,3936.003,1737.907,2.039,9.0272,0.8506867517119623,0.0,Hit+Run
33176985.897,E3,P852,0.8070547678321677,0.0024355585714285716,7265.991,1050.009,2.4759,21.824,0.8815124528463526,0.0,Hit+Run
33460577.091,E0,P72,0.9861023856643344,0.0024355585714285716,7767.856,1050.009,1.7563,16.613,0.6010533914269323,0.0,Merge
34005511.906,E0,P373,0.9885379442357629,0.0024355585714285716,7774.246,1050.009,2.6219,24.823,0.611331925898031,0.0,Merge
34031144.512,E0,E17,0.9909735028071914,0.005527805527805528,7780.625,1379.890,2.3883,22.254,0.866947244299965,0.0,Hit+Run
34067428.514,E0,FRAG0125,0.9909735028071914,0.005817515817515818,7780.625,1403.588,1.9995,18.610,0.19442639541757134,0.0,Merge
35205039.088,E0,E17,0.9967910186247072,0.005527805527805528,7795.821,1379.890,1.4298,13.351,0.780881002911882,0.0,Merge
35314730.229,E3,FRAG0108,0.8070547678321677,0.007924741924741924,7265.991,1555.925,1.0802,9.2758,0.5294290453038217,0.0,Merge
37248948.287,E3,P370,0.8149795097569096,0.004871128871128871,7289.696,1322.930,1.7309,15.087,0.8463117434904565,0.0,Merge
37665178.265,E0,FRAG0066,1.0023188241525127,0.006172161172161172,7810.205,1431.549,1.8554,17.316,0.5813441916298844,0.0,Merge
40293084.89,E3,E11,0.8198506386280384,0.020565714285714288,7304.190,2138.167,1.2162,10.251,0.40836007880927233,0.0,Merge
40616469.713,E3,P852,0.8404163529137527,0.0024355585714285716,7364.761,1050.009,2.793,24.973,0.7681790607913893,0.0,Merge
41978900.829,E0,P783,1.008490985324674,0.0024355585714285716,7826.204,1050.009,2.1812,20.796,0.6223075414047863,0.0,Merge
43468505.928,E0,FRAG0064,1.0109265438961026,0.006172161172161172,7832.499,1431.549,1.8897,17.690,0.416226171908039,0.0,Merge
43862019.192,E0,P733,1.0170987050682638,0.0024355585714285716,7848.407,1050.009,4.5921,43.915,0.8229063569768095,0.0,Merge
43908682.838,E0,P625,1.0195342636396925,0.0024355585714285716,7854.667,1050.009,1.8688,17.886,0.9689685399239074,0.0,Hit+Run
44366644.135,E3,P510,0.8428519114851812,0.0024355585714285716,7371.869,1050.009,2.4825,22.220,0.8845144593170641,0.0,Hit+Run
48699424.541,M1,P168,0.20513244617049625,0.0024355585714285716,4602.621,1050.009,6.3928,34.610,0.6683315353656897,0.0,Merge
50978980.69,P307,P541,0.0024355585714285716,0.0024355585714285716,1050.009,1050.009,2.0756,2.8242,0.9625,0.0,Hit+Run
50981697.121,P350,P822,0.0024355585714285716,0.0024355585714285716,1050.009,1050.009,32.131,43.721,0.45405,0.0,Merge
52610129.3,P189,P402,0.0024355585714285716,0.0024355585714285716,1050.009,1050.009,9.3377,12.705,0.8072,0.0,Graze+Frag
53087796.709,E0,E16,1.0195342636396925,0.005527805527805528,7854.667,1379.890,1.9353,18.216,0.6503482294710164,0.0,Merge
53930454.649,E0,E15,1.025062069167498,0.1282876296869797,7868.837,3936.003,1.3208,11.663,0.5382610753868791,0.025772893772893775,Fragment
53931019.537,E0,FRAG0132,1.127576805081584,0.006443223443223444,8122.864,1452.206,1.0422,10.133,0.8860007536529915,0.0,Hit+Run
54132978.17,E0,FRAG0133,1.127576805081584,0.006443223443223444,8122.864,1452.206,1.0201,9.9183,0.6858785995101911,0.0,Merge
54645631.365,E0,FRAG0132,1.1340200285248074,0.006443223443223444,8138.307,1452.206,1.1627,11.327,0.7271472624973961,0.0,Merge
54685526.793,E3,FRAG0131,0.8428519114851812,0.006443223443223444,7371.869,1452.206,1.9374,16.981,0.9842163398967664,0.0,Hit+Run
54955989.734,E0,P452,1.1404632519680309,0.0024355585714285716,8153.691,1050.009,1.4002,13.940,0.4467666290800387,0.0,Merge
56558773.125,E0,FRAG0123,1.1428988105394595,0.005817515817515818,8159.491,1403.588,3.6099,35.347,0.8114202436698685,0.0,Merge
57122417.799,E0,FRAG0134,1.1487163263569753,0.006443223443223444,8173.312,1452.206,1.2183,11.923,0.9390524013247503,0.0,Hit+Run
57431755.599,E0,FRAG0134,1.1487163263569753,0.006443223443223444,8173.312,1452.206,1.0652,10.425,0.881056851084692,0.0,Hit+Run
57717080.154,E0,FRAG0134,1.1487163263569753,0.006443223443223444,8173.312,1452.206,1.1082,10.846,0.7369595615424096,0.0,Merge
60613116.728,E3,FRAG0127,0.8428519114851812,0.005817515817515818,7371.869,1403.588,1.1761,10.333,0.8205659803537241,0.0,Merge
61953006.069,E0,P625,1.1551595498001987,0.0024355585714285716,8188.565,1050.009,2.9756,29.758,0.2846053952951555,0.0,Merge
62526877.154,E0,P510,1.1575951083716274,0.0024355585714285716,8194.316,1050.009,1.2294,12.304,0.9851624694194064,0.0,Hit+Run
69239496.743,E0,P510,1.1575951083716274,0.0024355585714285716,8194.316,1050.009,2.2479,22.497,0.7437028179259331,0.0,Merge
78343084.443,M1,P4,0.20756800474192483,0.12070524779220783,4620.766,3856.878,12.415,69.022,0.9305691403763444,0.024968364968364968,Hit+Run+Frag
78344249.798,P4,FRAG0136,0.09573759573759574,0.006242091242091242,3570.162,1436.935,1.4686,5.9214,0.5354782750574328,0.0,Merge
78345613.393,M1,P4,0.20756729182817193,0.10197968697968698,4620.760,3646.126,1.1364,6.2127,0.20021520153794234,0.03244921744921745,Fragment
78345682.223,M1,FRAG0143,0.27709776135864145,0.00648984348984349,5087.895,1455.700,1.0481,6.1644,0.5403890425307345,0.0,Merge
78345988.851,M1,FRAG0139,0.28358760484848494,0.00648984348984349,5127.310,1455.700,1.1103,6.5847,0.9381490885708372,0.0,Hit+Run
78345994.446,M1,FRAG0139,0.28358760484848494,0.00648984348984349,5127.310,1455.700,1.0481,6.2159,0.554477655586201,0.0,Merge
78346564.656,M1,FRAG0137,0.29007744833832844,0.006242091242091242,5166.128,1436.935,1.1633,6.9623,0.5737218462980759,0.0,Merge
78347446.458,M1,FRAG0142,0.2963195395804197,0.00648984348984349,5202.921,1455.700,1.1403,6.8701,0.809823436470735,0.0,Hit+Run
78347449.138,M1,FRAG0142,0.2963195395804197,0.00648984348984349,5202.921,1455.700,1.0443,6.2918,0.736451745343176,0.0,Merge
78351682.532,M1,FRAG0138,0.30280938307026317,0.006242091242091242,5240.631,1436.935,1.5188,9.2313,0.6402492551101227,0.0,Merge
78357720.08,M1,FRAG0141,0.3090514743123544,0.00648984348984349,5276.396,1455.700,0.9898,6.0542,0.9160671122414478,0.0,Perfect
78361001.206,M1,FRAG0135,0.3155413178021979,0.006242091242091242,5313.074,1436.935,1.4925,9.2066,0.9254181731269535,0.0,Hit+Run
78362652.043,M1,FRAG0135,0.3155413178021979,0.006242091242091242,5313.074,1436.935,1.0962,6.7620,0.8545772820991185,0.0,Hit+Run
78363410.335,M1,FRAG0135,0.3155413178021979,0.006242091242091242,5313.074,1436.935,1.0955,6.7577,0.6633068763239633,0.0,Merge
78375863.069,M1,FRAG0140,0.32178340904428915,0.00648984348984349,5347.881,1455.700,1.1339,7.0368,0.07585277593924561,0.0,Merge
108861977.968,E0,FRAG0124,1.160030666943056,0.005817515817515818,8200.059,1403.588,2.5595,25.195,0.8003975183009232,0.0,Merge
