time_yr,target,projectile,Mt_Mearth,Mp_Mearth,Rt_km,Rp_km,vimp/vesc,vimp_km/s,b,m_frag_Mearth,Regime
51277.65,E2,P72,0.16370862097180577,0.0025,4269.244,1059.189,2.3297,11.624,0.867079524063761,0.0,Hit+Run
68518.947,E2,P78,0.16370862097180577,0.0024999999999999905,4269.244,1059.189,1.7889,8.9262,0.9837370538213693,0.0,Hit+Run
103217.36,E36,P377,0.1075,0.0025,3710.764,1059.189,1.1372,4.8790,0.788369925729156,0.0,Hit+Run
104090.938,E2,P11,0.16370862097180577,0.0025,4269.244,1059.189,2.3907,11.929,0.5900178908894415,0.0,Merge
141766.763,E20,P169,0.3475292054686963,0.0025,5486.865,1059.189,1.3067,8.5368,0.7419694689671081,0.0,Merge
173072.937,E20,P123,0.3500292054686963,0.0025,5499.990,1059.189,1.4404,9.4343,0.44860710014275734,0.0,Merge
196644.805,E36,P365,0.1075,0.0025,3710.764,1059.189,1.7478,7.4987,0.9448925515992034,0.0,Hit+Run
203260.526,E65,P381,0.08750000000000001,0.0025,3464.680,1059.189,1.334,5.3159,0.7142470332536653,0.0,Merge
215834.044,ICE2,K78,7.9547119547119545,0.02,15578.84,2118.379,1.0017,18.997,0.775367157797193,0.0,Merge
231354.759,E35,P592,0.027500000000000004,0.0025,2355.617,1059.189,1.2818,3.3943,0.23723060678446325,0.0,Merge
238494.572,E21,P344,0.015239881761929558,0.0025,1934.881,1059.189,8.2044,17.842,0.47989603326801,0.012211788211788211,Fragment
302152.246,URANUS,K497,15.94942390942391,0.02,19644.55,2118.379,1.0003,24.208,0.5867297205477382,0.0,Merge
306140.327,E16,FRAG1013,0.3959350899258692,0.0073218296360147515,5730.623,1515.422,1.498,9.9841,0.9984634511302611,0.0,Hit+Run
327318.723,E16,P78,0.3959350899258692,0.0024999999999999905,5730.623,1059.189,1.2604,8.6261,0.735801881714892,0.0,Merge
335787.761,E2,P157,0.16620862097180578,0.0025,4290.866,1059.189,1.7744,8.9022,0.9578556738291618,0.0,Hit+Run
366422.456,E20,FRAG0002,0.3525292054686963,0.006105894105894106,5513.053,1426.407,1.0901,7.0014,0.8829515307056395,0.0,Hit+Run
387445.279,URANUS,K308,15.96942390942391,0.02,19652.76,2118.379,1.0001,24.214,0.16672828466831452,0.0,Merge
444260.031,E56,P146,0.027500000000000004,0.0025,2355.617,1059.189,2.0384,5.3978,0.6596100791139976,0.0,Merge
472079.557,E68,P388,0.025,0.0025,2281.955,1059.189,1.7102,4.3835,0.43021287317803586,0.0,Merge
486436.27,E56,P537,0.030000000000000002,0.0025,2424.939,1059.189,3.4074,9.2976,0.6937686361891897,0.0,Merge
491589.64,E2,P28,0.16620862097180578,0.0025,4290.866,1059.189,2.7245,13.668,0.6656788154385032,0.0,Merge
504704.293,E65,E48,0.09000000000000001,0.027500000000000004,3497.368,2355.617,1.002,4.0110,0.6740800923092161,0.0,Graze+Merge
535651.192,NEPTUNE,K646,16.08942390942391,0.02,19701.86,2118.379,0.9998,24.270,0.13850743243351374,0.0,Perfect
603231.654,E16,P238,0.3984350899258692,0.0025,5742.659,1059.189,1.4701,10.083,0.7790163414480067,0.0,Merge
684791.56,E20,P55,0.3525292054686963,0.0025,5513.053,1059.189,1.1507,7.5560,0.6518617153392778,0.0,Merge
726574.735,E30,P120,0.19672803608496087,0.0025000000000000022,4538.885,1059.189,1.3691,7.2970,0.6081765248557517,0.0,Merge
771629.361,E30,P385,0.19922803608496087,0.0025,4558.031,1059.189,1.1121,5.9542,0.8415431958781145,0.0,Hit+Run
773014.998,E38,P328,0.09,0.0025,3497.368,1059.189,1.0422,4.1952,0.8604958718646242,0.0,Hit+Run
801048.348,E20,P196,0.3550292054686963,0.0025,5526.055,1059.189,1.2884,8.4816,0.9724152398047329,0.0,Hit+Run
835829.739,E59,P233,0.030000000000000002,0.0025,2424.939,1059.189,4.3728,11.931,0.5329240015349745,0.0,Merge
867471.182,E2,P157,0.16870862097180578,0.0025,4312.273,1059.189,2.0477,10.328,0.9285319582477691,0.0,Hit+Run
906702.883,E78,P560,0.025,0.0025,2281.955,1059.189,1.7843,4.5734,0.961507672424256,0.0,Hit+Run
1064741.308,E20,P42,0.3550292054686963,0.002500000000000014,5526.055,1059.189,1.0071,6.6297,0.8294228710933702,0.0,Merge
1068217.249,E16,P109,0.4009350899258692,0.0025,5754.645,1059.189,1.559,10.717,0.7343388656305467,0.0,Merge
1115291.462,NEPTUNE,K633,16.10942390942391,0.02,19710.02,2118.379,1.0017,24.327,0.7681421698751437,0.0,Merge
1234712.908,E16,P81,0.4034350899258692,0.002500000000000014,5766.581,1059.189,2.3279,16.038,0.3077696980901595,0.0,Merge
1314694.239,E63,P380,0.027500000000000004,0.0025,2355.617,1059.189,1.5515,4.1085,0.6075973203133331,0.0,Merge
1318221.279,E59,P2,0.0325,0.007500000000000013,2490.510,1527.616,2.7441,7.7352,0.8114047376649538,0.0,Hit+Run
1358423.922,E73,P435,0.025,0.0025,2281.955,1059.189,1.9573,5.0168,0.3907362831324882,0.0,Merge
1374711.975,E59,P149,0.0325,0.0024999999999999905,2490.510,1059.189,3.5928,10.079,0.6475873402671903,0.0,Merge
1382657.3,E36,P345,0.1075,0.0025000000000000022,3710.764,1059.189,1.4228,6.1043,0.8137309476146605,0.0,Hit+Run
1402184.183,E2,FRAG0001,0.16870862097180578,0.006105894105894106,4312.273,1426.407,2.7299,13.461,0.982507575104377,0.0,Hit+Run
1411632.81,E36,P450,0.1075,0.0025000000000000022,3710.764,1059.189,1.3612,5.8400,0.985345715342953,0.0,Hit+Run
1413735.884,E20,P148,0.3575292054686963,0.0025,5538.995,1059.189,1.1403,7.5254,0.5376821640930897,0.0,Merge
1424275.731,P2,FRAG0001,0.007500000000000013,0.006105894105894106,1527.616,1426.407,4.1931,8.0398,0.7365492058940437,0.0,Hit+Run
1468360.098,E20,P315,0.3600292054686963,0.0025,5551.876,1059.189,1.5022,9.9385,0.2375752614077099,0.0,Merge
1523329.325,E42,P213,0.030000000000000002,0.0025,2424.939,1059.189,5.7692,15.742,0.620549875628292,0.00608957708957709,Fragment
1525820.751,E42,FRAG0003,0.02641042291042291,0.00608957708957709,2324.086,1425.135,1.0733,2.8232,0.7228478699439511,0.0,Graze+Merge
1529053.368,E16,P311,0.4059350899258692,0.0025,5778.468,1059.189,1.4989,10.349,0.9908734512808441,0.0,Hit+Run
1592336.658,NEPTUNE,K985,16.12942390942391,0.02,19718.17,2118.379,0.9998,24.291,0.3148723680412865,0.0,Perfect
1643231.8,E2,FRAG0001,0.16870862097180578,0.006105894105894106,4312.273,1426.407,1.1253,5.5489,0.42523979866276634,0.0,Merge
1712062.026,E45,P50,0.032499999999999994,0.0025,2490.510,1059.189,1.9176,5.3796,0.6944549830947613,0.0,Merge
1740014.535,E16,P91,0.4059350899258692,0.0025,5778.468,1059.189,1.8715,12.922,0.2361194390514864,0.0,Merge
1746075.245,E20,P403,0.3625292054686963,0.0025,5564.696,1059.189,1.3855,9.1890,0.3464553447651509,0.0,Merge
1796874.533,E20,P201,0.3650292054686963,0.0025,5577.459,1059.189,2.2145,14.723,0.8988108976126407,0.0,Hit+Run
1834656.831,E63,P480,0.030000000000000002,0.0025,2424.939,1059.189,1.054,2.8760,0.7339971947483139,0.0,Graze+Merge
1944693.576,E60,P303,0.030000000000000002,0.0025000000000000022,2424.939,1059.189,3.1096,8.4850,0.9779437306475025,0.0,Hit+Run
2173619.905,E20,P367,0.3650292054686963,0.0025,5577.459,1059.189,1.5904,10.573,0.650219720881627,0.0,Merge
2201109.29,E2,P25,0.17481451507769988,0.0025000000000000022,4363.681,1059.189,1.3085,6.6848,0.5326987993686915,0.0,Merge
2236036.401,E59,P134,0.03499999999999999,0.0024999999999999905,2552.798,1059.189,3.5104,10.105,0.8722089396285125,0.0,Hit+Run
2325429.04,NEPTUNE,K987,16.14942390942391,0.02,19726.32,2118.379,1.0033,24.387,0.7344306196494106,0.0,Merge
2354052.064,E68,P291,0.0275,0.0025,2355.617,1059.189,2.2839,6.0480,0.6056658120289582,0.0,Merge
2382310.06,E20,P346,0.36752920546869633,0.0025,5590.163,1059.189,1.6252,10.831,0.5383892848549828,0.0,Merge
2393607.878,E20,E36,0.37002920546869633,0.1075,5602.809,3710.764,1.0317,6.6001,0.2617451179065824,0.026570762570762574,Fragment
2425089.172,E57,P524,0.027500000000000004,0.0025,2355.617,1059.189,1.5926,4.2173,0.6932045267743737,0.0,Hit+Run
2443114.038,E20,P106,0.45095844289793374,0.0025,5984.658,1059.189,1.4295,10.247,0.1197127370778734,0.0,Merge
2494913.954,E20,P114,0.45345844289793374,0.0025,5995.697,1059.189,2.1004,15.086,0.6488714412218852,0.0,Merge
2552743.519,E2,P311,0.17731451507769988,0.0025,4384.384,1059.189,1.3215,6.7857,0.5655685971280807,0.0,Merge
2601820.845,E16,P116,0.4084350899258692,0.002500000000000014,5790.306,1059.189,1.6513,11.427,0.6701187393277682,0.0,Merge
2670520.384,E20,FRAG1013,0.45595844289793375,0.0073218296360147515,6006.695,1515.422,1.3113,9.1941,0.6225400613831522,0.0,Merge
2804799.82,E20,P216,0.4632802725339485,0.0025,6038.676,1059.189,1.8056,13.067,0.4833244140522514,0.0,Merge
2821222.753,E16,P141,0.4109350899258692,0.0025,5802.096,1059.189,1.9003,13.178,0.6056388272126545,0.0,Merge
2839820.395,E57,P519,0.027500000000000004,0.0025,2355.617,1059.189,1.5105,3.9999,0.3046264494213986,0.0,Merge
2891918.654,E2,P122,0.17981451507769988,0.0025,4404.893,1059.189,3.4556,17.833,0.3110948854941197,0.0,Merge
3188306.363,E20,P190,0.4657802725339485,0.0025,6049.519,1059.189,1.7138,12.427,0.35359095317731737,0.0,Merge
3191369.628,E20,FRAG1004,0.4682802725339485,0.0056221668801626585,6060.323,1387.698,1.0174,7.2505,0.9005021842208379,0.0,Graze+Merge
3201696.509,E2,E42,0.18231451507769988,0.0325,4425.213,2490.510,1.5991,7.9624,0.6785257515594313,0.013670329670329672,Hit+Run+Frag
3204607.074,P0,FRAG1012,0.0025,0.007020034332071728,1059.189,1494.308,2.8033,4.8359,0.9243392745044569,0.0,Hit+Run
3210613.06,E42,P53,0.01882983682983683,0.0025,2076.232,1059.189,6.1343,14.294,0.05621958405695666,0.01584213786213786,Fragment
3214411.875,E56,P316,0.0325,0.0025,2490.510,1059.189,4.3562,12.220,0.9125158122984911,0.0,Hit+Run
3225081.255,E2,E42,0.1823143485775334,0.005527639027639024,4425.212,1379.877,1.6279,8.2732,0.7461380096037348,0.0,Merge
3228847.708,E2,P234,0.18784198760517243,0.0025,4469.491,1059.189,3.1888,16.716,0.9652523481191975,0.0,Hit+Run
3250765.854,E2,FRAG0010,0.18784198760517243,0.007901098901098903,4469.491,1554.376,1.3738,6.9965,0.9500102499356317,0.0,Hit+Run
3258666.8,E16,FRAG0008,0.4134350899258692,0.006835164835164836,5813.838,1481.074,1.1781,7.9890,0.794580707641555,0.0,Merge
3283545.691,E20,FRAG1015,0.47390243941411114,0.006000057701697699,6084.480,1418.117,1.4283,10.205,0.1817413130676159,0.0,Merge
3314944.892,E68,P701,0.03,0.0025,2424.939,1059.189,2.1023,5.7364,0.7440195345969539,0.0,Hit+Run
3322577.533,E16,P176,0.420270254761034,0.0025,5845.702,1059.189,1.7138,11.980,0.9131459779297678,0.0,Hit+Run
3326444.866,E45,E63,0.034999999999999996,0.0325,2552.798,2490.510,1.8123,5.9235,0.23678882888054803,0.02076188478188478,Fragment
3427608.969,E51,E58,0.027500000000000004,0.027500000000000004,2355.617,2355.617,1.124,3.4311,0.6399,0.0,Hit+Run
3457578.454,E2,P93,0.18784198760517243,0.0025,4469.491,1059.189,4.5347,23.771,0.47858407879946807,0.0,Merge
3522616.866,E50,E88,0.052500000000000005,0.027500000000000004,2922.224,2355.617,1.0067,3.5016,0.6863945438696696,0.0,Graze+Merge
3528511.88,E20,P271,0.47990249711580885,0.0025,6110.051,1059.189,1.3063,9.5734,0.9613482953953758,0.0,Hit+Run
3649763.047,E60,P431,0.030000000000000002,0.0025,2424.939,1059.189,1.3802,3.7661,0.6027323825640432,0.0,Merge
3689113.593,E38,E45,0.09,0.04673876123876124,3497.368,2811.164,2.2388,9.3122,0.6198046140139156,0.024085248085248086,Hit+Run+Frag
3710298.783,P51,P470,0.0025000000000000022,0.0025000000000000022,1059.189,1059.189,6.3141,8.6666,0.99615,0.0,Hit+Run
3721045.911,E2,P157,0.19034198760517243,0.0025,4489.232,1059.189,3.2204,16.962,0.7138695338388878,0.0,Merge
3760187.164,E20,P292,0.47990249711580885,0.0025,6110.051,1059.189,1.151,8.4353,0.7447892511932792,0.0,Merge
3801944.168,E45,P196,0.022653013653013657,0.0025,2208.187,1059.189,2.6735,6.6272,0.8545177601696908,0.0,Hit+Run
3877630.841,E30,E52,0.19922803608496087,0.030000000000000002,4558.031,2424.939,1.1478,5.8753,0.7298885765849307,0.0,Hit+Run
3904651.466,E60,P210,0.0325,0.0025,2490.510,1059.189,2.7102,7.6032,0.5683052498552805,0.0,Merge
3993351.782,URANUS,K703,15.989423909423909,0.02,19660.96,2118.379,1.0028,24.290,0.9208794064593667,0.0,Graze+Merge
4082437.031,E60,P482,0.035,0.0025,2552.798,1059.189,2.2951,6.6069,0.7479610410897451,0.0,Hit+Run
4123536.795,E57,E61,0.030000000000000002,0.025,2424.939,2281.955,1.2225,3.7335,0.9440319359019548,0.0,Hit+Run
4169214.946,E20,P230,0.48240249711580885,0.0025,6120.642,1059.189,1.0853,7.9685,0.43536004006938334,0.0,Merge
4184597.925,E35,P510,0.030000000000000002,0.0025,2424.939,1059.189,1.8357,5.0090,0.608300349146621,0.0,Merge
4263699.779,E90,P993,0.027500000000000004,0.0025,2355.617,1059.189,6.4889,17.183,0.535303724526733,0.011030969030969033,Fragment
4374165.809,E16,P268,0.420270254761034,0.0025,5845.702,1059.189,2.1306,14.894,0.6503604118724714,0.0,Merge
4383546.913,E30,P385,0.19922803608496087,0.0025,4558.031,1059.189,1.0618,5.6848,0.38916605606319915,0.0,Merge
4386906.676,E65,P548,0.11750000000000002,0.0025000000000000022,3822.432,1059.189,1.1267,4.9908,0.8608576942406739,0.0,Hit+Run
4387584.858,E59,P341,0.03499999999999999,0.0025,2552.798,1059.189,6.9854,20.109,0.5769258223958793,0.010173926073926073,Fragment
4408128.441,E59,P248,0.02732617382617382,0.0025,2350.643,1059.189,2.8341,7.4886,0.37143360701649464,0.0,Merge
4471043.89,E20,P387,0.48490249711580885,0.0025,6131.197,1059.189,1.6485,12.125,0.9360017911622825,0.0,Hit+Run
4494208.06,E2,FRAG0010,0.19284198760517243,0.007901098901098903,4508.800,1554.376,2.1713,11.162,0.6019738158067323,0.0,Merge
4581429.17,E65,P479,0.11750000000000002,0.0025,3822.432,1059.189,1.1439,5.0670,0.999296515726713,0.0,Hit+Run
4599876.361,E30,P140,0.20172803608496087,0.0025,4577.017,1059.189,1.1817,6.3551,0.2303853952472379,0.0,Merge
4607622.025,P5,P434,0.005000000000000013,0.0025,1334.495,1059.189,7.9853,12.628,0.9177117228623662,0.0,Hit+Run
4638636.333,E16,P605,0.422770254761034,0.0025,5857.271,1059.189,1.0382,7.2732,0.43672547011550256,0.0,Merge
4738908.776,E44,P527,0.06,0.0025,3055.232,1059.189,1.2368,4.3066,0.6611070029694772,0.0,Merge
4949612.434,E73,P702,0.0275,0.0025,2355.617,1059.189,1.7736,4.6966,0.7379741295086328,0.0,Hit+Run
5058280.294,P13,P433,0.0025,0.0025,1059.189,1059.189,5.1736,7.1012,0.8097,0.0,Hit+Run
5059032.261,E38,P258,0.09000049950049947,0.0025,3497.374,1059.189,3.2779,13.194,0.8537418338042154,0.0,Hit+Run
5076493.929,E16,P100,0.42527025476103403,0.0024999999999999905,5868.793,1059.189,2.8954,20.326,0.378067092464587,0.0,Merge
5087539.193,E20,P244,0.48490249711580885,0.0025000000000000022,6131.197,1059.189,1.3083,9.6234,0.8797240119724214,0.0,Hit+Run
5130059.476,E16,P2,0.42777025476103403,0.007500000000000013,5880.271,1527.616,1.8533,12.692,0.4884160197240674,0.0,Merge
5141396.78,P36,P234,0.0025000000000000022,0.0025,1059.189,1059.189,20.601,28.276,0.77475,0.0,Graze+Frag
5181295.321,E20,FRAG0017,0.48490249711580885,0.006021312021312022,6131.197,1419.790,1.2878,9.2770,0.7999557042391678,0.0,Merge
5315323.772,E2,FRAG1005,0.20074308650627135,0.006079355247686624,4569.556,1424.337,1.3537,7.1043,0.7883653050629205,0.0,Hit+Run
5374680.756,E30,P51,0.20422803608496087,0.0025000000000000022,4595.847,1059.189,1.3272,7.1692,0.7780787456927512,0.0,Merge
5420312.341,P40,FRAG0009,0.0024999999999999905,0.006835164835164836,1059.189,1481.074,15.205,26.042,0.6119729826471205,0.0,Graze+Frag
5425514.944,E56,P420,0.0325,0.0025,2490.510,1059.189,2.1937,6.1542,0.982817276539848,0.0,Hit+Run
5462278.771,E2,P139,0.20074308650627135,0.0025,4569.556,1059.189,2.1128,11.342,0.8453532625115657,0.0,Hit+Run
5492939.304,E20,P89,0.49092380913712086,0.002499999999999968,6156.471,1059.189,1.0574,7.8121,0.7160134840918664,0.0,Merge
5517422.872,E64,P223,0.025,0.0025,2281.955,1059.189,2.7038,6.9302,0.9189576454374458,0.0,Hit+Run
5537650.23,P70,FRAG1006,0.0025,0.005703559098474326,1059.189,1394.362,10.177,16.626,0.8482402575395189,0.0,Hit+Run
5566797.633,E16,P175,0.43527025476103404,0.0025,5914.438,1059.189,3.1619,22.382,0.8053699480918591,0.0,Merge
5573060.906,P40,P95,0.009334998334998335,0.0025,1643.230,1059.189,5.0671,9.4738,0.8733549216373484,0.0,Hit+Run
5648950.331,E16,P167,0.43777025476103404,0.0025,5925.740,1059.189,1.2568,8.9146,0.6158250269726582,0.0,Merge
5741432.532,E2,P70,0.20074308650627135,0.0025,4569.556,1059.189,2.0949,11.246,0.8638628701032913,0.0,Hit+Run
5788684.042,E20,FRAG1007,0.4934238091371208,0.005865070099990179,6166.904,1407.402,1.2745,9.2448,0.9351755467842381,0.0,Hit+Run
5844183.631,E2,P108,0.20074308650627135,0.0025,4569.556,1059.189,3.0993,16.638,0.4707772562474379,0.0,Merge
5847070.602,E16,P274,0.44027025476103404,0.0025000000000000022,5936.998,1059.189,1.2358,8.7834,0.8934959111199571,0.0,Hit+Run
5959931.705,E2,FRAG1006,0.20324308650627135,0.005703559098474326,4588.447,1394.362,2.4952,13.174,0.9786134959495846,0.0,Hit+Run
6003712.926,E2,P112,0.20324308650627135,0.0025,4588.447,1059.189,3.0139,16.252,0.508433921567689,0.0,Merge
6058125.545,E20,P52,0.4934238091371208,0.0025,6166.904,1059.189,1.0107,7.4805,0.476721259178158,0.0,Merge
6140291.722,E2,P96,0.20574308650627135,0.0025,4607.184,1059.189,3.3893,18.356,0.5339460144070404,0.0,Merge
6146491.615,E56,E52,0.0325,0.030000000000000002,2490.510,2424.939,1.2285,3.9137,0.9551232964818293,0.0,Hit+Run
6292625.07,E58,P317,0.027500000000000004,0.0025,2355.617,1059.189,1.3004,3.4435,0.4165159650376823,0.0,Merge
6363899.675,E2,FRAG0011,0.20824308650627135,0.007901098901098903,4625.770,1554.376,1.0465,5.5292,0.8540255828883387,0.0,Hit+Run
6405867.23,E20,P244,0.4959238091371208,0.0025000000000000022,6177.302,1059.189,1.2743,9.4485,0.41588957137297744,0.0,Merge
6417478.32,E44,P424,0.0625,0.0025,3097.090,1059.189,1.2207,4.3129,0.27488921192236765,0.0,Merge
6523951.199,E57,E75,0.030000000000000002,0.030000000000000002,2424.939,2424.939,1.0333,3.2470,0.5516,0.0,Graze+Merge
6527084.247,E2,P40,0.20824308650627135,0.009334998334998335,4625.770,1643.230,1.1971,6.3008,0.8808072865111866,0.0,Hit+Run
6544509.277,E20,P391,0.4984238091371208,0.0025000000000000022,6187.664,1059.189,1.1974,8.8942,0.6630078671033701,0.0,Merge
6544824.649,E2,P40,0.20824308650627135,0.009334998334998335,4625.770,1643.230,1.0601,5.5797,0.2908722730524501,0.0,Merge
6637391.517,E65,P368,0.11750000000000002,0.0025,3822.432,1059.189,1.3406,5.9383,0.21345261729125684,0.0,Merge
6721442.634,E38,P265,0.09000049950049947,0.0025,3497.374,1059.189,1.8759,7.5512,0.9902883340593353,0.0,Hit+Run
6993562.925,P0,P448,0.0025,0.0025,1059.189,1059.189,6.8504,9.4027,0.72695,0.0,Graze+Frag
7097559.602,P72,P117,0.0025,0.0024999999999999905,1059.189,1059.189,19.888,27.298,0.9910500000000007,0.0,Hit+Run
7199056.752,E45,P562,0.022653013653013657,0.0025,2208.187,1059.189,1.0202,2.5289,0.9137203509565185,0.0,Graze+Merge
7205823.37,E30,P174,0.20672803608496088,0.0025,4614.524,1059.189,1.5879,8.6150,0.3486687048523432,0.0,Merge
7239821.168,E20,P420,0.5009238091371209,0.0025,6197.992,1059.189,1.2991,9.6668,0.9483364903138903,0.0,Hit+Run
7240931.886,E59,FRAG0005,0.029826173826173818,0.0066426906426906435,2420.247,1467.039,2.3929,6.5481,0.6764611419581182,0.0,Hit+Run
7524922.796,P0,P801,0.005,0.0025,1334.495,1059.189,7.1742,11.345,0.590511060601311,0.007222077922077922,Graze+Frag
7527259.418,E20,P258,0.5009238091371209,0.0025,6197.992,1059.189,1.1061,8.2306,0.4852708877848996,0.0,Merge
7529918.018,E59,P277,0.029826173826173818,0.0025,2420.247,1059.189,2.3342,6.3565,0.9684641397915218,0.0,Hit+Run
7689657.249,E16,P102,0.44027025476103404,0.0025,5936.998,1059.189,1.6575,11.780,0.9030002839991894,0.0,Hit+Run
7730985.756,E16,P117,0.44027025476103404,0.0024999999999999905,5936.998,1059.189,1.0044,7.1387,0.8628612806788608,0.0,Graze+Merge
7837540.424,E21,FRAG0006,0.005528093550141345,0.0066426906426906435,1379.914,1467.039,3.818,7.0528,0.9479250624078087,0.0,Hit+Run
8015749.349,E2,P387,0.2175780848412697,0.0025,4693.882,1059.189,3.0775,17.005,0.8521986035979426,0.0,Hit+Run
8142905.363,E67,FRAG0002,0.025,0.006105894105894106,2281.955,1426.407,2.4426,6.3203,0.961244289879766,0.0,Hit+Run
8244063.143,E20,P192,0.5034238091371208,0.0025,6208.286,1059.189,1.8077,13.475,0.8371710376543102,0.0,Merge
8295593.516,E2,P251,0.2175780848412697,0.0025,4693.882,1059.189,3.1088,17.178,0.37816568000732065,0.0,Merge
8325619.466,E2,P387,0.2200780848412697,0.0025,4711.792,1059.189,1.0682,5.9268,0.7248556625172393,0.0,Merge
8390838.913,E20,E38,0.5059238091371208,0.09000049950049947,6218.546,3497.374,1.0311,7.2145,0.9928249948992615,0.0,Hit+Run
8400921.094,E20,P263,0.5059238091371208,0.0025,6218.546,1059.189,1.4337,10.706,0.31427098517402835,0.0,Merge
8447715.501,P83,P133,0.002500000000000014,0.0025,1059.189,1059.189,12.582,17.270,0.23975000000000024,0.0,Merge
8495519.097,E2,P139,0.2225780848412697,0.0025,4729.566,1059.189,1.9042,10.608,0.6947991941419857,0.0,Merge
8612103.502,E21,P508,0.005528093550141345,0.0025,1379.914,1059.189,12.616,20.449,0.8029639351838304,0.0,Graze+Frag
8694963.124,E16,P159,0.44277025476103404,0.0025,5948.215,1059.189,1.8303,13.035,0.6936778076767164,0.0,Merge
8770937.742,E2,P95,0.2250780848412697,0.0025,4747.207,1059.189,2.14,11.969,0.7749862282229905,0.0,Merge
8803420.308,E30,P340,0.20922803608496088,0.0025,4633.051,1059.189,1.5992,8.7138,0.6212681351599656,0.0,Merge
8804642.794,E20,P520,0.5084238091371207,0.0025,6228.772,1059.189,1.3116,9.8114,0.7766348442804986,0.0,Merge
8894673.927,E16,P277,0.44527025476103405,0.0025,5959.389,1059.189,1.2594,8.9871,0.2911521703272562,0.0,Merge
8900021.736,E51,P618,0.027500000000000004,0.0025,2355.617,1059.189,1.4693,3.8908,0.6086320568942482,0.0,Merge
8963015.618,E20,P282,0.5109238091371207,0.0025,6238.965,1059.189,1.1694,8.7629,0.2526992198203489,0.0,Merge
8988510.562,E2,P278,0.2275780848412697,0.0025,4764.719,1059.189,2.3354,13.114,0.9685031965225162,0.0,Hit+Run
9165229.956,E16,P521,0.44777025476103405,0.0025,5970.521,1059.189,2.6639,19.047,0.36249262720708025,0.0,Merge
9175128.196,E65,P444,0.12000000000000002,0.0025,3849.351,1059.189,1.1501,5.1331,0.6087860599829303,0.0,Merge
9255601.492,E20,E54,0.5134238091371206,0.025,6249.124,2281.955,1.1671,8.2837,0.9713850956058984,0.0,Hit+Run
9297920.325,E20,P640,0.5134238091371206,0.0025,6249.124,1059.189,1.3423,10.076,0.26490085878717273,0.0,Merge
9383235.349,E30,P449,0.21172803608496088,0.0025,4651.431,1059.189,1.1118,6.0838,0.9663498797963501,0.0,Hit+Run
9459277.701,E2,P56,0.2275780848412697,0.0025,4764.719,1059.189,1.1899,6.6818,0.9974650255112787,0.0,Hit+Run
9464514.231,E16,P290,0.45027025476103405,0.0025000000000000022,5981.612,1059.189,1.6133,11.558,0.2997261888245077,0.0,Merge
9490252.022,E44,E57,0.065,0.060000000000000005,3137.846,3055.232,1.0015,4.0198,0.46917626255486394,0.007818514818514819,Fragment
9492641.53,E16,P105,0.45277025476103405,0.0025000000000000022,5992.662,1059.189,2.5744,18.480,0.7789264552147541,0.0,Merge
9503970.951,E38,P194,0.09000049950049947,0.0025,3497.374,1059.189,1.3557,5.4572,0.6666907820213445,0.0,Merge
9518502.922,E65,P479,0.12250000000000003,0.0025,3875.899,1059.189,1.1883,5.3430,0.5711252443908826,0.0,Merge
9535624.279,E16,P420,0.45527025476103405,0.0025,6003.671,1059.189,1.8934,13.618,0.6531660353663766,0.0,Merge
9767104.878,E45,P465,0.025153013653013655,0.0025,2286.601,1059.189,2.2833,5.8646,0.5494063293642372,0.0,Merge
9880735.862,E35,P740,0.0325,0.0025,2490.510,1059.189,2.0529,5.7592,0.9971301494991662,0.0,Hit+Run
9882627.357,E35,P740,0.0325,0.0025,2490.510,1059.189,1.0667,2.9925,0.7781572254499896,0.0,Hit+Run
9890788.601,P12,P261,0.0025,0.0024999999999999905,1059.189,1059.189,2.5689,3.5260,0.8828000000000005,0.0,Hit+Run
10189999.37,E16,P231,0.45777025476103406,0.0024999999999999905,6014.641,1059.189,1.571,11.321,0.8484808705514134,0.0,Merge
10257175.165,E35,P384,0.0325,0.0025,2490.510,1059.189,2.1203,5.9483,0.3086388634707875,0.0,Merge
10344826.634,E16,P259,0.46027025476103406,0.0025,6025.570,1059.189,1.5347,11.081,0.8591724898775707,0.0,Hit+Run
10462187.164,E16,FRAG0020,0.46027025476103406,0.010173826173826174,6025.570,1691.045,1.1962,8.3445,0.4903779387059592,0.0,Merge
10640519.595,E16,E54,0.47044408093486023,0.025,6069.643,2281.955,1.5624,10.751,0.742389665314866,0.019472527472527472,Hit+Run+Frag
10640686.527,E16,E54,0.47044374793452726,0.005527805527805528,6069.642,1379.890,1.049,7.4913,0.9051259130069963,0.0,Hit+Run
10710869.844,E20,E38,0.5159238091371205,0.09250049950049948,6259.251,3529.462,1.0156,7.1535,0.8924601662193772,0.0,Graze+Merge
10713422.775,E20,P154,0.60842430863762,0.0025,6612.962,1059.189,1.5173,12.096,0.9119362934149373,0.0,Hit+Run
10738846.302,E65,E84,0.12500000000000003,0.025,3902.089,2281.955,1.4241,6.2662,0.8952529176947472,0.0,Hit+Run
10837591.702,E30,E60,0.21172803608496088,0.035,4651.431,2552.798,1.0953,5.7267,0.5607494910609474,0.0,Merge
10845908.224,E62,P650,0.027500000000000004,0.0025,2355.617,1059.189,1.7278,4.5753,0.5901447633152321,0.0,Merge
10876057.819,E64,P37,0.025,0.002500000000000014,2281.955,1059.189,3.6029,9.2348,0.9899198894812585,0.0,Hit+Run
10959564.019,E68,P572,0.03,0.0025,2424.939,1059.189,2.2903,6.2494,0.5320888065475878,0.0,Merge
10994777.37,E35,P370,0.035,0.0025,2552.798,1059.189,1.4346,4.1298,0.32030231864487624,0.0,Merge
11006115.976,E51,P421,0.030000000000000002,0.0025,2424.939,1059.189,3.0183,8.2359,0.5673757947646744,0.0,Merge
11197745.289,E16,P237,0.47044374793452726,0.0025,6069.642,1059.189,1.7134,12.468,0.9416723683221506,0.0,Hit+Run
11242518.531,E16,P269,0.47044374793452726,0.0025,6069.642,1059.189,1.2807,9.3196,0.6374594052104829,0.0,Merge
11243068.733,E16,P360,0.47294374793452726,0.0025000000000000022,6080.374,1059.189,1.5102,11.010,0.7074615208868482,0.0,Merge
11272361.594,E20,P296,0.60842430863762,0.0025,6612.962,1059.189,1.9568,15.600,0.9155564563944673,0.0,Hit+Run
11339856.035,E2,FRAG0007,0.2275780848412697,0.0066426906426906435,4764.719,1467.039,1.705,9.3387,0.8832504248531646,0.0,Hit+Run
11392476.068,P102,P195,0.0025,0.0025,1059.189,1059.189,5.6464,7.7501,0.86235,0.0,Hit+Run
11405288.204,E16,P102,0.47544374793452726,0.0025,6091.069,1059.189,1.0689,7.8076,0.9795617745329981,0.0,Hit+Run
11464457.355,P36,FRAG0007,0.005,0.0066426906426906435,1334.495,1467.039,11.759,21.417,0.7015124097171832,0.01145858807858808,Graze+Frag
11468381.787,P101,P320,0.0024999999999999996,0.0025,1059.189,1059.189,7.4023,10.160,0.8984,0.0,Hit+Run
11585654.903,E30,P476,0.24672803608496088,0.0025,4894.782,1059.189,1.061,6.1329,0.316920951730432,0.0,Merge
11594164.794,P72,P227,0.0025,0.0025,1059.189,1059.189,12.119,16.634,0.7828,0.0,Graze+Frag
11864649.091,P36,P312,0.0055278055278055295,0.0024999999999999905,1379.890,1059.189,10.225,16.573,0.8145555939910213,0.0,Graze+Frag
11923582.615,E20,FRAG0018,0.60842430863762,0.006021312021312022,6612.962,1419.790,1.292,10.095,0.9809021719124655,0.0,Hit+Run
11991727.098,E65,E68,0.12500000000000003,0.0325,3902.089,2490.510,1.4227,6.3091,0.637631451787683,0.0,Hit+Run
12041984.703,E21,P154,0.008027639027639028,0.0025,1562.631,1059.189,3.1225,5.5901,0.8648102506559145,0.0,Hit+Run
12083507.502,P60,FRAG0024,0.0025000000000000022,0.006490842490842491,1059.189,1455.774,5.8892,9.9482,0.8218418355156422,0.0,Hit+Run
12099891.75,P5,FRAG1006,0.005000000000000013,0.005703559098474326,1334.495,1394.362,7.831,13.856,0.6159341932444768,0.010433732933732934,Graze+Frag
12112767.341,P36,P153,0.008027639027639028,0.002500000000000014,1562.631,1059.189,9.2015,16.473,0.7847065306778609,0.0,Graze+Frag
12255166.724,E20,P398,0.60842430863762,0.0025,6612.962,1059.189,1.3345,10.639,0.8784066886759571,0.0,Hit+Run
12372054.643,E20,FRAG0024,0.60842430863762,0.006490842490842491,6612.962,1455.774,1.2274,9.5730,0.7419642807503672,0.0,Merge
12384650.323,P121,P185,0.0025,0.0025,1059.189,1059.189,12.721,17.461,0.5466,0.0,Graze+Frag
12389609.78,E51,FRAG0019,0.0325,0.011030969030969033,2490.510,1737.261,1.3735,3.9375,0.3033190808717377,0.0,Merge
12541958.581,E20,P29,0.6149151511284625,0.0025,6636.395,1059.189,1.4386,11.512,0.7988077274773954,0.0,Merge
12555778.855,E2,P36,0.2275780848412697,0.01052780552780553,4764.719,1710.434,1.8518,10.032,0.276899038344704,0.0,Merge
12645999.835,E2,P56,0.23810589036907523,0.0025,4837.087,1059.189,3.0718,17.531,0.4756464226479412,0.0,Merge
12689760.735,E16,P301,0.47544374793452726,0.0025,6091.069,1059.189,1.8544,13.545,0.9157569420149343,0.0,Hit+Run
12742190.179,E20,P358,0.6174151511284625,0.0025,6645.376,1059.189,1.4103,11.302,0.30033099532950175,0.0,Merge
12772968.873,E20,P345,0.6199151511284624,0.0025000000000000022,6654.334,1059.189,1.8891,15.160,0.08031588415963983,0.0,Merge
12821760.121,E76,P393,0.052500000000000005,0.0025000000000000022,2922.224,1059.189,4.2966,14.267,0.5385111732047851,0.0,Merge
12866455.422,E2,P237,0.24060589036907523,0.0025,4853.957,1059.189,3.218,18.434,0.5821648516573081,0.0,Merge
13096334.168,P70,FRAG0025,0.0025,0.006114885114885115,1059.189,1427.107,7.0746,11.765,0.6099199422654173,0.0,Graze+Frag
13233322.093,E16,P362,0.47544374793452726,0.0025,6091.069,1059.189,1.6553,12.090,0.45949701816079586,0.0,Merge
13260169.917,E2,P70,0.24310589036907523,0.008614718614718615,4870.710,1599.831,1.6466,9.1756,0.7605801867560684,0.0,Hit+Run
13266469.444,E20,P154,0.6224151511284624,0.0025,6663.267,1059.189,1.3069,10.503,0.7276354052933695,0.0,Merge
13350482.97,E65,P427,0.12500000000000003,0.0025,3902.089,1059.189,1.079,4.8869,0.8879683160056225,0.0,Hit+Run
13479328.451,E20,P243,0.6249151511284623,0.0025,6672.176,1059.189,1.2001,9.6588,0.3254376545186521,0.0,Merge
13536115.487,E30,P377,0.24922803608496089,0.0025,4911.258,1059.189,1.1286,6.5472,0.8713744395128957,0.0,Hit+Run
13540320.798,E30,E65,0.24922803608496089,0.12500000000000003,4911.258,3902.089,1.0342,6.0208,0.9184075826092931,0.0,Graze+Merge
13566748.086,E16,E39,0.47794374793452726,0.03250000000000001,6101.727,2490.510,1.1848,8.1587,0.9400178306640448,0.0,Hit+Run
13594151.423,E30,P579,0.3742280360849609,0.0025,5623.922,1059.189,1.6506,11.071,0.3771658860736985,0.0,Merge
13939243.171,E16,E39,0.47794374793452726,0.03250000000000001,6101.727,2490.510,1.2258,8.4410,0.38333582004415745,0.0,Merge
13955661.877,E73,P647,0.0275,0.0025,2355.617,1059.189,2.4922,6.5996,0.48184233451278746,0.0,Merge
14148541.912,E44,P724,0.11718148518148518,0.0025,3818.975,1059.189,1.6818,7.4424,0.5151292784300895,0.0,Merge
14199566.146,E20,P156,0.6274151511284622,0.0025,6681.062,1059.189,1.8921,15.249,0.5931623228854337,0.0,Merge
14225875.95,E16,P119,0.5104437479345273,0.0025,6237.010,1059.189,1.1548,8.6506,0.9289436828591585,0.0,Hit+Run
14289084.609,E2,P60,0.24310589036907523,0.0025000000000000022,4870.710,1059.189,1.622,9.3261,0.2119164280429556,0.0,Merge
14553751.867,E16,P296,0.5104437479345273,0.0025,6237.010,1059.189,1.8568,13.909,0.751224540808529,0.0,Merge
14657209.698,E20,E54,0.6299151511284622,0.005527805527805528,6689.924,1379.890,1.2821,10.164,0.9978743771340939,0.0,Hit+Run
14691803.145,E16,P284,0.5129437479345272,0.0025,6247.176,1059.189,1.4278,10.714,0.3202094507934121,0.0,Merge
14719368.037,E59,FRAG1005,0.029826173826173818,0.006079355247686624,2420.247,1424.337,3.545,9.6789,0.23575562409185793,0.015965367965367967,Fragment
14791428.055,E16,P304,0.5154437479345272,0.0024999999999999905,6257.309,1059.189,1.8473,13.886,0.3637304591389542,0.0,Merge
14816125.036,E30,P261,0.3767280360849609,0.0024999999999999905,5636.417,1059.189,1.1803,7.9360,0.7307737321833834,0.0,Merge
14867019.578,P83,P104,0.005000000000000014,0.0025,1334.495,1059.189,5.4279,8.5839,0.6172156299015404,0.0,Graze+Frag
14876210.278,E16,P168,0.5179437479345271,0.0025,6267.409,1059.189,2.0264,15.258,0.9319934357890797,0.0,Hit+Run
14919159.699,E2,P259,0.24560589036907524,0.0025,4887.350,1059.189,1.6527,9.5375,0.8596878424245804,0.0,Hit+Run
14921444.297,E20,P5,0.6299151511284622,0.010703629703629704,6689.924,1719.904,1.4011,10.925,0.5606605116161862,0.0,Merge
15071820.268,E16,P168,0.5179437479345271,0.0025,6267.409,1059.189,1.1014,8.2935,0.1635586460971749,0.0,Merge
15101595.868,E21,P357,0.008027639027639028,0.0025,1562.631,1059.189,6.1176,10.952,0.6911925897213398,0.0,Graze+Frag
15117373.195,E2,P450,0.24560589036907524,0.0025000000000000022,4887.350,1059.189,1.9158,11.055,0.8993847093357729,0.0,Hit+Run
15144907.125,E16,P172,0.5204437479345271,0.0025,6277.476,1059.189,1.3574,10.238,0.9386268012781576,0.0,Hit+Run
15223760.79,E20,P32,0.6406187808320919,0.0024999999999999905,6727.603,1059.189,1.9166,15.561,0.34680001157265183,0.0,Merge
15266919.039,E64,P758,0.025,0.0025,2281.955,1059.189,3.3116,8.4881,0.6181706167859029,0.0,Merge
15278638.053,E54,P434,0.005527805527805528,0.0025,1379.890,1059.189,1.3389,2.1701,0.896079042451992,0.0,Hit+Run
15393783.62,E20,P503,0.6431187808320918,0.0025,6736.343,1059.189,1.1173,9.0843,0.8958421380371034,0.0,Hit+Run
15486627.227,E20,P503,0.6431187808320918,0.0025,6736.343,1059.189,1.0328,8.3972,0.6369492041546725,0.0,Merge
15537458.138,E16,P450,0.5204437479345271,0.0025000000000000022,6277.476,1059.189,1.0159,7.6627,0.5269829051114104,0.0,Merge
15600589.051,E2,FRAG0026,0.24560589036907524,0.007982683982683984,4887.350,1559.708,1.2774,7.1576,0.8444948548368942,0.0,Hit+Run
15650744.664,E2,FRAG0026,0.24560589036907524,0.007982683982683984,4887.350,1559.708,1.045,5.8554,0.9365250840803403,0.0,Hit+Run
15662068.958,E2,P177,0.24560589036907524,0.0025000000000000022,4887.350,1059.189,1.795,10.358,0.9535466871711263,0.0,Hit+Run
15773754.044,E30,E35,0.3792280360849609,0.037500000000000006,5648.858,2612.187,1.017,6.4533,0.5244704602119533,0.0,Merge
15926892.558,E2,FRAG0018,0.24560589036907524,0.006021312021312022,4887.350,1419.790,1.7412,9.8258,0.5816336238895645,0.0,Merge
16018374.227,E2,P177,0.2516272023903873,0.0025000000000000022,4926.967,1059.189,1.0403,6.0557,0.8303853650010043,0.0,Graze+Merge
16633562.776,E20,P161,0.6456187808320918,0.0025,6745.061,1059.189,1.9235,15.660,0.4518457868566949,0.0,Merge
16646897.407,E2,P172,0.2541272023903873,0.0025,4943.231,1059.189,1.8005,10.518,0.9260702129113917,0.0,Hit+Run
16811058.044,E30,P361,0.4167280360849609,0.0025,5829.233,1059.189,1.0693,7.4528,0.5567388105677165,0.0,Merge
16833344.268,P65,FRAG0012,0.0025000000000000022,0.006920412920412921,1059.189,1487.206,3.5306,6.0670,0.7159858718835648,0.0,Hit+Run
16850178.271,E16,FRAG0026,0.5229437479345271,0.007982683982683984,6287.512,1559.708,1.0378,7.6265,0.5788963535476753,0.0,Merge
16850562.616,E20,P325,0.6481187808320917,0.0025,6753.756,1059.189,1.8459,15.049,0.9964301089112725,0.0,Hit+Run
16968169.413,E2,P271,0.2541272023903873,0.0025,4943.231,1059.189,1.6636,9.7183,0.700996856585306,0.0,Merge
17066274.577,E2,P72,0.2566272023903873,0.005,4959.387,1334.495,2.8191,16.238,0.18698514637473032,0.0,Merge
17351787.578,E2,P398,0.2616272023903873,0.0025,4991.389,1059.189,2.6539,15.665,0.546195458078656,0.0,Merge
17480233.124,E20,P452,0.6481187808320917,0.0025,6753.756,1059.189,1.2899,10.516,0.7275054911596486,0.0,Merge
17511517.059,E30,P565,0.4192280360849609,0.0025,5840.866,1059.189,1.0375,7.2466,0.8933066677774711,0.0,Hit+Run
17522095.311,E2,P220,0.2641272023903873,0.0025,5007.237,1059.189,3.1618,18.727,0.8141759180832138,0.0,Merge
17596150.092,P65,P134,0.0025000000000000022,0.0024999999999999905,1059.189,1059.189,12.425,17.055,0.5746000000000004,0.0,Graze+Frag
17760759.073,E16,P176,0.5309264319172111,0.0025,6319.343,1059.189,1.8441,14.008,0.6414809007106128,0.0,Merge
17791589.931,E30,P652,0.4192280360849609,0.0025,5840.866,1059.189,1.4655,10.236,0.6607743626145115,0.0,Merge
18005308.878,E30,P320,0.4217280360849609,0.0025,5852.454,1059.189,1.2963,9.0734,0.8215195844514958,0.0,Merge
18220581.215,E20,P83,0.6506187808320917,0.0075001665001665,6762.429,1527.627,1.008,8.0240,0.8105070691171528,0.0,Merge
18251777.709,E16,P469,0.5334264319172111,0.0025,6329.246,1059.189,2.5232,19.199,0.8985320145792499,0.0,Hit+Run
18273445.369,E2,P404,0.2666272023903873,0.0025,5022.986,1059.189,4.7202,28.052,0.7792753269119115,0.0,Merge
18491796.774,E56,P432,0.0325,0.0025,2490.510,1059.189,3.2783,9.1969,0.5883713364551089,0.0,Merge
18508225.446,E50,E68,0.08000000000000002,0.0325,3362.718,2490.510,1.1174,4.3766,0.4760361754513922,0.006501165501165501,Fragment
18520744.138,E20,P187,0.6581189473322582,0.002500000000000014,6788.314,1059.189,1.6547,13.563,0.8797339261658246,0.0,Hit+Run
18980874.678,E59,P278,0.019940161108492477,0.0025,2116.265,1059.189,8.4359,20.035,0.8853051022814853,0.0,Hit+Run
19002253.48,E59,P278,0.019940161108492477,0.0025,2116.265,1059.189,1.0628,2.5241,0.8251917928673103,0.0,Hit+Run
19036824.193,E59,P278,0.019940161108492477,0.0025,2116.265,1059.189,1.0421,2.4750,0.9806733348443281,0.0,Hit+Run
19041631.716,E59,P278,0.019940161108492477,0.0025,2116.265,1059.189,1.0488,2.4909,0.9282241391581245,0.0,Hit+Run
19268352.589,E20,P426,0.6581189473322582,0.0025,6788.314,1059.189,1.0549,8.6472,0.8190089294924316,0.0,Merge
19400655.9,E62,P225,0.030000000000000002,0.0025,2424.939,1059.189,3.1019,8.4640,0.5691157843217299,0.0,Merge
19524222.981,E59,P259,0.019940161108492477,0.0025,2116.265,1059.189,5.9858,14.216,0.9882041596378999,0.0,Hit+Run
19808946.234,E20,FRAG1009,0.6606189473322581,0.007247092790640773,6796.899,1510.248,1.3571,10.871,0.31165196316772203,0.0,Merge
19901786.93,E20,P493,0.6678660401228989,0.0025,6821.663,1059.189,3.5733,29.443,0.512348397678061,0.0,Merge
20037844.004,E21,P262,0.01052780552780553,0.0025,1710.434,1059.189,4.6833,9.0747,0.5674225053886087,0.006344322344322345,Fragment
20094230.642,E20,P353,0.6703660401228988,0.0025,6830.164,1059.189,1.2431,10.256,0.9530980249928664,0.0,Hit+Run
20340556.336,E16,P186,0.5334264319172111,0.0025000000000000022,6329.246,1059.189,2.3009,17.507,0.1351781408147637,0.0,Merge
20420259.221,E45,P530,0.027653013653013654,0.0025,2359.978,1059.189,3.1682,8.4057,0.7735295480359968,0.0,Hit+Run
20505761.171,E20,P299,0.6703660401228988,0.0025000000000000022,6830.164,1059.189,2.5158,20.757,0.8649652436827804,0.0,Merge
20615657.439,E16,P330,0.535926431917211,0.0025,6339.119,1059.189,3.0333,23.119,0.8656588924735178,0.0,Hit+Run
20861045.114,E16,P274,0.535926431917211,0.0025000000000000022,6339.119,1059.189,2.4695,18.821,0.42121935221219575,0.0,Merge
21170540.524,E45,P353,0.027653013653013654,0.0025,2359.978,1059.189,2.1213,5.6281,0.7283891603840345,0.0,Hit+Run
21193150.778,E16,P399,0.538426431917211,0.0025,6348.960,1059.189,2.4844,18.966,0.5594650731467407,0.0,Merge
21257416.243,E16,P330,0.5409264319172109,0.0025,6358.772,1059.189,1.4543,11.120,0.8770144238190235,0.0,Hit+Run
21300763.677,E20,P324,0.6728660401228987,0.0025,6838.644,1059.189,1.0533,8.7021,0.19993367000042944,0.0,Merge
21438962.54,E2,P217,0.2691272023903873,0.0025,5038.636,1059.189,2.0928,12.479,0.6941749803160722,0.0,Merge
21460715.172,E20,P561,0.6753660401228987,0.0025,6847.104,1059.189,1.3849,11.456,0.7327497214004989,0.0,Merge
21891653.222,E16,P281,0.5409264319172109,0.0025,6358.772,1059.189,1.9795,15.137,0.6697403668554424,0.0,Merge
21927344.642,E20,P13,0.6778660401228986,0.0025,6855.542,1059.189,1.1795,9.7703,0.6653089280030574,0.0,Merge
22131129.004,E20,P482,0.6803660401228986,0.0025,6863.959,1059.189,1.004,8.3274,0.8618122098060308,0.0,Merge
22858763.362,E16,P408,0.5434264319172109,0.0025,6368.553,1059.189,2.2188,16.994,0.2917735038567947,0.0,Merge
23311378.415,E59,P278,0.019940161108492477,0.0025,2116.265,1059.189,8.7894,20.875,0.48497178781258415,0.01691208791208791,Fragment
23352618.024,E2,E59,0.2716272023903873,0.005528073196404564,5054.190,1379.913,1.5887,9.3157,0.7912657762305522,0.0,Hit+Run
23391271.678,E20,P221,0.6828660401228985,0.0025,6872.356,1059.189,1.4309,11.883,0.9217386427409897,0.0,Hit+Run
23509480.456,E20,P273,0.6828660401228985,0.002500000000000014,6872.356,1059.189,1.2901,10.714,0.997813706505474,0.0,Hit+Run
23562099.218,E20,FRAG0023,0.6828660401228985,0.006490842490842491,6872.356,1455.774,1.5127,12.295,0.6703907775303726,0.0,Merge
23566344.808,E16,P221,0.5459264319172108,0.0025,6378.304,1059.189,1.0844,8.3194,0.5409663793531582,0.0,Merge
23631954.005,E2,FRAG0031,0.2716272023903873,0.005637362637362637,5054.190,1388.947,1.7007,9.9674,0.7801155923015572,0.0,Merge
23709293.991,E20,P273,0.6893568826137411,0.002500000000000014,6894.062,1059.189,1.0204,8.5028,0.3500231456949204,0.0,Merge
23795285.059,P102,P301,0.0025,0.0025,1059.189,1059.189,19.936,27.364,0.8257999999999999,0.0,Graze+Frag
23910177.308,E73,P328,0.03,0.0025,2424.939,1059.189,3.0197,8.2397,0.8496021009190848,0.0,Hit+Run
24000512.313,E16,P102,0.5484264319172107,0.005,6388.025,1334.495,1.5825,11.968,0.7013780437017348,0.0,Merge
24223880.651,E54,P121,0.005527805527805528,0.005,1379.890,1334.495,8.7648,15.421,0.92120272543147,0.0,Hit+Run
24250011.973,E2,P259,0.27726456502774993,0.0025,5088.916,1059.189,2.0605,12.418,0.6175625945016148,0.0,Merge
24260418.909,E30,P328,0.4242280360849609,0.0025,5863.995,1059.189,1.235,8.6625,0.9832072312663656,0.0,Hit+Run
24497871.362,E16,P402,0.5534264319172107,0.0025,6407.380,1059.189,1.6461,12.690,0.661284506876247,0.0,Merge
24724534.091,E52,P570,0.030000000000000002,0.0025,2424.939,1059.189,1.5778,4.3053,0.5186560871671189,0.0,Merge
24733685.769,E44,P727,0.11968148518148518,0.0025,3845.943,1059.189,2.5281,11.272,0.5695448047699248,0.0,Merge
24975444.509,E16,P219,0.5559264319172107,0.0025,6417.013,1059.189,1.2145,9.3777,0.48461038416636676,0.0,Merge
24997861.864,E2,FRAG0032,0.27976456502774993,0.005637362637362637,5104.165,1388.947,1.058,6.2667,0.9968396130722185,0.0,Hit+Run
25024750.685,P70,P330,0.008614718614718615,0.0025,1599.831,1059.189,8.559,15.633,0.42158437705824225,0.010937316017316017,Fragment
25085411.59,E21,P325,0.006683483183483185,0.0025,1470.036,1059.189,12.375,21.067,0.6809571327527877,0.008996503496503496,Graze+Frag
25335215.559,P121,P350,0.005,0.0025,1334.495,1059.189,2.6488,4.1889,0.9672183148009956,0.0,Hit+Run
25434389.419,E30,P554,0.4242280360849609,0.0025,5863.995,1059.189,1.8423,12.922,0.25909983808096243,0.0,Merge
25522096.105,E16,P364,0.5584264319172106,0.0025,6426.618,1059.189,3.1123,24.069,0.3080322881959102,0.0,Merge
25926349.396,E2,FRAG0030,0.27976456502774993,0.005637362637362637,5104.165,1388.947,1.6871,9.9930,0.8973207304801966,0.0,Hit+Run
25934451.952,E2,FRAG0030,0.27976456502774993,0.005637362637362637,5104.165,1388.947,1.0501,6.2199,0.5427945373601188,0.0,Merge
25989829.457,E2,P70,0.2854019276651126,0.005527639027639028,5138.221,1379.877,2.0385,12.167,0.6185795348630695,0.0,Merge
26006941.601,E2,FRAG0022,0.2909295666927516,0.006490842490842491,5171.181,1455.774,4.1067,24.579,0.6670220497430678,0.0,Merge
26043116.223,E44,E90,0.12218148518148518,0.01896903096903097,3872.537,2081.336,1.0231,4.4505,0.9440242301351042,0.0,Graze+Merge
26193975.05,E16,P576,0.5609264319172106,0.0025,6436.194,1059.189,1.3892,10.760,0.7800319122302142,0.0,Merge
26831291.141,P163,P327,0.002499999999999968,0.0025,1059.189,1059.189,4.7438,6.5112,0.2545499999999995,0.0,Merge
26859467.27,E16,FRAG0027,0.5634264319172105,0.007982683982683984,6445.742,1559.708,2.2172,16.735,0.554278449185684,0.0,Merge
27144397.344,E30,FRAG0015,0.4267280360849609,0.006021312021312022,5875.492,1419.790,1.2629,8.6900,0.3044345461907454,0.0,Merge
27566283.118,E16,P469,0.5714091158998945,0.0025,6476.040,1059.189,3.0447,23.739,0.8547940176512475,0.0,Merge
27623036.933,E2,P195,0.2974204091835941,0.0025,5209.356,1059.189,4.3769,27.048,0.42058479923303865,0.0,Merge
27841438.998,E30,E61,0.4327493481062729,0.025,5902.998,2281.955,1.6421,10.971,0.9699434507278181,0.0,Hit+Run
27841438.998,E30,E61,0.4327493481062729,0.025,5902.998,2281.955,1.6421,10.971,0.9699434507278181,0.0,Hit+Run
27913111.554,E44,P201,0.14115051615051616,0.0025,4063.385,1059.189,1.6573,7.8409,0.9687729755406896,0.0,Hit+Run
28088624.249,E16,P434,0.5739091158998945,0.0025,6485.471,1059.189,1.2243,9.5607,0.963021836285763,0.0,Hit+Run
28396988.357,E2,E73,0.2999204091835941,0.03,5223.912,2424.939,2.2347,13.112,0.8616992578107787,0.024472860472860472,Hit+Run+Frag
28437578.691,E2,FRAG0037,0.29991974318292813,0.006118215118215118,5223.908,1427.366,1.1077,6.7129,0.683925956677161,0.0,Merge
28441775.465,E20,P252,0.6918568826137411,0.0025,6902.386,1059.189,1.3155,10.975,0.7458476517316373,0.0,Merge
28734592.163,E30,P15,0.4327493481062729,0.0025,5902.998,1059.189,1.1542,8.1533,0.12658629928601212,0.0,Merge
29286308.903,E2,FRAG0035,0.3060379583011433,0.006118215118215118,5259.191,1427.366,1.0225,6.2417,0.20095891635047847,0.0,Merge
29456235.6,E20,P240,0.6943568826137411,0.0025,6910.690,1059.189,1.1234,9.3850,0.23923313696003504,0.0,Merge
29485523.79,E30,P308,0.4352493481062729,0.0025,5914.343,1059.189,1.0597,7.5011,0.5416048843109643,0.0,Merge
30044513.372,E2,P285,0.3121561734193584,0.0025,5294.006,1059.189,2.0165,12.678,0.9880228963693206,0.0,Hit+Run
30071764.891,E20,P564,0.696856882613741,0.0025,6918.974,1059.189,1.2884,10.777,0.5052533760221086,0.0,Merge
30078920.693,E16,P288,0.5739091158998945,0.0025,6485.471,1059.189,1.8429,14.391,0.49212710994697784,0.0,Merge
30121877.618,E30,E64,0.4377493481062729,0.0275,5925.645,2355.617,1.0718,7.1773,0.38932996197575676,0.0,Merge
30783404.004,E2,FRAG0036,0.3121561734193584,0.006118215118215118,5294.006,1427.366,2.7221,16.735,0.19407392803070117,0.0,Merge
30857524.374,E30,P375,0.46524934810627294,0.0025,6047.220,1059.189,1.879,13.619,0.5714999537679788,0.0,Merge
31453468.966,E50,E61,0.10599883449883452,0.025,3693.410,2281.955,1.1766,4.9219,0.09419937397115237,0.007661338661338661,Fragment
31557543.155,E44,P511,0.14115051615051616,0.0025,4063.385,1059.189,1.8529,8.7663,0.739053288554213,0.0,Merge
31882338.79,E20,P353,0.699356882613741,0.0025,6927.238,1059.189,1.2538,10.501,0.9463942433678902,0.0,Hit+Run
32026861.798,E20,P550,0.699356882613741,0.0025,6927.238,1059.189,1.691,14.162,0.04701179359411572,0.0,Merge
32402975.499,E16,P412,0.5764091158998944,0.0025,6494.875,1059.189,1.2426,9.7185,0.43410566461154176,0.0,Merge
32599102.063,E56,P485,0.035,0.0025,2552.798,1059.189,3.2884,9.4663,0.5267460681509847,0.0,Merge
32713188.35,E20,P287,0.7018568826137409,0.0025,6935.482,1059.189,2.6669,22.364,0.9399503716457569,0.0,Hit+Run
32808580.416,E2,E73,0.31827438853757356,0.005527805527805528,5328.370,1379.890,1.5202,9.4361,0.755061356368834,0.0,Merge
33051636.761,E20,P353,0.7018568826137409,0.0025,6935.482,1059.189,1.0222,8.5721,0.6856823015678877,0.0,Merge
33089345.884,E30,FRAG0038,0.46774934810627294,0.007661338661338661,6058.032,1538.492,1.0262,7.2529,0.43494240670002543,0.0,Merge
33092804.269,E62,P626,0.0325,0.0025,2490.510,1059.189,4.0708,11.420,0.4981441078978384,0.0,Merge
33215253.354,E20,P163,0.7043568826137409,0.004999999999999968,6943.707,1334.495,1.3294,10.994,0.8739395138566258,0.0,Hit+Run
33372921.316,E16,P343,0.5789091158998944,0.0025,6504.251,1059.189,2.4533,19.217,0.6973409593361605,0.0,Merge
33444968.721,E16,FRAG0029,0.5814091158998943,0.006344322344322345,6513.600,1444.737,1.5623,11.995,0.6128646593403966,0.0,Merge
33508558.329,E20,P197,0.7043568826137409,0.0025,6943.707,1059.189,1.511,12.687,0.9731553381928075,0.0,Hit+Run
33777256.96,E20,P163,0.7043568826137409,0.004999999999999968,6943.707,1334.495,1.075,8.8905,0.5651794264676019,0.0,Merge
33826737.546,E20,P241,0.7093568826137409,0.0025,6960.099,1059.189,1.1349,9.5530,0.4760539689653005,0.0,Merge
33856129.165,E21,P365,0.009183483183483184,0.0025,1634.292,1059.189,11.943,22.223,0.9613475439698368,0.0,Hit+Run
34236075.508,E16,P516,0.5877534382442167,0.0025,6537.207,1059.189,1.8997,14.960,0.6245133261847863,0.0,Merge
34467082.135,E16,P350,0.5902534382442166,0.0025,6546.462,1059.189,2.3686,18.681,0.9253777888540644,0.0,Hit+Run
34481756.971,E16,P350,0.5902534382442166,0.0025,6546.462,1059.189,1.0343,8.1577,0.8129656046625094,0.0,Merge
34714230.045,E30,P430,0.4754106867676116,0.0025,6090.928,1059.189,1.1255,8.2209,0.7458069299932738,0.0,Merge
34985698.79,E16,P596,0.5927534382442166,0.0025,6555.692,1059.189,2.0843,16.464,0.562343322455522,0.0,Merge
35293526.617,E50,P172,0.12333749583749584,0.0025,3884.712,1059.189,2.2757,10.257,0.8720345905495519,0.0,Hit+Run
35397780.604,E20,E52,0.7118568826137408,0.0325,6968.266,2490.510,1.6541,13.109,0.9663274166655356,0.0,Hit+Run
35604035.555,E20,E52,0.7118568826137408,0.0325,6968.266,2490.510,1.0462,8.2917,0.6540409243848917,0.0,Merge
35782411.508,E20,P204,0.7443568826137408,0.0025,7072.738,1059.189,2.4805,21.238,0.48001459711293043,0.0,Merge
35802040.801,E51,P339,0.043530969030969036,0.0025,2745.322,1059.189,2.7553,8.5625,0.31685296522676903,0.0,Merge
35877027.935,E20,P201,0.7468568826137407,0.0025,7080.647,1059.189,1.2447,10.669,0.7701010341758058,0.0,Merge
36114507.268,E2,P386,0.3238021940653791,0.0025,5359.041,1059.189,3.7632,23.972,0.8033262510133412,0.0,Merge
36697461.305,P0,P302,0.007499833499833501,0.0025000000000000022,1527.604,1059.189,10.520,18.480,0.8618926154596807,0.0,Hit+Run
36949748.279,E50,E54,0.12333749583749584,0.005527805527805528,3884.712,1379.890,2.2872,10.109,0.37735833279904907,0.0,Merge
37327713.755,P137,P745,0.0025,0.0025,1059.189,1059.189,7.1076,9.7558,0.9121,0.0,Hit+Run
37388075.848,E30,P142,0.4779106867676116,0.0025,6101.586,1059.189,1.2385,9.0631,0.8508915619293279,0.0,Merge
37421717.948,P37,P707,0.002500000000000014,0.0025,1059.189,1059.189,8.6159,11.826,0.8465500000000008,0.0,Hit+Run
37428177.612,E16,P285,0.5952534382442165,0.0025,6564.895,1059.189,1.8753,14.835,0.9082599904157026,0.0,Hit+Run
37736301.407,E20,P302,0.7493568826137407,0.0025000000000000022,7088.539,1059.189,1.2668,10.872,0.6921734497083776,0.0,Merge
37879768.12,E50,P429,0.12886530136530136,0.0025,3941.902,1059.189,2.1825,9.9935,0.894222284776953,0.0,Hit+Run
38594861.045,P158,P552,0.0025,0.0025,1059.189,1059.189,12.431,17.063,0.50045,0.0,Graze+Frag
38797838.793,E20,P0,0.7518568826137406,0.007499833499833501,7096.413,1527.604,1.3128,11.005,0.7464219508638642,0.0,Merge
38877433.312,E21,P342,0.009183483183483184,0.0025,1634.292,1059.189,4.0565,7.5481,0.5184748020210966,0.005795537795537796,Fragment
39824286.079,E20,P799,0.7593567161135741,0.0025,7119.931,1059.189,1.9085,16.456,0.7804039332669276,0.0,Merge
40119599.826,E21,P673,0.005887945387945389,0.0025,1409.229,1059.189,8.6019,14.166,0.8211306566819284,0.0,Graze+Frag
40162693.452,E2,FRAG1012,0.3263021940653791,0.007020034332071728,5372.798,1494.308,2.0214,12.582,0.9019463372426729,0.0,Hit+Run
40178570.318,P165,P496,0.002499999999999968,0.0025,1059.189,1059.189,8.7505,12.010,0.4024999999999992,0.0,Merge
40276074.525,E16,FRAG1012,0.5952534382442165,0.007020034332071728,6564.895,1494.308,1.1144,8.6069,0.9602311646168501,0.0,Hit+Run
40452213.657,E30,E50,0.4804106867676116,0.12886530136530136,6112.207,3941.902,1.0647,7.4049,0.9250281747198952,0.0,Hit+Run
40468997.678,P62,P627,0.0025,0.0025,1059.189,1059.189,10.441,14.332,0.01995,0.0,Merge
40562372.884,E30,P321,0.4804106867676116,0.0025,6112.207,1059.189,1.5314,11.227,0.832103949212592,0.0,Merge
41378823.701,E20,P197,0.7618567161135741,0.0025,7127.736,1059.189,1.5954,13.772,0.662457969072829,0.0,Merge
41464931.443,E30,P911,0.4829106867676116,0.0025,6122.791,1059.189,1.4058,10.325,0.3469761296010531,0.0,Merge
41477549.397,E16,P300,0.5952534382442165,0.0025,6564.895,1059.189,1.4732,11.654,0.29973957400806417,0.0,Merge
41492896.291,E51,P651,0.04603096903096904,0.0025,2796.901,1059.189,6.951,22.031,0.9468331804275634,0.0,Hit+Run
41850220.239,E30,FRAG0002,0.4854106867676116,0.006105894105894106,6133.338,1426.407,1.1822,8.5165,0.7597157706003076,0.0,Merge
42063477.614,E44,P611,0.14365051615051616,0.0025,4087.234,1059.189,1.0892,5.1857,0.485408418629399,0.0,Merge
42551925.388,E2,FRAG0034,0.3263021940653791,0.006118215118215118,5372.798,1427.366,1.7611,11.000,0.8643675035736818,0.0,Hit+Run
42670885.567,E20,P453,0.764356716113574,0.0025,7135.524,1059.189,1.0505,9.0791,0.7016480726944497,0.0,Merge
42686137.2,E80,P639,0.025,0.0025,2281.955,1059.189,6.1427,15.744,0.21623336346748076,0.013345321345321346,Fragment
43011980.077,E16,P119,0.5977534382442165,0.0025,6574.073,1059.189,2.3033,18.248,0.8787233938763727,0.0,Hit+Run
43105941.905,E16,P119,0.5977534382442165,0.0025,6574.073,1059.189,1.1023,8.7331,0.7831257297381021,0.0,Merge
43380431.495,E30,P12,0.49151658087350575,0.0025,6158.948,1059.189,1.6606,12.273,0.9899522016126764,0.0,Hit+Run
43490414.778,E16,P488,0.6002534382442164,0.0025,6583.225,1059.189,1.9719,15.645,0.2341302568493197,0.0,Merge
43844113.595,E16,FRAG0034,0.6027534382442163,0.006118215118215118,6592.352,1427.366,1.1516,8.9648,0.21125860345916864,0.0,Merge
44288292.387,E30,FRAG0004,0.49151658087350575,0.0066426906426906435,6158.948,1467.039,1.2821,9.2579,0.7293672986438722,0.0,Merge
44583155.337,E50,P12,0.12886530136530136,0.0025,3941.902,1059.189,1.2285,5.6252,0.3225348249719957,0.0,Merge
44617361.511,E89,P731,0.027500000000000004,0.0025,2355.617,1059.189,1.3248,3.5082,0.5166784660702617,0.0,Merge
44896681.002,E16,P359,0.6088716533624314,0.0025000000000000022,6614.582,1059.189,2.0319,16.203,0.5134771477839206,0.0,Merge
45221012.76,E44,E89,0.14615051615051616,0.030000000000000002,4110.809,2424.939,1.1551,5.3576,0.6354513557866028,0.0,Hit+Run
45398501.273,E44,P459,0.14615051615051616,0.0025,4110.809,1059.189,2.7785,13.310,0.5196954176560901,0.0,Merge
45465283.502,E80,P599,0.014154678654678654,0.0025,1887.819,1059.189,4.0411,8.5829,0.4972245878333843,0.005824841824841825,Fragment
45832884.22,E16,P499,0.6113716533624314,0.0025,6623.623,1059.189,1.5768,12.592,0.8735153239700039,0.0,Hit+Run
46066004.89,E2,P499,0.3263021940653791,0.0025,5372.798,1059.189,1.7439,11.139,0.988523175643807,0.0,Hit+Run
46801972.422,E44,P483,0.14865051615051617,0.0025,4134.116,1059.189,3.0101,14.508,0.5483968277835823,0.0,Merge
46955066.58,E30,P566,0.4981592715161964,0.0025,6186.569,1059.189,1.4158,10.514,0.3969406111889029,0.0,Merge
46986756.697,E20,P707,0.766856716113574,0.0025,7143.295,1059.189,1.41,12.200,0.8490978864150591,0.0,Merge
47032461.148,E2,P202,0.3263021940653791,0.0025,5372.798,1059.189,3.608,23.047,0.7791072891017228,0.0,Merge
47841709.578,E50,P538,0.13136530136530136,0.0025,3967.230,1059.189,4.6898,21.623,0.8060870535246081,0.0,Hit+Run
48259288.022,E50,P349,0.13136530136530136,0.0025,3967.230,1059.189,1.0409,4.7992,0.7930640080108939,0.0,Graze+Merge
48777395.714,E30,P581,0.5006592715161964,0.0025,6196.901,1059.189,1.8721,13.927,0.6058470967216106,0.0,Merge
48851774.251,E16,P531,0.6113716533624314,0.0025,6623.623,1059.189,1.6184,12.924,0.8153212020118759,0.0,Merge
50739300.297,E20,P620,0.7693567161135739,0.0025,7151.049,1059.189,1.6373,14.183,0.16827557391859185,0.0,Merge
51212836.755,E30,P328,0.5031592715161963,0.0025,6207.199,1059.189,2.0942,15.607,0.21603586611376024,0.0,Merge
51908930.187,E16,P187,0.6138716533624313,0.002500000000000014,6632.639,1059.189,1.0583,8.4639,0.5811880030013216,0.0,Merge
52211373.146,E50,P750,0.13386530136530136,0.0025,3992.238,1059.189,2.0367,9.4542,0.8420846207629302,0.0,Hit+Run
52221833.469,E20,P303,0.7718567161135739,0.0025000000000000022,7158.786,1059.189,1.1313,9.8112,0.471359269438578,0.0,Merge
52753774.325,E16,P514,0.6163716533624314,0.0025,6641.630,1059.189,1.0248,8.2078,0.6163121477787913,0.0,Merge
53100844.49,E20,P415,0.7743567161135738,0.0025,7166.507,1059.189,1.8275,15.867,0.922114086482598,0.0,Hit+Run
53515388.965,E20,P389,0.7743567161135738,0.0025,7166.507,1059.189,1.5658,13.594,0.8751545728191323,0.0,Hit+Run
54004379.077,E20,P365,0.7743567161135738,0.0025,7166.507,1059.189,1.9888,17.267,0.9936423995024594,0.0,Hit+Run
54578076.994,E20,P365,0.7743567161135738,0.0025,7166.507,1059.189,1.1397,9.8953,0.8328997228622105,0.0,Merge
54703969.477,E20,P415,0.7768567161135738,0.0025,7174.211,1059.189,1.0293,8.9470,0.41546182882354094,0.0,Merge
55049617.888,E20,P335,0.7793567161135737,0.0025000000000000022,7181.898,1059.189,2.1094,18.356,0.961323533115368,0.0,Hit+Run
55717162.78,E30,P297,0.5056592715161963,0.0025,6217.462,1059.189,1.7549,13.102,0.8593956936899563,0.0,Hit+Run
55995058.974,E20,P389,0.7793567161135737,0.0025,7181.898,1059.189,1.1419,9.9370,0.9714326374432969,0.0,Hit+Run
56149056.763,P193,P337,0.0025,0.0025,1059.189,1059.189,4.7212,6.4802,0.5056,0.0,Graze+Frag
56158411.307,E16,P389,0.6188716533624313,0.0025,6650.598,1059.189,1.7761,14.245,0.8258699974728595,0.0,Merge
57462733.784,E16,P62,0.6213716533624313,0.005,6659.541,1334.495,2.2023,17.416,0.6583701704583098,0.0,Merge
58364436.678,E16,P539,0.6263716533624313,0.0025,6677.356,1059.189,1.7885,14.406,0.3010467202689176,0.0,Merge
59123129.444,E16,E21,0.6288716533624312,0.008387612387612388,6686.228,1585.647,2.5719,20.168,0.7636091294676023,0.0,Merge
59572170.808,E84,P461,0.025,0.0025,2281.955,1059.189,4.396,11.267,0.30468004877714205,0.006835164835164836,Fragment
60397038.202,E20,P526,0.7793567161135737,0.0025,7181.898,1059.189,3.7494,32.627,0.49848342030821363,0.0,Merge
61100693.781,E51,P764,0.04603096903096904,0.0025,2796.901,1059.189,2.7892,8.8404,0.9280473834511012,0.0,Hit+Run
61358858.194,E20,P307,0.7818567161135737,0.0025,7189.569,1059.189,2.282,19.880,0.9248484315741242,0.0,Hit+Run
61648430.167,E16,P307,0.6372592657500437,0.0025,6715.822,1059.189,1.3593,11.016,0.8460627212945548,0.0,Merge
61989750.942,E30,P433,0.5056592715161963,0.0025,6217.462,1059.189,1.1806,8.8144,0.5900762239632966,0.0,Merge
62129099.763,E30,P121,0.5081592715161962,0.005,6227.692,1334.495,2.5814,18.998,0.8960835067641579,0.0,Hit+Run
62923609.092,P207,P441,0.0025,0.0025,1059.189,1059.189,12.592,17.283,0.6376,0.0,Graze+Frag
63377053.533,E50,P711,0.13386530136530136,0.0025,3992.238,1059.189,1.629,7.5617,0.8921908290748681,0.0,Hit+Run
64045611.564,E30,E45,0.5081592715161962,0.027653013653013654,6227.692,2359.978,1.0286,7.2589,0.4991482308669772,0.0,Merge
64081428.518,E16,FRAG0032,0.6397592657500436,0.005637362637362637,6724.593,1388.947,1.9592,15.611,0.5774327494616791,0.0,Merge
64441805.737,E44,P704,0.15115051615051617,0.0025,4157.163,1059.189,1.7909,8.6838,0.640347866218923,0.0,Merge
64494535.259,E20,FRAG0005,0.7818567161135737,0.0066426906426906435,7189.569,1467.039,2.1643,18.454,0.02582946841468482,0.0,Merge
67034847.435,E16,FRAG0016,0.6453966283874062,0.006021312021312022,6744.287,1419.790,4.8933,39.051,0.5254777519078547,0.0,Merge
67254144.347,E2,P458,0.3288021940653791,0.0025,5386.484,1059.189,3.2966,21.115,0.6480654222978626,0.0,Merge
68701205.973,E20,P287,0.7884994067562643,0.0025,7209.873,1059.189,1.9142,16.726,0.8145376864282045,0.0,Merge
68749726.64,E50,FRAG0006,0.13386530136530136,0.0066426906426906435,3992.238,1467.039,1.0838,4.9123,0.09652842001014617,0.0,Merge
68960060.402,E62,E67,0.035,0.025,2552.798,2281.955,1.4322,4.5076,0.41200620070663396,0.008536463536463538,Fragment
72087324.703,E16,P267,0.6514179404087183,0.0025,6765.196,1059.189,2.2749,18.580,0.45246069531659694,0.0,Merge
72886857.546,E16,P563,0.6539179404087182,0.0025,6773.840,1059.189,3.8479,31.470,0.9132931274400987,0.0,Hit+Run
73456154.46,E30,P711,0.5358122851692099,0.0025,6338.669,1059.189,1.4173,10.801,0.41410342442210585,0.0,Merge
73548048.129,E20,P289,0.7909994067562642,0.0025,7217.485,1059.189,3.6365,31.811,0.16071459830022636,0.0,Merge
73551479.039,E16,P563,0.6539179404087182,0.0025,6773.840,1059.189,1.0419,8.5213,0.8998025746628375,0.0,Hit+Run
74272248.385,E2,P468,0.3313021940653791,0.0025,5400.101,1059.189,2.9015,18.635,0.8701303769210388,0.0,Hit+Run
74291835.034,E2,P468,0.3313021940653791,0.0025,5400.101,1059.189,1.0723,6.8869,0.495258681099177,0.0,Merge
76543732.825,P208,P524,0.0025000000000000022,0.0025,1059.189,1059.189,17.084,23.450,0.8014000000000001,0.0,Graze+Frag
77067631.077,E16,P314,0.6539179404087182,0.0025,6773.840,1059.189,1.5385,12.582,0.9525540951380254,0.0,Hit+Run
78105231.065,E20,P314,0.7934994067562642,0.0025,7225.081,1059.189,1.409,12.339,0.28772045653206707,0.0,Merge
78110366.115,E16,P563,0.6539179404087182,0.0025,6773.840,1059.189,1.14,9.3236,0.8096061224405079,0.0,Merge
79258618.251,E20,P208,0.7959994067562641,0.005,7232.660,1334.495,1.5924,13.756,0.9206341200560366,0.0,Hit+Run
81595481.51,E80,P400,0.01082983682983683,0.0025,1726.637,1059.189,11.746,22.956,0.9194015342197885,0.0,Hit+Run
82084479.525,E20,P427,0.7959994067562641,0.0025,7232.660,1059.189,1.8281,16.027,0.8154771212181429,0.0,Merge
82714160.392,E20,P208,0.7984994067562641,0.005,7240.224,1334.495,1.2709,10.991,0.4612785685141607,0.0,Merge
85979385.472,E2,P625,0.3338021940653791,0.0025,5413.650,1059.189,5.0063,32.239,0.2668001076153978,0.0,Merge
86228735.36,E2,P356,0.3363021940653791,0.0025,5427.132,1059.189,2.2147,14.300,0.9518345654043587,0.0,Hit+Run
86229552.458,E2,P356,0.3363021940653791,0.0025,5427.132,1059.189,1.0554,6.8147,0.7916057334116244,0.0,Merge
86288168.171,E2,P369,0.3388021940653791,0.0025,5440.547,1059.189,4.8083,31.129,0.9340541763018265,0.0,Hit+Run
87313735.979,E16,P198,0.6564179404087181,0.0025000000000000022,6782.461,1059.189,2.4549,20.104,0.6191152412911519,0.0,Merge
87569292.664,E16,P442,0.6589179404087182,0.0025,6791.061,1059.189,1.8727,15.357,0.4201672459872386,0.0,Merge
89829882.597,E2,FRAG0011,0.3388021940653791,0.007901098901098903,5440.547,1554.376,2.7781,17.474,0.4035926461697232,0.0,Merge
90663225.812,E20,P189,0.8034994067562641,0.0025,7255.305,1059.189,2.5133,22.108,0.4328141794570715,0.0,Merge
92031034.768,E50,P574,0.14050799200799202,0.0025,4057.210,1059.189,5.1898,24.513,0.7454818281543196,0.0,Merge
92546977.093,E50,P716,0.14300799200799202,0.0025,4081.131,1059.189,3.2923,15.649,0.7632191496028664,0.0,Merge
93140515.787,E16,P165,0.6614179404087182,0.004999999999999968,6799.638,1334.495,1.5523,12.553,0.9017272025696146,0.0,Hit+Run
93309419.054,E16,P165,0.6614179404087182,0.004999999999999968,6799.638,1334.495,1.9214,15.537,0.44839758177282024,0.0,Merge
95033122.445,E16,P366,0.6664179404087182,0.0025,6816.729,1059.189,3.9046,32.149,0.9342373169013856,0.0,Hit+Run
95105602.23,E16,P366,0.6664179404087182,0.0025,6816.729,1059.189,1.1164,9.1920,0.20166508693535562,0.0,Merge
97376672.435,E30,E59,0.5383122851692098,0.005528073196404564,6348.512,1379.913,1.6439,12.320,0.8367285879455684,0.0,Hit+Run
98916933.228,E30,P323,0.5383122851692098,0.0025,6348.512,1059.189,1.4381,10.978,0.6230499358972955,0.0,Merge
101277742.912,E2,P188,0.346703292966478,0.0025000000000000022,5482.515,1059.189,3.5735,23.326,0.5610989539496418,0.0,Merge
102399913.631,E20,P544,0.805999406756264,0.0025,7262.822,1059.189,1.8452,16.248,0.596419786073898,0.0,Merge
104732022.425,E59,P223,0.005528073196404564,0.0025,1379.913,1059.189,13.737,22.267,0.5847552181231926,0.0,Graze+Frag
107023616.378,E30,E50,0.5408122851692098,0.14550799200799203,6358.324,4104.776,1.2082,8.7423,0.3353235002266298,0.045477189477189484,Fragment
107301927.838,E20,FRAG0046,0.808499406756264,0.0056846486846486854,7270.323,1392.820,1.0316,8.9349,0.7298736575379327,0.0,Merge
107584390.834,E20,P297,0.8141840554409127,0.0025,7287.323,1059.189,2.5692,22.705,0.4224047714400715,0.0,Merge
112284660.284,E16,E59,0.6689179404087181,0.008027639027639028,6825.243,1562.631,1.7268,13.859,0.36193534492304985,0.0,Merge
115039659.343,E20,FRAG0052,0.8166840554409126,0.0056846486846486854,7294.774,1392.820,1.4972,13.014,0.1974080910498753,0.0,Merge
115670352.121,E2,FRAG0041,0.349203292966478,0.006672660672660673,5495.661,1469.242,2.46,15.710,0.7270311769925514,0.0,Merge
117386903.343,E16,FRAG0045,0.6769455794363571,0.0056846486846486854,6852.437,1392.820,1.1179,9.0876,0.7817933932786655,0.0,Merge
119595792.609,E16,FRAG0047,0.6826302281210058,0.0056846486846486854,6871.565,1392.820,3.7234,30.358,0.7271180503258006,0.0,Merge
119826612.478,E20,P400,0.8223687041255613,0.0025,7311.660,1059.189,1.0072,8.9326,0.43690812870902196,0.0,Merge
121058781.105,E2,P382,0.35587595363913865,0.002500000000000014,5530.444,1059.189,2.8394,18.707,0.9109374064370402,0.0,Hit+Run
125618225.35,E2,P336,0.35587595363913865,0.0025,5530.444,1059.189,5.8967,38.851,0.2278602412453073,0.0,Merge
128742679.091,E30,P449,0.6408430877000123,0.0025,6728.388,1059.189,2.4596,19.972,0.9297394516561496,0.0,Hit+Run
130636573.13,E16,P382,0.6883148768056545,0.002500000000000014,6890.587,1059.189,2.3235,19.350,0.2381002974800332,0.0,Merge
132153423.739,E2,P567,0.35837595363913866,0.0025,5543.364,1059.189,4.9941,32.986,0.6299359537534941,0.0,Merge
134104920.474,E2,P180,0.36087595363913866,0.0025,5556.225,1059.189,5.2701,34.896,0.2143400880710688,0.0,Merge
136680691.342,E89,P207,0.030000000000000002,0.005,2424.939,1334.495,4.2899,11.694,0.047796546683681385,0.017515484515484514,Fragment
138778345.393,E2,FRAG0049,0.36337595363913866,0.0056846486846486854,5569.026,1392.820,2.1485,13.975,0.9824804404154933,0.0,Hit+Run
139286888.453,E30,FRAG0053,0.6408430877000123,0.005838494838494838,6728.388,1405.273,1.8842,15.010,0.9867996540842261,0.0,Hit+Run
140709398.619,E16,P445,0.6908148768056546,0.0025,6898.919,1059.189,2.8267,23.572,0.7935642185627748,0.0,Merge
140884507.5,E30,P691,0.6408430877000123,0.0025,6728.388,1059.189,2.2124,17.965,0.2938429397902207,0.0,Merge
141625173.747,E16,FRAG0049,0.6933148768056545,0.0056846486846486854,6907.231,1392.820,2.2378,18.347,0.7929119517533404,0.0,Merge
142414000.822,E30,FRAG0053,0.6433430877000123,0.005838494838494838,6737.126,1405.273,1.3092,10.444,0.5652884835186374,0.0,Merge
142711432.39,E20,E74,0.8248687041255612,0.027500000000000004,7319.062,2355.617,1.1277,9.4568,0.6965254609514978,0.0,Merge
147003078.872,E2,P546,0.36337595363913866,0.0025,5569.026,1059.189,2.9923,19.862,0.9613566595002873,0.0,Hit+Run
148327099.808,E20,FRAG0039,0.8523687041255612,0.005795537795537796,7399.510,1401.818,3.2436,28.615,0.6297882299286472,0.0,Merge
151043565.83,E80,P651,0.01082983682983683,0.0025,1726.637,1059.189,12.41,24.252,0.5087264252983702,0.007801864801864802,Fragment
153659710.721,E20,P392,0.858164241921099,0.0025,7416.243,1059.189,2.0649,18.590,0.8690780359634224,0.0,Merge
153805092.503,E16,FRAG0056,0.6989995254903032,0.007801864801864802,6926.058,1547.842,1.4812,12.085,0.8688324882422033,0.0,Hit+Run
155340516.059,E2,FRAG0056,0.36337595363913866,0.007801864801864802,5569.026,1547.842,3.6931,23.828,0.5948646933690067,0.0,Merge
160010349.264,E2,P506,0.37117781844100345,0.0025,5608.600,1059.189,7.3644,49.255,0.36253491254448306,0.0,Merge
160225704.479,E20,E51,0.8606642419210989,0.04603096903096904,7423.438,2796.901,1.7142,14.425,0.3826357291468146,0.012212454212454213,Fragment
165735271.195,E30,E89,0.6491815825385071,0.01748451548451549,6757.446,2025.559,1.8519,14.414,0.71867541727657,0.0,Merge
166336106.446,E16,FRAG0058,0.6989995254903032,0.006106227106227107,6926.058,1426.433,2.3797,19.534,0.2097928153941115,0.0,Merge
173509936.089,E2,P298,0.37367781844100345,0.0025,5621.164,1059.189,2.9592,19.839,0.40995299847329636,0.0,Merge
177181967.32,E16,P546,0.7051057525965303,0.0025,6946.167,1059.189,2.7341,22.965,0.9715523430936241,0.0,Hit+Run
177235813.849,E16,P546,0.7051057525965303,0.0025,6946.167,1059.189,1.0101,8.4845,0.9308576883726355,0.0,Graze+Merge
181599231.27,E30,P158,0.6666660980230226,0.005,6817.575,1334.495,1.7967,14.570,0.6271412213932189,0.0,Merge
187152473.464,E2,E80,0.37617781844100345,0.005527972027972028,5633.672,1379.904,4.4877,29.578,0.6012343833905929,0.0,Merge
194478326.872,E2,FRAG0051,0.38170579046897546,0.0056846486846486854,5661.134,1392.820,5.0506,33.439,0.8742953511640158,0.0,Hit+Run
194496837.737,E2,FRAG0051,0.38170579046897546,0.0056846486846486854,5661.134,1392.820,1.0275,6.8029,0.6229374440733514,0.0,Merge
