time_yr,target,projectile,Mt_Mearth,Mp_Mearth,Rt_km,Rp_km,vimp/vesc,vimp_km/s,b,m_frag_Mearth,Regime
23681.205,E14,E13,0.10750000000000004,0.07,3710.764,3216.324,1.2976,5.8684,0.4398005368188783,0.018962037962037964,Fragment
43452.92,E0,P137,0.08536312674076348,0.0025,3436.243,1059.189,1.4495,5.7252,0.9980579717613921,0.0,Hit+Run
55181.193,NEPTUNE,K249,16.00942390942391,0.02,19669.15,2118.379,0.9998,24.228,0.8189938736244744,0.0,Perfect
75947.294,E29,P319,0.2013534314754404,0.0025000000000000022,4574.182,1059.189,1.3193,7.0904,0.4646146324914236,0.0,Merge
85776.666,E24,P5,0.17442456516737964,0.005,4360.434,1334.495,1.477,7.4068,0.8190366729179918,0.0,Hit+Run
99449.103,E0,P3,0.08536312674076348,0.0025,3436.243,1059.189,2.9802,11.771,0.553338566100997,0.0,Merge
100219.618,E5,FRAG1007,0.31589200923404814,0.007676427395570193,5315.042,1539.501,1.7459,10.716,0.7012755509986252,0.0,Merge
115941.852,E30,P368,0.16343910843321446,0.0025,4266.900,1059.189,1.3028,6.4968,0.6546849161292312,0.0,Merge
182118.704,E24,FRAG0001,0.17442456516737964,0.006320679320679321,4360.434,1442.940,1.0237,5.1041,0.143960924102863,0.0,Merge
222724.105,E86,P736,0.027500000000000004,0.0025000000000000022,2355.617,1059.189,1.2969,3.4343,0.6180826509999392,0.0,Merge
231076.121,E14,P219,0.15853796203796208,0.0025,4223.815,1059.189,1.2136,5.9862,0.29717785372184186,0.0,Merge
305336.359,E5,P39,0.3235684366296183,0.0025,5357.751,1059.189,1.8204,11.593,0.2972381075892615,0.0,Merge
331187.308,E14,P87,0.16103796203796208,0.0025,4245.901,1059.189,2.7539,13.660,0.6801328809592506,0.0,Merge
332585.508,E29,P364,0.2038534314754404,0.0025,4593.036,1059.189,1.0276,5.5472,0.8200825635589479,0.0,Graze+Merge
417259.39,E24,P236,0.18074524448805895,0.0025,4412.480,1059.189,1.0028,5.1847,0.4990145092891116,0.0,Merge
425016.799,E5,P125,0.3260684366296183,0.0025,5371.514,1059.189,1.0711,6.8402,0.8166647682640598,0.0,Merge
468690.639,NEPTUNE,K296,16.029423909423908,0.02,19677.34,2118.379,0.9998,24.238,0.6122840786335635,0.0,Perfect
546534.271,E30,P172,0.16593910843321447,0.0025,4288.546,1059.189,1.3626,6.8322,0.7214223110948571,0.0,Merge
607854.546,NEPTUNE,K529,16.049423909423908,0.02,19685.52,2118.379,0.9998,24.249,0.5498320034797325,0.0,Perfect
703483.834,E14,E2,0.1635379620379621,0.037500000000000006,4267.760,2612.187,1.0816,5.2236,0.809329882591346,0.0,Hit+Run
720464.995,NEPTUNE,K821,16.069423909423907,0.02,19693.69,2118.379,0.9998,24.260,0.9370092994446744,0.0,Perfect
778314.994,NEPTUNE,K549,16.089423909423907,0.02,19701.86,2118.379,0.9998,24.270,0.7808424222197046,0.0,Perfect
812656.449,E24,P143,0.18324524448805896,0.0025,4432.731,1059.189,1.0691,5.5548,0.9630755389682157,0.0,Hit+Run
831211.911,E5,P33,0.3285684366296183,0.0025,5385.207,1059.189,1.4147,9.0591,0.9314062908370914,0.0,Hit+Run
850230.585,E24,E25,0.18324524448805896,0.035,4432.731,2552.798,1.2533,6.2587,0.9462545018343043,0.0,Hit+Run
878174.441,E25,P5,0.035,0.005,2552.798,1334.495,1.7858,5.1179,0.931861818228928,0.0,Hit+Run
900730.877,E30,P472,0.16843910843321447,0.0025,4309.975,1059.189,1.2208,6.1541,0.39646700096807697,0.0,Merge
943362.264,E37,E65,0.06,0.027500000000000004,3055.232,2355.617,1.1693,4.2010,0.8894355522794698,0.0,Hit+Run
1096656.215,E17,P430,0.07,0.0025,3216.324,1059.189,1.4702,5.4088,0.3083538671497351,0.0,Merge
1160675.563,E29,P573,0.2063534314754404,0.0025,4611.735,1059.189,1.6307,8.8414,0.6797743641477416,0.0,Merge
1170789.657,E99,P728,0.025,0.0025,2281.955,1059.189,3.0607,7.8450,0.7868681555618591,0.0,Hit+Run
1197795.451,P4,P69,0.005000000000000004,0.002500000000000014,1334.495,1059.189,1.297,2.0511,0.5974241432594075,0.0,Hit+Run
1219622.797,E46,P300,0.05500000000000001,0.0025,2967.891,1059.189,1.545,5.2158,0.8745780315522305,0.0,Hit+Run
1252274.202,E30,FRAG0003,0.17093910843321447,0.006320679320679321,4331.194,1442.940,1.143,5.6580,0.7900832016263535,0.0,Hit+Run
1380299.331,NEPTUNE,K562,16.109423909423906,0.02,19710.02,2118.379,1.0004,24.295,0.5647971403043404,0.0,Merge
1408198.615,P18,P66,0.0025000000000000022,0.0025000000000000022,1059.189,1059.189,7.99,10.966,0.96135,0.0,Hit+Run
1408902.304,P18,P66,0.0025000000000000022,0.0025000000000000022,1059.189,1059.189,1.0495,1.4405,0.4963,0.0,Merge
1487553.634,E51,P728,0.025,0.0025,2281.955,1059.189,2.4192,6.2008,0.8489515817753589,0.0,Hit+Run
1543443.667,E5,P286,0.3285684366296183,0.0024999999999999905,5385.207,1059.189,1.4489,9.2781,0.917367509493055,0.0,Hit+Run
1602141.466,P6,P107,0.0025,0.0025,1059.189,1059.189,13.822,18.973,0.5733,0.0,Graze+Frag
1661161.774,E0,P23,0.08786312674076348,0.0024999999999999905,3469.466,1059.189,1.264,5.0444,0.43913647612554724,0.0,Merge
1676490.934,E30,P164,0.17093910843321447,0.0025,4331.194,1059.189,1.3526,6.8547,0.9466881898622348,0.0,Hit+Run
1715030.486,E29,E40,0.20885343147544042,0.027500000000000004,4630.285,2355.617,0.9975,5.1837,0.39648943505972395,0.0,Perfect
1746742.927,E70,P450,0.025,0.0025,2281.955,1059.189,3.0301,7.7666,0.7308633046321895,0.0,Hit+Run
1751623.094,E5,P17,0.3285684366296183,0.0025,5385.207,1059.189,1.3769,8.8171,0.9266431328810788,0.0,Hit+Run
1824658.649,E30,P402,0.17093910843321447,0.0024999999999999905,4331.194,1059.189,1.3933,7.0609,0.7006553230010771,0.0,Merge
1855513.904,E14,P174,0.1635379620379621,0.0025,4267.760,1059.189,1.115,5.5615,0.9148490805098772,0.0,Hit+Run
1878403.633,E52,P440,0.0775,0.0025,3327.318,1059.189,1.1976,4.5693,0.8547168242239839,0.0,Hit+Run
1923716.822,E14,P174,0.1635379620379621,0.0025,4267.760,1059.189,1.097,5.4717,0.8913749776471579,0.0,Hit+Run
1934528.465,E30,P82,0.17343910843321447,0.0025000000000000022,4352.206,1059.189,1.3364,6.8080,0.7904334215289891,0.0,Merge
1947803.897,E0,P18,0.09036312674076347,0.0050000000000000044,3502.065,1334.495,2.0151,7.9942,0.9542672820807927,0.0,Hit+Run
2000653.433,E70,P342,0.025,0.0025,2281.955,1059.189,1.6281,4.1730,0.7373516715081877,0.0,Hit+Run
2027878.093,P12,FRAG1002,0.0025000000000000022,0.0055342183148091315,1059.189,1380.424,9.275,15.037,0.27213328808563153,0.007983256743256744,Fragment
2046869.685,E37,P621,0.06,0.0025,3055.232,1059.189,3.0106,10.483,0.5984343858172546,0.0,Merge
2092438.424,E5,P315,0.3285684366296183,0.0024999999999999905,5385.207,1059.189,1.6789,10.751,0.7983721247674118,0.0,Merge
2098074.575,E52,P347,0.0775,0.0025,3327.318,1059.189,1.6319,6.2263,0.8488002540882481,0.0,Hit+Run
2100943.813,P2,P186,0.0025,0.0025,1059.189,1059.189,8.5371,11.717,0.87585,0.0,Hit+Run
2187023.39,E0,P74,0.09036312674076347,0.0024999999999999905,3502.065,1059.189,2.4825,10.007,0.9291739337717164,0.0,Hit+Run
2197295.01,E0,FRAG1001,0.09036312674076347,0.005534218314809134,3502.065,1380.424,3.8571,15.272,0.6552982476993648,0.0,Merge
2218433.419,E5,P346,0.3310684366296183,0.0025,5398.831,1059.189,1.6402,10.531,0.8614025245101721,0.0,Hit+Run
2219305.223,E52,P243,0.0775,0.0025,3327.318,1059.189,1.1886,4.5350,0.5155759899050779,0.0,Merge
2232477.977,E5,P85,0.3310684366296183,0.0025,5398.831,1059.189,2.2579,14.497,0.9691614389214311,0.0,Hit+Run
2245304.092,E30,P177,0.17593910843321448,0.0025,4373.018,1059.189,1.3607,6.9674,0.5959538592321776,0.0,Merge
2312040.871,E5,P75,0.3310684366296183,0.0025,5398.831,1059.189,1.0871,6.9802,0.9577919956631445,0.0,Hit+Run
2361963.475,E5,P111,0.3310684366296183,0.0025,5398.831,1059.189,2.1112,13.555,0.9906463427256931,0.0,Hit+Run
2434465.213,E5,P286,0.3310684366296183,0.0024999999999999905,5398.831,1059.189,1.5485,9.9428,0.7578235524732835,0.0,Merge
2444015.598,E46,E70,0.05500000000000001,0.025,2967.891,2281.955,1.1417,3.9818,0.49110144759778557,0.0,Merge
2470609.928,P9,P69,0.005000000000000004,0.002500000000000014,1334.495,1059.189,10.493,16.595,0.7946142510149622,0.0,Graze+Frag
2582835.487,P9,P85,0.0075001665001665,0.0025,1527.627,1059.189,5.3531,9.4033,0.8053828517977878,0.0,Hit+Run
2643605.35,E46,E37,0.08000000000000002,0.0625,3362.718,3097.090,1.0596,4.4462,0.8997880866604158,0.0,Hit+Run
2683723.356,E5,P235,0.3335684366296183,0.0024999999999999905,5412.386,1059.189,1.6818,10.827,0.5222057089651821,0.0,Merge
2697101.313,E14,P280,0.1635379620379621,0.0025,4267.760,1059.189,2.0726,10.338,0.41436197954261195,0.0,Merge
2736386.274,NEPTUNE,K432,16.129423909423906,0.02,19718.17,2118.379,1.0004,24.306,0.6982816237634839,0.0,Merge
2778441.62,E5,P346,0.33606843662961833,0.0025,5425.874,1059.189,1.1093,7.1609,0.2995287240768281,0.0,Merge
2811748.14,E46,P579,0.08000000000000002,0.0025,3362.718,1059.189,1.3489,5.2054,0.2292049611703004,0.0,Merge
2832285.395,E5,P63,0.33856843662961833,0.0025,5439.295,1059.189,2.2075,14.288,0.8583534756762335,0.0,Hit+Run
2868192.074,E30,P497,0.17843910843321448,0.0025,4393.633,1059.189,1.2796,6.5854,0.06413800767717319,0.0,Merge
2891841.521,E29,P367,0.2363534314754404,0.0025,4825.190,1059.189,1.1892,6.7690,0.35833989412711037,0.0,Merge
2895900.177,E14,P144,0.1660379620379621,0.0024999999999999905,4289.397,1059.189,3.1465,15.780,0.699396546640623,0.0,Merge
3214979.421,E14,P186,0.1685379620379621,0.0025,4310.818,1059.189,1.8002,9.0768,0.9493418975580546,0.0,Hit+Run
3254607.19,E14,P186,0.1685379620379621,0.0025,4310.818,1059.189,1.1687,5.8927,0.663238859937819,0.0,Merge
3284443.654,ICE2,K895,7.974711954711955,0.02,15591.89,2118.379,1.0004,18.989,0.6315015542632509,0.0,Merge
3297030.555,E5,P152,0.33856843662961833,0.0025,5439.295,1059.189,2.9028,18.788,0.9039705058316256,0.0,Hit+Run
3344440.378,E37,E44,0.0625,0.025,3097.090,2281.955,1.4389,5.1848,0.8500084322766083,0.0,Hit+Run
3465622.586,E5,P53,0.33856843662961833,0.0025,5439.295,1059.189,1.5034,9.7307,0.12672327276195197,0.0,Merge
3473436.094,E14,P157,0.1710379620379621,0.0025,4332.029,1059.189,1.9598,9.9339,0.49216471900227665,0.0,Merge
3511367.088,E5,P61,0.34106843662961833,0.0025,5452.650,1059.189,1.7795,11.548,0.8608733715304658,0.0,Hit+Run
3546483.857,P14,P201,0.005,0.0025000000000000022,1334.495,1059.189,17.452,27.600,0.45007513144206784,0.00749072927072927,Fragment
3680814.823,E14,P311,0.1735379620379621,0.0025,4353.033,1059.189,1.97,10.037,0.735931488301295,0.0,Merge
3788705.806,E5,P59,0.34106843662961833,0.0025,5452.650,1059.189,2.1237,13.781,0.3845083670915183,0.0,Merge
3808157.987,E27,P862,0.035,0.0025,2552.798,1059.189,1.9198,5.5265,0.999849272257075,0.0,Hit+Run
3839458.583,E0,P126,0.0958973450555726,0.0025,3572.147,1059.189,1.117,4.5999,0.34168560460111036,0.0,Merge
3931472.264,E30,P245,0.18093910843321448,0.0025,4414.057,1059.189,2.6173,13.537,0.8773681843339354,0.0,Hit+Run
3999877.698,E17,P359,0.07250000000000001,0.0025,3254.167,1059.189,1.8592,6.9263,0.8104943959703899,0.0,Hit+Run
4172021.054,E5,P26,0.34356843662961833,0.0025000000000000022,5465.941,1059.189,1.9616,12.763,0.6894905348888595,0.0,Merge
4212365.463,E24,P215,0.18324524448805896,0.0024999999999999905,4432.731,1059.189,1.697,8.8173,0.04996176320996695,0.0,Merge
4262720.021,E44,P462,0.025,0.0025,2281.955,1059.189,1.5621,4.0039,0.8214955451000818,0.0,Hit+Run
4299793.787,E20,P350,0.035,0.0025,2552.798,1059.189,2.8935,8.3295,0.943803434065242,0.0,Hit+Run
4364034.154,E52,P613,0.08,0.0025,3362.718,1059.189,1.158,4.4687,0.8108866957395199,0.0,Hit+Run
4408371.199,E62,P640,0.027500000000000004,0.0025,2355.617,1059.189,1.2748,3.3758,0.6540914840157839,0.0,Merge
4440265.959,E55,P809,0.052500000000000005,0.0025,2922.224,1059.189,1.2229,4.0607,0.987184854791381,0.0,Hit+Run
4531902.109,E5,P2,0.34606843662961834,0.0025,5479.166,1059.189,1.6119,10.514,0.9924477152700626,0.0,Hit+Run
4541681.904,E5,P2,0.34606843662961834,0.0025,5479.166,1059.189,1.0813,7.0536,0.3584979587879193,0.0,Merge
4591401.733,E5,P18,0.34856843662961834,0.0050000000000000044,5492.328,1334.495,1.3936,8.9603,0.8710557003687762,0.0,Hit+Run
4637122.835,E0,P137,0.0983973450555726,0.0025,3602.923,1059.189,3.0637,12.733,0.9362581406856334,0.0,Hit+Run
4692044.446,E17,P228,0.07250000000000001,0.0025,3254.167,1059.189,1.1803,4.3971,0.8249796351052976,0.0,Hit+Run
4720630.465,E29,E43,0.23885343147544041,0.030000000000000002,4842.143,2424.939,1.0751,5.8423,0.8474154046764697,0.0,Hit+Run
4744726.26,E17,P291,0.07250000000000001,0.0025,3254.167,1059.189,1.8431,6.8664,0.5129434420741581,0.0,Merge
4950235.817,E38,P389,0.025,0.0025,2281.955,1059.189,4.829,12.377,0.17942041877102716,0.008247752247752248,Fragment
4963018.875,E55,E78,0.052500000000000005,0.027500000000000004,2922.224,2355.617,1.0044,3.4936,0.33032425979885854,0.005886007326007326,Fragment
5014254.01,E5,P52,0.34856843662961834,0.0025,5492.328,1059.189,1.8282,11.956,0.8954193109335089,0.0,Hit+Run
5060774.113,E14,P105,0.1760379620379621,0.0024999999999999905,4373.837,1059.189,1.0207,5.2275,0.5087086195418776,0.0,Merge
5074597.893,E30,P180,0.18093910843321448,0.0025,4414.057,1059.189,1.7227,8.9102,0.8272858566869665,0.0,Hit+Run
5119696.13,E14,P20,0.1785379620379621,0.0025,4394.445,1059.189,1.4091,7.2533,0.5318166204094547,0.0,Merge
5145054.717,E37,P871,0.0625,0.0025,3097.090,1059.189,2.7686,9.7818,0.9596904744776832,0.0,Hit+Run
5169382.813,P12,P152,0.008034299034299036,0.0025,1563.063,1059.189,7.2881,13.050,0.597268531703446,0.009919094239094239,Graze+Frag
5173465.209,P12,P52,0.010534132534132533,0.0025,1710.777,1059.189,6.9491,13.467,0.8931968595461304,0.0,Hit+Run
5182129.088,E24,P71,0.18574524448805896,0.0025,4452.798,1059.189,0.9978,5.2096,0.6575000649373846,0.0,Perfect
5300322.072,P14,P508,0.0075001665001665,0.0025,1527.627,1059.189,4.3773,7.6892,0.9312866676089686,0.0,Hit+Run
5313352.853,E30,P151,0.18093910843321448,0.0025,4414.057,1059.189,2.0568,10.638,0.5429214649265607,0.0,Merge
5547519.368,E5,P165,0.34856843662961834,0.0025,5492.328,1059.189,2.4162,15.802,0.8815868807955042,0.0,Hit+Run
5657714.416,E5,P230,0.34856843662961834,0.0025,5492.328,1059.189,1.8156,11.874,0.2507442335925592,0.0,Merge
5755675.236,E46,E52,0.08250000000000002,0.08,3397.388,3362.718,1.0039,4.3974,0.9271305881834584,0.0,Graze+Merge
5781399.995,E58,P433,0.06,0.0025,3055.232,1059.189,2.633,9.1684,0.5975433059525309,0.0,Merge
5960644.089,E46,P330,0.16250000000000003,0.0025,4258.712,1059.189,1.529,7.6091,0.4103430415765237,0.0,Merge
6007143.016,E5,P197,0.35106843662961834,0.0025,5505.428,1059.189,2.1872,14.340,0.6623671178662065,0.0,Merge
6009905.09,E14,P74,0.1810379620379621,0.0024999999999999905,4414.861,1059.189,1.6505,8.5384,0.8132011281943183,0.0,Hit+Run
6009918.58,E14,P74,0.1810379620379621,0.0024999999999999905,4414.861,1059.189,1.0486,5.4247,0.8703824829389154,0.0,Hit+Run
6153368.462,E5,P190,0.35356843662961834,0.0025,5518.465,1059.189,2.4328,15.991,0.6726873568312677,0.0,Merge
6208813.85,E5,P12,0.35606843662961835,0.010534132534132533,5531.441,1710.777,2.1575,13.714,0.39288699660421955,0.0,Merge
6280305.605,E24,P252,0.18824524448805896,0.0025,4472.687,1059.189,1.904,9.9888,0.27215111003541925,0.0,Merge
6348444.872,E30,P419,0.18343910843321448,0.0025,4434.294,1059.189,2.3189,12.053,0.4625207781066174,0.0,Merge
6440584.363,E5,P75,0.3666025691637509,0.0025,5585.460,1059.189,1.2851,8.5572,0.8582475902557799,0.0,Hit+Run
6447001.824,E5,P75,0.3666025691637509,0.0025,5585.460,1059.189,1.0147,6.7566,0.7268625771735289,0.0,Merge
6463553.06,E5,P131,0.3691025691637509,0.0025,5598.128,1059.189,1.9237,12.840,0.8394688852746037,0.0,Merge
6514363.933,E5,P206,0.3716025691637509,0.0025,5610.739,1059.189,2.129,14.245,0.6863344443611255,0.0,Merge
6518874.893,E5,P293,0.3741025691637509,0.0025,5623.293,1059.189,1.5879,10.650,0.9772311111345653,0.0,Hit+Run
6696470.95,E14,P6,0.1810379620379621,0.005,4414.861,1334.495,1.1565,5.8775,0.38801372251284133,0.0,Merge
6699297.944,P27,P134,0.0025000000000000022,0.0024999999999999905,1059.189,1059.189,4.3388,5.9553,0.7244000000000006,0.0,Hit+Run
6738016.304,E0,P118,0.0983973450555726,0.002500000000000014,3602.923,1059.189,3.5662,14.822,0.5565770639057308,0.0,Merge
6885343.519,E20,P589,0.035,0.0025,2552.798,1059.189,4.6494,13.384,0.4367052133509908,0.006023310023310024,Fragment
6946594.203,E25,FRAG1008,0.035,0.0077074600913451755,2552.798,1541.573,2.9284,8.4497,0.5981759307141039,0.006607938727938728,Fragment
6955278.575,E5,P79,0.3741025691637509,0.0025,5623.293,1059.189,2.4042,16.125,0.9476103971830139,0.0,Hit+Run
6998390.725,E5,P34,0.3741025691637509,0.0025000000000000022,5623.293,1059.189,1.8101,12.140,0.9095747076770444,0.0,Hit+Run
7093384.794,E24,E25,0.19074524448805896,0.03609973448361957,4492.400,2579.260,1.3168,6.6631,0.9232986088161768,0.0,Hit+Run
7093921.001,E24,P229,0.19074524448805896,0.0025,4492.400,1059.189,1.3179,6.9468,0.56102503105254,0.0,Merge
7148197.579,E58,P707,0.0625,0.0025,3097.090,1059.189,2.4057,8.4996,0.9895713565543623,0.0,Hit+Run
7276604.709,E14,P407,0.1860379620379621,0.0025,4455.136,1059.189,1.3962,7.2938,0.6138578810050322,0.0,Merge
7285949.26,E29,P258,0.23885343147544041,0.0025,4842.143,1059.189,1.0253,5.8581,0.5114281535152043,0.0,Merge
7342560.601,P17,P76,0.0025,0.0025,1059.189,1059.189,15.227,20.900,0.5108,0.0,Graze+Frag
7478881.035,E14,P128,0.1885379620379621,0.0025000000000000022,4475.004,1059.189,1.1511,6.0423,0.9966117083587495,0.0,Hit+Run
7674622.062,E14,P65,0.1885379620379621,0.0024999999999999905,4475.004,1059.189,2.4477,12.848,0.5533317582392637,0.0,Merge
7676251.505,E2,P624,0.037500000000000006,0.0025,2612.187,1059.189,2.0277,5.9796,0.7918290510405466,0.0,Hit+Run
7771116.461,E14,P30,0.1910379620379621,0.0025000000000000022,4494.696,1059.189,2.0675,10.904,0.5610797340127593,0.0,Merge
7798690.632,E14,P759,0.1935379620379621,0.0025,4514.218,1059.189,2.3535,12.470,0.5044409177868171,0.0,Merge
7804999.582,P17,P63,0.005,0.0025,1334.495,1059.189,8.728,13.802,0.0746501425741272,0.0,Fragment
7904927.951,E5,P246,0.3741025691637509,0.0025,5623.293,1059.189,1.4246,9.5548,0.9909475212882667,0.0,Hit+Run
7929890.342,E14,P428,0.19603796203796212,0.0025,4533.572,1059.189,1.7157,9.1328,0.28493088248091064,0.0,Merge
7971100.614,E29,P316,0.24135343147544042,0.0025,4858.978,1059.189,1.7209,9.8692,0.7212725865616357,0.0,Merge
7995490.169,E14,P299,0.19853796203796212,0.0025,4552.762,1059.189,1.3079,6.9938,0.6821900374589107,0.0,Merge
8008244.507,E43,P488,0.030000000000000002,0.0025,2424.939,1059.189,3.3067,9.0229,0.9985452070030402,0.0,Hit+Run
8045770.191,E5,P79,0.3741025691637509,0.0025,5623.293,1059.189,1.0827,7.2616,0.614798114005781,0.0,Merge
8128159.542,P17,P267,0.0075001665001665,0.0024999999999999905,1527.627,1059.189,7.6685,13.470,0.6914080091544585,0.0,Graze+Frag
8167176.305,E5,P52,0.3766025691637509,0.0025,5635.791,1059.189,1.6478,11.078,0.6350489804727095,0.0,Merge
8198016.512,E29,P426,0.24385343147544042,0.0025,4875.698,1059.189,1.3346,7.6821,0.9876452940788112,0.0,Hit+Run
8199536.464,E20,P354,0.03147668997668998,0.0025,2464.091,1059.189,1.2747,3.5365,0.6998635964035974,0.0,Hit+Run
8223608.544,E5,P246,0.3791025691637509,0.0025,5648.235,1059.189,1.3835,9.3231,0.9630948415757559,0.0,Hit+Run
8238398.967,E24,P383,0.19324524448805896,0.0025,4511.941,1059.189,1.6346,8.6565,0.9480441723825516,0.0,Hit+Run
8248331.076,E5,P249,0.3791025691637509,0.0025,5648.235,1059.189,1.733,11.678,0.043535895173093093,0.0,Merge
8362702.629,E46,P607,0.16500000000000004,0.0025,4280.440,1059.189,1.0898,5.4532,0.9193964502169352,0.0,Hit+Run
8381061.912,E14,P128,0.20103796203796212,0.0025000000000000022,4571.792,1059.189,1.8363,9.8635,0.9296250741235677,0.0,Hit+Run
8479990.203,E58,P451,0.0625,0.0025,3097.090,1059.189,1.2337,4.3588,0.55946549284715,0.0,Merge
8667579.66,E29,P453,0.24385343147544042,0.0025,4875.698,1059.189,2.3696,13.639,0.8333616588866628,0.0,Hit+Run
8700438.539,E17,P232,0.07500000000000001,0.0025,3291.149,1059.189,1.4534,5.4806,0.6973666379578572,0.0,Merge
8743829.795,E5,FRAG0007,0.3816025691637509,0.006607725607725609,5660.623,1464.461,1.5135,9.9810,0.6840335388664669,0.0,Merge
8756967.464,E0,P18,0.10089734505557262,0.0050000000000000044,3633.181,1334.495,1.9279,7.9525,0.134936703439895,0.0,Merge
9128139.748,E14,P203,0.20103796203796212,0.0025,4571.792,1059.189,1.2945,6.9532,0.7968794849364905,0.0,Merge
9209598.23,E86,P620,0.030000000000000006,0.0025,2424.939,1059.189,1.888,5.1517,0.20281318277039512,0.0,Merge
9376951.661,E46,P354,0.16500000000000004,0.0025,4280.440,1059.189,1.4249,7.1300,0.890938368446335,0.0,Hit+Run
9387747.666,E76,P254,0.025,0.0025,2281.955,1059.189,2.1574,5.5297,0.8945067471047365,0.0,Hit+Run
9403012.95,URANUS,K683,15.909423909423909,0.02,19628.11,2118.379,1.016,24.567,0.4039079238249876,0.0,Merge
9413108.219,E24,P195,0.19324524448805896,0.0025,4511.941,1059.189,2.2675,12.008,0.41684463994985416,0.0,Merge
9421619.37,E0,P61,0.10589734505557262,0.0025,3692.231,1059.189,2.0926,8.9297,0.5537467316276575,0.0,Merge
9520446.85,E29,P194,0.24385343147544042,0.0025,4875.698,1059.189,0.9997,5.7544,0.7304237489315181,0.0,Perfect
9543009.643,E5,P128,0.3882102947714765,0.0025000000000000022,5693.109,1059.189,1.6182,10.997,0.5065563524979045,0.0,Merge
9557891.54,E29,E35,0.24635343147544042,0.06,4892.303,3055.232,1.0893,6.0422,0.6701148092472639,0.0,Graze+Merge
9596851.566,E46,E76,0.16500000000000004,0.025,4280.440,2281.955,1.0553,5.0731,0.5281413562708401,0.0,Merge
9683207.226,E24,P48,0.19574524448805897,0.0025,4531.315,1059.189,1.5021,7.9915,0.09240129736550538,0.0,Merge
9845008.983,E5,P102,0.3907102947714765,0.0025000000000000022,5705.304,1059.189,1.5909,10.836,0.5628979685938551,0.0,Merge
9862901.316,E44,P378,0.025,0.0025,2281.955,1059.189,2.1572,5.5292,0.4754265455139399,0.0,Merge
9944395.681,P14,P54,0.0075001665001665,0.0025,1527.627,1059.189,5.9828,10.509,0.7124904023273435,0.0,Graze+Frag
10018656.097,E5,E0,0.3932102947714765,0.10839734505557262,5717.447,3721.060,1.0322,6.7228,0.765616940174695,0.0,Graze+Merge
10098253.439,E46,P318,0.19000000000000003,0.0025,4486.541,1059.189,1.3134,6.9133,0.8402357917170347,0.0,Hit+Run
10193958.376,E17,P283,0.07750000000000001,0.0025,3327.318,1059.189,3.5929,13.708,0.7791667747984345,0.0,Hit+Run
10225460.111,E30,P136,0.18593910843321448,0.0025000000000000022,4454.347,1059.189,1.0911,5.6989,0.7506132501573792,0.0,Merge
10276056.311,E25,P365,0.03609973448361957,0.0025,2579.260,1059.189,1.9051,5.5438,0.8142308396504737,0.0,Hit+Run
10289893.525,E37,E61,0.0625,0.025,3097.090,2281.955,1.3826,4.9820,0.5185955394916623,0.00668897768897769,Fragment
10458817.899,E30,P245,0.18843910843321449,0.0025,4474.222,1059.189,1.8789,9.8607,0.4429416847208103,0.0,Merge
10459831.384,E65,P365,0.027500000000000004,0.0025,2355.617,1059.189,1.307,3.4610,0.3554665067636927,0.0,Merge
10467404.826,E20,P449,0.03147668997668998,0.0025,2464.091,1059.189,3.0078,8.3449,0.7409168522334079,0.0,Hit+Run
10479077.513,E29,E17,0.3063534314754404,0.07750000000000001,5260.997,3327.318,0.9979,5.9603,0.7229010829020931,0.0,Perfect
10483489.062,E30,P538,0.1909391084332145,0.0025,4493.921,1059.189,1.2263,6.4663,0.6491089657394199,0.0,Merge
10524788.369,P21,P671,0.0025,0.0025,1059.189,1059.189,9.1398,12.545,0.2691,0.0,Merge
10582266.219,E29,E65,0.38385343147544043,0.030000000000000002,5671.731,2424.939,1.0272,6.5611,0.7239684531478406,0.0,Graze+Merge
10650988.624,E77,P778,0.025,0.0025,2281.955,1059.189,4.3739,11.211,0.9959301661663944,0.0,Hit+Run
10811494.178,E46,P545,0.19000000000000003,0.0025,4486.541,1059.189,1.4469,7.6160,0.8146711363942363,0.0,Hit+Run
10841240.247,E14,P178,0.20353796203796212,0.0025,4590.665,1059.189,1.2675,6.8384,0.8799677788305036,0.0,Hit+Run
10886402.615,E14,P178,0.20353796203796212,0.0025,4590.665,1059.189,1.0545,5.6893,0.9283944451447214,0.0,Hit+Run
10911487.049,E25,P253,0.03609973448361957,0.0025,2579.260,1059.189,3.6049,10.490,0.9747943823814785,0.0,Hit+Run
10922629.656,E25,P470,0.03609973448361957,0.0025,2579.260,1059.189,1.0938,3.1829,0.9421854509659102,0.0,Hit+Run
10986789.347,E24,P470,0.19824524448805897,0.0025,4550.524,1059.189,1.026,5.4834,0.7125461962628644,0.0,Merge
11475523.199,E30,P37,0.1934391084332145,0.0025,4513.449,1059.189,1.0928,5.7893,0.7013996399428802,0.0,Merge
11513441.523,E46,P475,0.19000000000000003,0.0025,4486.541,1059.189,1.4359,7.5581,0.6231789238971999,0.0,Merge
11647586.634,E5,P293,0.5016076398270491,0.0025,6200.812,1059.189,2.2342,16.633,0.3387384817143545,0.0,Merge
11744781.425,P21,P559,0.005,0.0025,1334.495,1059.189,4.657,7.3647,0.9079553562077938,0.0,Hit+Run
11755277.158,E24,P527,0.20074524448805897,0.0025,4569.572,1059.189,1.9058,10.231,0.7108343568203853,0.0,Merge
11854027.729,P5,P414,0.005,0.0025,1334.495,1059.189,7.7797,12.303,0.8021963416722304,0.0,Graze+Frag
11866852.748,E30,P120,0.1959391084332145,0.0025,4532.810,1059.189,1.962,10.442,0.5640073827769958,0.0,Merge
11866968.169,E58,P467,0.065,0.0025,3137.846,1059.189,1.3778,4.9365,0.7376902892101594,0.0,Merge
11897654.697,E5,P382,0.5041076398270491,0.0025,6211.096,1059.189,1.865,13.909,0.8675543302315043,0.0,Hit+Run
11950494.928,E46,P309,0.19250000000000003,0.0025,4506.133,1059.189,1.6198,8.5662,0.8503264051130587,0.0,Hit+Run
12347655.378,E30,P210,0.1984391084332145,0.0025000000000000022,4552.007,1059.189,1.3888,7.4250,0.9888971322339819,0.0,Hit+Run
12453470.827,E29,P524,0.41385343147544046,0.0025,5815.798,1059.189,1.1144,7.7480,0.8746129757573952,0.0,Hit+Run
12548293.782,P17,P403,0.01,0.0025,1681.359,1059.189,3.4541,6.5906,0.6957223703540731,0.0,Hit+Run
12598800.939,E2,P570,0.037500000000000006,0.0025,2612.187,1059.189,3.336,9.8378,0.7802315907728128,0.0,Hit+Run
12636127.949,E30,P532,0.1984391084332145,0.0025,4552.007,1059.189,2.5356,13.556,0.6194600903805321,0.0,Merge
12669052.729,E30,P441,0.2009391084332145,0.0025,4571.043,1059.189,1.3546,7.2748,0.7217565098137011,0.0,Merge
12676218.157,P21,P411,0.005,0.0025,1334.495,1059.189,10.510,16.622,0.9863965441105548,0.0,Hit+Run
12730791.569,E58,P354,0.0675,0.0025,3177.569,1059.189,1.9681,7.1472,0.3783,0.0,Merge
12757866.227,E46,P871,0.19250000000000003,0.0025,4506.133,1059.189,2.4027,12.706,0.11618914409990849,0.0,Merge
12867845.467,P4,P345,0.005000000000000004,0.0025000000000000022,1334.495,1059.189,9.1336,14.444,0.7907117043531336,0.0,Graze+Frag
12868900.768,E5,P93,0.5041076398270491,0.0025,6211.096,1059.189,1.3925,10.385,0.77580116916123,0.0,Merge
12902656.206,E29,P591,0.41385343147544046,0.0025,5815.798,1059.189,1.4246,9.9047,0.7079636322771679,0.0,Merge
13125655.78,E5,P156,0.506607639827049,0.0025,6221.347,1059.189,1.5204,11.358,0.6958336864009603,0.0,Merge
13148249.024,E5,P85,0.509107639827049,0.0025,6231.563,1059.189,2.4144,18.069,0.3871888291976583,0.0,Merge
13339295.84,E30,P250,0.2034391084332145,0.0025,4589.922,1059.189,1.9261,10.389,0.586789876487788,0.0,Merge
13355234.717,E43,P488,0.030000000000000002,0.0025,2424.939,1059.189,2.9119,7.9456,0.8967210181241492,0.0,Hit+Run
13370571.34,E77,P268,0.025,0.0025,2281.955,1059.189,5.2225,13.386,0.319295948897812,0.009646573426573428,Fragment
13522386.119,E43,P686,0.030000000000000002,0.0025,2424.939,1059.189,2.3258,6.3463,0.9969444166105489,0.0,Hit+Run
13808409.225,E5,P90,0.5116076398270489,0.0025,6241.747,1059.189,1.6264,12.193,0.48628083638013764,0.0,Merge
13863809.737,E46,P818,0.19500000000000003,0.0025,4525.557,1059.189,2.9613,15.733,0.9434816102109099,0.0,Hit+Run
13950219.392,E29,P198,0.41635343147544046,0.0025,5827.485,1059.189,1.4555,10.141,0.8448432958094353,0.0,Merge
13969597.943,E37,P251,0.0808110223110223,0.0025,3374.043,1059.189,1.3914,5.3889,0.44538378583841925,0.0,Merge
14077896.835,E37,P556,0.0833110223110223,0.0025,3408.484,1059.189,1.3867,5.4296,0.7780272615314009,0.0,Hit+Run
14091364.015,E5,P301,0.5141076398270489,0.0025,6251.897,1059.189,1.857,13.946,0.32221130012448773,0.0,Merge
14125574.012,E86,P281,0.03250000000000001,0.0025,2490.510,1059.189,2.6874,7.5392,0.6256269028345107,0.0,Merge
14147062.413,E30,P523,0.2059391084332145,0.0025,4608.647,1059.189,1.1324,6.1353,0.5745525175850899,0.0,Merge
14316241.481,E29,P353,0.41885343147544046,0.0025000000000000022,5839.126,1059.189,1.6297,11.379,0.8473878462490547,0.0,Hit+Run
14573588.509,E37,P264,0.0833110223110223,0.0025,3408.484,1059.189,1.8998,7.4386,0.5128357768203644,0.0,Merge
14595224.003,E30,P158,0.2084391084332145,0.0025,4627.221,1059.189,2.4412,13.283,0.8217077210752946,0.0,Hit+Run
14606825.981,E5,P9,0.5166076398270488,0.0075001665001665,6262.015,1527.627,2.6987,19.777,0.9283320685979307,0.0,Hit+Run
14635631.809,E5,FRAG0002,0.5166076398270488,0.006320679320679321,6262.015,1442.940,1.2354,9.0928,0.9208181697970028,0.0,Hit+Run
14852417.388,E14,P431,0.20353796203796212,0.0025,4590.665,1059.189,2.9996,16.183,0.8498229915778612,0.0,Hit+Run
14880928.779,E14,P431,0.20353796203796212,0.0025,4590.665,1059.189,1.0028,5.4103,0.5493501526013882,0.0,Merge
15134785.743,E30,P33,0.2084391084332145,0.0025,4627.221,1059.189,1.2243,6.6620,0.7416363804595202,0.0,Merge
15547553.201,E75,P188,0.0736436334776378,0.0025,3271.188,1059.189,1.8369,6.8817,0.7873583889135884,0.0,Hit+Run
15552865.333,E67,FRAG0006,0.030000000000000002,0.006023310023310024,2424.939,1419.947,1.3579,3.7134,0.9022049615945182,0.0,Hit+Run
15667210.384,E24,P400,0.20324524448805897,0.0025,4588.463,1059.189,2.5969,14.003,0.8751763883787108,0.0,Hit+Run
15912510.741,E29,P646,0.41885343147544046,0.0025,5839.126,1059.189,1.0315,7.2024,0.7072992551450505,0.0,Merge
15964475.647,E14,P46,0.20603796203796212,0.0025,4609.384,1059.189,2.4055,13.035,0.060904712655811884,0.0,Merge
16099427.083,E30,E14,0.2109391084332145,0.20853796203796213,4645.647,4627.952,1.1887,7.1426,0.9160445446704897,0.0,Hit+Run
16148982.827,E5,P410,0.5166076398270488,0.0025000000000000022,6262.015,1059.189,1.7747,13.351,0.3641977000645696,0.0,Merge
16356390.901,E46,P665,0.19500000000000003,0.0025,4525.557,1059.189,1.8007,9.5671,0.7449477319135013,0.0,Merge
16369338.976,E30,P143,0.2109391084332145,0.0025,4645.647,1059.189,2.9167,15.939,0.8379504666063738,0.0,Hit+Run
16390137.116,E30,P143,0.2109391084332145,0.0025,4645.647,1059.189,1.0734,5.8658,0.4800503401986953,0.0,Merge
16431387.823,E14,P158,0.20853796203796213,0.0025,4627.952,1059.189,1.325,7.2111,0.3106924572412104,0.0,Merge
16473577.251,E5,FRAG0002,0.5191076398270489,0.006320679320679321,6272.100,1442.940,1.1555,8.5195,0.6838707494277249,0.0,Merge
16529843.923,E5,P294,0.5254283191477283,0.0024999999999999905,6297.454,1059.189,1.1663,8.8270,0.9424809612831895,0.0,Hit+Run
16556874.51,E5,P294,0.5254283191477283,0.0024999999999999905,6297.454,1059.189,1.0357,7.8386,0.7965290957983722,0.0,Merge
16900577.857,E62,P551,0.030000000000000002,0.0025,2424.939,1059.189,1.0514,2.8689,0.7262716411149874,0.0,Graze+Merge
17136283.573,E51,P292,0.025,0.0025000000000000022,2281.955,1059.189,4.4034,11.286,0.714881432537625,0.0,Hit+Run
17394075.369,E5,P137,0.5279283191477282,0.0025,6307.426,1059.189,1.1363,8.6144,0.7932855787155257,0.0,Merge
17429160.754,E29,P582,0.42135343147544047,0.0025,5850.720,1059.189,1.3113,9.1755,0.16392390327686462,0.0,Merge
17675256.047,E30,P592,0.2134391084332145,0.0025,4663.928,1059.189,3.1441,17.254,0.7607351177384561,0.0,Merge
17721376.006,E30,P298,0.2159391084332145,0.0025,4682.066,1059.189,1.0924,6.0200,0.9921525448583748,0.0,Hit+Run
17743814.785,E58,P278,0.07,0.0025,3216.324,1059.189,2.4296,8.9385,0.48919863334343205,0.0,Merge
17798856.762,E30,P86,0.2159391084332145,0.0025,4682.066,1059.189,1.7102,9.4246,0.7987129725746281,0.0,Merge
17844792.696,E24,P21,0.20324524448805897,0.005,4588.463,1334.495,1.0268,5.4395,0.4554408764567559,0.0,Merge
17848693.855,E5,P275,0.5304283191477281,0.0025000000000000022,6317.366,1059.189,2.2652,17.201,0.9156749940223595,0.0,Hit+Run
17919706.007,E5,P275,0.5304283191477281,0.0025000000000000022,6317.366,1059.189,1.0898,8.2758,0.11827040467123817,0.0,Merge
18081799.304,E24,P453,0.20824524448805898,0.0025,4625.786,1059.189,1.3106,7.1292,0.7824405719843832,0.0,Merge
18084038.674,E14,P298,0.21103796203796213,0.0025,4646.372,1059.189,1.924,10.516,0.49626999077909567,0.0,Merge
18257550.288,E5,P307,0.5329283191477281,0.0025,6327.276,1059.189,1.2605,9.5880,0.9432922839742315,0.0,Hit+Run
18299933.195,E5,P307,0.5329283191477281,0.0025,6327.276,1059.189,1.0382,7.8971,0.6153842869661169,0.0,Merge
18475911.925,E5,P246,0.535428319147728,0.0025,6337.154,1059.189,1.9848,15.122,0.6002709137191686,0.0,Merge
18909960.518,E29,P283,0.42385343147544047,0.0025,5862.269,1059.189,1.121,7.8604,0.811651479356615,0.0,Merge
18957452.32,P9,P450,0.0075001665001665,0.0025,1527.627,1059.189,5.6895,9.9942,0.39956154680039835,0.0,Fragment
19647486.596,E14,P134,0.21353796203796213,0.0024999999999999905,4664.648,1059.189,2.2374,12.280,0.4569430790143466,0.0,Merge
19751788.226,E75,P728,0.0736436334776378,0.0025,3271.188,1059.189,1.2503,4.6840,0.9654072925564291,0.0,Hit+Run
19787653.14,E67,P522,0.030000000000000002,0.0025,2424.939,1059.189,2.1346,5.8246,0.7939224350933073,0.0,Hit+Run
19852254.782,E30,P111,0.2184391084332145,0.0025,4700.066,1059.189,1.7041,9.4298,0.16272816800580114,0.0,Merge
19858413.47,E14,P619,0.21603796203796213,0.0025,4682.781,1059.189,2.5145,13.859,0.4911970211274721,0.0,Merge
20452516.761,E37,P537,0.0858110223110223,0.0025,3442.243,1059.189,1.7262,6.8309,0.8520280596011214,0.0,Hit+Run
20633926.548,E30,E14,0.22093910843321451,0.21853796203796214,4717.928,4700.775,1.0753,6.5623,0.4401501577864719,0.034135864135864134,Fragment
20638481.658,E30,FRAG0015,0.40534120633531256,0.00568931068931069,5775.648,1393.200,1.0189,6.8928,0.8870306403951914,0.0,Graze+Merge
20824458.905,E5,P413,0.537928319147728,0.0025,6347.002,1059.189,1.5748,12.018,0.40612561543230097,0.0,Merge
20916186.947,E20,P57,0.03147668997668998,0.0025,2464.091,1059.189,2.7066,7.5092,0.37696260463829234,0.0,Merge
20974475.286,E46,P492,0.19750000000000004,0.0025,4544.815,1059.189,1.615,8.6197,0.34223951471974534,0.0,Merge
21152856.661,E29,E43,0.42635343147544047,0.030000000000000002,5873.772,2424.939,1.0694,7.0850,0.868957771092203,0.0,Hit+Run
21181811.789,E5,P282,0.5404283191477279,0.0025,6356.819,1059.189,2.226,17.016,0.7738577850920286,0.0,Merge
21252573.206,E43,P578,0.030000000000000002,0.0025,2424.939,1059.189,2.1658,5.9097,0.6665551995168408,0.0,Merge
21335013.485,E66,P634,0.030000000000000002,0.0025000000000000022,2424.939,1059.189,2.5325,6.9103,0.6312682112997543,0.0,Merge
21443121.258,E5,FRAG0010,0.5429283191477279,0.00568931068931069,6366.606,1393.200,1.7386,13.060,0.9199810713985896,0.0,Hit+Run
21537206.367,E5,FRAG0010,0.5429283191477279,0.00568931068931069,6366.606,1393.200,1.0419,7.8269,0.8730507964641394,0.0,Hit+Run
21565033.691,E5,FRAG0010,0.5429283191477279,0.00568931068931069,6366.606,1393.200,1.0788,8.1041,0.628389817697476,0.0,Merge
21717321.267,E30,P32,0.41103051702462323,0.0025,5802.545,1059.189,1.3508,9.3688,0.6545239498875439,0.0,Merge
21825271.075,E37,E2,0.0858110223110223,0.037500000000000006,3442.243,2612.187,1.245,5.0198,0.686637206661862,0.0,Hit+Run
22212439.899,E25,P297,0.03609973448361957,0.0025000000000000022,2579.260,1059.189,2.3024,6.6999,0.7112291497660806,0.0,Hit+Run
22255437.446,E27,P479,0.035,0.0025,2552.798,1059.189,1.7538,5.0487,0.3246135369673249,0.0,Merge
22712399.67,E24,P411,0.21074524448805898,0.0025,4644.223,1059.189,2.2109,12.078,0.5180502893569423,0.0,Merge
22970578.5,E5,E44,0.5486176298370385,0.0275,6388.767,2355.617,1.792,12.995,0.992611802989226,0.0,Hit+Run
22981623.034,E5,E44,0.5486176298370385,0.0275,6388.767,2355.617,1.0551,7.6514,0.4485968254345538,0.0,Merge
23045426.982,E29,P322,0.42635343147544047,0.0025,5873.772,1059.189,1.3194,9.2710,0.4700398977792644,0.0,Merge
23228403.258,E24,P456,0.21324524448805898,0.0025,4662.515,1059.189,1.7717,9.7197,0.8264534559919755,0.0,Hit+Run
23579030.698,E24,P173,0.21324524448805898,0.0025,4662.515,1059.189,2.5479,13.978,0.6473423638730283,0.0,Merge
23589480.908,E29,P353,0.42885343147544047,0.0025000000000000022,5885.230,1059.189,1.5119,10.645,0.7435755481931855,0.0,Merge
23745674.015,E29,P566,0.4313534314754405,0.0025,5896.644,1059.189,1.1129,7.8525,0.8005080366965611,0.0,Merge
23841551.09,E38,P547,0.01925224775224775,0.0025,2091.643,1059.189,3.8653,9.0736,0.9143706883365709,0.0,Hit+Run
24059947.708,E30,P74,0.41353051702462323,0.0024999999999999905,5814.285,1059.189,2.0982,14.584,0.7984467473489841,0.0,Merge
24060913.931,E29,P239,0.4338534314754405,0.0025000000000000022,5908.014,1059.189,1.6746,11.840,0.4165252674432658,0.0,Merge
24324476.299,E30,FRAG0011,0.41603051702462324,0.00568931068931069,5825.979,1393.200,1.6389,11.191,0.38195971176480453,0.0,Merge
24412477.112,E5,P478,0.5761176298370385,0.0025,6493.780,1059.189,1.9677,15.386,0.7352711173143494,0.0,Merge
24657000.244,E24,P17,0.21574524448805898,0.01,4680.665,1681.359,3.102,16.508,0.9729889972958209,0.0,Hit+Run
24853811.266,E5,P334,0.5786176298370385,0.0025,6503.159,1059.189,1.7092,13.386,0.6688605818834904,0.0,Merge
24914976.287,E5,P89,0.5811176298370384,0.0025,6512.512,1059.189,1.687,13.232,0.9867205293189502,0.0,Hit+Run
25229941.276,E5,P89,0.5811176298370384,0.0025,6512.512,1059.189,1.021,8.0084,0.8166763795226144,0.0,Merge
25496460.411,E30,P171,0.4217198277139339,0.0025,5852.416,1059.189,1.4532,10.171,0.7651250860075773,0.0,Merge
25558991.657,E29,P370,0.4363534314754405,0.0025,5919.340,1059.189,1.1585,8.2078,0.5653397171526542,0.0,Merge
26254284.117,E58,P587,0.07250000000000001,0.0025,3254.167,1059.189,2.7495,10.243,0.3139977358306583,0.0,Merge
26392368.07,E5,P361,0.5836176298370384,0.0025,6521.837,1059.189,3.0475,23.940,0.8765434885869573,0.0,Hit+Run
26392368.07,E5,P361,0.5836176298370384,0.0025,6521.837,1059.189,3.0475,23.940,0.8765434885869573,0.0,Hit+Run
26732950.094,E30,P279,0.4242198277139339,0.0025,5863.957,1059.189,2.0665,14.494,0.8236300553718967,0.0,Merge
27113985.967,E29,P426,0.4388534314754405,0.0025,5930.623,1059.189,1.4018,9.9518,0.9407798033127533,0.0,Hit+Run
27113985.967,E29,P426,0.4388534314754405,0.0025,5930.623,1059.189,1.4018,9.9518,0.9407798033127533,0.0,Hit+Run
27161663.068,E5,P624,0.5836176298370384,0.0025,6521.837,1059.189,2.1058,16.542,0.8907381765462123,0.0,Hit+Run
27161663.068,E5,P624,0.5836176298370384,0.0025,6521.837,1059.189,2.1058,16.542,0.8907381765462123,0.0,Hit+Run
27330834.356,E30,P9,0.4267198277139339,0.01,5875.454,1681.359,2.9535,20.059,0.39885965758363234,0.0,Merge
27444290.217,E30,P446,0.4367198277139339,0.0025,5920.996,1059.189,2.1824,15.466,0.7811604665244143,0.0,Merge
27679394.274,E5,P196,0.5836176298370384,0.0025,6521.837,1059.189,2.9225,22.958,0.32690796512223363,0.0,Merge
27925412.101,E30,P17,0.4392198277139339,0.01,5932.273,1681.359,1.3502,9.2659,0.7322589376474167,0.0,Merge
28028320.264,E29,P686,0.4388534314754405,0.0025,5930.623,1059.189,1.0983,7.7972,0.6164110092953782,0.0,Merge
28036401.812,E46,P253,0.20000000000000004,0.0025,4563.911,1059.189,1.2473,6.6873,0.41839834556189287,0.0,Merge
28698331.762,E29,P426,0.4413534314754405,0.0025,5941.863,1059.189,1.0187,7.2467,0.4841890105570944,0.0,Merge
28812692.075,E29,P233,0.4438534314754405,0.0025,5953.061,1059.189,1.3688,9.7568,0.9633901827042488,0.0,Hit+Run
29120614.988,E30,P583,0.44921982771393393,0.0025000000000000022,5976.957,1059.189,1.3579,9.7205,0.5207217381743638,0.0,Merge
29362904.643,P62,P499,0.0025,0.0024999999999999905,1059.189,1059.189,7.9405,10.899,0.8205500000000004,0.0,Hit+Run
29384418.843,E29,P618,0.4438534314754405,0.0025,5953.061,1059.189,1.716,12.231,0.6464765810092399,0.0,Merge
29416533.734,E5,P495,0.5861176298370383,0.0025,6531.136,1059.189,1.9091,15.020,0.0913803516184854,0.0,Merge
29679114.412,E5,P376,0.5886176298370382,0.0025,6540.409,1059.189,2.2524,17.747,0.8411754171823362,0.0,Merge
29715469.112,E5,P218,0.5911176298370382,0.0025,6549.656,1059.189,2.4563,19.383,0.7142015504839848,0.0,Merge
29753979.764,E5,P234,0.5936176298370381,0.0025000000000000022,6558.876,1059.189,2.3053,18.219,0.5622091079758081,0.0,Merge
29779365.857,E46,E20,0.20250000000000004,0.03397668997668998,4582.848,2527.672,1.0405,5.3609,0.5772290061334112,0.0,Merge
29820049.808,E29,P404,0.4463534314754405,0.0025,5964.217,1059.189,1.1552,8.2507,0.9099086306192089,0.0,Hit+Run
29992714.6,E29,P533,0.4463534314754405,0.0025,5964.217,1059.189,1.2133,8.6657,0.6384221264577893,0.0,Merge
30026371.831,E5,P624,0.5961176298370381,0.0025,6568.071,1059.189,1.7244,13.648,0.9900423329167459,0.0,Hit+Run
30109481.908,E5,P624,0.5961176298370381,0.0025,6568.071,1059.189,1.236,9.7828,0.6802073921639885,0.0,Merge
30753560.329,E5,P392,0.598617629837038,0.0025,6577.239,1059.189,2.7383,21.705,0.7645740187643685,0.0,Merge
31142109.648,E24,P549,0.21574524448805898,0.0025,4680.665,1059.189,3.5222,19.404,0.8732841269501079,0.0,Hit+Run
31191429.034,E30,P349,0.45171982771393393,0.0025,5988.024,1059.189,1.1175,8.0154,0.32509556623116037,0.0,Merge
31279337.942,E5,P233,0.601117629837038,0.0025,6586.383,1059.189,1.4407,11.436,0.7055387150645691,0.0,Merge
31323977.088,E30,P667,0.45421982771393393,0.0025,5999.050,1059.189,2.5702,18.471,0.8467059468403217,0.0,Merge
31564853.877,E5,P191,0.6036176298370379,0.0025,6595.501,1059.189,1.2391,9.8509,0.5081885803371917,0.0,Merge
32030366.783,E5,P5,0.6061176298370379,0.0075001665001665,6604.594,1527.627,1.4703,11.410,0.8417947935511002,0.0,Hit+Run
32036679.85,E24,P454,0.21574524448805898,0.0025,4680.665,1059.189,2.385,13.139,0.9744020947732599,0.0,Hit+Run
32097524.628,P56,P785,0.0025,0.0025,1059.189,1059.189,9.1278,12.528,0.48989999999999995,0.0,Merge
32469134.986,E29,P388,0.4488534314754405,0.0025,5975.331,1059.189,1.9822,14.185,0.545843535472778,0.0,Merge
32477115.862,E29,P358,0.4513534314754405,0.0025,5986.405,1059.189,1.7647,12.653,0.6792232871771648,0.0,Merge
32585438.766,E5,P493,0.6061176298370379,0.0025,6604.594,1059.189,2.2067,17.569,0.7265775350367315,0.0,Merge
32673609.962,E30,P720,0.45671982771393393,0.0025,6010.036,1059.189,1.9768,14.234,0.5942680692537058,0.0,Merge
32954220.472,E24,P141,0.21574524448805898,0.0025,4680.665,1059.189,2.4142,13.300,0.9755437492486825,0.0,Hit+Run
33062813.91,E29,P570,0.4538534314754405,0.0025,5997.437,1059.189,1.509,10.841,0.7438336971690553,0.0,Merge
33177804.799,E46,P440,0.23647668997669002,0.0025,4826.029,1059.189,1.0081,5.7392,0.18360368873461277,0.0,Merge
33468904.948,E27,P222,0.037500000000000006,0.0025000000000000022,2612.187,1059.189,3.3665,9.9277,0.2564959770869952,0.0,Merge
33486967.244,E38,P176,0.01925224775224775,0.0025,2091.643,1059.189,4.7739,11.206,0.6538142086123775,0.0,Merge
33590417.734,E29,P383,0.4563534314754405,0.0025,6008.429,1059.189,1.6911,12.173,0.9444147842874534,0.0,Hit+Run
33766407.666,E30,P377,0.45921982771393394,0.0024999999999999905,6020.982,1059.189,2.5469,18.375,0.6872937257733569,0.0,Merge
33889261.359,E5,P180,0.6086176298370378,0.0025,6613.662,1059.189,5.4105,43.139,0.7335246985028316,0.0,Merge
34248086.584,E30,FRAG0014,0.46171982771393394,0.00568931068931069,6031.889,1393.200,1.4769,10.469,0.2626378623389375,0.0,Merge
34371946.483,E30,P483,0.4674091384032446,0.0025,6056.563,1059.189,1.5608,11.331,0.9954182642847268,0.0,Hit+Run
34423376.731,E29,P517,0.4563534314754405,0.0025,6008.429,1059.189,1.2313,8.8638,0.5763064022580472,0.0,Merge
34873892.713,E24,P141,0.21574524448805898,0.0025,4680.665,1059.189,1.9781,10.897,0.1350414150928545,0.0,Merge
35117007.282,E30,P329,0.4674091384032446,0.0025,6056.563,1059.189,2.7278,19.804,0.914388919470784,0.0,Hit+Run
35567496.663,E30,P226,0.4674091384032446,0.0025000000000000022,6056.563,1059.189,1.2769,9.2706,0.5627794410817113,0.0,Merge
35685952.49,E46,P417,0.23897668997669003,0.0025,4842.976,1059.189,2.4712,14.122,0.8132393505061931,0.0,Merge
35868052.904,E27,P174,0.04000000000000001,0.0025,2668.991,1059.189,5.1269,15.465,0.9998208376383064,0.0,Hit+Run
35899018.026,E30,P149,0.4699091384032446,0.0025,6067.342,1059.189,2.2718,16.525,0.9268054299860256,0.0,Hit+Run
35905535.732,E30,P149,0.4699091384032446,0.0025,6067.342,1059.189,1.052,7.6523,0.11433949039787179,0.0,Merge
35988830.784,E29,P509,0.4588534314754405,0.0025,6019.381,1059.189,1.3973,10.078,0.3953354789126961,0.0,Merge
36380765.196,E38,P404,0.02175224775224775,0.0025,2178.521,1059.189,3.6653,8.9623,0.8409385163876872,0.0,Hit+Run
36468702.598,E27,P739,0.04000000000000001,0.0025,2668.991,1059.189,4.1809,12.611,0.23209359556232204,0.0,Merge
37021390.682,E68,P456,0.025,0.0025,2281.955,1059.189,2.6285,6.7372,0.6437825912964226,0.0,Merge
37043876.883,E30,P362,0.4724091384032446,0.0025,6078.082,1059.189,1.6814,12.253,0.9205767716155128,0.0,Hit+Run
37300786.73,E29,E27,0.4613534314754405,0.04250000000000001,6030.293,2723.475,1.196,8.1066,0.8333377154968058,0.009254412254412255,Hit+Run+Frag
37429771.561,E30,P528,0.4724091384032446,0.0025000000000000022,6078.082,1059.189,1.6783,12.231,0.5818964921784272,0.0,Merge
37440337.51,E29,E25,0.46135326497527396,0.03609973448361957,6030.292,2579.260,1.1782,8.0013,0.963005780536449,0.0,Hit+Run
37571008.442,E29,P432,0.46135326497527396,0.0025,6030.292,1059.189,2.4963,18.040,0.4304871419124574,0.0,Merge
37749878.204,E77,P552,0.017853646353646356,0.0025,2039.715,1059.189,2.7073,6.1988,0.5121493782180264,0.0,Merge
38140056.914,E29,E25,0.46385326497527396,0.03609973448361957,6041.165,2579.260,1.0117,6.8835,0.25761284345932417,0.0,Merge
38245623.632,E26,P516,0.025,0.0025,2281.955,1059.189,4.8297,12.379,0.23986467861585362,0.00825041625041625,Fragment
38269640.579,E24,P562,0.218245244488059,0.0025,4698.675,1059.189,1.9237,10.641,0.9936160056778405,0.0,Hit+Run
38535727.352,E5,P28,0.6111176298370378,0.0025,6622.705,1059.189,1.2554,10.024,0.8830681578925356,0.0,Hit+Run
38583744.179,E30,P394,0.4749091384032446,0.0025,6088.785,1059.189,1.3447,9.8183,0.70377334710791,0.0,Merge
39041834.387,E43,P581,0.0325,0.0025000000000000022,2490.510,1059.189,2.1599,6.0593,0.38027338940933586,0.0,Merge
39370664.184,E46,E38,0.24147668997669003,0.02175224775224775,4859.805,2178.521,1.3501,7.3765,0.5297342314182013,0.0,Merge
39463463.986,E27,P500,0.033245754245754246,0.0025,2509.415,1059.189,2.2267,6.2962,0.9595760710459847,0.0,Hit+Run
40264322.938,E46,P360,0.2632289377289378,0.0025,5001.555,1059.189,3.4413,20.358,0.855606412663455,0.0,Hit+Run
40339027.516,E29,P461,0.49995299945889354,0.0025,6193.986,1059.189,1.6684,12.406,0.9134050407551209,0.0,Hit+Run
40733839.874,E5,P380,0.6111176298370378,0.0025,6622.705,1059.189,2.3538,18.794,0.5394276543916425,0.0,Merge
40770685.948,E29,P400,0.49995299945889354,0.0025,6193.986,1059.189,1.256,9.3396,0.7749766964148019,0.0,Merge
41127049.857,E29,P547,0.5024529994588935,0.0025,6204.293,1059.189,1.5824,11.787,0.8935535496878552,0.0,Hit+Run
41264564.8,E29,P500,0.5024529994588935,0.0025,6204.293,1059.189,0.9992,7.4432,0.8081359462381033,0.0,Perfect
41524171.356,E30,P861,0.4774091384032446,0.0025,6099.451,1059.189,1.5599,11.410,0.4653844454511622,0.0,Merge
41586595.454,E29,P383,0.5049529994588935,0.0025,6214.566,1059.189,1.0828,8.0802,0.670348106933268,0.0,Merge
43019877.238,E5,P505,0.6136176298370377,0.0025,6631.724,1059.189,1.5142,12.108,0.6500731615766533,0.0,Merge
43331068.595,E81,P434,0.025,0.0025,2281.955,1059.189,6.2997,16.147,0.7318877836126103,0.0,Graze+Frag
43366859.734,P67,P347,0.0025,0.0025,1059.189,1059.189,6.3147,8.6674,0.6782,0.0,Graze+Frag
43426013.249,E30,P375,0.4799091384032446,0.0025,6110.079,1059.189,2.8074,20.574,0.3213871358680689,0.0,Merge
43472021.288,E5,P28,0.6161176298370377,0.0025,6640.718,1059.189,2.4112,19.308,0.6368266007428598,0.0,Merge
43585107.789,E5,FRAG0012,0.6186176298370376,0.00568931068931069,6649.688,1393.200,1.9414,15.281,0.9205352435127477,0.0,Hit+Run
43595904.189,E5,FRAG0012,0.6186176298370376,0.00568931068931069,6649.688,1393.200,1.0601,8.3444,0.9475709022722834,0.0,Hit+Run
43629930.813,E5,FRAG0012,0.6186176298370376,0.00568931068931069,6649.688,1393.200,1.0778,8.4837,0.5618787062073499,0.0,Merge
43774792.156,E5,P399,0.6243069405263483,0.0025,6670.011,1059.189,2.4303,19.553,0.5773219528279817,0.0,Merge
44266755.537,E5,P121,0.6268069405263482,0.0025,6678.902,1059.189,2.3185,18.680,0.991724904729583,0.0,Hit+Run
44760905.864,E37,P393,0.0858110223110223,0.0025,3442.243,1059.189,3.0025,11.881,0.28943871886467815,0.0,Merge
44766228.498,E5,P217,0.6268069405263482,0.0025,6678.902,1059.189,2.2572,18.186,0.95055407970295,0.0,Hit+Run
44849966.138,E24,P184,0.218245244488059,0.0025,4698.675,1059.189,4.0178,22.225,0.8064969599305271,0.0,Merge
45165388.044,E29,P743,0.5074529994588934,0.0025,6224.805,1059.189,1.5855,11.852,0.44771796302076444,0.0,Merge
45586970.908,E43,P458,0.035,0.0025,2552.798,1059.189,2.1678,6.2404,0.8359523002938208,0.0,Hit+Run
46047700.501,E43,P373,0.035,0.0025,2552.798,1059.189,4.2246,12.161,0.9445101911672829,0.0,Hit+Run
46122279.903,E29,P390,0.5099529994588934,0.0025,6235.011,1059.189,1.5924,11.924,0.8009383567367128,0.0,Merge
46204040.671,P96,P499,0.0025000000000000022,0.0024999999999999905,1059.189,1059.189,7.1568,9.8233,0.8684500000000007,0.0,Hit+Run
46371184.187,E30,P121,0.4824091384032446,0.0025,6120.670,1059.189,2.8476,20.907,0.8535858688773498,0.0,Hit+Run
46751855.69,E5,P382,0.6268069405263482,0.0025,6678.902,1059.189,2.9844,24.045,0.9123178627494946,0.0,Hit+Run
46955733.525,E5,P121,0.6268069405263482,0.0025,6678.902,1059.189,1.1515,9.2775,0.9143893508011489,0.0,Hit+Run
47145709.432,P34,P536,0.0025000000000000022,0.0025,1059.189,1059.189,10.601,14.551,0.9721000000000001,0.0,Hit+Run
48135375.226,E24,P240,0.220745244488059,0.0025,4716.548,1059.189,1.6586,9.2126,0.7501415589064678,0.0,Merge
48325235.677,E30,P406,0.4824091384032446,0.0025,6120.670,1059.189,1.8112,13.298,0.9994447944390341,0.0,Hit+Run
48458762.003,P62,P124,0.0025,0.0025,1059.189,1059.189,19.275,26.457,0.68855,0.0,Graze+Frag
48542156.205,E5,P183,0.6268069405263482,0.0025,6678.902,1059.189,2.5255,20.347,0.42664022663867096,0.0,Merge
48833003.447,E5,P5,0.6293069405263482,0.0075001665001665,6687.770,1527.627,1.8438,14.503,0.33921593842853826,0.0,Merge
48879953.678,E5,P62,0.6368071070265147,0.005,6714.234,1334.495,1.2192,9.7268,0.8536347872571445,0.0,Hit+Run
48979991.255,E5,P277,0.6368071070265147,0.0025,6714.234,1059.189,1.5451,12.518,0.8128677500109754,0.0,Merge
49104703.264,E30,P512,0.4824091384032446,0.0025,6120.670,1059.189,2.0196,14.828,0.9349974842551454,0.0,Hit+Run
49772846.632,E29,P459,0.5124529994588933,0.0025,6245.183,1059.189,2.145,16.090,0.7955703894014453,0.0,Merge
50010281.235,E5,P34,0.6393071070265146,0.0025000000000000022,6723.009,1059.189,1.5366,12.467,0.6424793076322458,0.0,Merge
50053496.645,E29,P352,0.5149529994588933,0.0025,6255.322,1059.189,1.6281,12.234,0.4839539252494905,0.0,Merge
50168204.163,E5,P512,0.6418071070265146,0.0025,6731.761,1059.189,1.1617,9.4384,0.9501943498598578,0.0,Hit+Run
51011552.482,E5,P512,0.6418071070265146,0.0025,6731.761,1059.189,1.2024,9.7691,0.6033652036984076,0.0,Merge
51129923.471,E30,P361,0.4824091384032446,0.0025,6120.670,1059.189,2.058,15.110,0.9275809287181107,0.0,Hit+Run
51494929.717,E5,P362,0.6443071070265145,0.0025,6740.490,1059.189,1.5594,12.687,0.651866701194232,0.0,Merge
51546721.899,E5,P361,0.6468071070265144,0.0025,6749.197,1059.189,1.0258,8.3572,0.9237332743350174,0.0,Hit+Run
52209128.95,E29,P297,0.5174529994588932,0.0025000000000000022,6265.429,1059.189,1.1176,8.4126,0.7921796132223808,0.0,Merge
52269124.674,E30,P140,0.4824091384032446,0.0025000000000000022,6120.670,1059.189,1.4808,10.872,0.9935626986682823,0.0,Hit+Run
52296625.477,E30,P361,0.4824091384032446,0.0025,6120.670,1059.189,1.1902,8.7387,0.574058448119452,0.0,Merge
52996583.94,E30,P217,0.4849091384032446,0.0025,6131.225,1059.189,1.519,11.173,0.397014418369108,0.0,Merge
53137810.054,E30,P308,0.4874091384032446,0.0025,6141.744,1059.189,1.7079,12.585,0.9327416898095635,0.0,Hit+Run
53278567.544,E30,P452,0.4874091384032446,0.0025,6141.744,1059.189,1.5809,11.649,0.9592671712955525,0.0,Hit+Run
53358795.549,E62,P558,0.0325,0.0025,2490.510,1059.189,2.9276,8.2131,0.9891317793160178,0.0,Hit+Run
53567006.155,E30,P62,0.4874091384032446,0.005,6141.744,1334.495,1.9089,13.840,0.7271933563017244,0.0,Merge
53837885.696,E46,P448,0.2632289377289378,0.0025,5001.555,1059.189,2.0039,11.854,0.18914447316981473,0.0,Merge
53988643.155,E24,P350,0.223245244488059,0.0025,4734.287,1059.189,1.7528,9.7752,0.3775350480771886,0.0,Merge
54188709.381,E43,P145,0.035,0.0025,2552.798,1059.189,5.4912,15.807,0.21563159183263841,0.008455877455877456,Fragment
54590890.408,E27,P593,0.033245754245754246,0.0025,2509.415,1059.189,2.0255,5.7273,0.6607193876262695,0.0,Merge
55016170.181,E5,P292,0.6468071070265144,0.0025000000000000022,6749.197,1059.189,2.648,21.573,0.28878009446554626,0.0,Merge
55830865.124,E5,P483,0.6493071070265144,0.0025,6757.881,1059.189,1.6691,13.616,0.9460256007182469,0.0,Hit+Run
56094368.513,P96,P88,0.0025000000000000022,0.0025,1059.189,1059.189,8.8868,12.197,0.9902500000000001,0.0,Hit+Run
56358194.954,E5,P382,0.6493071070265144,0.0025,6757.881,1059.189,2.0464,16.694,0.43614174866339717,0.0,Merge
56906096.37,P88,P318,0.0025,0.0025,1059.189,1059.189,6.6212,9.0881,0.7868,0.0,Hit+Run
57081635.216,E24,P599,0.225745244488059,0.0025,4751.893,1059.189,3.3678,18.857,0.1078585023414636,0.0,Merge
57206887.953,E51,P585,0.025,0.0025,2281.955,1059.189,4.3378,11.118,0.8213589479026921,0.0,Hit+Run
57638554.897,E30,P300,0.49240913840324463,0.0025,6162.674,1059.189,2.3064,17.058,0.958637281311906,0.0,Hit+Run
58002044.146,E29,P27,0.5199529994588932,0.0025000000000000022,6275.503,1059.189,2.942,22.183,0.7222905817361636,0.0,Merge
58053217.852,E29,E66,0.5224529994588931,0.0325,6285.544,2490.510,1.1075,7.8682,0.4154764968355866,0.0,Merge
58412642.021,E46,P166,0.2657289377289378,0.0025,5017.339,1059.189,2.2075,13.103,0.724131551885088,0.0,Merge
58593237.59,E5,P562,0.6518071070265143,0.0025,6766.543,1059.189,2.3651,19.321,0.7317557903285149,0.0,Merge
58659302.651,E29,P274,0.5549529994588931,0.0025,6413.266,1059.189,1.4951,11.537,0.7541478818832104,0.0,Merge
58756189.58,E46,P320,0.2682289377289378,0.0025,5033.024,1059.189,1.8618,11.088,0.4731306113432505,0.0,Merge
59810778.885,E5,P304,0.6543071070265143,0.0025,6775.183,1059.189,1.4378,11.761,0.49008341413986256,0.0,Merge
60627900.564,E30,P452,0.49240913840324463,0.0025,6162.674,1059.189,2.1395,15.823,0.374443687947004,0.0,Merge
61510904.309,E30,FRAG0009,0.49490913840324463,0.009646353646353646,6173.086,1661.300,1.8602,13.337,0.6583302046648517,0.0,Merge
61515947.288,NEPTUNE,K492,16.149423909423906,0.02,19726.32,2118.379,1.0011,24.333,0.32770794524870417,0.0,Merge
61732710.031,E30,P112,0.5045554920495983,0.0025,6212.935,1059.189,2.0408,15.224,0.7660950390557819,0.0,Merge
61930773.676,E24,P477,0.228245244488059,0.0025,4769.370,1059.189,2.6798,15.064,0.46748102347628107,0.0,Merge
61961474.755,E30,P247,0.5070554920495982,0.0025,6223.179,1059.189,2.3675,17.693,0.4383008588489832,0.0,Merge
62086194.274,E29,P420,0.557452999458893,0.0025,6422.881,1059.189,1.4819,11.453,0.3974559957255271,0.0,Merge
62518299.95,E30,E24,0.5095554920495982,0.230745244488059,6233.390,4786.720,1.1146,8.1618,0.6189773468447758,0.0,Graze+Merge
62809500.664,E29,P308,0.559952999458893,0.0025,6432.469,1059.189,1.3722,10.622,0.8818859700911544,0.02566117882117882,Hit+Run
63132172.501,E5,P429,0.6568071070265142,0.0025,6783.801,1059.189,1.4251,11.673,0.7999064723383461,0.0,Merge
63670227.999,E74,P644,0.027500000000000004,0.0025,2355.617,1059.189,4.2233,11.183,0.875801042086521,0.0,Hit+Run
63719900.391,P88,FRAG0003,0.0025,0.006320679320679321,1059.189,1442.940,8.017,13.448,0.803198323262049,0.0,Hit+Run
63776448.205,E5,P241,0.6593071070265142,0.0025,6792.397,1059.189,2.2514,18.467,0.21255473243215936,0.0,Merge
64031103.936,E30,P329,0.7403007365376572,0.0025,7059.868,1059.189,1.7006,14.532,0.18608214879807378,0.0,Merge
66582772.998,E5,P423,0.6618071070265141,0.0025,6800.972,1059.189,2.0437,16.785,0.7088093482690327,0.0,Merge
66588993.581,E29,E46,0.559952999458893,0.2707289377289378,6432.469,5048.612,0.9977,7.5819,0.7497490319458853,0.0,Perfect
67100304.934,E30,P608,0.7428007365376571,0.0025,7067.806,1059.189,2.7537,23.559,0.9384610881192025,0.009376263736263735,Hit+Run
70139993.758,E29,P609,0.8306819371878308,0.0025,7336.216,1059.189,2.1152,18.825,0.23838272186598858,0.0,Merge
70176878.537,E2,P254,0.037500000000000006,0.0025,2612.187,1059.189,4.016,11.843,0.7997267080326842,0.0,Hit+Run
70458896.814,E62,P360,0.0325,0.0025,2490.510,1059.189,6.3587,17.838,0.857579638145814,0.0,Hit+Run
71923350.521,E30,P550,0.7428007365376571,0.0025,7067.806,1059.189,1.8276,15.636,0.699736624502558,0.0,Merge
72082562.303,E30,P724,0.745300736537657,0.0025,7075.726,1059.189,1.4024,12.012,0.6723531346325607,0.0,Merge
72334678.068,E30,P306,0.747800736537657,0.0025,7083.629,1059.189,1.4316,12.277,0.8866259620839237,0.0,Hit+Run
72881864.284,E5,P403,0.6643071070265141,0.0025,6809.525,1059.189,2.1301,17.518,0.629832484774794,0.0,Merge
73039573.233,E5,P406,0.666807107026514,0.0025,6818.056,1059.189,1.7353,14.290,0.8468424222555104,0.0,Merge
73084846.352,E30,P588,0.747800736537657,0.0025000000000000022,7083.629,1059.189,1.5017,12.878,0.8244264366826279,0.0,Merge
74532059.251,E29,P632,0.8331819371878307,0.0025,7343.568,1059.189,2.8778,25.640,0.5605498285985288,0.0,Merge
75540724.931,E5,P447,0.669307107026514,0.0025,6826.566,1059.189,3.6634,30.209,0.7462188775663096,0.0,Merge
75670978.73,E5,P200,0.6718071070265139,0.0025,6835.055,1059.189,3.1589,26.083,0.8848757956172639,0.0,Hit+Run
75734981.064,E5,P200,0.6718071070265139,0.0025,6835.055,1059.189,1.3256,10.945,0.6480719501169492,0.0,Merge
76147596.584,E5,P485,0.6743071070265139,0.0025,6843.523,1059.189,3.0053,24.847,0.8554065071063788,0.0,Merge
76742945.647,E30,P359,0.750300736537657,0.0025,7091.514,1059.189,3.52,30.223,0.814888145770116,0.0,Merge
76782363.918,E30,P658,0.752800736537657,0.0025,7099.381,1059.189,3.4081,29.296,0.8920159671611336,0.0,Hit+Run
77275868.72,E29,P503,0.8356819371878307,0.0025,7350.905,1059.189,2.7873,24.860,0.18460090697788434,0.0,Merge
77654408.166,E5,P658,0.6768071070265138,0.0025,6851.970,1059.189,1.4321,11.856,0.8831769200877503,0.0,Hit+Run
77728815.413,E5,P658,0.6768071070265138,0.0025,6851.970,1059.189,0.9983,8.2647,0.10531951895917468,0.0,Perfect
78445200.589,E30,P572,0.752800736537657,0.0025,7099.381,1059.189,2.1892,18.818,0.44187465430145717,0.0,Merge
79364579.865,E68,P565,0.0275,0.0025,2355.617,1059.189,2.939,7.7827,0.9105681912052677,0.0,Hit+Run
79480579.31,E82,P499,0.030000000000000002,0.0024999999999999905,2424.939,1059.189,5.6442,15.401,0.9747421498625206,0.0,Hit+Run
79819646.205,E5,P465,0.6793071070265138,0.0025,6860.396,1059.189,2.5711,21.313,0.6839098355387258,0.0,Merge
80588342.4,E5,P140,0.6818071070265137,0.0025000000000000022,6868.802,1059.189,2.9627,24.591,0.9954921258421078,0.0,Hit+Run
81584063.777,E29,P384,0.8381819371878306,0.0025,7358.228,1059.189,1.4016,12.514,0.3804374312965463,0.0,Merge
82855218.998,E5,P443,0.6818071070265137,0.0025,6868.802,1059.189,2.1702,18.013,0.2825326216162849,0.0,Merge
83234399.477,E5,P306,0.6843071070265137,0.0025,6877.187,1059.189,2.1244,17.656,0.6604766905047087,0.0,Merge
83323500.05,E5,P140,0.6868071070265136,0.0025000000000000022,6885.552,1059.189,1.4551,12.109,0.673670664753729,0.0,Merge
83958146.588,E30,P636,0.755300736537657,0.0025,7107.231,1059.189,1.6467,14.172,0.43941415842730275,0.0,Merge
87940684.079,E29,P740,0.8406819371878306,0.0025,7365.537,1059.189,1.7654,15.779,0.33650885213258275,0.0,Merge
89510061.622,E29,P476,0.8431819371878305,0.0025,7372.831,1059.189,1.317,11.783,0.7322972749463244,0.0,Merge
90417027.305,E30,P471,0.7578007365376569,0.0025,7115.064,1059.189,1.3805,11.894,0.07363784220631517,0.0,Merge
90494467.061,E30,E67,0.7603007365376568,0.030000000000000002,7122.880,2424.939,1.5646,12.717,0.7194632729937974,0.0,Merge
91599335.738,E82,P300,0.030000000000000002,0.0025,2424.939,1059.189,3.8167,10.414,0.785361686472594,0.0,Hit+Run
92194769.643,E29,FRAG0013,0.8456819371878305,0.00568931068931069,7380.110,1393.200,1.9326,17.008,0.34758388685304215,0.0,Merge
93012439.838,E29,P549,0.8513712478771411,0.0025,7396.623,1059.189,1.201,10.782,0.681596047192427,0.0,Merge
95610034.648,E5,P308,0.6893071070265135,0.0025,6893.896,1059.189,2.529,21.073,0.8364815573472433,0.0,Merge
97268908.306,E29,E82,0.8538712478771411,0.030000000000000002,7403.856,2424.939,1.9007,16.103,0.4522705875630155,0.006986679986679988,Fragment
97602346.288,E30,P559,0.7903007365376569,0.0025,7215.359,1059.189,1.8745,16.392,0.5352300680262884,0.0,Merge
99451340.291,E30,P369,0.7928007365376568,0.0025,7222.959,1059.189,2.6532,23.228,0.9622008519047032,0.0,Hit+Run
99504761.71,E30,P369,0.7928007365376568,0.0025,7222.959,1059.189,1.0643,9.3178,0.9710091801964076,0.0,Hit+Run
100407378.169,E29,P540,0.8768845678904611,0.0025,7469.783,1059.189,1.532,13.898,0.38360597203144314,0.0,Merge
100834985.513,E30,P496,0.7928007365376568,0.0025,7222.959,1059.189,1.3573,11.883,0.29826220552108085,0.0,Merge
102235230.157,E5,P369,0.6918071070265135,0.0025,6902.221,1059.189,1.2712,10.606,0.9502743260115811,0.0,Hit+Run
104424535.407,E30,P387,0.7953007365376568,0.0025000000000000022,7230.544,1059.189,3.9333,34.473,0.8195461024701156,0.0,Merge
104932186.566,E29,P287,0.879384567890461,0.0025000000000000022,7476.875,1059.189,1.3577,12.329,0.3949504795638924,0.0,Merge
106780940.762,E5,P537,0.6918071070265135,0.0025,6902.221,1059.189,3.397,28.342,0.34444301589672577,0.0,Merge
106800276.889,E30,P673,0.7978007365376567,0.0025,7238.112,1059.189,2.0909,18.346,0.8617026515100815,0.0,Merge
107946030.78,E30,P795,0.8003007365376567,0.0025,7245.665,1059.189,3.4979,30.725,0.45655902733290016,0.0,Merge
108639555.323,E5,P705,0.6943071070265134,0.0025,6910.525,1059.189,3.876,32.379,0.8267780777902964,0.0,Merge
109882606.817,E30,P449,0.8028007365376566,0.0025,7253.202,1059.189,2.0446,17.979,0.9980535673985901,0.0,Hit+Run
109974321.846,E30,P449,0.8028007365376566,0.0025,7253.202,1059.189,1.0745,9.4488,0.535064213611484,0.0,Merge
110183276.653,E5,P369,0.6968071070265134,0.0025,6918.809,1059.189,1.5263,12.766,0.910511230033549,0.0,Hit+Run
110629944.106,E5,P369,0.6968071070265134,0.0025,6918.809,1059.189,1.0407,8.7050,0.43630650521942893,0.0,Merge
113734966.732,E29,P539,0.881884567890461,0.0025,7483.953,1059.189,1.5232,13.846,0.26044036349543015,0.0,Merge
115333710.018,E30,P514,0.8053007365376565,0.0025,7260.723,1059.189,2.8443,25.039,0.9288935635406662,0.0,Hit+Run
115367766.223,E30,P525,0.8053007365376565,0.0025,7260.723,1059.189,1.1252,9.9055,0.5603556530904377,0.0,Merge
115379731.77,E5,P769,0.6993071070265133,0.0025,6927.074,1059.189,3.0075,25.188,0.8416125422892098,0.0,Merge
120771626.273,E5,P633,0.7018071070265133,0.0025,6935.318,1059.189,3.3351,27.967,0.6957432735940473,0.0,Merge
120825754.893,E30,P379,0.8078007365376565,0.0025,7268.229,1059.189,1.8537,16.336,0.5910648546137167,0.0,Merge
124785061.725,E75,P515,0.0736436334776378,0.0025,3271.188,1059.189,2.3504,8.8054,0.6513099903303232,0.0,Merge
126040165.431,P67,P96,0.005,0.0025000000000000022,1334.495,1059.189,17.183,27.175,0.8689298895895045,0.0,Graze+Frag
128900559.345,E5,P818,0.7043071070265132,0.0025,6943.544,1059.189,2.9354,24.646,0.4687893989836325,0.0,Merge
131973668.171,E5,FRAG0018,0.7068071070265132,0.008455877455877456,6951.750,1589.937,2.2498,18.393,0.8255810281299807,0.0,Hit+Run
132348301.832,E5,FRAG0018,0.7068071070265132,0.008455877455877456,6951.750,1589.937,1.1563,9.4534,0.7544495397047437,0.0,Merge
133421949.192,E30,P309,0.8103007365376564,0.0025,7275.719,1059.189,1.7839,15.738,0.8363458357691724,0.0,Merge
136959538.004,E29,FRAG0017,0.8843845678904609,0.00825041625041625,7491.019,1576.954,1.553,13.766,0.9095319936673737,0.0,Hit+Run
137376992.495,E30,P735,0.8128007365376564,0.0025,7283.194,1059.189,1.8612,16.438,0.6584430718178468,0.0,Merge
151109843.497,E29,E43,0.8843845678904609,0.02904412254412255,7491.019,2398.906,1.1689,10.036,0.413183192181164,0.0,Merge
171351615.567,E5,P729,0.7152629844823907,0.0025,6979.362,1059.189,4.9838,42.074,0.602295476769124,0.0,Merge
176547236.476,E29,P847,0.9134286904345835,0.0025,7572.141,1059.189,1.7078,15.717,0.4060077076998163,0.0,Merge
179296830.619,E30,P67,0.8153007365376563,0.0075001665001665,7290.653,1527.627,2.149,18.545,0.9753356563560295,0.0,Hit+Run
182077121.898,E30,P67,0.8153007365376563,0.0075001665001665,7290.653,1527.627,1.6843,14.535,0.8774465814110824,0.0,Hit+Run
192583940.291,E30,P499,0.8153007365376563,0.0024999999999999905,7290.653,1059.189,1.7731,15.677,0.9818555179213416,0.0,Hit+Run
192595046.205,E5,P499,0.7177629844823906,0.0024999999999999905,6987.484,1059.189,1.1738,9.9217,0.24774574221865633,0.0,Merge
195811490.851,E29,P444,0.9159286904345835,0.0025,7579.043,1059.189,2.1804,20.086,0.04816835420374179,0.0,Merge
197899052.999,E30,E2,0.8153007365376563,0.037500000000000006,7290.653,2612.187,1.3004,10.781,0.8713144868716839,0.02587812187812188,Hit+Run+Frag
197902089.26,E30,E2,0.8153002370371568,0.011622377622377621,7290.652,1767.769,1.0411,8.8870,0.2522393631410923,0.0,Merge
198782793.796,E30,FRAG0023,0.8269226146595344,0.00646953046953047,7325.132,1454.179,1.1694,10.179,0.5422524491528073,0.0,Merge
