time_yr,target,projectile,Mt_Mearth,Mp_Mearth,Rt_km,Rp_km,vimp/vesc,vimp_km/s,b,m_frag_Mearth,Regime
43339.978,E26,P112,0.15699933017563744,0.0024999999999999905,4210.106,1059.189,1.4687,7.2192,0.48330806301868917,0.0,Merge
79001.852,E4,P42,0.06,0.0025000000000000022,3055.232,1059.189,1.9681,6.8531,0.6898443286068116,0.0,Merge
155066.191,E19,P365,0.07250000000000004,0.0025,3254.167,1059.189,1.8339,6.8321,0.8894087716741064,0.0,Hit+Run
157560.743,E14,FRAG1001,0.05978990937700782,0.00860731826683428,3051.662,1599.373,1.6467,5.6417,0.08234373283911896,0.0,Merge
168545.556,E2,P163,0.2981488342184118,0.0025,5213.606,1059.189,1.2178,7.5323,0.4371825245436893,0.0,Merge
185093.326,E2,P51,0.3006488342184118,0.0024999999999999905,5228.137,1059.189,1.491,9.2497,0.3892418844549081,0.0,Merge
198027.886,URANUS,K91,15.92942390942391,0.02,19636.34,2118.379,1.0012,24.219,0.686175033298797,0.0,Merge
236499.577,E4,P129,0.0625,0.0025,3097.090,1059.189,2.6546,9.3790,0.7088699032305459,0.0,Merge
300939.771,E22,P23,0.1125,0.0025,3767.425,1059.189,1.8321,7.9897,0.575423115894855,0.0,Merge
407958.865,E26,E31,0.15949933017563744,0.09500000000000004,4232.336,3560.970,1.2633,6.4498,0.778495442597035,0.0,Hit+Run
411655.725,E47,E39,0.05500000000000001,0.025,2967.891,2281.955,1.1074,3.8621,0.5718304526823531,0.0,Graze+Merge
436321.529,E9,P17,0.07500000000000004,0.009999999999999992,3291.149,1681.359,3.7873,13.989,0.42928824550338474,0.022129870129870128,Fragment
440864.411,NEPTUNE,K525,15.989423909423909,0.02,19660.96,2118.379,0.9999,24.220,0.5616813711391216,0.0,Perfect
454319.059,E22,P221,0.115,0.0025,3795.128,1059.189,3.0994,13.623,0.5971423473862418,0.0,Merge
471971.521,E47,P458,0.08000000000000002,0.0025,3362.718,1059.189,1.5146,5.8449,0.6415305416166736,0.0,Merge
491777.947,E9,FRAG0004,0.06287012987012991,0.005532467532467532,3103.191,1380.278,1.0402,3.6299,0.11738703921752024,0.0,Merge
508957.876,E22,E14,0.11750000000000001,0.0683972276438421,3822.432,3191.586,1.2228,5.6242,0.9057951662182149,0.0,Hit+Run
589054.268,E62,E44,0.11999999999999994,0.027500000000000017,3849.351,2355.617,1.0358,4.5119,0.7766982075106996,0.0,Graze+Merge
628799.864,E19,E30,0.07250000000000004,0.03,3254.167,2424.939,1.1494,4.3626,0.24490313045176007,0.009574092574092575,Fragment
641261.787,E19,FRAG0005,0.09292590742590746,0.009574092574092575,3534.864,1657.142,1.0306,4.0911,0.8916126366814058,0.0,Graze+Merge
651773.576,E31,P198,0.09500000000000004,0.0024999999999999905,3560.970,1059.189,1.7898,7.3457,0.6890469875170476,0.0,Merge
677211.777,E51,E68,0.06,0.025,3055.232,2281.955,1.0483,3.7376,0.4475926761191994,0.0,Merge
716568.147,E26,P220,0.15949933017563744,0.0025,4232.336,1059.189,2.7513,13.600,0.9763558940889279,0.0,Hit+Run
778643.155,E62,P370,0.14749999999999996,0.0025,4123.422,1059.189,1.5027,7.2227,0.431070305156497,0.0,Merge
780750.933,E19,P24,0.10250000000000004,0.005000000000000013,3652.317,1334.495,1.1005,4.5649,0.25956081037704276,0.0,Merge
793130.935,E51,P585,0.08499999999999999,0.0025,3431.364,1059.189,1.5034,5.9290,0.9616567843969139,0.0,Hit+Run
817608.67,E62,P212,0.14999999999999997,0.0025,4146.588,1059.189,1.2943,6.2587,0.7358396992460411,0.0,Merge
831171.397,NEPTUNE,K499,16.00942390942391,0.02,19669.15,2118.379,1.0014,24.267,0.8941044228810399,0.0,Merge
846571.876,E22,P339,0.11750000000000001,0.0025,3822.432,1059.189,1.0575,4.6843,0.6746543472419182,0.0,Merge
893776.657,E4,P93,0.065,0.0025000000000000022,3137.846,1059.189,1.7735,6.3543,0.8589564946524294,0.0,Hit+Run
896385.66,E53,P533,0.0625,0.0025,3097.090,1059.189,1.0254,3.6228,0.7198982587102178,0.0,Merge
936000.106,E31,P229,0.09750000000000003,0.0025000000000000022,3591.937,1059.189,1.6399,6.7935,0.5792043073459489,0.0,Merge
940525.817,E2,P159,0.3031488342184118,0.0025,5242.589,1059.189,1.741,10.832,0.8033871459723927,0.0,Merge
956026.845,E61,P652,0.085,0.0025,3431.364,1059.189,1.0168,4.0100,0.8507052030743618,0.0,Graze+Merge
1039763.141,P31,P183,0.002500000000000014,0.0025,1059.189,1059.189,9.3185,12.790,0.4312500000000004,0.0,Merge
1058962.504,E31,P155,0.10000000000000003,0.0025000000000000022,3622.378,1059.189,1.7802,7.4420,0.8220353929558353,0.0,Hit+Run
1077306.089,E73,E89,0.027500000000000004,0.025,2355.617,2281.955,1.0231,3.0754,0.827538857124453,0.0,Graze+Merge
1165810.015,E9,P53,0.06840259740259744,0.0025,3191.670,1059.189,2.051,7.4836,0.7768079737824507,0.0,Hit+Run
1232193.288,E22,P262,0.12000000000000001,0.0025,3849.351,1059.189,2.0262,9.0433,0.7751180493200158,0.0,Merge
1268825.745,P25,P161,0.002500000000000014,0.0025,1059.189,1059.189,8.0416,11.037,0.7850500000000007,0.0,Graze+Frag
1274699.184,P25,P59,0.005,0.0025,1334.495,1059.189,3.7088,5.8652,0.39984378083767014,0.006481351981351982,Fragment
1281261.346,E46,P274,0.035,0.0025,2552.798,1059.189,3.0175,8.6865,0.7343913047305624,0.0,Hit+Run
1292320.306,E48,E63,0.054220151939727575,0.025,2953.797,2281.955,1.3241,4.6015,0.9773491844046021,0.0,Hit+Run
1325767.324,E53,P202,0.065,0.0025,3137.846,1059.189,1.6907,6.0576,0.9534574093743958,0.0,Hit+Run
1347714.994,E19,E17,0.10750000000000005,0.04,3710.764,2668.991,1.1299,4.8539,0.2877406469581208,0.011864135864135865,Fragment
1476427.893,E46,P213,0.035,0.0025,2552.798,1059.189,2.8747,8.2754,0.8860613788285113,0.0,Hit+Run
1538663.614,ICE2,K466,7.9547119547119545,0.02,15578.84,2118.379,1.0028,19.018,0.9114613478465186,0.0,Graze+Merge
1554389.38,E46,P343,0.035,0.0025,2552.798,1059.189,1.1682,3.3629,0.505048625118333,0.0,Merge
1583880.504,E2,P190,0.3056488342184118,0.0025,5256.961,1059.189,1.5211,9.4922,0.9909417674275687,0.0,Hit+Run
1612015.857,E19,P175,0.13563586413586418,0.0025000000000000022,4009.762,1059.189,1.3005,6.0654,0.5608499392636754,0.0,Merge
1613468.941,E60,P713,0.030000000000000002,0.0025,2424.939,1059.189,1.1505,3.1393,0.3365835799168259,0.0,Merge
1706442.995,E19,P213,0.13813586413586418,0.0025,4034.248,1059.189,1.1788,5.5340,0.896598513442872,0.0,Hit+Run
1706784.349,E2,P125,0.3056488342184118,0.0025,5256.961,1059.189,2.135,13.323,0.3396634766396697,0.0,Merge
1750637.93,E19,P138,0.13813586413586418,0.0024999999999999905,4034.248,1059.189,1.1191,5.2537,0.5370086502776213,0.0,Merge
1806569.128,P38,P165,0.0025,0.0025,1059.189,1059.189,12.652,17.367,0.51855,0.0,Graze+Frag
1877234.118,E26,P43,0.15949933017563744,0.0025,4232.336,1059.189,3.0604,15.128,0.6733792309604887,0.0,Merge
1912280.243,E22,E38,0.12250000000000001,0.025,3875.899,2281.955,1.1537,5.0446,0.35996738614995455,0.0065181485181485185,Fragment
1927730.144,P38,FRAG1012,0.005,0.009496062873578797,1334.495,1652.627,1.9108,3.7607,0.6584639881843336,0.0,Hit+Run
2062985.981,E31,P244,0.10000000000000003,0.0025,3622.378,1059.189,1.5339,6.4124,0.5926175710324495,0.0,Merge
2139627.184,E43,P400,0.03250000000000001,0.0025,2490.510,1059.189,1.8775,5.2671,0.551536736927452,0.0,Merge
2170052.036,E22,P196,0.1409818514818515,0.0025,4061.766,1059.189,1.4698,6.9508,0.8505907762682181,0.0,Hit+Run
2223989.658,E31,P140,0.10250000000000004,0.0025,3652.317,1059.189,1.6429,6.9292,0.8123999959161553,0.0,Hit+Run
2315710.71,E31,P49,0.10250000000000004,0.0025000000000000022,3652.317,1059.189,2.8004,11.811,0.5087577455341341,0.0,Merge
2355621.879,P5,P114,0.005,0.0025,1334.495,1059.189,10.257,16.222,0.9922503641032981,0.0,Hit+Run
2376656.018,E19,P186,0.14063586413586418,0.0025000000000000022,4058.440,1059.189,1.8779,8.8729,0.3201466903735309,0.0,Merge
2395868.912,E26,P90,0.16199933017563745,0.0025,4254.334,1059.189,2.1174,10.525,0.5018546228540242,0.0,Merge
2410495.84,E33,FRAG1009,0.027500000000000004,0.005779848060272441,2355.617,1400.552,1.7304,4.6017,0.2926201870436474,0.0,Merge
2411379.682,E23,P174,0.030000000000000002,0.0025,2424.939,1059.189,1.6317,4.4523,0.6268138380336921,0.0,Merge
2444967.467,E14,P168,0.0683972276438421,0.0025,3191.586,1059.189,1.4686,5.3584,0.21383478482621132,0.0,Merge
2482406.863,P34,P37,0.0025000000000000022,0.0025,1059.189,1059.189,5.1476,7.0655,0.21145000000000003,0.0,Merge
2513851.778,E14,P106,0.0708972276438421,0.002500000000000014,3230.008,1059.189,1.664,6.1498,0.5204372837717587,0.0,Merge
2682994.079,P5,P195,0.005,0.0025,1334.495,1059.189,10.675,16.882,0.9452525521615585,0.0,Hit+Run
2721609.381,E2,P84,0.3081488342184118,0.002500000000000014,5271.255,1059.189,2.0096,12.577,0.1000052492709535,0.0,Merge
2729794.364,E33,P25,0.03327984806027245,0.0075001665001665,2510.273,1527.627,1.6636,4.7233,0.5709488637523492,0.0,Merge
2732992.34,E31,P164,0.10500000000000004,0.0025,3681.772,1059.189,1.9338,8.2269,0.923129641664889,0.0,Hit+Run
2765260.371,E23,P177,0.0325,0.0025,2490.510,1059.189,2.173,6.0961,0.8801013647141529,0.0,Hit+Run
2794768.959,E26,P231,0.16449933017563745,0.0025,4276.107,1059.189,2.0439,10.216,0.6437447002611434,0.0,Merge
2806678.19,P34,P243,0.005000000000000003,0.0025,1334.495,1059.189,9.8141,15.520,0.7202986124404209,0.0,Graze+Frag
2854401.392,E31,P195,0.10500000000000004,0.0025,3681.772,1059.189,2.2662,9.6410,0.09963618492942311,0.0,Merge
2958296.799,E49,E46,0.06,0.037500000000000006,3055.232,2612.187,1.1369,4.2129,0.954184083907887,0.0,Hit+Run
2971395.017,E47,P135,0.08250000000000002,0.0025,3397.388,1059.189,1.5832,6.1773,0.4600668268711195,0.0,Merge
3083659.593,E2,P68,0.31064883421841183,0.0025,5285.471,1059.189,1.1376,7.1403,0.8933714951096208,0.0,Hit+Run
3183935.027,E19,FRAG0006,0.14313586413586418,0.0059320679320679325,4082.347,1412.741,1.0704,4.9809,0.6740408183256735,0.0,Merge
3193385.701,E49,E43,0.06,0.03500000000000001,3055.232,2552.798,1.2807,4.7093,0.467325957255741,0.00885814185814186,Fragment
3218253.236,E9,FRAG0003,0.06840259740259744,0.005532467532467532,3191.670,1380.278,4.4997,16.166,0.4568355967067754,0.013192807192807193,Fragment
3229122.77,E4,P307,0.065,0.0025,3137.846,1059.189,3.215,11.519,0.724681460759509,0.0,Merge
3231676.932,E26,P208,0.16699933017563745,0.0025,4297.660,1059.189,1.6689,8.3871,0.83396355835028,0.0,Hit+Run
3312098.016,E19,P284,0.14906793206793212,0.0025,4137.981,1059.189,1.8022,8.6952,0.9344188930530325,0.0,Hit+Run
3328480.142,E61,P663,0.08750000000000001,0.0025,3464.680,1059.189,1.4782,5.8905,0.28896140429616973,0.0,Merge
3401870.256,E22,P463,0.1409818514818515,0.0025,4061.766,1059.189,1.1849,5.6035,0.18107970367589907,0.0,Merge
3410089.551,E19,P239,0.14906793206793212,0.0025,4137.981,1059.189,1.1851,5.7178,0.8366456823620709,0.0,Hit+Run
3463460.966,E19,P213,0.14906793206793212,0.0025,4137.981,1059.189,1.1037,5.3251,0.816262993488385,0.0,Hit+Run
3496942.398,E2,FRAG1003,0.31064883421841183,0.006830769843395355,5285.471,1480.756,1.3363,8.1779,0.9130918204342442,0.0,Hit+Run
3499898.095,E2,FRAG1003,0.31064883421841183,0.006830769843395355,5285.471,1480.756,1.029,6.2973,0.574929916878778,0.0,Merge
3516104.535,E2,P323,0.3174796040618072,0.0025,5323.931,1059.189,1.517,9.5959,0.3000962097162048,0.0,Merge
3556366.223,E51,P440,0.08499999999999999,0.0025,3431.364,1059.189,1.2708,5.0117,0.6298718215163895,0.0,Merge
3599525.681,E46,P375,0.037500000000000006,0.0025000000000000022,2612.187,1059.189,2.3996,7.0763,0.27499499346497547,0.0,Merge
3599876.277,E48,P434,0.054220151939727575,0.0025,2953.797,1059.189,1.218,4.0910,0.7819160163287967,0.0,Hit+Run
3610129.664,E62,P397,0.15249999999999997,0.0025000000000000022,4169.498,1059.189,2.5751,12.526,0.7068394802382988,0.0,Merge
3673681.251,E49,P291,0.08614185814185814,0.0025,3446.661,1059.189,2.0302,8.0450,0.370149678219831,0.0,Merge
3784912.634,E33,P305,0.04078001456043895,0.0025,2686.228,1059.189,1.4554,4.4201,0.7427363085360082,0.0,Hit+Run
3824633.766,E87,P593,0.027500000000000004,0.0025,2355.617,1059.189,1.0849,2.8729,0.24564646430923923,0.0,Merge
3833011.165,E31,P164,0.10750000000000004,0.0025,3710.764,1059.189,3.8363,16.459,0.5709341706065004,0.0,Merge
3960716.006,E31,E9,0.11000000000000004,0.06074225774225777,3739.309,3067.779,1.2338,5.5206,0.8533226545499756,0.0,Hit+Run
3991647.039,E33,P263,0.04078001456043895,0.0025000000000000022,2686.228,1059.189,1.8643,5.6619,0.7821825203643978,0.0,Hit+Run
4021664.546,E31,E4,0.11000000000000004,0.0675,3739.309,3177.569,1.3559,6.1366,0.6442406890379159,0.009170076590076591,Hit+Run
4039308.83,P33,P211,0.0025000000000000022,0.0025,1059.189,1059.189,9.031,12.395,0.7905500000000001,0.0,Graze+Frag
4080143.95,E2,P136,0.3199796040618072,0.0025,5337.869,1059.189,1.3025,8.2622,0.6440930386878307,0.0,Merge
4329415.455,E19,P34,0.14906793206793212,0.0075001665001665,4137.981,1527.627,2.1781,10.229,0.6975748247999703,0.0,Merge
4366535.335,NEPTUNE,K793,16.029423909423908,0.02,19677.34,2118.379,1.0053,24.372,0.7842689164095792,0.0,Merge
4376206.6,E63,P508,0.025,0.0025,2281.955,1059.189,1.5135,3.8793,0.846492832222349,0.0,Hit+Run
4549144.694,E0,P191,0.030000000000000002,0.0025,2424.939,1059.189,3.0833,8.4133,0.8986698064280514,0.0,Hit+Run
4567265.427,E2,E9,0.3224796040618072,0.06074225774225777,5351.735,3067.779,1.4969,9.0226,0.30891842619972704,0.027202331002331003,Fragment
4585122.759,E2,FRAG0012,0.35601973060193376,0.0068005328005328,5531.189,1478.568,1.0499,6.7483,0.928972049239342,0.0,Hit+Run
4718576.411,E2,FRAG0012,0.35601973060193376,0.0068005328005328,5531.189,1478.568,1.362,8.7544,0.8645839415200431,0.0,Hit+Run
4892702.199,E58,P303,0.030000000000000002,0.0025000000000000022,2424.939,1059.189,2.2778,6.2153,0.7724161641681004,0.0,Hit+Run
4918104.134,E2,P294,0.35601973060193376,0.0024999999999999905,5531.189,1059.189,1.7966,11.838,0.4079751759561921,0.0,Merge
4953062.464,E32,P448,0.030000000000000002,0.0025,2424.939,1059.189,2.0437,5.5765,0.5770501367019032,0.0,Merge
5016876.877,E0,P281,0.030000000000000002,0.0025,2424.939,1059.189,1.9241,5.2502,0.08860026824526869,0.0,Merge
5045984.859,P30,P117,0.0025,0.0025,1059.189,1059.189,21.781,29.896,0.1406,0.0,Merge
5104420.294,E2,P232,0.35851973060193376,0.0025000000000000022,5544.106,1059.189,1.3728,9.0687,0.19419873536965382,0.0,Merge
5128554.869,E4,P181,0.0675,0.002500000000000014,3177.569,1059.189,2.3828,8.6532,0.9025499999999996,0.0,Hit+Run
5135011.014,E4,P181,0.0675,0.002500000000000014,3177.569,1059.189,1.0643,3.8650,0.9236249999999996,0.0,Hit+Run
5154535.916,E62,P300,0.15499999999999997,0.0025,4192.159,1059.189,1.1696,5.7226,0.5768525619985105,0.0,Merge
5179350.458,E75,P314,0.025,0.0025,2281.955,1059.189,8.981,23.019,0.6077209311856109,0.01653746253746254,Fragment
5275612.028,P53,P115,0.0025,0.0025000000000000022,1059.189,1059.189,21.163,29.048,0.7704499999999997,0.0,Graze+Frag
5296195.803,E31,FRAG0001,0.11000000000000004,0.005532467532467532,3739.309,1380.278,3.3289,14.128,0.5283660224237512,0.0,Merge
5362225.426,E26,P764,0.16699933017563745,0.0025,4297.660,1059.189,9.2915,46.695,0.5273345328558335,0.006654345654345655,Fragment
5483797.786,E47,P309,0.08500000000000002,0.0025,3431.364,1059.189,1.9194,7.5696,0.5434487922630794,0.0,Merge
5492729.722,E0,P224,0.0325,0.0025,2490.510,1059.189,3.0645,8.5971,0.6054204939507672,0.0,Merge
5512489.451,E2,E14,0.36101973060193376,0.07339722764384211,5556.962,3267.536,0.9907,6.2102,0.5144811795483942,0.0,Perfect
5570013.759,E47,P760,0.08750000000000002,0.0025,3464.680,1059.189,4.5167,17.998,0.7365337463865,0.009984875124875125,Merge
5597489.261,P68,P201,0.0025,0.0025,1059.189,1059.189,12.530,17.199,0.40875,0.0,Merge
5610804.399,E53,P543,0.065,0.0025,3137.846,1059.189,1.4891,5.3353,0.6025928581163358,0.0,Merge
5760771.066,E19,P238,0.1565680985680986,0.0025,4206.248,1059.189,1.3871,6.8114,0.9543754359267258,0.0,Hit+Run
5820100.2,E19,P296,0.1565680985680986,0.0025,4206.248,1059.189,1.8681,9.1734,0.4097255889234266,0.0,Merge
5835268.879,E33,P378,0.04078001456043895,0.0025,2686.228,1059.189,4.6695,14.181,0.31678894117454115,0.0,Merge
5847662.032,E31,P93,0.11553246753246757,0.0025000000000000022,3800.976,1059.189,1.4828,6.5285,0.08915565514493805,0.0,Merge
5877354.191,E73,P714,0.052500000000000005,0.0025,2922.224,1059.189,1.8026,5.9857,0.6541842833275522,0.0,Merge
5937460.262,P30,FRAG0011,0.005,0.0065964035964035965,1334.495,1463.624,10.940,19.898,0.9281453860036296,0.0,Hit+Run
6115400.507,E49,E53,0.08864185814185814,0.0675,3479.686,3177.569,1.1032,4.7733,0.6287447463641181,0.006244761904761904,Graze+Merge
6136533.021,E73,P420,0.05500000000000001,0.0025000000000000022,2967.891,1059.189,1.4734,4.9741,0.8946239761534106,0.006244761904761904,Hit+Run
6156143.219,E84,P623,0.030000000000000002,0.0025,2424.939,1059.189,1.1785,3.2157,0.6677383924156387,0.0,Merge
6203058.95,E26,P67,0.16284498452129179,0.0025,4261.723,1059.189,1.9527,9.7251,0.681278151243173,0.0,Merge
6399999.042,E19,P326,0.15906809856809861,0.0025,4228.518,1059.189,1.4476,7.1490,0.9259590548310666,0.0,Hit+Run
6408354.552,E22,P409,0.1434818514818515,0.0025,4085.634,1059.189,1.3674,6.5075,0.9794739599492711,0.0,Hit+Run
6448069.649,E26,P123,0.1653449845212918,0.0025000000000000022,4283.422,1059.189,1.8138,9.0828,0.846564437032763,0.0,Hit+Run
6465878.163,E32,P267,0.0325,0.0025,2490.510,1059.189,4.0398,11.333,0.5690068612748549,0.0,Merge
6470436.51,E26,P123,0.1653449845212918,0.0025000000000000022,4283.422,1059.189,1.0257,5.1363,0.7852308074911336,0.0,Merge
6531739.55,E2,P208,0.43441695824577586,0.0025,5910.571,1059.189,1.0501,7.4281,0.9419924605554654,0.0,Hit+Run
6550032.416,E2,P31,0.43441695824577586,0.005000000000000014,5910.571,1334.495,2.4635,17.140,0.30894584219807875,0.0,Merge
6554380.898,E33,P315,0.04328001456043895,0.0025,2740.036,1059.189,2.8774,8.9237,0.28228121622018926,0.0,Merge
6586015.65,E31,P208,0.11803246753246757,0.0025,3828.197,1059.189,1.2303,5.4586,0.8777446398198853,0.0,Hit+Run
6595958.116,E31,P208,0.11803246753246757,0.0025,3828.197,1059.189,0.9948,4.4137,0.4597075933520352,0.0,Perfect
6692071.833,E19,FRAG0009,0.15906809856809861,0.00885814185814186,4228.518,1614.760,1.9181,9.1867,0.8045597298120566,0.0,Hit+Run
6763270.222,E2,P105,0.43941695824577587,0.0025,5933.160,1059.189,2.9092,20.662,0.8673588022889486,0.0,Hit+Run
6823968.102,E40,P54,0.05500000000000001,0.002500000000000014,2967.891,1059.189,3.1411,10.604,0.595703566953457,0.0,Merge
6833828.832,E2,P105,0.43941695824577587,0.0025,5933.160,1059.189,1.1889,8.4442,0.7752093541099426,0.0,Merge
7084687.646,E47,P402,0.09000000000000002,0.0025,3497.368,1059.189,2.4827,9.9938,0.32989129045349697,0.0,Merge
7157282.189,E63,P204,0.025,0.0025000000000000022,2281.955,1059.189,2.1103,5.4090,0.10292598823294172,0.0,Merge
7182272.891,E46,P242,0.04000000000000001,0.0025,2668.991,1059.189,3.9585,11.940,0.6578371528754403,0.0,Merge
7290799.921,E49,P102,0.15614185814185816,0.0025,4202.428,1059.189,3.2389,15.889,0.555412513610522,0.0,Merge
7310432.506,E33,P365,0.04578001456043895,0.0025,2791.809,1059.189,1.1485,3.6331,0.979997072032491,0.0,Hit+Run
7383339.98,P30,P200,0.005,0.0025,1334.495,1059.189,24.673,39.020,0.24942848235746462,0.007497915417915418,Fragment
7408101.533,E32,P266,0.035,0.0025,2552.798,1059.189,2.0661,5.9477,0.6492270739346498,0.0,Merge
7583583.213,E47,E40,0.09250000000000003,0.05750000000000002,3529.455,3012.195,1.0205,4.3658,0.6950301892353928,0.0,Graze+Merge
7631723.928,E26,P479,0.1678449845212918,0.0025000000000000022,4304.902,1059.189,2.4586,12.378,0.904383106565664,0.0,Hit+Run
7643547.535,E49,P346,0.15864185814185816,0.0025,4224.738,1059.189,1.2937,6.3828,0.28959518672364065,0.0,Merge
7655469.156,E46,P238,0.04250000000000001,0.0025,2723.475,1059.189,2.6295,8.1028,0.8973216379296234,0.0,Hit+Run
7671416.65,E2,FRAG0002,0.44191695824577587,0.005532467532467532,5944.391,1380.278,1.628,11.368,0.6997249249264779,0.0,Merge
7687974.922,E31,FRAG0015,0.12053246753246757,0.0068005328005328,3855.036,1478.568,3.1624,13.804,0.9052851099802934,0.0,Hit+Run
7746977.605,E2,P87,0.4474494257782434,0.0025,5969.095,1059.189,1.3936,9.9621,0.6348488370379379,0.0,Merge
7814359.487,E47,E35,0.15000000000000005,0.05354793031326717,4146.588,2941.539,1.1372,5.4445,0.963210250274659,0.0,Hit+Run
7846170.441,E47,E35,0.15000000000000005,0.05354793031326717,4146.588,2941.539,1.0085,4.8283,0.7126527342147522,0.0,Graze+Merge
7852999.864,E47,E49,0.20354793031326723,0.16114185814185816,4590.740,4246.814,1.0226,5.8689,0.9079609935255699,0.0,Graze+Merge
7859412.96,E47,P340,0.3646897884551254,0.0025,5575.729,1059.189,1.0664,7.0876,0.7964104048975684,0.0,Merge
7888627.284,E47,P415,0.3671897884551254,0.0025000000000000022,5588.441,1059.189,1.2199,8.1276,0.6554677221995882,0.0,Merge
7894134.698,E62,P491,0.15749999999999997,0.0025,4214.577,1059.189,1.0091,4.9658,0.3147087215596831,0.0,Merge
7902706.595,E47,E63,0.3696897884551254,0.027500000000000004,5601.095,2355.617,1.0876,6.8652,0.6541065524570261,0.0,Merge
7934494.813,E33,P299,0.04578001456043895,0.0025,2791.809,1059.189,2.849,9.0125,0.861974048414434,0.0,Hit+Run
7973928.192,E33,P353,0.04578001456043895,0.0025,2791.809,1059.189,2.4481,7.7443,0.6592760299647488,0.0,Merge
8080032.504,E36,P362,0.03250000000000001,0.0025,2490.510,1059.189,1.9285,5.4102,0.5918793935529811,0.0,Merge
8081502.196,E23,P271,0.0325,0.0025,2490.510,1059.189,1.75,4.9094,0.7184500936442065,0.0,Hit+Run
8145752.865,P15,FRAG1012,0.0025,0.009496062873578797,1059.189,1652.627,3.877,7.2852,0.7048851768655723,0.0,Hit+Run
8154992.719,E0,P142,0.035,0.0025,2552.798,1059.189,4.2615,12.267,0.7304334649591342,0.0,Hit+Run
8156362.913,E2,FRAG0015,0.44994942577824343,0.0068005328005328,5980.191,1478.568,1.5391,10.760,0.10086235138736023,0.0,Merge
8246972.696,E31,P5,0.12053246753246757,0.005,3855.036,1334.495,2.4797,10.896,0.7799167135497358,0.0,Hit+Run
8367558.765,E2,FRAG0018,0.4567499585787762,0.006654345654345655,6010.169,1467.897,1.7236,12.122,0.14804270327659677,0.0,Merge
8380612.582,E73,P425,0.05500000000000001,0.0025,2967.891,1059.189,1.4388,4.8573,0.6027786062244621,0.0,Merge
8401850.392,E2,P5,0.46340430423312184,0.005,6039.215,1334.495,1.1433,8.1411,0.42449796512600546,0.0,Merge
8479881.138,E2,FRAG0014,0.46840430423312185,0.0068005328005328,6060.858,1478.568,1.3821,9.8032,0.3705925803296951,0.0,Merge
8655353.771,E2,P155,0.4752048370336546,0.0025000000000000022,6090.049,1059.189,1.3301,9.7138,0.7468131948344645,0.0,Merge
8663396.429,E2,FRAG1002,0.47770483703365463,0.006193563221218758,6100.710,1433.201,1.8245,13.063,0.8797304078739975,0.0,Hit+Run
8673385.487,P21,P640,0.0025000000000000022,0.0025,1059.189,1059.189,6.1069,8.3822,0.9879000000000001,0.0,Hit+Run
8838552.788,E45,P639,0.025,0.0025000000000000022,2281.955,1059.189,3.1759,8.1403,0.5210500094420122,0.0,Merge
8893603.68,P38,P302,0.005,0.0025,1334.495,1059.189,5.1712,8.1779,0.8379882696278612,0.0,Hit+Run
9195788.68,E2,P156,0.47770483703365463,0.0025000000000000022,6100.710,1059.189,1.8901,13.829,0.784753135565172,0.0,Merge
9215556.203,E73,E84,0.05750000000000001,0.0325,3012.195,2490.510,1.1228,4.0568,0.6360270987196542,0.0,Hit+Run
9229514.101,E33,P206,0.048280014560438955,0.0025,2841.731,1059.189,1.1549,3.7227,0.4440795533440988,0.0,Merge
9414597.836,E31,FRAG0010,0.12053246753246757,0.0065964035964035965,3855.036,1463.624,2.0107,8.7826,0.8872440892598014,0.0,Hit+Run
9485752.114,E31,FRAG0010,0.12053246753246757,0.0065964035964035965,3855.036,1463.624,1.1391,4.9755,0.9816872759525163,0.0,Hit+Run
9514618.543,E26,P122,0.1678449845212918,0.0025,4304.902,1059.189,1.0481,5.2768,0.8481250040097555,0.0,Hit+Run
9590927.946,E2,P94,0.48020483703365463,0.0025,6111.334,1059.189,2.7707,20.310,0.6923115594109598,0.0,Merge
9611278.035,E22,P238,0.1434818514818515,0.0025,4085.634,1059.189,1.6329,7.7710,0.7815779725815408,0.0,Merge
9692563.13,E84,E81,0.0325,0.025,2490.510,2281.955,1.9138,5.9349,0.6976087649015196,0.0,Hit+Run
9713450.988,E26,P429,0.1678449845212918,0.0025,4304.902,1059.189,1.6212,8.1622,0.5421162378960919,0.0,Merge
9970087.964,E47,P215,0.3971897884551254,0.0025,5736.670,1059.189,1.4847,10.172,0.15042608345090014,0.0,Merge
9981154.922,E2,FRAG1012,0.48270483703365463,0.009496062873578797,6121.921,1652.627,1.6318,11.599,0.9064118733118832,0.0,Hit+Run
9998814.244,E26,P278,0.1703449845212918,0.0025000000000000022,4326.170,1059.189,2.6738,13.533,0.6728612588666162,0.0,Merge
10074649.397,E61,P317,0.09000000000000001,0.0025,3497.368,1059.189,1.5889,6.3959,0.9473820842409292,0.0,Hit+Run
10116485.87,E47,E22,0.3996897884551254,0.1459818514818515,5748.680,4109.227,1.0389,6.9056,0.2961840420453263,0.03625974025974026,Fragment
10349681.466,E23,P318,0.0325,0.0025,2490.510,1059.189,2.4477,6.8667,0.6386067140966375,0.0,Merge
10377264.298,E2,FRAG1012,0.48270483703365463,0.009496062873578797,6121.921,1652.627,1.3123,9.3287,0.8909782248739431,0.0,Hit+Run
10412265.598,E47,E48,0.5094118996772368,0.054220151939727575,6232.805,2953.797,1.1699,8.1870,0.4692954880313549,0.009742923742923744,Fragment
10465041.759,E31,P190,0.12053246753246757,0.0025,3855.036,1059.189,3.8739,17.317,0.7260219653837392,0.0,Merge
10469808.864,E46,P524,0.04250000000000001,0.0025000000000000022,2723.475,1059.189,1.7239,5.3122,0.7450440752062699,0.0,Hit+Run
10522493.945,P101,P256,0.0025000000000000022,0.0025000000000000022,1059.189,1059.189,12.162,16.694,0.99505,0.0,Hit+Run
10573669.611,E26,P542,0.1728449845212918,0.0025,4347.231,1059.189,2.5478,12.963,0.7063901550370126,0.0,Merge
10843173.92,E2,FRAG0009,0.48270483703365463,0.00885814185814186,6121.921,1614.760,1.696,12.078,0.8589400335960761,0.0,Hit+Run
10890877.752,E61,P317,0.09000000000000001,0.0025,3497.368,1059.189,1.678,6.7546,0.8284124471532324,0.0,Hit+Run
11097830.585,P81,FRAG0013,0.0025,0.0068005328005328,1059.189,1478.568,13.241,22.648,0.8113298640700891,0.008696896436896437,Graze+Frag
11269755.868,E47,P447,0.5538891278740407,0.0025000000000000022,6409.165,1059.189,1.165,8.9838,0.7523631389764954,0.0,Merge
11280489.82,E31,FRAG0010,0.12303246753246758,0.0065964035964035965,3881.507,1463.624,2.7369,12.041,0.9417053081548075,0.0,Hit+Run
11344486.264,E47,FRAG1008,0.5563891278740407,0.005612060700461812,6418.793,1386.866,1.2403,9.4025,0.8830131589717078,0.0,Hit+Run
11398484.176,P53,FRAG0019,0.005,0.006043290043290044,1334.495,1421.515,6.2826,11.235,0.7187169024857901,0.008553726273726274,Graze+Frag
11409496.798,E31,P68,0.12303246753246758,0.005,3881.507,1334.495,1.806,7.9940,0.7544973202144827,0.0,Hit+Run
11417465.39,E2,FRAG0011,0.48270483703365463,0.0065964035964035965,6121.921,1463.624,2.2166,15.905,0.63845795980415,0.0,Merge
11432047.583,E47,P327,0.5563891278740407,0.0025,6418.793,1059.189,1.1998,9.2669,0.778359829823583,0.0,Merge
11528507.66,E4,P328,0.0675,0.0025,3177.569,1059.189,2.7512,9.9910,0.19245,0.0,Merge
11659008.721,E36,P179,0.03500000000000001,0.0025000000000000022,2552.798,1059.189,3.8332,11.034,0.8042189064121903,0.0,Hit+Run
11686008.125,E26,FRAG0012,0.1753449845212918,0.0068005328005328,4368.090,1478.568,2.4909,12.421,0.7249196692587111,0.0,Merge
11754053.243,E31,P30,0.12303246753246758,0.007499833499833501,3881.507,1527.604,4.6881,20.575,0.7175150046006757,0.006076923076923077,Fragment
11803797.874,E2,P282,0.48930124063005825,0.0025000000000000022,6149.681,1059.189,1.3314,9.8248,0.699177255054241,0.0,Merge
11814989.076,E47,E58,0.5588891278740407,0.030000000000000002,6428.392,2424.939,1.4139,10.302,0.41235142655324153,0.0,Merge
11983546.553,E46,P313,0.04250000000000001,0.0025,2723.475,1059.189,5.0373,15.522,0.7040767309085925,0.0,Merge
12446307.908,E31,P101,0.12445537795537799,0.0025000000000000022,3896.413,1059.189,1.8798,8.5005,0.20317066817381596,0.0,Merge
12682051.024,E47,E0,0.5888891278740407,0.035,6541.414,2552.798,1.0353,7.6611,0.558531943349935,0.0,Merge
12899234.855,E19,P177,0.15906809856809861,0.0025,4228.518,1059.189,5.3552,26.447,0.8186408881859943,0.0,Hit+Run
12959951.241,E19,P290,0.15906809856809861,0.0025,4228.518,1059.189,2.9542,14.589,0.6184789126922419,0.0,Merge
13039792.066,E2,P196,0.49180124063005826,0.0025,6160.137,1059.189,1.5645,11.565,0.27552544203783585,0.0,Merge
13240290.241,E2,FRAG0010,0.49430124063005826,0.0065964035964035965,6170.557,1463.624,1.2369,8.9512,0.6024111942100306,0.0,Merge
13313664.788,E47,FRAG0025,0.6238891278740407,0.009742923742923744,6668.523,1666.826,1.085,8.4516,0.8645116000815717,0.0,Hit+Run
13328936.749,P114,P122,0.0025,0.0025,1059.189,1059.189,9.4117,12.918,0.8862,0.0,Hit+Run
13337842.911,E32,P520,0.037500000000000006,0.0025,2612.187,1059.189,2.0531,6.0545,0.8010074091665443,0.0,Hit+Run
13388571.004,E47,P405,0.6238891278740407,0.0025,6668.523,1059.189,1.1437,9.1995,0.9895289040564476,0.0,Hit+Run
13614167.524,E61,P547,0.09000000000000001,0.0025,3497.368,1059.189,2.3683,9.5333,0.6492672000805331,0.0,Merge
13915671.195,E47,P524,0.6238891278740407,0.0025000000000000022,6668.523,1059.189,1.0254,8.2479,0.6127709730273684,0.0,Merge
14026351.011,E47,P217,0.6263891278740408,0.0025,6677.418,1059.189,1.4738,11.871,0.2661781156289998,0.0,Merge
14069355.518,E62,P614,0.15999999999999998,0.0025,4236.759,1059.189,1.1951,5.9144,0.8612,0.0,Hit+Run
14074889.29,E47,E46,0.6288891278740407,0.04500000000000001,6686.290,2775.862,1.0098,7.6136,0.38342024048514617,0.0,Merge
14311558.243,E79,E74,0.027500000000000004,0.025,2355.617,2281.955,2.1622,6.4996,0.9213049220797525,0.0,Hit+Run
14550373.337,E47,P184,0.6738891278740408,0.0025000000000000022,6842.109,1059.189,1.2631,10.441,0.9078592194535615,0.0,Hit+Run
14674307.567,E47,P312,0.6738891278740408,0.0025,6842.109,1059.189,2.1903,18.105,0.4860562570386151,0.0,Merge
14694288.686,E47,P678,0.6763891278740407,0.0025,6850.559,1059.189,1.0554,8.7355,0.09552979147883289,0.0,Merge
14811413.72,P114,P487,0.0025,0.0025,1059.189,1059.189,16.577,22.754,0.7276,0.0,Graze+Frag
14840581.447,E47,P481,0.6788891278740407,0.0025,6858.989,1059.189,1.5551,12.888,0.9441941282989468,0.0,Hit+Run
14850297.964,E47,P356,0.6788891278740407,0.0025,6858.989,1059.189,1.0352,8.5795,0.7129098785229662,0.0,Merge
14929874.108,E47,P180,0.6813891278740406,0.0025,6867.398,1059.189,1.4698,12.197,0.9902666869708379,0.0,Hit+Run
15045992.935,P33,P361,0.005,0.0025,1334.495,1059.189,12.425,19.650,0.9074536002084157,0.0,Hit+Run
15073744.463,E33,P33,0.05078001456043896,0.005,2889.957,1334.495,4.4114,14.321,0.6964159821255425,0.0,Hit+Run
15102378.963,E47,P379,0.6813891278740406,0.0025,6867.398,1059.189,1.8675,15.497,0.8516466782960049,0.0,Merge
15132212.254,E2,E36,0.5008976442264619,0.03500000000000001,6197.885,2552.798,1.3097,9.1569,0.3054787443045704,0.006627372627372627,Fragment
15132309.204,E2,FRAG0027,0.5292702715990892,0.006627372627372627,6312.765,1465.911,1.044,7.7418,0.988140234284174,0.0,Hit+Run
15209423.932,E47,P334,0.6838891278740405,0.0025,6875.787,1059.189,1.0833,9.0015,0.5976363037309185,0.0,Merge
15231916.865,E47,P361,0.6863891278740405,0.0025,6884.155,1059.189,1.2695,10.562,0.8833834172757222,0.0,Hit+Run
15234812.078,E2,P122,0.5292702715990892,0.0025,6312.765,1059.189,1.9916,15.112,0.5668849770180112,0.0,Merge
15338473.367,E47,P180,0.6863891278740405,0.0025,6884.155,1059.189,1.0431,8.6787,0.8132708709619716,0.0,Merge
15629525.474,E47,FRAG0007,0.6888891278740404,0.0059320679320679325,6892.503,1412.741,1.3326,10.889,0.45030249728889854,0.0,Merge
15638074.453,E2,P428,0.5317702715990892,0.0025,6322.689,1059.189,1.0725,8.1517,0.13258850203714562,0.0,Merge
16152310.528,E32,P418,0.037500000000000006,0.0025,2612.187,1059.189,4.4556,13.139,0.10345219159070487,0.0,Merge
16157590.848,E2,P479,0.5342702715990891,0.0025000000000000022,6332.582,1059.189,1.6737,12.742,0.7503039064305727,0.0,Merge
16270568.399,E26,P140,0.1821455173218246,0.0025,4423.846,1059.189,2.0014,10.376,0.45496815890489556,0.0,Merge
16351223.692,E2,P582,0.5367702715990892,0.0025,6342.444,1059.189,1.5734,11.998,0.5586973836573186,0.0,Merge
16351803.878,P81,P263,0.009300699300699301,0.0025000000000000022,1641.215,1059.189,8.0326,15.002,0.4019159102439884,0.006272727272727273,Fragment
16373652.978,E81,P366,0.025,0.0025,2281.955,1059.189,4.9806,12.766,0.7872096485553328,0.0,Hit+Run
16503712.349,E19,E23,0.16156809856809862,0.035,4250.555,2552.798,1.1991,5.7584,0.6884379742421173,0.0,Hit+Run
16590832.349,E33,P247,0.05078001456043896,0.0025,2889.957,1059.189,1.5469,5.0763,0.38360576306213795,0.0,Merge
16596091.52,E19,P179,0.16156809856809862,0.0025000000000000022,4250.555,1059.189,1.8983,9.4275,0.5707705086551597,0.0,Merge
16685556.456,E19,FRAG0027,0.16406809856809862,0.006627372627372627,4272.367,1465.911,1.0868,5.2957,0.43198103857076725,0.0,Merge
16774997.435,E2,P33,0.5392702715990891,0.005,6352.275,1334.495,1.4093,10.594,0.4173272573399756,0.0,Merge
16830152.589,E47,P592,0.6948211958061083,0.0025,6912.230,1059.189,1.7173,14.350,0.817093367433696,0.0,Merge
17059203.559,E19,P342,0.17069547119547124,0.0025,4329.135,1059.189,1.3795,6.9874,0.9508579087857434,0.0,Hit+Run
17151168.38,E2,FRAG1010,0.5442702715990891,0.007710090622992165,6371.847,1541.749,1.8345,13.688,0.8427789837231905,0.0,Hit+Run
17351143.11,E23,P104,0.035,0.0025,2552.798,1059.189,2.6772,7.7069,0.9966688652978914,0.0,Hit+Run
17379689.11,E47,P481,0.6973211958061083,0.0025,6920.510,1059.189,1.0312,8.6278,0.9826106203309198,0.0,Hit+Run
17420868.212,E2,P311,0.5442702715990891,0.0025,6371.847,1059.189,1.1948,9.1565,0.4745206097405021,0.0,Merge
17648907.395,E19,E33,0.17069547119547124,0.05328001456043896,4329.135,2936.625,1.0696,5.3056,0.7330457351122763,0.0,Graze+Merge
17657740.309,P38,P430,0.005,0.0025,1334.495,1059.189,6.8686,10.862,0.6010479365882491,0.0,Graze+Frag
17691261.849,E31,P68,0.12695537795537798,0.005,3922.330,1334.495,2.6815,12.002,0.9004422708150362,0.0,Hit+Run
17703434.834,E31,P15,0.12695537795537798,0.0025,3922.330,1059.189,3.0473,13.878,0.32227307187780874,0.0,Merge
17726760.844,E47,P611,0.6973211958061083,0.0025,6920.510,1059.189,1.0841,9.0704,0.890854041662772,0.0,Hit+Run
17755773.738,E47,P611,0.6973211958061083,0.0025,6920.510,1059.189,1.0444,8.7382,0.9945788697224174,0.0,Hit+Run
17781849.254,E26,E23,0.1846455173218246,0.035,4443.993,2552.798,1.0136,5.0738,0.27851209487285167,0.007274725274725275,Fragment
17909669.383,E31,P68,0.12945537795537798,0.005,3947.909,1334.495,0.9985,4.5006,0.8413140625146515,0.0,Perfect
18039130.056,E74,P452,0.025,0.0025,2281.955,1059.189,2.9089,7.4559,0.8986046630264197,0.0,Hit+Run
18069107.33,E47,P640,0.6973211958061083,0.0025,6920.510,1059.189,1.6328,13.661,0.9212950238107115,0.0,Hit+Run
18075814.861,E26,P184,0.21237079204709933,0.0025000000000000022,4656.133,1059.189,1.059,5.8012,0.3919403452435564,0.0,Merge
18248898.544,E19,P326,0.2239754857559102,0.0025,4739.443,1059.189,3.0103,16.807,0.500701261023609,0.0,Merge
18525399.954,E2,P310,0.5467702715990891,0.0025000000000000022,6381.588,1059.189,2.31,17.731,0.6767721343319595,0.0,Merge
18821503.136,E2,P218,0.5492702715990891,0.0025,6391.300,1059.189,1.2807,9.8467,0.6227890844988553,0.0,Merge
18882369.898,E47,P331,0.6973211958061083,0.0025,6920.510,1059.189,1.454,12.165,0.6461987406960004,0.0,Merge
19151320.028,E2,P257,0.5517702715990891,0.0025000000000000022,6400.982,1059.189,1.0665,8.2130,0.9708504310053867,0.0,Hit+Run
19448380.796,E26,P256,0.21487079204709933,0.0025000000000000022,4674.333,1059.189,1.2832,7.0589,0.3919787748733063,0.0,Merge
19575755.817,E19,P277,0.2264754857559102,0.0025,4757.012,1059.189,2.756,15.449,0.42751097628361373,0.0,Merge
19577599.219,P118,P239,0.0025,0.0025,1059.189,1059.189,11.706,16.068,0.852,0.0,Graze+Frag
19604801.838,E2,P225,0.5517702715990891,0.0025,6400.982,1059.189,1.1201,8.6258,0.6789517861728347,0.0,Merge
19899825.221,E2,FRAG1010,0.554270271599089,0.007710090622992165,6410.634,1541.749,1.6267,12.217,0.8137050409179136,0.0,Hit+Run
20326713.636,E2,P158,0.554270271599089,0.0025000000000000022,6410.634,1059.189,1.9575,15.098,0.42824388516709067,0.0,Merge
20382272.011,E47,P189,0.6998211958061082,0.0025,6928.771,1059.189,1.5574,13.046,0.8683558546742118,0.0,Hit+Run
20939886.644,E26,P220,0.21737079204709933,0.0025,4692.391,1059.189,1.5586,8.6095,0.8848640805897232,0.0,Hit+Run
20961604.249,E2,P530,0.556770271599089,0.0025,6420.258,1059.189,2.066,15.961,0.9625089250475177,0.0,Hit+Run
21062677.37,E2,FRAG0028,0.556770271599089,0.006272727272727273,6420.258,1439.282,1.0574,7.9959,0.5642969114144573,0.0,Merge
21065262.669,E4,FRAG0025,0.07,0.009742923742923744,3216.324,1666.826,2.3364,8.4353,0.21939886539841216,0.009199467199467199,Fragment
21097161.234,URANUS,K443,15.94942390942391,0.02,19644.55,2118.379,1.0076,24.385,0.9550154528300109,0.0,Graze+Merge
21119961.277,E2,P81,0.5630429988718163,0.005527972027972031,6444.279,1379.904,1.1208,8.5360,0.9544293430761511,0.0,Hit+Run
21302145.11,E26,FRAG1002,0.21737079204709933,0.006193563221218758,4692.391,1433.201,2.9785,16.076,0.915176666059355,0.0,Hit+Run
21472215.502,E2,P38,0.5630429988718163,0.007499833499833501,6444.279,1527.604,1.6751,12.660,0.9574404515340081,0.0,Hit+Run
21547698.092,E47,P177,0.6998211958061082,0.0025,6928.771,1059.189,1.5457,12.948,0.973311461921819,0.0,Hit+Run
21560159.633,P118,P75,0.005,0.0025,1334.495,1059.189,11.673,18.460,0.5294083300103899,0.007455904095904096,Fragment
21621112.402,E19,P404,0.2289754857559102,0.0025,4774.451,1059.189,2.1958,12.357,0.3784439643757041,0.0,Merge
21784866.054,E61,P779,0.09250000000000001,0.0025,3529.455,1059.189,3.3426,13.588,0.6534112425239148,0.0,Merge
22157892.463,E26,P571,0.21737079204709933,0.0025,4692.391,1059.189,2.5683,14.187,0.9023231358401567,0.0,Hit+Run
22327438.527,E79,P241,0.027500000000000004,0.0025,2355.617,1059.189,2.6088,6.9083,0.921398434085512,0.0,Hit+Run
22655382.884,E2,FRAG0023,0.5630429988718163,0.006043290043290044,6444.279,1421.515,1.318,10.015,0.4385599585616155,0.0,Merge
22908452.214,E2,P38,0.5690862889151064,0.007499833499833501,6467.253,1527.604,1.3554,10.283,0.7044132672984357,0.0,Merge
23066931.275,E47,P192,0.6998211958061082,0.0025,6928.771,1059.189,1.2048,10.093,0.8205620202994747,0.0,Merge
23569493.666,E2,P390,0.5765861224149399,0.0025,6495.539,1059.189,2.8231,22.082,0.5591264896938904,0.0,Merge
23569990.059,E2,P571,0.5790861224149398,0.0025,6504.914,1059.189,1.4769,11.570,0.9184495898860331,0.0,Hit+Run
23876818.959,E2,P481,0.5790861224149398,0.0025,6504.914,1059.189,1.1715,9.1775,0.6678538871774281,0.0,Merge
23955177.432,E51,P274,0.0875,0.0025,3464.680,1059.189,3.151,12.556,0.8260635321331796,0.0,Hit+Run
23955177.432,E51,P274,0.0875,0.0025,3464.680,1059.189,3.151,12.556,0.8260635321331796,0.0,Hit+Run
23978597.293,E2,P571,0.5815861224149398,0.0025,6514.261,1059.189,1.5202,11.927,0.7146079299375969,0.0,Merge
24023301.285,E79,P317,0.027500000000000004,0.0025,2355.617,1059.189,3.0042,7.9554,0.5363384611076482,0.0,Merge
24108584.5,E26,FRAG1002,0.21737079204709933,0.006193563221218758,4692.391,1433.201,2.0161,10.881,0.8835396054514606,0.0,Hit+Run
24108584.5,E26,FRAG1002,0.21737079204709933,0.006193563221218758,4692.391,1433.201,2.0161,10.881,0.8835396054514606,0.0,Hit+Run
24187492.05,E62,E74,0.15999999999999998,0.025,4236.759,2281.955,1.0438,4.9679,0.5630411523600144,0.0,Merge
24462443.641,E2,P670,0.5840861224149397,0.0025,6523.582,1059.189,1.8738,14.724,0.7453780116250411,0.0,Merge
24474422.689,E31,P342,0.13445537795537799,0.0025,3998.096,1059.189,1.2566,5.8423,0.9361039840846773,0.0,Hit+Run
24474422.689,E31,P342,0.13445537795537799,0.0025,3998.096,1059.189,1.2566,5.8423,0.9361039840846773,0.0,Hit+Run
24530396.837,E47,P258,0.7023211958061082,0.0025,6937.012,1059.189,2.8071,23.545,0.017958044213780625,0.0,Merge
24532410.027,P118,FRAG0009,0.007499833499833501,0.00885814185814186,1527.604,1614.760,10.451,21.305,0.6848630541390179,0.01604832500832501,Graze+Frag
24605968.216,E31,P342,0.13445537795537799,0.0025,3998.096,1059.189,1.4417,6.7029,0.8598938463718466,0.0,Hit+Run
24605968.216,E31,P342,0.13445537795537799,0.0025,3998.096,1059.189,1.4417,6.7029,0.8598938463718466,0.0,Hit+Run
24657902.06,E31,P118,0.13445537795537799,0.00552780552780553,3998.096,1379.890,1.9018,8.6686,0.060142572618384085,0.0,Merge
24982413.985,E2,P559,0.5865861224149397,0.0025,6532.876,1059.189,2.3609,18.579,0.6348675035547899,0.0,Merge
25043216.863,E26,FRAG1002,0.21737079204709933,0.006193563221218758,4692.391,1433.201,1.0198,5.5042,0.6898104861358073,0.0,Merge
25156449.682,E19,FRAG1012,0.2314754857559102,0.009496062873578797,4791.765,1652.627,1.2898,7.0464,0.9630533525611598,0.0,Hit+Run
25163426.934,E2,P405,0.5890861224149396,0.0025,6542.144,1059.189,2.1647,17.061,0.6753578322331147,0.0,Merge
25331148.206,E2,P387,0.5915861224149396,0.0025,6551.385,1059.189,2.3176,18.294,0.8977560271043739,0.0,Hit+Run
25482836.135,E2,P387,0.5915861224149396,0.0025,6551.385,1059.189,1.1701,9.2362,0.828545571088273,0.0,Merge
25643146.933,E47,P527,0.7048211958061081,0.0025,6945.233,1059.189,1.2658,10.630,0.04893683720609869,0.0,Merge
25643324.326,E31,P342,0.1399831834831835,0.0025,4052.152,1059.189,2.0378,9.6124,0.6436552984136025,0.0,Merge
25909236.828,E26,FRAG0031,0.22356435526831808,0.010830169830169831,4736.541,1726.655,1.3753,7.3995,0.9415632770472313,0.0,Hit+Run
25957560.261,E19,P570,0.2314754857559102,0.0025000000000000022,4791.765,1059.189,2.3301,13.164,0.5702498148850443,0.0,Merge
25962842.246,P154,P389,0.0025,0.0025,1059.189,1059.189,4.6335,6.3598,0.3124,0.0,Merge
26350277.067,E47,P302,0.7073211958061081,0.0025,6953.435,1059.189,1.0205,8.5813,0.9315938951713678,0.0,Graze+Merge
26441804.977,E47,FRAG0020,0.709821195806108,0.006043290043290044,6961.617,1421.515,1.524,12.582,0.7223092826864435,0.0,Merge
27082223.9,E47,P551,0.7158644858493981,0.0025000000000000022,6981.318,1059.189,1.3243,11.183,0.914894294926278,0.0,Hit+Run
27173900.634,E19,P279,0.2339754857559102,0.0025,4808.954,1059.189,3.1085,17.629,0.7703316108269883,0.0,Merge
27725756.744,E19,P220,0.2364754857559102,0.0025,4826.021,1059.189,1.8693,10.642,0.6038665255873814,0.0,Merge
27961373.892,E19,P398,0.2389754857559102,0.0025,4842.968,1059.189,2.4421,13.955,0.39714229340933177,0.0,Merge
28352809.008,E47,P518,0.7158644858493981,0.0025,6981.318,1059.189,2.2154,18.708,0.9563975190863576,0.0,Hit+Run
28374076.202,P57,P293,0.0025,0.0025,1059.189,1059.189,6.8284,9.3725,0.43345,0.0,Merge
28839679.701,E62,P499,0.18499999999999997,0.0025,4446.835,1059.189,2.1562,11.241,0.9353979535584929,0.0,Hit+Run
29238580.147,E47,P154,0.7158644858493981,0.005,6981.318,1334.495,1.6222,13.493,0.43881874818193517,0.0,Merge
29403872.621,E2,P116,0.5940861224149395,0.0025,6560.601,1059.189,2.1392,16.911,0.3538688988224698,0.0,Merge
29570800.209,E2,P528,0.5965861224149395,0.0025,6569.791,1059.189,1.588,12.572,0.8169847038292721,0.0,Merge
29913394.371,E51,P814,0.0875,0.0025000000000000022,3464.680,1059.189,1.598,6.3679,0.8770702364165744,0.0,Hit+Run
29952773.662,E82,P638,0.027500000000000004,0.0025,2355.617,1059.189,4.4893,11.888,0.7202456427556211,0.0,Hit+Run
30068469.653,E47,P213,0.7208644858493981,0.0025,6997.534,1059.189,1.5363,13.005,0.2999045933949452,0.0,Merge
30718193.867,E26,FRAG1013,0.22356435526831808,0.006452069686732834,4736.541,1452.870,2.7425,14.936,0.5760151219965298,0.0,Merge
30731367.725,E19,P181,0.2414754857559102,0.002500000000000014,4859.797,1059.189,1.5297,8.7743,0.6015028270855113,0.0,Merge
30866246.46,E47,P299,0.723364485849398,0.0025,7005.614,1059.189,1.0866,9.2099,0.6022455440204414,0.0,Merge
30921996.599,P104,FRAG0029,0.0025,0.007274725274725275,1059.189,1512.165,9.0813,15.818,0.9481960819305479,0.0,Hit+Run
31140979.853,E47,P189,0.725864485849398,0.0025,7013.676,1059.189,1.1108,9.4265,0.17975395264334978,0.0,Merge
31417192.53,E2,P518,0.5990861224149394,0.0025,6578.955,1059.189,1.1434,9.0658,0.8005190860287179,0.0,Merge
31432305.73,E47,P234,0.728364485849398,0.0025,7021.718,1059.189,2.2241,18.897,0.9075072306003751,0.0,Hit+Run
31490489.797,E2,P561,0.6015861224149394,0.0025,6588.094,1059.189,2.3605,18.743,0.6233775084288695,0.0,Merge
31908857.285,E62,P406,0.18499999999999997,0.0025,4446.835,1059.189,1.0748,5.6035,0.7901859417731217,0.0,Merge
32131705.557,E79,P169,0.030000000000000002,0.0025000000000000022,2424.939,1059.189,3.5724,9.7479,0.5212312717115611,0.0,Merge
32321759.762,E2,P53,0.6040861224149393,0.011043290043290042,6597.207,1737.907,1.28,9.8241,0.22058984270951026,0.0,Merge
33141278.218,E26,P555,0.23001642495505092,0.0025,4781.675,1059.189,2.3991,13.523,0.21694456668127157,0.0,Merge
33480239.508,E19,P280,0.24397548575591022,0.0025,4876.511,1059.189,1.2067,6.9471,0.3088229222641596,0.0,Merge
34013373.174,E26,FRAG1008,0.23251642495505093,0.005612060700461812,4798.937,1386.866,1.9807,10.979,0.6229661967938893,0.0,Merge
34364322.903,E19,P237,0.24647548575591022,0.0025,4893.111,1059.189,3.1366,18.123,0.8781177676202865,0.0,Hit+Run
34681266.502,E31,P39,0.1424831834831835,0.0025,4076.133,1059.189,3.775,17.920,0.9995621369669866,0.0,Hit+Run
35228171.046,E47,P697,0.728364485849398,0.0025,7021.718,1059.189,1.5999,13.593,0.9633792288075793,0.0,Hit+Run
35234680.401,E47,P369,0.728364485849398,0.0025,7021.718,1059.189,1.4162,12.032,0.7910710290488141,0.0,Merge
35539945.137,E51,E60,0.0875,0.0325,3464.680,2490.510,1.4218,5.7021,0.8212571826839061,0.0,Hit+Run
36336015.511,E31,P130,0.1424831834831835,0.0025,4076.133,1059.189,3.0898,14.667,0.7897755310745268,0.0,Merge
37097096.469,P152,P655,0.0025000000000000022,0.0025000000000000022,1059.189,1059.189,11.094,15.228,0.8603,0.0,Hit+Run
37236694.054,E2,FRAG0021,0.6151294124582294,0.006043290043290044,6637.166,1421.515,1.7301,13.570,0.7806946450439916,0.0,Merge
37462837.079,E62,P483,0.18749999999999997,0.0025,4466.777,1059.189,1.3784,7.2211,0.6171561053934028,0.0,Merge
37537915.318,E2,P517,0.6211727025015195,0.0025,6658.830,1059.189,2.7644,22.201,0.539486355429155,0.0,Merge
37579402.923,E2,P376,0.6236727025015194,0.0025,6667.751,1059.189,1.9754,15.887,0.8561054008861961,0.0,Merge
37627739.985,E82,P237,0.027500000000000004,0.0025,2355.617,1059.189,4.0112,10.622,0.5460649849682498,0.0,Merge
37682806.573,E47,P553,0.7308644858493979,0.0025,7029.743,1059.189,1.3046,11.098,0.5511558898257877,0.0,Merge
38148518.071,E31,P39,0.1449831834831835,0.0025,4099.835,1059.189,1.8193,8.6905,0.41991516788473693,0.0,Merge
38242893.295,E47,P173,0.7333644858493978,0.0025,7037.749,1059.189,1.1407,9.7155,0.7911334447559413,0.0,Merge
38274071.328,E47,P188,0.7358644858493978,0.0025,7045.737,1059.189,1.5158,12.925,0.8909612599716609,0.0,Hit+Run
38629994.784,E2,P114,0.6261727025015194,0.005,6676.649,1334.495,1.6568,13.138,0.9901030796514865,0.0,Hit+Run
39020476.728,E26,FRAG1010,0.23812848565551273,0.007710090622992165,4837.240,1541.749,2.0302,11.260,0.7686212427082288,0.0,Hit+Run
39037255.815,E2,P114,0.6261727025015194,0.005,6676.649,1334.495,1.3123,10.406,0.492051227463163,0.0,Merge
39844829.622,E79,P575,0.0325,0.0025,2490.510,1059.189,3.9273,11.017,0.5803028051300031,0.0,Merge
39991708.983,E31,P287,0.1474831834831835,0.0025,4123.266,1059.189,5.2084,25.033,0.9482200058509443,0.0,Hit+Run
40090019.751,E31,P287,0.1474831834831835,0.0025,4123.266,1059.189,1.0443,5.0192,0.2796604564999219,0.0,Merge
40790222.143,E19,P255,0.24647548575591022,0.0025,4893.111,1059.189,1.058,6.1133,0.7102544010708925,0.0,Merge
40881527.769,E47,P630,0.7358644858493978,0.0025,7045.737,1059.189,1.7724,15.114,0.6237337340517776,0.0,Merge
41034269.764,E31,P386,0.1499831834831835,0.0025000000000000022,4146.433,1059.189,2.9238,14.137,0.49751242836008813,0.0,Merge
42104555.349,E2,P617,0.6311727025015194,0.0025,6694.373,1059.189,2.5438,20.545,0.954999146628948,0.0,Hit+Run
42140431.949,E2,P508,0.6311727025015194,0.0025,6694.373,1059.189,3.0153,24.353,0.6208660033820418,0.0,Merge
42570964.131,E19,P653,0.24897548575591022,0.0025,4909.599,1059.189,4.4324,25.704,0.8338141278414263,0.0,Hit+Run
42578428.432,E2,P617,0.6336727025015193,0.0025,6703.200,1059.189,1.0048,8.1269,0.8745155412580609,0.0,Graze+Merge
44129219.525,E19,FRAG0008,0.24897548575591022,0.0065181485181485185,4909.599,1457.813,1.6217,9.1777,0.7156894470473513,0.0,Merge
44137336.365,E73,P672,0.05750000000000001,0.0025,3012.195,1059.189,1.9783,6.7850,0.5732321507322505,0.0,Merge
44781366.247,E2,P589,0.6361727025015192,0.0025,6712.003,1059.189,2.4158,19.566,0.9524917309247005,0.0,Hit+Run
44851536.267,E2,P589,0.6361727025015192,0.0025,6712.003,1059.189,1.0167,8.2346,0.9261487876954628,0.0,Graze+Merge
44996654.707,E79,P265,0.035,0.0025,2552.798,1059.189,3.0798,8.8658,0.3581844993142614,0.0,Merge
45461737.528,E47,P261,0.7383644858493977,0.0025,7053.707,1059.189,2.5214,21.526,0.9726466571414957,0.0,Hit+Run
46128813.248,E47,P261,0.7383644858493977,0.0025,7053.707,1059.189,1.0354,8.8398,0.4468071128139936,0.0,Merge
47709597.223,E19,P103,0.25549363427405875,0.0025,4952.075,1059.189,2.6683,15.617,0.5847326409543392,0.0,Merge
47864938.326,E62,P610,0.18999999999999997,0.0025,4486.541,1059.189,2.8656,15.083,0.8421774111086395,0.0,Hit+Run
48142296.682,E31,P57,0.15248318348318352,0.005,4169.345,1334.495,6.0632,28.976,0.5568630465304535,0.010849976689976691,Fragment
48403264.802,E75,P546,0.010962537462537461,0.0025,1733.661,1059.189,12.046,23.629,0.7972286832581376,0.007524142524142525,Graze+Frag
48470002.876,E2,P383,0.6386727025015192,0.0025,6720.784,1059.189,2.9538,23.957,0.849603246255017,0.0,Merge
49072059.713,E47,P568,0.7408644858493977,0.0025,7061.659,1059.189,1.5692,13.413,0.18887093689087875,0.0,Merge
49229329.427,E31,P673,0.14663336663336668,0.0025,4115.331,1059.189,7.1771,34.423,0.8882780192629329,0.0,Hit+Run
49300589.493,E47,E32,0.7433644858493976,0.04000000000000001,7069.593,2668.991,1.3462,10.787,0.9452418206084897,0.0,Hit+Run
49480806.27,E51,E73,0.0875,0.06000000000000001,3464.680,3055.232,1.821,7.7382,0.8069306112849599,0.0,Hit+Run
49649420.369,E26,P301,0.23812848565551273,0.0025,4837.240,1059.189,2.7507,15.699,0.8816490426065,0.0,Hit+Run
50055000.118,E62,P635,0.18999999999999997,0.0025,4486.541,1059.189,1.5681,8.2540,0.7785084752255944,0.0,Merge
50612005.491,E2,P121,0.6411727025015191,0.0025,6729.542,1059.189,2.8491,23.140,0.8730820712752595,0.0,Hit+Run
50765228.83,E19,P642,0.25799363427405875,0.0025,4968.174,1059.189,2.1138,12.415,0.9798919417889584,0.0,Hit+Run
51029308.771,E32,P177,0.04000000000000001,0.0025,2668.991,1059.189,3.3782,10.190,0.9091883601608544,0.0,Hit+Run
51188416.108,E19,E26,0.25799363427405875,0.23812848565551273,4968.174,4837.240,1.1032,7.0108,0.9001617312067537,0.0,Hit+Run
51261684.546,E2,P701,0.6411727025015191,0.0025,6729.542,1059.189,2.6548,21.561,0.8025788579986032,0.0,Merge
51824177.142,E2,P817,0.6436727025015191,0.0025,6738.277,1059.189,6.0613,49.297,0.87427300746703,0.0,Hit+Run
52336630.903,E2,P817,0.6436727025015191,0.0025,6738.277,1059.189,1.2544,10.202,0.9949964819586223,0.0,Hit+Run
52498137.407,E47,FRAG0030,0.7433644858493976,0.009199467199467199,7069.593,1635.239,2.2964,19.076,0.37967815348480477,0.0,Merge
52669006.915,E2,P817,0.6436727025015191,0.0025,6738.277,1059.189,1.0186,8.2843,0.4253406882230623,0.0,Merge
53437214.576,E2,FRAG0032,0.646172702501519,0.01084981684981685,6746.989,1727.698,1.6542,13.012,0.5801430356412691,0.0,Merge
53894837.315,E47,P360,0.7525639530488648,0.0025,7098.637,1059.189,2.2061,18.962,0.6483582562821266,0.0,Merge
53974005.337,E47,E32,0.7550639530488648,0.04000000000000001,7106.489,2668.991,1.0218,8.2329,0.8558627469938056,0.0,Graze+Merge
54927029.661,E62,P454,0.19249999999999998,0.0025,4506.133,1059.189,2.6015,13.757,0.3988485880391284,0.0,Merge
55998328.986,E31,P673,0.14663336663336668,0.0025,4115.331,1059.189,3.8798,18.608,0.6044330688869453,0.0,Merge
56196572.703,E82,P348,0.030000000000000002,0.0025,2424.939,1059.189,5.7096,15.579,0.4138391162500925,0.010144522144522146,Fragment
56213780.831,E47,P653,0.7950639530488648,0.0025,7229.826,1059.189,1.0038,8.7970,0.9954620093483608,0.0,Graze+Merge
56985683.584,E2,P531,0.6570225193513359,0.0025,6784.543,1059.189,5.3532,43.855,0.5929325051470128,0.0,Merge
57308057.619,E54,P316,0.030000000000000002,0.0025,2424.939,1059.189,6.8736,18.755,0.9193408823658714,0.0,Hit+Run
57959463.722,E47,E26,0.7975639530488647,0.23812848565551273,7237.396,4837.240,1.0811,8.9454,0.27158286125607345,0.0644908424908425,Fragment
57968995.601,E47,FRAG0038,0.9712015962135351,0.005862803862803863,7728.531,1407.221,1.046,9.6644,0.6960604196117525,0.0,Merge
58198172.398,E47,FRAG0040,0.977064400076339,0.005862803862803863,7744.051,1407.221,1.0119,9.3694,0.9932163312406512,0.0,Graze+Merge
58541527.4,E47,P264,0.9829272039391429,0.0025,7759.510,1059.189,1.1846,11.187,0.7761533803653039,0.0,Merge
58833388.496,E47,FRAG0041,0.9854272039391428,0.005862803862803863,7766.083,1407.221,1.0599,9.8437,0.7606665594999885,0.0,Merge
59081783.902,E47,P577,0.9912900078019468,0.0025,7781.454,1059.189,1.7632,16.701,0.8542252303138261,0.0,Merge
59353352.443,E19,P622,0.25799363427405875,0.0025,4968.174,1059.189,2.4403,14.332,0.7928651234915874,0.0,Merge
60159325.846,E19,P246,0.26049363427405875,0.0025,4984.170,1059.189,3.8028,22.412,0.7930651142577773,0.0,Merge
60372441.104,E51,P485,0.0875,0.0025,3464.680,1059.189,4.8138,19.182,0.9685146882399581,0.0,Hit+Run
60801793.573,E47,FRAG0045,0.9937900078019467,0.005862803862803863,7787.990,1407.221,1.4387,13.402,0.6192135783782272,0.0,Merge
60938569.391,E47,FRAG1012,0.9996528116647506,0.009496062873578797,7803.275,1652.627,1.6562,15.286,0.7243850716646814,0.0,Merge
61145063.903,E2,P254,0.6595225193513359,0.0025,6793.137,1059.189,3.1122,25.530,0.8998022979289655,0.0,Hit+Run
61275966.378,E84,FRAG1007,0.0325,0.005612060700461812,2490.510,1386.866,2.1888,6.1309,0.6879229517603127,0.0,Hit+Run
61457986.574,E47,P241,1.0091488745383295,0.0025,7827.905,1059.189,1.6748,15.964,0.5209152265234147,0.0,Merge
61597292.958,E2,E31,0.6595225193513359,0.14913336663336668,6793.137,4138.587,1.8114,13.919,0.8528920424980106,0.015696303696303697,Hit+Run+Frag
61807058.535,E2,E31,0.6595230188518355,0.13343656343656343,6793.139,3987.972,1.0971,8.4061,0.9735618892011606,0.0,Hit+Run
61888279.654,E2,E31,0.6595230188518355,0.13343656343656343,6793.139,3987.972,1.0684,8.1862,0.4527872458610796,0.02513886113886114,Fragment
61894100.237,E2,FRAG0050,0.7678207211495378,0.006284715284715285,7146.287,1440.198,1.0529,8.9317,0.41921514055022563,0.0,Merge
61937919.425,E47,E19,1.0116488745383294,0.26299363427405875,7834.364,5000.064,1.1118,9.8989,0.9795375360588411,0.0,Hit+Run
62088200.693,E62,E51,0.19499999999999998,0.0875,4525.557,3464.680,1.4575,7.7427,0.7245207097960715,0.00819054945054945,Hit+Run
62111299.444,E2,FRAG0051,0.7741054364342531,0.006284715284715285,7165.731,1440.198,1.0208,8.6847,0.8280708717921281,0.0,Merge
62275761.577,E62,E51,0.19499999999999998,0.0875,4525.557,3464.680,1.0692,5.6799,0.5406718805279314,0.012751248751248752,Fragment
62358682.272,E62,FRAG0052,0.2697487512487512,0.006375624375624376,5042.512,1447.109,1.0514,6.1272,0.7454650601073591,0.0,Merge
62490956.456,E2,FRAG0048,0.7803901517189684,0.006284715284715285,7185.071,1440.198,1.0392,8.8668,0.6949933295907141,0.0,Merge
62616110.011,E2,P301,0.7866748670036837,0.0025,7204.308,1059.189,1.6425,14.340,0.927532545191628,0.0,Hit+Run
62861970.19,E2,FRAG0049,0.7866748670036837,0.006284715284715285,7204.308,1440.198,1.0212,8.7382,0.43294987002991786,0.0,Merge
63585500.336,E2,P301,0.792959582288399,0.0025,7223.442,1059.189,1.9372,16.961,0.899329277829888,0.0,Hit+Run
63922466.0,P172,FRAG0033,0.0025,0.007524142524142525,1059.189,1529.253,7.5239,13.228,0.6759976581855082,0.00931048285048285,Graze+Frag
64154927.942,E19,FRAG0026,0.26299363427405875,0.006076923076923077,5000.064,1424.147,1.6546,9.5669,0.36969989051106844,0.0,Merge
64610594.779,E47,FRAG0043,1.0116488745383294,0.005862803862803863,7834.364,1407.221,2.6557,24.896,0.760667668766594,0.0,Merge
64641330.575,E2,P434,0.792959582288399,0.0025,7223.442,1059.189,2.6737,23.409,0.6608046875598392,0.0,Merge
64866272.646,E2,FRAG0046,0.795459582288399,0.007848151848151848,7231.025,1550.897,1.8308,15.643,0.9189955230204384,0.0,Hit+Run
66053027.294,E73,P442,0.06000000000000001,0.0025,3055.232,1059.189,3.3926,11.813,0.38063961554774123,0.0,Merge
66833200.863,E84,FRAG1007,0.0325,0.005612060700461812,2490.510,1386.866,6.9725,19.530,0.8802972972805869,0.0,Hit+Run
67204620.243,E47,P275,1.0175116784011333,0.0025000000000000022,7849.469,1059.189,2.3832,22.783,0.9219888752795996,0.0,Hit+Run
68388608.896,P275,FRAG0053,0.0025000000000000022,0.006375624375624376,1059.189,1447.109,7.9479,13.362,0.8806792239543271,0.0,Hit+Run
70067491.777,E2,P498,0.795459582288399,0.0025,7231.025,1059.189,2.5576,22.418,0.5002274238555227,0.0,Merge
70532971.585,E47,FRAG0039,1.0175116784011333,0.005862803862803863,7849.469,1407.221,1.7678,16.606,0.5642445353587873,0.0,Merge
70655814.319,E2,P412,0.7979595822883989,0.0025,7238.592,1059.189,3.0444,26.714,0.19209205430154838,0.0,Merge
71484764.808,E81,FRAG0035,0.025,0.005862803862803863,2281.955,1407.221,7.325,18.928,0.32294713600750596,0.025334665334665336,Fragment
72428754.33,E2,FRAG0046,0.8004595822883989,0.007848151848151848,7246.144,1550.897,1.8333,15.700,0.3598755891223579,0.0,Merge
72688710.713,E19,E73,0.26907055735098184,0.06250000000000001,5038.283,3097.090,1.7206,9.8137,0.8464670437032851,0.005558774558774559,Hit+Run+Frag
73187878.891,E47,E75,1.0233744822639372,0.005938394938394937,7864.516,1413.243,3.2078,30.186,0.5853189676331473,0.0,Merge
73196090.869,E62,P551,0.2761243756243756,0.0025000000000000022,5081.931,1059.189,1.3143,7.9092,0.7725773226387315,0.0,Merge
73933184.984,E47,E81,1.029312877202332,0.005528138528138528,7879.699,1379.918,1.6656,15.731,0.20329782229118962,0.0,Merge
74530214.181,E47,P585,1.0348410157304706,0.0025,7893.780,1059.189,2.297,22.089,0.9485264294224834,0.0,Hit+Run
74670845.187,E2,P335,0.8083077341365507,0.0025,7269.749,1059.189,3.5424,31.226,0.8904613176329296,0.0,Hit+Run
75379122.909,E2,P459,0.8083077341365507,0.0025,7269.749,1059.189,2.9335,25.858,0.726020117630926,0.0,Merge
75598464.85,E47,P767,1.0348410157304706,0.0025,7893.780,1059.189,2.7833,26.766,0.2670651194200318,0.0,Merge
77360372.649,E2,P338,0.8108077341365506,0.0025,7277.236,1059.189,2.6701,23.562,0.8423040152875746,0.0,Merge
79344924.722,E47,FRAG0047,1.0373410157304706,0.007848151848151848,7900.132,1550.897,1.5061,14.150,0.32633605545356664,0.0,Merge
80327031.425,E2,P494,0.8133077341365506,0.0025,7284.708,1059.189,4.39,38.782,0.6353244065218528,0.0,Merge
81729070.591,E47,E73,1.0451891675786225,0.05693972693972694,7920.005,3002.379,1.334,11.972,0.765215793248887,0.04818914418914419,Hit+Run+Frag
81922546.73,E47,FRAG0064,1.0451875025769575,0.006023643023643024,7920.001,1419.973,1.1288,10.699,0.9095306484583525,0.0,Hit+Run
81959617.96,E47,FRAG0065,1.0451875025769575,0.006023643023643024,7920.001,1419.973,1.1158,10.575,0.5056434138315455,0.0,Merge
81972155.64,E47,FRAG0066,1.0512111456006006,0.006023643023643024,7935.187,1419.973,1.0511,9.9830,0.9086078498038168,0.0,Hit+Run
82765775.529,E47,FRAG0064,1.0512111456006006,0.006023643023643024,7935.187,1419.973,1.238,11.758,0.38780387316122583,0.0,Merge
82826563.19,E2,P335,0.8158077341365505,0.0025,7292.164,1059.189,1.8264,16.152,0.33817931278771574,0.0,Merge
83348365.011,P446,FRAG0017,0.0025,0.00826873126873127,1059.189,1578.120,23.012,41.545,0.5754375268745369,0.0,Graze+Frag
84589115.466,P446,P611,0.01076889776889777,0.0025,1723.392,1059.189,5.3191,10.377,0.947481719153921,0.0,Hit+Run
85462048.956,E47,E73,1.0572347886242437,0.008752247752247753,7950.315,1608.299,1.6932,15.975,0.3412643204868793,0.0,Merge
86544024.796,E47,P585,1.0659870363764914,0.0025,7972.193,1059.189,1.4137,13.737,0.3665941072430228,0.0,Merge
90675757.801,P301,FRAG0062,0.0025,0.006023643023643024,1059.189,1419.973,17.893,29.641,0.4315519185975226,0.0,Graze+Frag
91778547.744,E60,P366,0.0325,0.0025,2490.510,1059.189,3.0922,8.6748,0.5741286246377482,0.0,Merge
91911732.972,E47,P286,1.0684870363764913,0.0025,7978.420,1059.189,1.1178,10.871,0.8089997473331818,0.0,Merge
96810278.422,P199,P403,0.0025,0.0025,1059.189,1059.189,17.515,24.041,0.8825,0.0,Graze+Frag
104130398.124,E2,P301,0.8183077341365504,0.008523476523476523,7299.605,1594.163,2.5878,22.292,0.5784681578328241,0.0,Merge
106527190.692,E2,FRAG1010,0.826831210660027,0.007710090622992165,7324.862,1541.749,4.0592,35.183,0.3172291005092394,0.0,Merge
107358688.558,E47,E62,1.0709870363764913,0.2786243756243756,7984.638,5097.222,1.3765,12.491,0.4666809094174487,0.086978021978022,Fragment
107362810.887,E47,FRAG0080,1.2626333900228448,0.005798534798534798,8435.023,1402.060,1.0443,10.594,0.7372544040553388,0.0,Merge
107413246.863,E47,FRAG0076,1.2684319248213796,0.005798534798534798,8447.915,1402.060,1.0425,10.593,0.08610891643185162,0.0,Merge
107426169.525,E47,FRAG0072,1.2742304596199143,0.005798534798534798,8460.769,1402.060,1.0369,10.553,0.7486404869559383,0.0,Merge
107474603.282,E47,FRAG0075,1.280028994418449,0.005798534798534798,8473.583,1402.060,1.0495,10.699,0.5101837411840292,0.0,Merge
107543473.725,E2,P316,0.8345413012830192,0.0025,7347.559,1059.189,4.5097,40.203,0.6019287573460591,0.0,Merge
107622921.6,E47,FRAG0067,1.2858275292169838,0.005798534798534798,8486.359,1402.060,1.0238,10.453,0.8985478792416974,0.0,Graze+Merge
107650431.957,E47,FRAG0069,1.2916260640155186,0.005798534798534798,8499.097,1402.060,1.0548,10.787,0.7046559009789377,0.0,Merge
107950432.422,E47,FRAG0074,1.2974245988140534,0.005798534798534798,8511.796,1402.060,1.0016,10.259,0.6641083180465972,0.0,Merge
108222590.912,E47,FRAG0068,1.3032231336125881,0.005798534798534798,8524.458,1402.060,1.0154,10.417,0.9791537168835961,0.0,Graze+Merge
108592562.335,E2,FRAG0070,0.8370413012830191,0.005798534798534798,7354.889,1402.060,2.3195,20.330,0.44640245446245497,0.0,Merge
110334401.439,E47,P462,1.3090216684111229,0.0025,8537.082,1059.189,2.5777,26.923,0.47363627136084785,0.0,Merge
111698845.132,E47,FRAG0071,1.3115216684111228,0.005798534798534798,8542.513,1402.060,1.5337,15.770,0.7726817923066918,0.0,Merge
117361020.865,E2,P446,0.8428398360815539,0.01076889776889777,7371.833,1723.392,1.6948,14.668,0.5154886749005481,0.0,Merge
117568030.366,E47,E60,1.3173202032096576,0.035,8555.084,2552.798,1.8951,18.681,0.5201034768356788,0.006406260406260407,Fragment
118045588.879,E2,FRAG0079,0.8536087338504517,0.005798534798534798,7403.097,1402.060,2.2528,19.884,0.8010840549317563,0.0,Merge
118860601.228,P322,FRAG0055,0.0025,0.006333666333666334,1059.189,1443.928,10.008,16.797,0.7207906730074404,0.0,Graze+Frag
124504833.694,E47,FRAG0082,1.345913942803397,0.006406260406260407,8616.540,1449.423,1.852,19.178,0.27443599268744046,0.0,Merge
128014020.126,E2,FRAG0066,0.8594072686489864,0.006023643023643024,7419.822,1419.973,1.0292,9.0981,0.8710938305134931,0.0,Graze+Merge
130479217.734,E47,P457,1.3523202032096575,0.0025,8630.190,1059.189,2.8024,29.606,0.9781507913929343,0.0,Hit+Run
130854760.573,E47,P457,1.3523202032096575,0.0025,8630.190,1059.189,0.9992,10.556,0.9216813321192936,0.0,Perfect
164556027.8,E47,P427,1.3548202032096575,0.0025,8635.505,1059.189,2.94,31.079,0.8027397601947037,0.0,Merge
182034528.017,E2,E78,0.8654309116726294,0.030000000000000002,7437.117,2424.939,2.2321,19.002,0.5140796636334883,0.009523809523809525,Fragment
182097895.272,E2,FRAG0083,0.88590710214882,0.009523809523809525,7495.315,1654.235,1.0359,9.1556,0.6503631444284397,0.0,Merge
186108904.373,E2,FRAG0056,0.8954309116726294,0.006333666333666334,7522.078,1443.928,4.9144,44.032,0.5830739152344501,0.0,Merge
