time_yr,target,projectile,Mt_Mearth,Mp_Mearth,Rt_km,Rp_km,vimp/vesc,vimp_km/s,b,m_frag_Mearth,Regime
4253.059,E1,P340,0.13250000000000003,0.0025000000000000022,3978.620,1059.189,2.0019,9.2586,0.9370406400473281,0.0,Hit+Run
40653.958,E12,P169,0.3772664482378265,0.0024999999999999905,5639.101,1059.189,1.3383,9.0029,0.6733289242492471,0.0,Merge
55914.808,E3,P179,0.2750000000000002,0.0025,5075.023,1059.189,1.9677,11.824,0.8126870166135407,0.0,Merge
83340.438,ICE1,K238,15.909423909423909,0.035,19628.11,2552.798,1.0052,24.078,0.49262947841691956,0.0,Merge
164501.682,E3,FRAG1005,0.2775000000000002,0.006817097573252194,5090.356,1479.768,1.7213,10.116,0.5793753897010214,0.0,Merge
168483.12,E3,FRAG1002,0.2843170975732524,0.00636677588108685,5131.703,1446.439,2.0738,12.316,0.5699514746257042,0.0,Merge
186498.647,E49,E60,0.030000000000000002,0.025,2424.939,2281.955,1.1008,3.3618,0.618278064983593,0.0,Graze+Merge
191938.864,E57,P459,0.09106132663197267,0.0025,3511.062,1059.189,1.5267,6.1714,0.6846577609732339,0.0,Merge
193731.687,E12,P415,0.3797664482378265,0.0025,5651.530,1059.189,1.2017,8.1031,0.715839813184595,0.0,Merge
208302.046,E56,P549,0.029999999999999995,0.0025,2424.939,1059.189,1.9924,5.4366,0.5705773755496566,0.0,Merge
255867.65,E26,P284,0.08892834181751591,0.0025,3483.431,1059.189,1.5567,6.2394,0.34706855731292957,0.0,Merge
293990.492,E14,P551,0.0325,0.0025,2490.510,1059.189,2.4534,6.8827,0.5171577773683053,0.0,Merge
438261.864,E1,P303,0.13250000000000003,0.0025,3978.620,1059.189,1.4211,6.5724,0.7605310883822813,0.0,Merge
459817.111,E19,E30,0.035,0.027500000000000004,2552.798,2355.617,1.4222,4.5340,0.5399013001628497,0.0,Hit+Run
498008.806,E42,E95,0.18723940259118063,0.027500000000000004,4464.706,2355.617,2.6061,13.064,0.5877160130337592,0.018423576423576424,Fragment
519406.497,E12,P255,0.3822664482378265,0.0025000000000000022,5663.904,1059.189,1.2162,8.2200,0.8690765685197344,0.0,Hit+Run
597296.16,E50,P485,0.027500000000000004,0.0025000000000000022,2355.617,1059.189,3.4212,9.0596,0.9368505003605105,0.0,Hit+Run
598981.572,E12,P181,0.3822664482378265,0.0025,5663.904,1059.189,1.1196,7.5671,0.0885420195341451,0.0,Merge
691678.244,E8,P235,0.1138658048534956,0.0025,3782.610,1059.189,1.245,5.4530,0.7613188455099579,0.0,Merge
707123.573,NEPTUNE,K612,16.53942390942391,0.035,19883.85,2552.798,0.9999,24.280,0.7521365877191698,0.0,Perfect
759342.32,E42,P385,0.1963158261676042,0.0025,4535.713,1059.189,1.2016,6.3995,0.3126818391451661,0.0,Merge
765547.982,E27,P787,0.030000000000000002,0.0025,2424.939,1059.189,2.6841,7.3240,0.7339275951660318,0.0,Hit+Run
888253.177,E46,P463,0.1661233221242702,0.0025,4290.132,1059.189,1.3676,6.8600,0.6654156649235734,0.0,Merge
912960.017,E26,P434,0.09142834181751591,0.0025,3515.772,1059.189,1.7342,7.0203,0.42550803140729304,0.0,Merge
1024737.482,E57,P246,0.09356132663197267,0.0025,3542.903,1059.189,1.7864,7.2917,0.6101029950157297,0.0,Merge
1053390.909,E12,P141,0.3847664482378265,0.0025,5676.224,1059.189,1.6685,11.303,0.5798915761093284,0.0,Merge
1081281.825,E42,P582,0.1988158261676042,0.0025,4554.885,1059.189,1.3514,7.2300,0.958752393890049,0.0,Hit+Run
1089358.655,E12,P383,0.3872664482378265,0.0025,5688.491,1059.189,1.7863,12.129,0.23149578000221033,0.0,Merge
1116583.501,E96,P475,0.025,0.0025,2281.955,1059.189,3.0713,7.8722,0.6881083818492953,0.0,Hit+Run
1125434.377,E93,P769,0.027500000000000004,0.0025,2355.617,1059.189,1.8159,4.8086,0.6744413034404471,0.0,Merge
1197417.159,E26,P307,0.09392834181751591,0.0025,3547.529,1059.189,1.5507,6.3385,0.8892851458654811,0.0,Hit+Run
1272603.464,E21,P317,0.045,0.0025,2775.862,1059.189,3.1858,10.016,0.45947679105298306,0.0,Merge
1283568.508,P13,P297,0.005,0.0025,1334.495,1059.189,2.3216,3.6714,0.712382017783568,0.0,Hit+Run
1347252.821,E12,P298,0.3897664482378265,0.0025,5700.706,1059.189,1.4444,9.8302,0.2669927979838621,0.0,Merge
1495322.489,E50,P13,0.027500000000000004,0.005,2355.617,1334.495,1.5362,4.0731,0.9420265637089407,0.0,Hit+Run
1497146.631,E12,P150,0.3922664482378265,0.0024999999999999905,5712.868,1059.189,2.3179,15.811,0.7459058986012331,0.0,Merge
1524949.564,E46,P346,0.1686233221242702,0.0025,4311.546,1059.189,1.0605,5.3481,0.7245937099614085,0.0,Merge
1547171.577,E21,P547,0.0475,0.0025000000000000022,2826.344,1059.189,2.0326,6.5143,0.6684821756172268,0.0,Merge
1634024.596,E12,P265,0.39476644823782653,0.0025,5724.979,1059.189,1.0983,7.5088,0.7788950585200142,0.0,Merge
1734419.431,E67,E64,0.027500000000000004,0.025,2355.617,2281.955,1.1176,3.3595,0.740680801288287,0.0,Hit+Run
1744803.361,E1,P142,0.13500000000000004,0.0025,4003.487,1059.189,2.8684,13.355,0.7583624432910914,0.0,Merge
1881155.089,E12,P170,0.39726644823782653,0.0025000000000000022,5737.039,1059.189,1.096,7.5099,0.22944006398218947,0.0,Merge
1915067.426,E3,P390,0.29068387345433927,0.0025,5169.725,1059.189,2.0864,12.788,0.6625538454526603,0.0,Merge
1946322.042,E73,P455,0.025,0.0025,2281.955,1059.189,1.8702,4.7936,0.3600702123185593,0.0,Merge
1960508.437,E42,P392,0.1988158261676042,0.0025,4554.885,1059.189,1.1125,5.9519,0.6101225355042031,0.0,Merge
2022391.607,E1,P261,0.13750000000000004,0.0025000000000000022,4028.049,1059.189,2.2116,10.365,0.5281270868389434,0.0,Merge
2028741.683,E46,P421,0.1711233221242702,0.0025,4332.749,1059.189,1.4653,7.4287,0.9890222504817683,0.0,Hit+Run
2089322.399,E46,P412,0.1711233221242702,0.0025,4332.749,1059.189,2.3477,11.902,0.28510326167608985,0.0,Merge
2138030.896,E12,P437,0.39976644823782653,0.0025,5749.048,1059.189,1.2077,8.2938,0.29833544207182505,0.0,Merge
2169965.486,E76,P519,0.02281735220978103,0.0025,2213.513,1059.189,1.4696,3.6518,0.5597524865528382,0.0,Merge
2178226.819,E12,FRAG1006,0.40226644823782653,0.006817097573252214,5761.007,1479.768,1.2123,8.1410,0.10892229859748465,0.0,Merge
2210416.311,E35,P450,0.027500000000000004,0.0025,2355.617,1059.189,1.1318,2.9971,0.7141751881475861,0.0,Hit+Run
2244913.717,P5,P338,0.004999999999999993,0.0025,1334.495,1059.189,4.5308,7.1652,0.8927911748932582,0.0,Hit+Run
2256176.612,E3,P127,0.29318387345433927,0.0025,5184.504,1059.189,1.3928,8.5632,0.7413440180541649,0.0,Merge
2379439.646,E76,E31,0.025317352209781027,0.025,2291.570,2281.955,1.2629,3.7424,0.8871612215627968,0.0,Hit+Run
2403847.646,E67,P218,0.027500000000000004,0.0024999999999999905,2355.617,1059.189,5.8742,15.555,0.951336812493322,0.0,Hit+Run
2482536.457,E12,P248,0.40908354581107875,0.0025,5793.369,1059.189,1.5235,10.548,0.9688644650255059,0.0,Hit+Run
2526853.995,E89,P555,0.025,0.0025,2281.955,1059.189,3.6427,9.3368,0.5371001801352713,0.0,Merge
2611675.442,E3,FRAG1003,0.2956838734543393,0.00636677588108685,5199.198,1446.439,2.3028,13.870,0.929037649863861,0.0,Hit+Run
2794332.195,E3,P270,0.2956838734543393,0.0025,5199.198,1059.189,1.2238,7.5470,0.6208245244226477,0.0,Merge
3076432.412,E3,P116,0.2981838734543393,0.002500000000000014,5213.810,1059.189,2.6233,16.226,0.9293930273369723,0.0,Hit+Run
3213902.431,E8,P407,0.1163658048534956,0.0025,3810.093,1059.189,2.3829,10.518,0.7428037021202651,0.0,Merge
3254176.345,E8,P306,0.1188658048534956,0.0025,3837.185,1059.189,1.4197,6.3148,0.8853219229681605,0.0,Hit+Run
3255915.193,E3,P49,0.2981838734543393,0.0024999999999999905,5213.810,1059.189,2.2193,13.727,0.8932379596485822,0.0,Hit+Run
3281876.755,E3,P49,0.2981838734543393,0.0024999999999999905,5213.810,1059.189,1.0605,6.5597,0.7383114167263753,0.0,Merge
3296719.412,E30,E76,0.027500000000000004,0.025317352209781027,2355.617,2291.570,2.7421,8.2591,0.6924636527951312,0.01014985014985015,Hit+Run+Frag
3303946.497,E29,P267,0.037500000000000006,0.0025,2612.187,1059.189,4.0475,11.936,0.9610950508990658,0.0,Hit+Run
3371813.877,E42,P175,0.2013158261676042,0.0025000000000000022,4573.898,1059.189,1.1382,6.1167,0.4460150821483151,0.0,Merge
3449273.688,E42,P508,0.2038158261676042,0.0025000000000000022,4592.753,1059.189,1.0239,5.5269,0.7799308101390777,0.0,Merge
3463285.802,E21,P461,0.05,0.0025,2875.083,1059.189,5.1337,16.754,0.9419007842301899,0.0,Hit+Run
3486632.985,E21,P286,0.05,0.0025,2875.083,1059.189,2.2137,7.2247,0.7364057880896596,0.0,Hit+Run
3610098.185,E67,P375,0.027500000000000004,0.0025,2355.617,1059.189,1.0592,2.8048,0.7567373528425595,0.0,Graze+Merge
3620133.453,E57,P269,0.09606132663197267,0.0025000000000000022,3574.182,1059.189,1.3221,5.4478,0.8133639239540393,0.0,Hit+Run
3622979.663,E12,P51,0.40908354581107875,0.0025,5793.369,1059.189,1.8034,12.486,0.8036671557183647,0.0,Merge
3780092.517,E89,P628,0.0275,0.0025,2355.617,1059.189,1.804,4.7771,0.6751311278277238,0.0,Merge
3902940.958,E12,P178,0.41158354581107875,0.0025,5805.146,1059.189,1.6421,11.394,0.9258687175968997,0.0,Hit+Run
3950575.862,E57,P290,0.09606132663197267,0.0025000000000000022,3574.182,1059.189,1.7167,7.0738,0.5532479194421822,0.0,Merge
4067622.664,E64,P586,0.025,0.0025,2281.955,1059.189,5.0173,12.860,0.9867098553426075,0.0,Hit+Run
4261465.612,E3,P167,0.3006838734543393,0.0025,5228.340,1059.189,3.6258,22.494,0.868877390900402,0.0,Hit+Run
4324812.641,E3,P167,0.3006838734543393,0.0025,5228.340,1059.189,1.0427,6.4688,0.829961263142589,0.0,Merge
4414271.209,E42,P691,0.20631582616760422,0.0025,4611.455,1059.189,1.1065,5.9989,0.3121933451400267,0.0,Merge
4620363.236,E1,P108,0.14000000000000004,0.0025,4052.315,1059.189,3.0692,14.478,0.5142784291256368,0.0,Merge
4735924.414,E1,P132,0.14250000000000004,0.0024999999999999905,4076.293,1059.189,3.9698,18.846,0.6035680266928689,0.0,Merge
4736123.605,E3,P305,0.3031838734543393,0.0025,5242.791,1059.189,1.9686,12.249,0.8847548537039684,0.0,Hit+Run
4739999.746,E3,P305,0.3031838734543393,0.0025,5242.791,1059.189,1.0367,6.4507,0.8073024071784964,0.0,Merge
4827832.119,E64,P173,0.025,0.0025,2281.955,1059.189,3.3944,8.7003,0.8113873524932633,0.0,Hit+Run
5145770.314,E3,P34,0.3056838734543393,0.0025,5257.162,1059.189,3.6328,22.670,0.8671004101882122,0.0,Hit+Run
5205757.267,E18,P447,0.025,0.0025,2281.955,1059.189,4.7473,12.168,0.4823930025808013,0.007017982017982018,Fragment
5390318.44,E29,P462,0.037500000000000006,0.0025,2612.187,1059.189,3.021,8.9088,0.12294730885057636,0.0,Merge
5484523.349,E3,P34,0.3056838734543393,0.0025,5257.162,1059.189,1.0911,6.8091,0.7513261089238807,0.0,Merge
5579758.923,P10,P324,0.005000000000000004,0.0025,1334.495,1059.189,10.859,17.173,0.7449404070765406,0.0,Graze+Frag
5652627.065,E21,P211,0.05,0.0025,2875.083,1059.189,3.9617,12.929,0.6389929751965847,0.0,Merge
5693789.801,E54,P267,0.027500000000000004,0.0025,2355.617,1059.189,2.8239,7.4779,0.17687097289775044,0.0,Merge
5762277.696,E30,P98,0.027500002892431714,0.0025,2355.617,1059.189,1.4049,3.7203,0.4292777208705626,0.0,Merge
5834115.492,E12,E8,0.41158354581107875,0.1188658048534956,5805.146,3837.185,1.0205,6.7624,0.6723069584764029,0.0,Graze+Merge
5866981.477,E12,P87,0.5304493506645743,0.0024999999999999905,6317.450,1059.189,2.0357,15.459,0.8431385544103811,0.008233113553113553,Merge
6004519.605,E12,P182,0.5329493506645743,0.0025,6327.359,1059.189,1.358,10.329,0.5155052372763893,0.0,Merge
6267252.788,E42,P353,0.20881582616760422,0.0025,4630.007,1059.189,1.825,9.9371,0.8347396356107064,0.0,Hit+Run
6267608.905,E74,P413,0.027500000000000004,0.0025,2355.617,1059.189,4.4894,11.888,0.5744857497240506,0.0,Merge
6452173.293,E73,FRAG0005,0.0275,0.007017982017982018,2355.617,1494.162,5.1332,13.732,0.9236382904538489,0.0,Hit+Run
6550660.352,E12,E21,0.5354493506645742,0.052500000000000005,6337.237,2922.224,1.1202,7.9749,0.367731689576787,0.009201032301032301,Fragment
6856543.324,E46,FRAG1001,0.1736233221242702,0.006071658182484109,4353.747,1423.736,1.0674,5.3184,0.89976439703254,0.0,Hit+Run
6978366.27,E84,P456,0.025,0.0025,2281.955,1059.189,4.0825,10.464,0.8267545371995751,0.0,Hit+Run
7038267.8,E12,P253,0.578748551463775,0.0024999999999999905,6503.649,1059.189,1.6328,12.788,0.7430811691492561,0.0,Merge
7110919.948,E30,P241,0.030000002892431713,0.0025,2424.939,1059.189,5.9463,16.225,0.7568258651311663,0.0,Hit+Run
7202590.783,P25,P161,0.002500000000000014,0.002500000000000014,1059.189,1059.189,9.8704,13.548,0.7836,0.0,Graze+Frag
7279892.7,E26,P271,0.09392834181751591,0.0025,3547.529,1059.189,1.3464,5.5034,0.7493621193641319,0.0,Merge
7287249.347,E3,P137,0.3081838734543393,0.0025,5271.454,1059.189,3.1949,19.996,0.9613388212453197,0.0,Hit+Run
7343036.533,E12,P376,0.581248551463775,0.0025,6513.001,1059.189,1.3127,10.297,0.6313288667325718,0.0,Merge
7410008.027,E3,P137,0.3081838734543393,0.0025,5271.454,1059.189,1.1778,7.3716,0.8158681481647156,0.0,Merge
7575575.591,P17,P338,0.0024999999999999905,0.0025,1059.189,1059.189,10.270,14.097,0.8366999999999996,0.0,Graze+Frag
7694463.316,E42,P371,0.20881582616760422,0.0025,4630.007,1059.189,1.5112,8.2284,0.84890017929758,0.0,Hit+Run
7740192.819,E51,E58,0.037500000000000006,0.025,2612.187,2281.955,2.4069,7.6845,0.7592414773604149,0.0,Hit+Run
7828785.912,P58,P112,0.0025,0.0024999999999999905,1059.189,1059.189,7.8967,10.838,0.6573000000000003,0.0,Graze+Frag
7895777.887,E29,P365,0.04000000000000001,0.0025,2668.991,1059.189,3.066,9.2485,0.7786804561787095,0.0,Hit+Run
7915017.803,E12,P307,0.5837485514637749,0.0025,6522.325,1059.189,1.6804,13.201,0.4158656870586331,0.0,Merge
7946863.501,E12,P360,0.5862485514637749,0.0025000000000000022,6531.623,1059.189,1.7509,13.776,0.9108874309853905,0.0,Hit+Run
8034682.344,E63,E27,0.052500000000000005,0.030000000000000002,2922.224,2424.939,1.9091,6.6996,0.3987263200614925,0.020064275724275726,Fragment
8298506.187,E3,P119,0.3106838734543393,0.0024999999999999905,5285.670,1059.189,4.0053,25.140,0.2093488117886885,0.0,Merge
8331143.173,E3,P91,0.3131838734543393,0.0025000000000000022,5299.810,1059.189,3.1388,19.758,0.9997046979148102,0.0,Hit+Run
8344160.712,E3,P25,0.3131838734543393,0.005,5299.810,1334.495,3.7554,23.235,0.6495443111392766,0.0,Merge
8441844.015,E73,E76,0.0275,0.015167499167499168,2355.617,1931.813,3.6964,10.418,0.7627103969530021,0.00963969363969364,Hit+Run+Frag
8458837.8,E12,P153,0.5862485514637749,0.0025,6531.623,1059.189,2.2576,17.763,0.7180573976547405,0.0,Merge
8691646.241,E12,P622,0.5887485514637748,0.0025,6540.894,1059.189,2.4965,19.672,0.688077240068403,0.0,Merge
8877277.329,E57,P552,0.09856132663197267,0.0025,3604.923,1059.189,2.6889,11.182,0.9146575144989624,0.0,Hit+Run
8912354.842,E42,FRAG1012,0.20881582616760422,0.010602846926492104,4630.007,1714.488,1.8376,9.6548,0.5969498275740688,0.0,Merge
8946012.501,E3,P91,0.3181838734543393,0.0025000000000000022,5327.865,1059.189,1.2895,8.1633,0.8204858271039251,0.0,Merge
9007762.669,E12,P120,0.5912485514637748,0.0025,6550.139,1059.189,1.4358,11.331,0.5237990951007443,0.0,Merge
9103472.82,E56,P576,0.032499999999999994,0.0025,2490.510,1059.189,3.092,8.6743,0.5505544809400476,0.0,Merge
9285105.54,E12,P488,0.5937485514637747,0.0025,6559.358,1059.189,1.9316,15.266,0.5013441184637336,0.0,Merge
9337823.883,E12,P316,0.5962485514637746,0.0025,6568.551,1059.189,1.5959,12.632,0.5855750454072199,0.0,Merge
9343419.61,P88,P440,0.0024999999999999905,0.0025,1059.189,1059.189,10.995,15.092,0.9905999999999995,0.0,Hit+Run
9378788.06,E3,FRAG1003,0.3206838734543393,0.00636677588108685,5341.782,1446.439,1.9979,12.389,0.9484737255559496,0.0,Hit+Run
9834880.545,E29,P288,0.04000000000000001,0.0025,2668.991,1059.189,3.106,9.3692,0.5044205658026283,0.0,Merge
9841188.717,E26,P365,0.09642834181751592,0.0025,3578.728,1059.189,1.6332,6.7390,0.5877458869263067,0.0,Merge
10005997.524,E12,P336,0.5987485514637746,0.0025000000000000022,6577.719,1059.189,1.9421,15.395,0.36683042338452543,0.0,Merge
10298983.405,E66,P497,0.025,0.0025,2281.955,1059.189,1.6736,4.2897,0.9597319088581933,0.0,Hit+Run
10421259.834,E12,P37,0.6012485514637746,0.0025,6586.861,1059.189,1.058,8.3994,0.9129883389251864,0.0,Hit+Run
10467366.383,E78,P361,0.027500000000000004,0.0025,2355.617,1059.189,2.1942,5.8104,0.26627221348881314,0.0,Merge
10552879.265,E67,E84,0.030000000000000002,0.025,2424.939,2281.955,2.9257,8.9351,0.7599549817992651,0.007325008325008325,Hit+Run+Frag
10566803.313,E31,P443,0.025,0.0025,2281.955,1059.189,3.7221,9.5403,0.5478230601303422,0.0,Merge
10808705.133,P93,P259,0.0025,0.0025,1059.189,1059.189,29.240,40.134,0.35785,0.0,Merge
10845935.209,E3,FRAG1003,0.3206838734543393,0.00636677588108685,5341.782,1446.439,1.7666,10.955,0.8964583656793642,0.0,Hit+Run
11319032.701,E42,P289,0.21941867309409632,0.0025,4707.081,1059.189,1.5968,8.8502,0.3472594866064586,0.0,Merge
11329123.707,E3,P105,0.3206838734543393,0.0024999999999999905,5341.782,1059.189,2.2823,14.488,0.8389497115101359,0.0,Hit+Run
11437937.344,P37,P419,0.0025,0.0025,1059.189,1059.189,9.0264,12.389,0.4653,0.0,Merge
11520712.91,E54,P425,0.030000000000000002,0.0025000000000000022,2424.939,1059.189,3.4898,9.5225,0.7994208020936029,0.0,Hit+Run
11555401.542,E42,P230,0.22191867309409632,0.0025000000000000022,4724.891,1059.189,2.0282,11.287,0.2543759453259996,0.0,Merge
11690777.457,E29,P300,0.04250000000000001,0.0025,2723.475,1059.189,4.591,14.147,0.3510663810113812,0.0,Merge
11744296.229,E12,P301,0.6012485514637746,0.0025,6586.861,1059.189,1.0592,8.4090,0.3644889282876452,0.0,Merge
11809635.108,E12,E30,0.6037485514637746,0.030000002892431713,6595.978,2424.939,1.0979,8.2215,0.9577087769160305,0.0,Hit+Run
11813136.132,E51,P468,0.037500000000000006,0.0025,2612.187,1059.189,2.7727,8.1766,0.6269032050245534,0.0,Merge
11838161.335,P13,P856,0.005,0.0025000000000000022,1334.495,1059.189,5.4493,8.6177,0.47566468741034595,0.0,Fragment
11976534.263,E3,P701,0.3206838734543393,0.0025,5341.782,1059.189,3.1786,20.178,0.7769443762219598,0.0,Merge
12129644.709,E26,P561,0.09892834181751592,0.0025,3609.392,1059.189,1.181,4.9180,0.49155214720365953,0.0,Merge
12199047.742,E3,P105,0.3231838734543393,0.0024999999999999905,5355.628,1059.189,1.0237,6.5168,0.8761271292523487,0.0,Graze+Merge
12205320.33,E3,P116,0.3256838734543393,0.002500000000000014,5369.402,1059.189,2.7799,17.745,0.9900907091240827,0.0,Hit+Run
12316884.705,E42,E64,0.22441867309409633,0.025,4742.567,2281.955,1.3541,7.2088,0.655497705391818,0.0,Merge
12584670.129,E12,P425,0.6037485514637746,0.0025000000000000022,6595.978,1059.189,1.3965,11.103,0.5805711945067749,0.0,Merge
12811506.359,E12,P252,0.6062485514637745,0.0025,6605.070,1059.189,1.7546,13.970,0.5064806854650868,0.0,Merge
12846673.443,E42,P123,0.24941867309409632,0.0025000000000000022,4912.510,1059.189,1.6746,9.7173,0.9359081670661914,0.0,Hit+Run
13228397.562,E57,E19,0.09856132663197267,0.035,3604.923,2552.798,1.8066,7.5170,0.8454213969708193,0.0,Hit+Run
13317380.438,E67,P194,0.030000000000000006,0.0025,2424.939,1059.189,2.6269,7.1679,0.305890164130366,0.0,Merge
13317523.054,E12,P345,0.6087485514637745,0.0025000000000000022,6614.136,1059.189,1.0009,7.9811,0.8797211710386429,0.0,Graze+Merge
13454667.229,E50,P373,0.027500000000000004,0.0025,2355.617,1059.189,6.3268,16.754,0.7317657100231423,0.0,Graze+Frag
13547013.398,E3,P233,0.3256838734543393,0.0025,5369.402,1059.189,3.6383,23.225,0.1478370638729228,0.0,Merge
13604497.568,P17,P266,0.005,0.0025,1334.495,1059.189,11.033,17.449,0.44221428745181257,0.0,Fragment
13658838.5,E12,P58,0.6112485514637744,0.005,6623.178,1334.495,1.4698,11.555,0.37303721255258404,0.0,Merge
13708925.423,P37,FRAG1003,0.005,0.00636677588108685,1334.495,1446.439,7.9204,14.306,0.8603162089444963,0.0,Hit+Run
13763161.256,E42,P489,0.24941867309409632,0.0025,4912.510,1059.189,1.7096,9.9204,0.8613777285180707,0.0,Hit+Run
13783269.059,E12,P17,0.6162485514637744,0.007499833499833501,6641.188,1527.604,1.1182,8.7297,0.7579552734396144,0.0,Merge
13866778.329,E79,P497,0.025,0.0025,2281.955,1059.189,1.6457,4.2181,0.3425857710527112,0.0,Merge
14717562.01,E12,P566,0.623748384963608,0.0025,6668.021,1059.189,1.4909,11.991,0.6987122128600204,0.0,Merge
14744913.556,E42,E19,0.24941867309409632,0.035,4912.510,2552.798,1.3015,7.1772,0.9779867393252611,0.0,Hit+Run
14764531.582,E12,P334,0.6262483849636079,0.0025,6676.918,1059.189,1.0635,8.5658,0.912367057230911,0.0,Hit+Run
15078739.048,E12,P420,0.6262483849636079,0.0025,6676.918,1059.189,2.5733,20.726,0.5313150699378951,0.0,Merge
15194366.432,E54,P535,0.030000000000000002,0.0025,2424.939,1059.189,3.9234,10.705,0.803875175359665,0.0,Hit+Run
15450433.719,E26,E37,0.10142834181751592,0.035,3639.543,2552.798,1.4379,6.0299,0.6648030491234578,0.0,Hit+Run
15500346.956,E3,FRAG1003,0.3281838734543393,0.00636677588108685,5383.106,1446.439,1.9337,12.091,0.9503429746935335,0.0,Hit+Run
15769306.148,E1,P225,0.14500000000000005,0.0025,4099.993,1059.189,3.2673,15.608,0.3604750794843499,0.0,Merge
15935871.333,E46,P548,0.1736233221242702,0.0025,4353.747,1059.189,2.1964,11.193,0.5557868536115527,0.0,Merge
15964728.395,E12,P114,0.6287483849636079,0.0024999999999999905,6685.791,1059.189,1.574,12.695,0.7928875614203712,0.0,Merge
16142677.868,E1,P436,0.14750000000000005,0.0025,4123.422,1059.189,2.6132,12.560,0.7318965923098222,0.0,Merge
16255733.391,E12,P512,0.6312483849636078,0.0025,6694.640,1059.189,1.5804,12.765,0.8501015219697656,0.0,Merge
16282526.878,E1,P362,0.15000000000000005,0.0025,4146.588,1059.189,3.1402,15.184,0.7177583383747647,0.0,Merge
16300793.521,E12,P367,0.6337483849636077,0.0025,6703.467,1059.189,2.3446,18.964,0.7998229426858356,0.0,Merge
16425620.753,E12,P626,0.6362483849636077,0.0025,6712.270,1059.189,2.4496,19.841,0.9321133763368048,0.0,Hit+Run
16454529.996,E42,P563,0.24941867309409632,0.0025000000000000022,4912.510,1059.189,1.2508,7.2581,0.7578083884164327,0.0,Merge
16604019.471,E12,P326,0.6362483849636077,0.0025,6712.270,1059.189,2.1066,17.062,0.839869391354623,0.0,Merge
16886191.193,E26,E31,0.10142834181751592,0.0275,3639.543,2355.617,1.2436,5.1524,0.8777773059374167,0.0,Hit+Run
17091206.287,E1,FRAG1003,0.15250000000000005,0.00636677588108685,4169.498,1446.439,1.7561,8.3447,0.11841921381162768,0.0,Merge
17352101.946,E12,P347,0.6387483849636076,0.002500000000000014,6721.049,1059.189,1.2259,9.9432,0.7975169645146628,0.0,Merge
17389796.427,E12,P640,0.6412483849636077,0.0025,6729.807,1059.189,1.7222,13.988,0.6911252699781688,0.0,Merge
17461397.406,E1,P371,0.1588667758810869,0.0025,4226.733,1059.189,3.5574,17.560,0.37254325855650267,0.0,Merge
17604282.607,E79,FRAG1011,0.0275,0.006376677875729824,2355.617,1447.189,3.554,9.4770,0.8302378307448564,0.0,Hit+Run
17669822.092,E3,P37,0.3281838734543393,0.005,5383.106,1334.495,1.8472,11.622,0.917698494415215,0.0,Hit+Run
17711390.086,E30,P5,0.030000002892431713,0.004999999999999993,2424.939,1334.495,1.8111,4.9371,0.7808059435984582,0.0,Hit+Run
17747663.869,E42,FRAG0009,0.2519186730940963,0.006687978687978689,4928.869,1470.366,2.0251,11.501,0.6031654282782314,0.0,Merge
17797285.241,E3,P37,0.3281838734543393,0.005,5383.106,1334.495,1.0643,6.6966,0.9323630791583152,0.0,Hit+Run
17960710.767,E12,P276,0.6437483849636076,0.0025000000000000022,6738.541,1059.189,2.3417,19.046,0.9026223362712155,0.0,Hit+Run
18133007.926,E46,FRAG1011,0.1761233221242702,0.006376677875729824,4374.544,1447.189,1.0188,5.0962,0.9237157929876633,0.0,Graze+Merge
18254812.702,E42,E19,0.25860665178207504,0.035,4972.106,2552.798,1.2477,6.9630,0.6399396577003285,0.0,Merge
18314126.529,E12,P166,0.6437483849636076,0.0025,6738.541,1059.189,1.963,15.965,0.7356652894855775,0.0,Merge
18334311.682,E12,P524,0.6462483849636076,0.0025,6747.253,1059.189,1.7415,14.183,0.7162607367929504,0.0,Merge
18445520.977,E46,P339,0.18250000000000002,0.0025,4426.714,1059.189,1.2119,6.2876,0.8456575852123704,0.0,Hit+Run
18458791.394,E3,P116,0.3281838734543393,0.002500000000000014,5383.106,1059.189,1.7918,11.469,0.16903947761014357,0.0,Merge
18570723.087,E42,E18,0.293606651782075,0.020482017982017982,5186.994,2135.263,1.3894,8.1299,0.7654833420319225,0.014954378954378955,Hit+Run+Frag
18653163.671,E57,P440,0.09856132663197267,0.0025,3604.923,1059.189,1.4873,6.1853,0.689587150951474,0.0,Merge
18674077.238,E12,P500,0.6487483849636075,0.0025,6755.942,1059.189,1.6983,13.850,0.9721822355656713,0.0,Hit+Run
18974251.509,E12,P254,0.6487483849636075,0.002500000000000014,6755.942,1059.189,2.0299,16.555,0.843289854876678,0.0,Merge
19046794.582,E12,P333,0.6512483849636076,0.0025,6764.609,1059.189,1.2565,10.261,0.8430040049352607,0.0,Merge
19419579.237,E3,P394,0.3306838734543393,0.0025,5396.740,1059.189,4.6831,30.057,0.560578244537536,0.0,Merge
19667654.424,E14,P403,0.035,0.0025,2552.798,1059.189,1.6757,4.8238,0.8724209667591245,0.0,Hit+Run
19881783.357,E3,P37,0.3331838734543393,0.005,5410.306,1334.495,1.0669,6.7495,0.40067120940546797,0.0,Merge
20073064.145,P5,P234,0.004999999999999993,0.0025,1334.495,1059.189,11.166,17.659,0.7175110791105428,0.0,Graze+Frag
20126235.941,E12,P129,0.6537483849636075,0.0025,6773.254,1059.189,1.4455,11.821,0.6062894867899465,0.0,Merge
20181092.949,E14,E76,0.035,0.005527805527805528,2552.798,1379.890,3.8397,11.012,0.6866421243652527,0.0,Hit+Run
20219275.999,E3,P340,0.3381838734543393,0.0025000000000000022,5437.235,1059.189,3.1542,20.407,0.7776177140992239,0.0,Merge
20414919.905,E26,P480,0.10142834181751592,0.0025,3639.543,1059.189,2.8882,12.135,0.707656020584262,0.0,Merge
20692985.824,P94,P539,0.0025000000000000022,0.0025,1059.189,1059.189,6.6538,9.1329,0.7114000000000001,0.0,Graze+Frag
20725462.045,E1,P264,0.16136677588108692,0.0025,4248.789,1059.189,2.7272,13.538,0.3529998925989751,0.0,Merge
20964210.653,E42,P449,0.2936064852819085,0.0025,5186.993,1059.189,1.4941,9.1908,0.4201955896370809,0.0,Merge
21145825.318,E42,E57,0.2961064852819085,0.10106132663197268,5201.674,3635.148,1.0465,6.2680,0.9602423049912324,0.0,Hit+Run
21435901.828,E12,P649,0.6562483849636075,0.0025,6781.877,1059.189,1.6822,13.775,0.35055111562358415,0.0,Merge
21828433.599,E12,P446,0.6587483849636074,0.0025000000000000022,6790.478,1059.189,1.5951,13.079,0.3416144222330187,0.0,Merge
22070536.27,E3,E50,0.3406838734543393,0.03,5450.600,2424.939,2.2998,14.096,0.8812411085726745,0.023976023976023976,Hit+Run+Frag
22096032.843,E3,FRAG0014,0.34068387345433926,0.005994005994005994,5450.600,1417.640,1.0516,6.6749,0.8210531626676973,0.0,Hit+Run
22126793.259,E3,FRAG0015,0.34068387345433926,0.005994005994005994,5450.600,1417.640,1.1254,7.1433,0.584165119891448,0.0,Merge
22126813.517,E3,E50,0.34667787944834527,0.006023976023976024,5482.381,1419.999,1.0142,6.4771,0.7088100508373149,0.0,Merge
22222893.792,E3,FRAG0016,0.3527018554723213,0.005994005994005994,5513.953,1417.640,1.1878,7.6339,0.9870331532897246,0.0,Hit+Run
22322471.48,E12,P353,0.6612483849636075,0.0025,6799.057,1059.189,1.7689,14.524,0.7688282343105013,0.0,Merge
22329080.869,E3,FRAG0016,0.3527018554723213,0.005994005994005994,5513.953,1417.640,1.2044,7.7406,0.6924664409564034,0.0,Merge
22467227.854,P88,P552,0.0024999999999999905,0.0025,1059.189,1059.189,5.4271,7.4491,0.2672499999999998,0.0,Merge
22907523.236,E12,P85,0.6637483849636074,0.0024999999999999905,6807.615,1059.189,1.2918,10.621,0.5893098754472648,0.0,Merge
23997607.312,E12,P507,0.6662483849636074,0.0025,6816.151,1059.189,1.8049,14.859,0.876497441448632,0.0,Hit+Run
24074410.409,E1,P507,0.16386677588108692,0.0025,4270.618,1059.189,1.9902,9.9341,0.8181773647578457,0.0,Hit+Run
24255318.263,E12,FRAG0006,0.6662483849636074,0.009200799200799201,6816.151,1635.318,1.5509,12.387,0.5103562628449299,0.0,Merge
24647377.243,E29,P274,0.04500000000000001,0.0025,2775.862,1059.189,2.9932,9.4114,0.955506162364592,0.0,Hit+Run
24694626.107,E42,P297,0.2961064852819085,0.0025,5201.674,1059.189,2.0969,12.938,0.8260049062229353,0.0,Merge
24809502.913,E54,P318,0.030000000000000002,0.0025000000000000022,2424.939,1059.189,6.7405,18.392,0.2683063896979661,0.014213120213120213,Fragment
24835253.414,E42,E57,0.29860648528190853,0.10106132663197268,5216.272,3635.148,1.2612,7.5715,0.9460857871375745,0.0,Hit+Run
25101098.374,P10,P226,0.0075001665001665,0.0025,1527.627,1059.189,7.8008,13.703,0.4747967538095186,0.009780346320346321,Fragment
25139284.393,E12,P151,0.6754491841644066,0.0024999999999999905,6847.385,1059.189,1.7678,14.624,0.9829517853881764,0.0,Hit+Run
25683597.647,E3,P210,0.3586958614663273,0.0025,5545.013,1059.189,1.2859,8.4962,0.505198648754091,0.0,Merge
25688246.424,E12,P626,0.6754491841644066,0.0025,6847.385,1059.189,1.9023,15.737,0.9698746294768444,0.0,Hit+Run
26036576.021,E12,P654,0.6754491841644066,0.0025,6847.385,1059.189,1.4441,11.947,0.07309350721300624,0.0,Merge
26042476.042,E57,P348,0.10106132663197268,0.0025,3635.148,1059.189,5.0552,21.213,0.7131935296922427,0.0,Merge
26108367.074,E66,P369,0.025,0.0025,2281.955,1059.189,11.251,28.840,0.6744486621103515,0.017965034965034966,Fragment
26210439.974,E3,P359,0.3611958614663273,0.0025,5557.866,1059.189,3.892,25.779,0.4108939231796115,0.0,Merge
26473312.985,E3,E30,0.3636958614663273,0.030000002892431713,5570.659,2424.939,1.0475,6.5669,0.6423022124909417,0.0,Merge
27266478.06,E3,FRAG0017,0.39369586435875903,0.005994005994005994,5719.799,1417.640,1.5623,10.445,0.9705508909596559,0.0,Hit+Run
27313036.424,E46,P342,0.18250000000000002,0.0025000000000000022,4426.714,1059.189,2.4275,12.594,0.9793650869964252,0.0,Hit+Run
27346700.534,E3,FRAG0017,0.39369586435875903,0.005994005994005994,5719.799,1417.640,1.1073,7.4030,0.9332867373558047,0.0,Hit+Run
27359173.675,E3,FRAG0005,0.39369586435875903,0.007017982017982018,5719.799,1494.162,2.5997,17.310,0.5397920453551652,0.0,Merge
27486637.242,E3,FRAG0020,0.40071384637674107,0.005988344988344989,5753.586,1417.194,2.5061,16.862,0.12187930235461693,0.0,Merge
27606099.674,E79,E58,0.0275,0.025,2355.617,2281.955,3.6146,10.865,0.3989375266299689,0.04697169497169496,Fragment
27727573.503,E42,E57,0.29860648528190853,0.10356132663197268,5216.272,3664.879,1.0256,6.1660,0.8503535494486694,0.0,Graze+Merge
27868035.62,P178,P193,0.0025,0.0025,1059.189,1059.189,11.988,16.455,0.8612,0.0,Hit+Run
27943867.896,E3,FRAG0017,0.40670219136508606,0.005994005994005994,5782.105,1417.640,1.0993,7.4358,0.5337392606114733,0.0,Merge
28445620.703,E31,P178,0.0275,0.0025,2355.617,1059.189,3.202,8.4792,0.660782780572368,0.0,Merge
28480127.432,E12,P498,0.6779491841644065,0.0025,6855.822,1059.189,1.1987,9.9297,0.7487256655738017,0.0,Merge
28786409.37,E42,P393,0.4021678119138812,0.0025,5760.536,1059.189,1.3994,9.6308,0.7498289443606364,0.0,Merge
29048870.316,P88,P386,0.0049999999999999906,0.0025,1334.495,1059.189,10.052,15.897,0.5194289606894271,0.0,Fragment
29660948.813,E3,P710,0.4126961973590921,0.0025,5810.372,1059.189,2.9317,20.362,0.9835125978745358,0.0,Hit+Run
30517118.011,P118,P163,0.0025,0.0025,1059.189,1059.189,3.0902,4.2415,0.3266,0.0,Merge
30637702.305,E3,P321,0.4126961973590921,0.0025,5810.372,1059.189,3.4323,23.839,0.21018479581340052,0.0,Merge
31143866.949,E3,P461,0.4151961973590921,0.0025,5822.081,1059.189,3.1867,22.181,0.6040139599048013,0.0,Merge
31542873.036,E29,E31,0.04500000000000001,0.03,2775.862,2424.939,1.9248,6.5303,0.7858216007857564,0.0,Hit+Run
31724378.602,E3,E66,0.4176961973590921,0.009534965034965034,5833.743,1654.881,1.8673,12.600,0.7481650343879261,0.0,Merge
31758507.276,E29,P349,0.04500000000000001,0.0025,2775.862,1059.189,3.414,10.734,0.819573992610732,0.0,Hit+Run
32294981.168,E42,FRAG0023,0.4046678119138812,0.005871461871461871,5772.448,1407.913,1.5855,10.710,0.274137289804239,0.0,Merge
33323675.361,E1,P206,0.16386677588108692,0.0025,4270.618,1059.189,2.2037,10.999,0.807520466362704,0.0,Hit+Run
33441060.774,E12,P255,0.6804491841644065,0.0025000000000000022,6864.239,1059.189,1.6606,13.773,0.042882927899165764,0.0,Merge
33573319.164,P88,P339,0.007499833499833501,0.0025,1527.604,1059.189,6.333,11.124,0.36347715300817646,0.0,Fragment
33612716.503,E46,P88,0.18250000000000002,0.01,4426.714,1681.359,1.0993,5.5136,0.7056712111632155,0.0,Merge
33764331.935,E73,P543,0.0275,0.0025,2355.617,1059.189,3.9182,10.375,0.24730204283870336,0.0,Merge
33806296.563,E12,P96,0.6829491841644064,0.0025000000000000022,6872.635,1059.189,1.5852,13.165,0.7235834857709746,0.0,Merge
33812753.359,E42,E54,0.41053927378534305,0.01828687978687979,5800.232,2056.081,1.2369,8.1643,0.9119349093265662,0.0,Hit+Run
33964354.164,E42,FRAG0022,0.41053927378534305,0.005988344988344989,5800.232,1417.194,1.2747,8.6515,0.9514325983494241,0.0,Hit+Run
34318525.549,P31,P286,0.0025,0.0025,1059.189,1059.189,17.946,24.633,0.9634000000000001,0.0,Hit+Run
34862633.332,E3,P334,0.4272311623940571,0.0025,5877.800,1059.189,3.2607,22.928,0.8239269189880245,0.0,Merge
35291118.342,E1,E31,0.16386677588108692,0.03,4270.618,2424.939,1.5692,7.5438,0.8633648273033546,0.0,Hit+Run
35392592.984,E76,P479,0.005527805527805528,0.0025,1379.890,1059.189,13.166,21.340,0.08627568279179794,0.008014212454212454,Fragment
35437167.355,E12,P133,0.6854491841644064,0.0025,6881.011,1059.189,1.5755,13.102,0.49925064662093366,0.0,Merge
36001792.128,E3,E76,0.4297311623940571,0.008027639027639028,5889.242,1562.631,1.968,13.476,0.2652258905425588,0.0,Merge
36527286.022,E42,FRAG0028,0.41053927378534305,0.005871461871461871,5800.232,1407.913,1.6068,10.911,0.7073919599061832,0.0,Merge
36763440.711,E12,P93,0.6879491841644063,0.005,6889.366,1334.495,1.6383,13.435,0.8065653248555382,0.0,Merge
37441112.922,E1,P589,0.16386677588108692,0.0024999999999999905,4270.618,1059.189,1.7103,8.5370,0.9414929033302019,0.0,Hit+Run
37678545.276,E42,E29,0.4164107356568049,0.04500000000000001,5827.753,2775.862,1.0328,6.7573,0.8068723091022159,0.0,Graze+Merge
38439282.159,E3,P276,0.43775880142169615,0.0025000000000000022,5925.688,1059.189,3.6038,25.561,0.8386882718608552,0.0,Merge
38744380.809,E42,P131,0.4614107356568049,0.0025,6030.543,1059.189,2.4724,17.868,0.4042062019654098,0.0,Merge
38997692.202,E1,P481,0.16386677588108692,0.0025,4270.618,1059.189,5.0121,25.018,0.12107198101548379,0.0,Merge
39054768.236,E3,P408,0.44025880142169616,0.0025,5936.947,1059.189,4.0897,29.067,0.15274864931045404,0.0,Merge
39267973.301,E3,P565,0.44275880142169616,0.0025000000000000022,5948.163,1059.189,2.9259,20.837,0.4799374954545094,0.0,Merge
39645517.48,E12,P589,0.6929491841644063,0.0024999999999999905,6906.017,1059.189,1.0852,9.0594,0.7159875288493086,0.0,Merge
40244545.727,E46,P360,0.19250000000000003,0.0025000000000000022,4506.133,1059.189,3.1189,16.494,0.09125098634187935,0.0,Merge
40285908.816,E3,P241,0.44525880142169616,0.0025,5959.338,1059.189,3.8822,27.703,0.8839840545534454,0.0,Hit+Run
40289154.474,E46,P354,0.19500000000000003,0.0025,4525.557,1059.189,2.1239,11.284,0.8899990144246692,0.0,Hit+Run
40680794.211,P202,P588,0.0025,0.0025,1059.189,1059.189,3.5776,4.9105,0.9237,0.0,Hit+Run
40904550.264,E3,P5,0.44525880142169616,0.007499833499833501,5959.338,1527.604,1.0556,7.3339,0.3787197314618895,0.0,Merge
41216013.587,P31,P496,0.0025,0.0025,1059.189,1059.189,18.600,25.530,0.831,0.0,Graze+Frag
41799693.233,E31,E18,0.03,0.005527805527805528,2424.939,1379.890,4.3421,11.854,0.7033594066287612,0.0,Hit+Run
41898294.62,E3,FRAG0012,0.4527586349215297,0.007477189477189478,5992.611,1526.065,3.0132,21.062,0.3165006083449218,0.0,Merge
43543662.434,E12,P590,0.6954491841644063,0.0025,6914.312,1059.189,2.4883,20.799,0.7499210601598788,0.0,Merge
43686932.181,E73,P260,0.03,0.0025,2424.939,1059.189,10.034,27.381,0.45288448191041897,0.026971694971694975,Fragment
44160101.533,E42,P458,0.4639107356568049,0.0025,6041.414,1059.189,2.516,18.218,0.5827341675197009,0.0,Merge
45046371.765,E96,P31,0.025,0.005,2281.955,1334.495,4.7875,12.319,0.5256802972452029,0.015257409257409258,Fragment
45641923.64,E42,P381,0.4664107356568049,0.0025,6052.247,1059.189,1.0134,7.3519,0.9591426508652094,0.0,Graze+Merge
45659467.629,P10,P648,0.01,0.0025,1681.359,1059.189,9.5539,18.229,0.6279293175109295,0.0069720279720279724,Graze+Frag
45745955.921,E3,P296,0.46023582439871913,0.0025,6025.420,1059.189,6.4276,46.410,0.8512596903967314,0.0,Hit+Run
45757438.735,E3,P296,0.46023582439871913,0.0025,6025.420,1059.189,1.0576,7.6363,0.916662697881504,0.0,Hit+Run
46763242.955,E1,P404,0.16636677588108692,0.0025,4292.227,1059.189,2.109,10.584,0.9283995012626544,0.0,Hit+Run
47085784.482,E3,E46,0.46023582439871913,0.19500000000000003,6025.420,4525.557,1.6279,11.461,0.9576960678074625,0.0,Hit+Run
47240158.383,E12,P710,0.6979491841644062,0.0025,6922.587,1059.189,1.7948,15.021,0.7542899284032769,0.0,Merge
47300377.622,E3,E46,0.46023582439871913,0.19500000000000003,6025.420,4525.557,1.0356,7.2912,0.8820854778386444,0.0,Graze+Merge
48532430.786,E42,P308,0.4689107356568049,0.0025,6063.042,1059.189,1.2667,9.2070,0.6588938041170754,0.0,Merge
48596237.643,P206,P293,0.0025,0.0025,1059.189,1059.189,7.1605,9.8284,0.4609,0.0,Merge
49608457.971,E12,P435,0.7004491841644062,0.0025,6930.843,1059.189,1.0187,8.5367,0.490535112848789,0.0,Merge
51169486.302,P243,P332,0.0025000000000000022,0.0025,1059.189,1059.189,11.682,16.034,0.23900000000000002,0.0,Merge
51646224.282,E12,P610,0.7029491841644061,0.0025,6939.078,1059.189,1.7183,14.417,0.9808775813010675,0.0,Hit+Run
52125661.545,E42,E1,0.4714107356568049,0.16636677588108692,6073.797,4292.227,0.9968,6.9854,0.27790809722207827,0.038733333333333335,Perfect
52339497.319,E12,P286,0.7029491841644061,0.0025,6939.078,1059.189,1.2898,10.822,0.4479277332617558,0.038733333333333335,Merge
53568261.444,P168,P296,0.0025000000000000022,0.0025,1059.189,1059.189,19.431,26.671,0.6337500000000001,0.0,Graze+Frag
54254915.175,E37,P507,0.035,0.0025,2552.798,1059.189,9.652,27.785,0.8831636747101442,0.0,Hit+Run
54564714.063,E3,P482,0.6552358243987192,0.0025000000000000022,6778.387,1059.189,3.5975,29.443,0.9584350619695191,0.0,Hit+Run
54602584.274,E3,P482,0.6552358243987192,0.0025000000000000022,6778.387,1059.189,1.0598,8.6739,0.27070039198381113,0.0,Merge
55440025.951,P198,FRAG0032,0.0025,0.006742923742923744,1059.189,1474.381,18.761,32.015,0.6877955502530269,0.0,Graze+Frag
55776636.358,E3,P168,0.6577358243987192,0.005,6786.997,1334.495,1.194,9.6363,0.6417213222202283,0.0,Merge
56886486.756,E37,P42,0.035,0.0025000000000000022,2552.798,1059.189,8.2603,23.779,0.3398794903714055,0.019134865134865137,Fragment
56951787.774,E12,FRAG0039,0.705449184164406,0.006378288378288379,6947.295,1447.311,1.0754,8.8473,0.960666883533988,0.0,Hit+Run
57055418.354,P206,FRAG0019,0.005,0.007106560106560107,1334.495,1500.422,4.1254,7.6166,0.5701543770648752,0.00896997002997003,Graze+Frag
57102562.613,E73,FRAG0040,0.005528305028305026,0.006378288378288379,1379.932,1447.311,6.3081,11.565,0.5081931095613935,0.011595677655677657,Graze+Frag
57146921.151,E12,FRAG0034,0.705449184164406,0.006742923742923744,6947.295,1474.381,1.9721,16.202,0.16605844000076797,0.0,Merge
57302611.268,E3,P495,0.6627358243987193,0.0025,6804.151,1059.189,4.749,39.025,0.16345522263194806,0.0,Merge
59017422.272,E12,P354,0.7121921079073298,0.0025,6969.360,1059.189,1.2132,10.226,0.9925536092037358,0.0,Hit+Run
59076284.135,P193,P430,0.0025,0.0025,1059.189,1059.189,22.331,30.652,0.5283,0.0,Graze+Frag
59112777.807,E42,P723,0.6377775115378919,0.0025,6717.643,1059.189,2.0225,16.395,0.8180203886402307,0.0,Merge
59136397.304,P193,FRAG0018,0.005,0.007106560106560107,1334.495,1500.422,9.3523,17.266,0.09362921532216287,0.006578754578754578,Fragment
60081493.338,E3,FRAG0043,0.6652358243987192,0.006578754578754578,6812.696,1462.317,1.2117,9.7542,0.56798444325165,0.0,Merge
60130311.363,E12,P426,0.7121921079073298,0.0025,6969.360,1059.189,1.7319,14.598,0.7145101239597649,0.0,Merge
60295460.41,E3,P431,0.6718145789774738,0.0025,6835.080,1059.189,2.1609,17.842,0.7924923861125716,0.0,Merge
60310781.173,E12,P518,0.7146921079073297,0.0025,6977.505,1059.189,2.1567,18.202,0.9980025493372715,0.0,Hit+Run
60337810.154,E12,P518,0.7146921079073297,0.0025,6977.505,1059.189,1.0504,8.8652,0.6485497210569307,0.0,Merge
60726456.391,E3,FRAG0038,0.6743145789774737,0.006378288378288379,6843.548,1447.311,1.4913,12.072,0.3825056194641132,0.0,Merge
62734608.648,P198,FRAG0042,0.009243090243090245,0.006378288378288379,1637.820,1447.311,7.7567,15.593,0.8957991048018757,0.0,Hit+Run
63032204.426,E42,P608,0.6402775115378918,0.0025,6726.408,1059.189,2.2076,17.920,0.25832261587277805,0.0,Merge
63359134.682,E3,P788,0.6806928673557621,0.0025,6865.058,1059.189,1.9176,15.907,0.48332862964024065,0.0,Merge
63520692.743,E3,FRAG1009,0.683192867355762,0.0059201991362731275,6873.452,1411.798,2.4647,20.082,0.6484991299413471,0.0,Merge
64420424.311,P229,P484,0.0025,0.0025,1059.189,1059.189,11.883,16.311,0.97845,0.0,Hit+Run
65544390.374,E3,E73,0.6891130664920352,0.005528305028305026,6893.249,1379.932,2.1251,17.397,0.6504824746312794,0.0,Merge
66643573.143,E12,FRAG0033,0.7171921079073297,0.006742923742923744,6985.631,1474.381,2.2254,18.392,0.27380990555564444,0.0,Merge
67031864.066,P243,FRAG0031,0.005000000000000003,0.006742923742923744,1334.495,1474.381,3.7419,6.8355,0.9376084837901251,0.0,Hit+Run
67514177.393,E12,FRAG0010,0.7239350316502534,0.00963969363969364,7007.456,1660.918,1.4213,11.681,0.5244855976056754,0.0,Merge
68014793.332,E12,P193,0.733574725289947,0.005527805527805529,7038.422,1379.890,1.9534,16.352,0.6182845776381793,0.0,Merge
69930696.378,E42,E37,0.6427775115378918,0.018365134865134868,6735.152,2059.010,1.4108,10.928,0.7656364654240944,0.0,Merge
70009405.262,E42,P294,0.6611426464030267,0.0025,6798.695,1059.189,1.5053,12.359,0.7779939015816337,0.0,Merge
70145804.672,E3,P600,0.6946413715203402,0.0025,6911.634,1059.189,3.1824,26.590,0.5783667916907279,0.0,Merge
73026823.063,E3,P559,0.6971413715203402,0.0025,6919.915,1059.189,2.6751,22.379,0.42391402486027296,0.0,Merge
73426784.098,P10,P144,0.005527972027972028,0.0025,1379.904,1059.189,16.499,26.743,0.9483011804002949,0.0,Hit+Run
74338418.225,E3,P570,0.6996413715203401,0.0025,6928.177,1059.189,2.4723,20.709,0.7319052513066929,0.0,Merge
76956432.072,E42,P484,0.6636426464030266,0.0025,6807.253,1059.189,1.7253,14.184,0.47975192192912497,0.0,Merge
77311394.672,E3,P644,0.7021413715203401,0.0025,6936.419,1059.189,2.6019,21.822,0.9319859303811628,0.0,Hit+Run
80023388.787,E12,P198,0.7391025308177526,0.009243090243090245,7056.057,1637.820,2.2023,18.254,0.3907912810568322,0.0,Merge
80356166.368,E42,E96,0.6661426464030266,0.014742590742590744,6815.791,1913.602,1.6416,12.952,0.4402073124080724,0.0,Merge
80506643.033,E3,P787,0.7021413715203401,0.0025,6936.419,1059.189,3.7739,31.652,0.6695585414392456,0.0,Merge
80685386.913,E12,P644,0.7483456210608428,0.0025,7085.349,1059.189,1.4539,12.471,0.8189717806031829,0.0,Merge
80731970.52,E12,P160,0.7508456210608427,0.0025,7093.230,1059.189,2.3547,20.223,0.958389404413677,0.0,Hit+Run
80828718.536,E12,P160,0.7508456210608427,0.0025,7093.230,1059.189,1.0785,9.2625,0.39936517169848185,0.0,Merge
87950988.413,E42,P251,0.6808852371456173,0.0025,6865.705,1059.189,1.9044,15.799,0.9718675079042459,0.0,Hit+Run
91322366.424,E26,P291,0.10392834181751592,0.0025,3669.203,1059.189,3.6977,15.673,0.8703545490879876,0.0,Hit+Run
91830085.759,E12,FRAG0021,0.7533456210608427,0.005988344988344989,7101.094,1417.194,1.6943,14.291,0.43106966016996673,0.0,Merge
97619907.571,E3,P398,0.70464137152034,0.0025,6944.642,1059.189,3.0647,25.736,0.7140880090282423,0.0,Merge
99352893.115,E42,P291,0.6808852371456173,0.0025,6865.705,1059.189,1.1765,9.7607,0.455265087719452,0.0,Merge
100355641.941,E42,P610,0.6833852371456173,0.0025,6874.097,1059.189,2.1493,17.854,0.44762764719394954,0.0,Merge
103150949.092,E12,P354,0.7593339660491877,0.0025,7119.860,1059.189,2.2508,19.407,0.3673508465407841,0.0,Merge
104891418.4,E3,P10,0.70714137152034,0.005527972027972028,6952.845,1379.904,3.5953,29.705,0.901819350449212,0.0,Hit+Run
106613180.832,E3,P626,0.70714137152034,0.0025,6952.845,1059.189,3.7342,31.398,0.9243807162533338,0.0,Hit+Run
108922291.451,E12,P10,0.7618339660491876,0.005527972027972028,7127.665,1379.904,1.1671,9.9029,0.8055473050135434,0.0,Merge
109128952.491,E42,P598,0.6858852371456172,0.0025,6882.470,1059.189,2.1934,18.244,0.32784561699024367,0.0,Merge
111311489.68,E12,E97,0.7673619380771597,0.025,7144.863,2281.955,1.5478,12.678,0.8939777479468151,0.019472527472527472,Hit+Run+Frag
111899309.159,E12,E97,0.7673616050768267,0.005527805527805528,7144.862,1379.890,1.2749,10.845,0.7971466563630263,0.0,Merge
114195606.147,E12,FRAG0046,0.7728894106046322,0.006490842490842491,7161.977,1455.774,1.2077,10.261,0.7647529755439905,0.0,Merge
115464332.724,E12,E31,0.7793802530954748,0.03,7181.971,2424.939,1.2344,10.122,0.695252957059876,0.0,Merge
116161465.049,E3,FRAG0045,0.70714137152034,0.006490842490842491,6952.845,1455.774,2.2037,18.137,0.13965853705936512,0.0,Merge
122763152.873,E3,FRAG0044,0.7136322140111825,0.006490842490842491,6974.054,1455.774,1.7888,14.771,0.8060449409740131,0.0,Merge
124969951.491,E12,E78,0.8093802530954748,0.030000000000000002,7272.963,2424.939,1.481,12.309,0.705030024363966,0.0,Merge
127197332.595,E12,P202,0.8393802530954748,0.0025,7361.733,1059.189,3.034,27.103,0.9682852584497331,0.0,Hit+Run
141316251.876,E3,P306,0.720123056502025,0.0025,6995.134,1059.189,4.5594,38.583,0.7356146366147015,0.0,Merge
144412964.399,E3,P659,0.722623056502025,0.0025,7003.220,1059.189,2.628,22.266,0.9834585160093733,0.0,Hit+Run
144436426.749,E3,P659,0.722623056502025,0.0025,7003.220,1059.189,1.0224,8.6626,0.42936190113357464,0.0,Merge
145468095.254,E12,P202,0.8393802530954748,0.0025,7361.733,1059.189,2.193,19.590,0.9655751787267338,0.0,Hit+Run
157839654.64,E12,P626,0.8393802530954748,0.0025,7361.733,1059.189,2.0679,18.472,0.9449436040613187,0.0,Hit+Run
159215642.999,E42,P626,0.6883852371456172,0.0025,6890.822,1059.189,1.2021,10.011,0.8035813172988998,0.0,Merge
161555077.14,E12,P578,0.8393802530954748,0.0025,7361.733,1059.189,2.8333,25.310,0.7637179503265501,0.0,Merge
172748572.441,E12,P144,0.8418802530954748,0.0025,7369.035,1059.189,1.2545,11.218,0.8411911906493375,0.0,Merge
175912397.117,E26,FRAG0039,0.10392834181751592,0.006378288378288379,3669.203,1447.311,2.0199,8.3791,0.4319988161734613,0.0,Merge
193323480.44,E3,FRAG1010,0.7251230565020249,0.0059201991362731275,7011.287,1411.798,4.9486,41.188,0.1024671380163408,0.0,Merge
