time_yr,target,projectile,Mt_Mearth,Mp_Mearth,Rt_km,Rp_km,vimp/vesc,vimp_km/s,b,m_frag_Mearth,Regime
167602.176,E11,P254,0.027500000000000004,0.0025,2355.617,1059.189,1.5251,4.0386,0.8889077054447786,0.0,Hit+Run
173342.6,E4,P7,0.12999999999999998,0.0025000000000000022,3953.438,1059.189,1.4724,6.7632,0.8529743897767499,0.0,Hit+Run
212343.348,E13,P251,0.029999999999999995,0.0025,2424.939,1059.189,4.597,12.543,0.5960508226649499,0.0,Merge
216951.362,E49,E27,0.11000000000000001,0.025,3739.309,2281.955,1.0278,4.3479,0.4846418638317306,0.0,Merge
224536.55,E4,P101,0.12999999999999998,0.0025000000000000022,3953.438,1059.189,2.0529,9.4297,0.5418339396917496,0.0,Merge
252707.103,E49,P453,0.135,0.0025,4003.487,1059.189,1.4647,6.8197,0.6803910805085037,0.0,Merge
259841.167,E23,P143,0.035,0.0025,2552.798,1059.189,4.93,14.192,0.8228066181958624,0.0,Hit+Run
263606.732,E64,P275,0.030000000000000002,0.0025,2424.939,1059.189,1.1538,3.1483,0.8684635877175672,0.0,Hit+Run
294504.585,E34,P404,0.052500000000000005,0.0025,2922.224,1059.189,1.4283,4.7428,0.4199021973428617,0.0,Merge
297596.961,E58,P427,0.027500000000000004,0.0025,2355.617,1059.189,1.3209,3.4978,0.8013000082606354,0.0,Hit+Run
330845.69,NEPTUNE,K343,16.06942390942391,0.02,19693.69,2118.379,0.9999,24.262,0.4567672042677402,0.0,Perfect
339721.666,E11,P347,0.027500000000000004,0.0025,2355.617,1059.189,1.3233,3.5042,0.5278536211441445,0.0,Merge
348645.955,E0,P0,0.03250000000000001,0.0025,2490.510,1059.189,1.0568,2.9647,0.41381041526499324,0.0,Merge
419248.711,E4,P4,0.13249999999999998,0.005000000000000004,3978.620,1334.495,1.3768,6.2575,0.4021216685806504,0.0,Merge
489488.367,E7,P234,0.17249999999999993,0.0025000000000000022,4344.337,1059.189,1.3481,6.8542,0.5841731432245953,0.0,Merge
492457.402,E19,P87,0.18207748068366464,0.0025,4423.295,1059.189,1.8027,9.3450,0.4706092260936999,0.0,Merge
545939.615,E7,P93,0.17499999999999993,0.0024999999999999905,4365.224,1059.189,1.1002,5.6227,0.8671035981357497,0.0,Hit+Run
558488.643,P9,P120,0.0024999999999999905,0.0025,1059.189,1059.189,12.045,16.533,0.3282999999999998,0.0,Merge
634517.682,E7,P58,0.17499999999999993,0.0025000000000000022,4365.224,1059.189,2.2099,11.294,0.9716388718228341,0.0,Hit+Run
647310.484,E7,P53,0.17499999999999993,0.0025,4365.224,1059.189,2.7366,13.985,0.6997988760453343,0.0,Merge
705927.628,E58,P447,0.027500000000000004,0.0025,2355.617,1059.189,1.2894,3.4144,0.7065871198875421,0.0,Hit+Run
821374.856,E19,P299,0.18457748068366464,0.0025,4443.447,1059.189,1.711,8.9131,0.7213507606470614,0.0,Merge
835535.097,E38,P248,0.025,0.0025,2281.955,1059.189,2.2313,5.7191,0.8427364092941395,0.0,Hit+Run
839504.539,E58,P654,0.027500000000000004,0.0025,2355.617,1059.189,1.0384,2.7497,0.3926480412379078,0.0,Merge
878668.265,E33,P486,0.05500000000000001,0.0025,2967.891,1059.189,1.9477,6.5753,0.7673469676010636,0.0,Hit+Run
939605.364,E58,P477,0.030000000000000002,0.0025,2424.939,1059.189,1.1607,3.1671,0.8422245451971694,0.0,Hit+Run
992704.562,E7,P224,0.17749999999999994,0.0025,4385.912,1059.189,1.4435,7.4149,0.8955309054333195,0.0,Hit+Run
1000266.971,E13,P186,0.032499999999999994,0.0025000000000000022,2490.510,1059.189,2.9278,8.2136,0.48761993660422215,0.0,Merge
1019737.892,E24,P275,0.07250000000000001,0.0025,3254.167,1059.189,1.0017,3.7317,0.4823131968201342,0.0,Merge
1137569.717,E24,P449,0.07500000000000001,0.0025,3291.149,1059.189,1.5774,5.9482,0.45996844855541025,0.0,Merge
1156831.151,E50,P531,0.0825,0.0025,3397.388,1059.189,1.0696,4.1733,0.045816099908789196,0.0,Merge
1163108.094,E4,P47,0.13749999999999998,0.0025000000000000022,4028.049,1059.189,1.8683,8.7564,0.8312261105899891,0.0,Hit+Run
1213788.077,E46,E56,0.0825,0.06289315973745788,3397.388,3103.570,1.083,4.5758,0.5556784547567857,0.007823503163503163,Graze+Merge
1248135.898,E15,E23,0.13381092963521832,0.035,3991.698,2552.798,1.2147,5.5117,0.9513720067434227,0.007823503163503163,Hit+Run
1316602.978,E15,E5,0.13381092963521832,0.07,3991.698,3216.324,1.0271,4.8795,0.6237285752544668,0.0063116483516483515,Graze+Merge
1338884.138,E7,P38,0.17749999999999994,0.0025,4385.912,1059.189,1.5787,8.1094,0.9360464698723338,0.0063116483516483515,Hit+Run
1388436.554,E4,P104,0.13749999999999998,0.0025,4028.049,1059.189,3.188,14.941,0.6082567138076107,0.0,Merge
1392503.807,E7,P58,0.17749999999999994,0.0025000000000000022,4385.912,1059.189,1.4106,7.2459,0.952236586079574,0.0,Hit+Run
1394224.442,E4,P16,0.13999999999999999,0.0025000000000000022,4052.315,1059.189,1.5574,7.3466,0.8490707531887727,0.0,Hit+Run
1516685.267,P9,P76,0.0049999999999999906,0.0025000000000000022,1334.495,1059.189,9.8248,15.537,0.650833281859866,0.007324895104895104,Graze+Frag
1517954.47,E49,P141,0.1375,0.0025,4028.049,1059.189,3.054,14.313,0.46327909821509106,0.0,Merge
1764341.484,E49,P393,0.14,0.0025,4052.315,1059.189,1.0247,4.8337,0.9117799003197082,0.0,Graze+Merge
1924265.697,E78,P748,0.025,0.0025,2281.955,1059.189,1.4883,3.8147,0.7035438651543018,0.0,Hit+Run
1972166.578,E19,P245,0.18707748068366464,0.0025,4463.419,1059.189,2.6131,13.678,0.7551899479731041,0.0,Merge
2159519.2,E18,P180,0.09750000000000003,0.0024999999999999905,3591.937,1059.189,1.8276,7.5711,0.7078648908177292,0.0,Merge
2224519.749,E86,P637,0.025,0.0025,2281.955,1059.189,1.4101,3.6143,0.32243768443776905,0.0,Merge
2230150.229,E12,P267,0.027500000000000004,0.0025,2355.617,1059.189,1.6105,4.2647,0.5457200727746115,0.0,Merge
2251504.673,E7,P73,0.17749999999999994,0.0025000000000000022,4385.912,1059.189,2.0232,10.392,0.8431748082457267,0.0,Hit+Run
2397130.947,E15,P96,0.20381092963521832,0.0025,4592.716,1059.189,1.0929,5.8993,0.9094574418573738,0.0,Hit+Run
2402566.425,E24,P484,0.07750000000000001,0.0025,3327.318,1059.189,1.3541,5.1664,0.5638946460135867,0.0,Merge
2424515.574,E0,P154,0.03500000000000001,0.0025,2552.798,1059.189,1.5629,4.4991,0.6820912791795455,0.0,Merge
2446684.173,E13,P261,0.034999999999999996,0.0025,2552.798,1059.189,4.4893,12.923,0.892139489906062,0.0,Hit+Run
2473809.765,E4,P52,0.13999999999999999,0.0025000000000000022,4052.315,1059.189,1.5455,7.2905,0.7653528525942496,0.0,Merge
2492310.965,E15,P196,0.20381092963521832,0.0025000000000000022,4592.716,1059.189,1.4047,7.5823,0.6221234966815631,0.0,Merge
2505132.046,E19,P301,0.18957748068366465,0.0025,4483.213,1059.189,1.237,6.5060,0.5896023924417583,0.0,Merge
2660927.623,E4,P16,0.1425,0.0025000000000000022,4076.293,1059.189,1.7492,8.3040,0.8727288865712901,0.0,Hit+Run
2672113.243,E31,P158,0.037500000000000006,0.0025,2612.187,1059.189,2.0296,5.9852,0.47883992393771935,0.0,Merge
2833175.512,NEPTUNE,K792,16.08942390942391,0.02,19701.86,2118.379,0.9999,24.273,0.5763317739394512,0.0,Perfect
2835006.895,E7,P47,0.17749999999999994,0.0025000000000000022,4385.912,1059.189,1.9893,10.218,0.4404355991103967,0.0,Merge
2850765.61,E12,P260,0.030000000000000002,0.0025000000000000022,2424.939,1059.189,1.2769,3.4842,0.7631594197245651,0.0,Hit+Run
2887569.821,E49,P325,0.14250000000000002,0.0025,4076.293,1059.189,1.0522,4.9951,0.8269294716052481,0.0,Hit+Run
2915834.024,E46,E86,0.14539315973745787,0.0275,4103.695,2355.617,1.2034,5.5624,0.6503715385769889,0.0,Hit+Run
2951627.89,NEPTUNE,K342,16.10942390942391,0.02,19710.02,2118.379,1.0012,24.315,0.7581193908865297,0.0,Merge
3013083.512,E17,P344,0.027500000000000004,0.0025,2355.617,1059.189,1.5885,4.2065,0.9109820858376336,0.0,Hit+Run
3061238.373,E7,P126,0.17999999999999994,0.0024999999999999905,4406.407,1059.189,1.7648,9.1109,0.3139373354693202,0.0,Merge
3238764.629,E49,E43,0.14250000000000002,0.027500000000000004,4076.293,2355.617,1.0009,4.5972,0.6338876467258678,0.0,Graze+Merge
3265990.212,NEPTUNE,K596,16.12942390942391,0.02,19718.17,2118.379,1.0005,24.308,0.7804536498367762,0.0,Merge
3285597.971,NEPTUNE,K494,16.14942390942391,0.02,19726.32,2118.379,1.0015,24.343,0.6121609701959122,0.0,Merge
3308749.484,E0,P250,0.03750000000000001,0.0025,2612.187,1059.189,1.3468,3.9716,0.32465773743355314,0.0,Merge
3314475.497,E19,P145,0.19207748068366465,0.0025,4502.834,1059.189,1.3384,7.0725,0.3540238912078017,0.0,Merge
3360686.752,E23,P294,0.035,0.0025,2552.798,1059.189,2.2578,6.4995,0.8736224538325937,0.0,Hit+Run
3490325.778,E18,P193,0.10000000000000002,0.0025,3622.378,1059.189,1.6308,6.8174,0.9333784775250604,0.0,Hit+Run
3494366.84,E24,P357,0.08000000000000002,0.0025,3362.718,1059.189,1.2052,4.6509,0.42981633727091506,0.0,Merge
3505023.578,E7,P269,0.18249999999999994,0.0025,4426.714,1059.189,1.3518,7.0134,0.4648695943137848,0.0,Merge
3521541.326,E15,P214,0.20631092963521833,0.0025,4611.419,1059.189,1.1941,6.4738,0.6547999740783004,0.0,Merge
3633781.842,E4,P144,0.1425,0.0025000000000000022,4076.293,1059.189,1.9162,9.0968,0.5829305086839068,0.0,Merge
3812622.89,E49,P406,0.17,0.0025,4323.248,1059.189,2.5031,12.660,0.8166273898741393,0.0,Hit+Run
3842563.162,E83,P523,0.030000000000000002,0.0025,2424.939,1059.189,1.5147,4.1331,0.44237494498580354,0.0,Merge
3896079.527,E38,P662,0.025,0.0025,2281.955,1059.189,2.8033,7.1853,0.9672447547146122,0.0,Hit+Run
3948933.526,E7,P256,0.18499999999999994,0.0025,4446.835,1059.189,2.0896,10.894,0.9101998736491294,0.0,Hit+Run
3963529.001,E64,P434,0.030000000000000002,0.0025,2424.939,1059.189,2.9764,8.1216,0.7849440889789006,0.0,Hit+Run
4006002.331,E7,E4,0.18499999999999994,0.145,4446.835,4099.993,1.1001,6.1072,0.3171171759437856,0.033495737595737596,Fragment
4049854.942,E49,P114,0.17,0.0025,4323.248,1059.189,1.237,6.2565,0.6962256531355405,0.0,Merge
4104374.112,E55,P522,0.030000000000000002,0.0025,2424.939,1059.189,2.1091,5.7550,0.6897318604168208,0.0,Merge
4140542.982,E7,FRAG0002,0.29650549450549446,0.005582417582417583,5204.009,1384.420,1.0093,6.1059,0.8456358789153988,0.0,Graze+Merge
4308143.409,E7,P60,0.302087912087912,0.0025,5236.466,1059.189,2.1481,13.348,0.47285476775186264,0.0,Merge
4637394.013,E19,FRAG1004,0.19457748068366465,0.007922519316335287,4522.286,1555.780,1.2042,6.2099,0.5484272210059464,0.0,Merge
4665651.4,URANUS,K791,15.989423909423909,0.02,19660.96,2118.379,1.0011,24.249,0.6660374728808164,0.0,Merge
4667128.226,E19,P280,0.20249999999999993,0.0025,4582.848,1059.189,2.3779,12.805,0.557297227946348,0.0,Merge
4672477.786,E15,P382,0.20881092963521833,0.0025,4629.970,1059.189,1.2594,6.8573,0.6591967640671489,0.0,Merge
4676792.687,P9,P160,0.007499833499833501,0.0024999999999999905,1527.604,1059.189,8.0792,14.191,0.9820083797519039,0.0,Hit+Run
4737400.967,NEPTUNE,K883,16.16942390942391,0.02,19734.46,2118.379,0.9999,24.315,0.6762125243867095,0.0,Perfect
4933780.095,E31,P55,0.04000000000000001,0.0025,2668.991,1059.189,2.0279,6.1171,0.8751832836981452,0.0,Hit+Run
4942730.471,E7,P284,0.304587912087912,0.0025000000000000022,5250.871,1059.189,1.6687,10.400,0.5789216712954246,0.0,Merge
5071428.613,NEPTUNE,K263,16.18942390942391,0.02,19742.59,2118.379,1.0,24.327,0.8487311835128115,0.0,Perfect
5097077.378,E55,P199,0.0325,0.0025,2490.510,1059.189,3.3332,9.3509,0.6078761339192778,0.0,Merge
5115594.557,E41,P396,0.025,0.0025,2281.955,1059.189,2.2064,5.6553,0.7066173020955641,0.0,Hit+Run
5180822.818,E7,P113,0.30708791208791203,0.0025,5265.198,1059.189,1.4505,9.0668,0.6580261377346471,0.0,Merge
5224805.251,E19,P227,0.20499999999999993,0.0024999999999999905,4601.631,1059.189,1.5231,8.2386,0.21687934806951056,0.0,Merge
5235394.499,E15,P135,0.21131092963521833,0.0025,4648.375,1059.189,1.1279,6.1676,0.36298855399528673,0.0,Merge
5256793.5,E35,P545,0.030000000000000002,0.0025,2424.939,1059.189,3.0826,8.4114,0.8770243363382804,0.0,Hit+Run
5267694.108,E15,P261,0.21381092963521833,0.0025,4666.634,1059.189,1.3753,7.5522,0.8423998184901624,0.0,Hit+Run
5376368.358,E49,P437,0.17250000000000001,0.0025,4344.337,1059.189,1.8741,9.5286,0.9205591095405474,0.0,Hit+Run
5415047.257,E36,P318,0.03250000000000001,0.0025,2490.510,1059.189,1.0923,3.0643,0.7745790072101603,0.0,Hit+Run
5485251.765,E48,P342,0.025,0.0025,2281.955,1059.189,2.3545,6.0349,0.9946324927911947,0.0,Hit+Run
5499101.449,E15,E23,0.21381092963521833,0.035,4666.634,2552.798,1.1007,5.7731,0.12856877098869954,0.007998334998334999,Fragment
5533187.368,P7,P73,0.0025000000000000022,0.0025000000000000022,1059.189,1059.189,11.914,16.353,0.51825,0.0,Graze+Frag
5534222.089,E7,P49,0.30958791208791203,0.0025,5279.448,1059.189,1.393,8.7327,0.5655387192027013,0.0,Merge
5576636.018,E49,P380,0.17250000000000001,0.0025,4344.337,1059.189,1.0271,5.2221,0.8457084081447179,0.0,Graze+Merge
5600245.046,E41,P305,0.025,0.0025,2281.955,1059.189,3.318,8.5045,0.8420534233071922,0.0,Hit+Run
5600817.954,E31,P171,0.04000000000000001,0.0025,2668.991,1059.189,1.3758,4.1501,0.678956095099649,0.0,Merge
5612683.243,P7,P15,0.005,0.0024999999999999905,1334.495,1059.189,4.5505,7.1963,0.7821818523637082,0.0,Hit+Run
5634521.467,E19,E18,0.20749999999999993,0.10000000000000002,4620.261,3622.378,1.0939,5.9693,0.9710651913812048,0.0,Hit+Run
5652227.996,P12,FRAG0005,0.0025,0.005582417582417583,1059.189,1384.420,9.3073,15.122,0.8295421645245837,0.0,Hit+Run
5669219.21,E50,E36,0.085,0.03250000000000001,3431.364,2490.510,1.0676,4.2486,0.7358873843129172,0.0,Graze+Merge
5679104.849,P19,P41,0.0025,0.0024999999999999905,1059.189,1059.189,12.827,17.607,0.8869000000000005,0.0,Hit+Run
5689646.903,E13,P307,0.034999999999999996,0.0025,2552.798,1059.189,3.0082,8.6597,0.6483789654122009,0.0,Merge
5769611.948,E49,P326,0.17500000000000002,0.0025,4365.224,1059.189,1.1378,5.8149,0.7073633993144536,0.0,Merge
5791145.994,E15,E31,0.24081259463688334,0.04250000000000001,4855.346,2723.475,1.1223,6.1305,0.6202740321124333,0.0,Merge
5796832.221,E12,P97,0.030000000000000002,0.0025,2424.939,1059.189,2.8589,7.8010,0.6588992454657964,0.0,Merge
5813131.404,E19,P72,0.20749999999999993,0.0025,4620.261,1059.189,1.6825,9.1404,0.8017090616883619,0.0,Merge
5852857.401,E19,E13,0.20999999999999994,0.0375,4638.742,2612.187,1.1036,5.7604,0.831667896926672,0.0,Hit+Run
5955959.758,E11,P236,0.030000000000000002,0.0025,2424.939,1059.189,2.7157,7.4102,0.792252045118534,0.0,Hit+Run
5994080.264,E7,E13,0.31208791208791203,0.0375,5293.620,2612.187,1.1955,7.1025,0.9551648911106196,0.0,Hit+Run
6010401.987,P12,P294,0.0025,0.0025,1059.189,1059.189,8.8634,12.165,0.9933,0.0,Hit+Run
6022921.511,E7,E13,0.31208791208791203,0.0375,5293.620,2612.187,1.0336,6.1406,0.9929295597812393,0.0,Hit+Run
6026509.087,E19,FRAG0004,0.20999999999999994,0.005582417582417583,4638.742,1384.420,1.5349,8.2041,0.45577513502485123,0.0,Merge
6062543.329,E19,E18,0.21558241758241753,0.10000000000000002,4679.487,3622.378,1.1793,6.4960,0.9164097131306542,0.0,Hit+Run
6064160.864,E7,E13,0.31208791208791203,0.0375,5293.620,2612.187,1.0167,6.0402,0.5396865771014085,0.0,Merge
6098126.155,E15,P75,0.28331259463688335,0.0025,5125.652,1059.189,2.5649,15.577,0.6604262732424983,0.0,Merge
6176873.494,E19,P194,0.21558241758241753,0.0025,4679.487,1059.189,1.4352,7.9044,0.8756083135031769,0.0,Hit+Run
6208945.831,ICE2,K985,7.9547119547119545,0.02,15578.84,2118.379,1.009,19.136,0.041197982498760936,0.0,Merge
6444174.823,E7,P96,0.349587912087912,0.0025,5497.678,1059.189,1.4215,9.3063,0.03446074696634995,0.0,Merge
6612588.681,E19,FRAG0006,0.21558241758241753,0.005582417582417583,4679.487,1384.420,1.3001,7.0148,0.7313353806488251,0.0,Merge
6796922.139,E19,P20,0.22116483516483512,0.0025,4719.535,1059.189,1.234,6.8589,0.18171768769217916,0.0,Merge
6817626.982,P16,P35,0.0025000000000000022,0.0025,1059.189,1059.189,8.9053,12.223,0.5191000000000001,0.0,Graze+Frag
6967512.948,E49,P131,0.17750000000000002,0.0025,4385.912,1059.189,1.2813,6.5817,0.9743066947401902,0.0,Hit+Run
7045696.366,E46,P708,0.14539315973745787,0.0025,4103.695,1059.189,1.1088,5.3019,0.5108471183332183,0.0,Merge
7117941.565,P12,P312,0.0025,0.0025,1059.189,1059.189,6.6582,9.1389,0.8016,0.0,Hit+Run
7136899.526,E49,P131,0.17750000000000002,0.0025,4385.912,1059.189,1.1676,5.9976,0.230769566834544,0.0,Merge
7156773.427,E15,P266,0.28581259463688335,0.0025,5140.684,1059.189,1.4659,8.9310,0.8611650129252486,0.0,Hit+Run
7158406.041,E18,P56,0.10000000000000002,0.0025000000000000022,3622.378,1059.189,1.7207,7.1933,0.887340162501649,0.0,Hit+Run
7231235.027,E48,P308,0.025,0.0025,2281.955,1059.189,1.7986,4.6101,0.361845975884622,0.0,Merge
7370125.215,E15,P148,0.28581259463688335,0.0025,5140.684,1059.189,1.7433,10.621,0.28572834917585277,0.0,Merge
7453460.424,E48,P99,0.0275,0.0025,2355.617,1059.189,2.5448,6.7388,0.6020097427763916,0.0,Merge
7634088.529,E7,P508,0.352087912087912,0.0025,5510.752,1059.189,1.5579,10.225,0.5220582002451319,0.0,Merge
7675685.264,E7,P50,0.354587912087912,0.0025000000000000022,5523.764,1059.189,1.2625,8.3074,0.9761263423607757,0.0,Hit+Run
7791535.251,E49,P583,0.18000000000000002,0.0025,4406.407,1059.189,1.6794,8.6701,0.7421949435877145,0.0,Merge
7835909.328,P19,P231,0.0025,0.0025,1059.189,1059.189,16.715,22.943,0.40055,0.0,Merge
7982912.125,E7,P157,0.354587912087912,0.0025,5523.764,1059.189,1.9136,12.591,0.858316543970461,0.0,Hit+Run
8061257.609,E7,P294,0.354587912087912,0.0025,5523.764,1059.189,1.0084,6.6354,0.6499677338542567,0.0,Merge
8082257.272,E18,P111,0.10000000000000002,0.0025,3622.378,1059.189,2.1383,8.9390,0.8456348653627942,0.0,Hit+Run
8175756.557,E41,P56,0.025,0.0025000000000000022,2281.955,1059.189,2.5197,6.4583,0.6622232129439967,0.0,Merge
8292713.906,E18,P170,0.10000000000000002,0.0024999999999999905,3622.378,1059.189,2.3043,9.6330,0.6598567235624403,0.0,Merge
8435712.228,E19,P157,0.22366483516483512,0.0025,4737.251,1059.189,1.4439,8.0579,0.8833042504037605,0.0,Hit+Run
8449284.507,P9,P283,0.007499833499833501,0.0025,1527.604,1059.189,5.1984,9.1315,0.7760872046845582,0.0,Hit+Run
8495588.071,E19,P157,0.22366483516483512,0.0025,4737.251,1059.189,1.1395,6.3592,0.7593245550056753,0.0,Merge
8663523.857,E19,P130,0.22616483516483513,0.0025,4754.836,1059.189,1.9323,10.826,0.7983574450097625,0.0,Merge
8693326.948,E34,E61,0.05500000000000001,0.025,2967.891,2281.955,1.306,4.5548,0.9150983230419424,0.0,Hit+Run
8696216.789,E19,P300,0.22866483516483513,0.0025,4772.291,1059.189,2.0335,11.438,0.7999536663201187,0.0,Merge
8727350.452,E7,P108,0.357087912087912,0.0025,5536.715,1059.189,1.489,9.8223,0.9735559038635927,0.0,Hit+Run
8729105.071,E18,P252,0.10250000000000001,0.0024999999999999905,3652.317,1059.189,1.7148,7.2324,0.7099972865072584,0.0,Merge
9008303.595,E7,P31,0.357087912087912,0.0024999999999999905,5536.715,1059.189,1.9876,13.111,0.7874571421059119,0.0,Merge
9137591.14,E24,E41,0.08250000000000002,0.027500000000000004,3397.388,2355.617,1.6966,6.6280,0.3249158985349946,0.01753946053946054,Fragment
9285569.374,E7,P430,0.359587912087912,0.0025,5549.606,1059.189,1.6015,10.590,0.6243394684506278,0.0,Merge
9297404.721,E15,P192,0.28831259463688336,0.0025000000000000022,5155.629,1059.189,1.8238,11.146,0.5396354701856141,0.0,Merge
9415113.927,P19,P16,0.005,0.005,1334.495,1334.495,2.7675,4.7859,0.95495,0.0,Hit+Run
9417569.612,E50,P630,0.11750000000000002,0.0025,3822.432,1059.189,1.8146,8.0379,0.9313299449971418,0.0,Hit+Run
9522061.651,E24,P518,0.09246053946053948,0.0025,3528.953,1059.189,2.1763,8.8456,0.2162070275152364,0.0,Merge
9542125.005,E24,P302,0.09496053946053948,0.0025,3560.477,1059.189,1.6356,6.7118,0.9143841062273139,0.0,Hit+Run
9592399.904,E46,P348,0.14789315973745787,0.0025,4127.083,1059.189,2.2599,10.872,0.314329347264199,0.0,Merge
9650523.003,E24,P331,0.09496053946053948,0.0025,3560.477,1059.189,1.4219,5.8349,0.32370307199550896,0.0,Merge
9686518.494,E7,FRAG0005,0.362087912087912,0.005582417582417583,5562.438,1384.420,1.5344,9.9731,0.948764540033022,0.0,Hit+Run
9694391.267,E19,P221,0.23116483516483513,0.0025,4789.620,1059.189,1.6473,9.3023,0.5554633056479203,0.0,Merge
9781131.691,E18,P223,0.105,0.0025000000000000022,3681.772,1059.189,1.0536,4.4823,0.987897044806852,0.0,Hit+Run
9921842.42,E7,P226,0.362087912087912,0.0025,5562.438,1059.189,1.5876,10.524,0.9287491710457685,0.0,Hit+Run
9957873.353,E55,FRAG0008,0.035,0.0058464868464868465,2552.798,1405.914,1.2285,3.5255,0.9282697762456326,0.0,Hit+Run
9965240.013,E80,P578,0.025,0.0025,2281.955,1059.189,5.1427,13.181,0.7370101785147142,0.0,Hit+Run
10006323.826,E18,P223,0.105,0.0025000000000000022,3681.772,1059.189,1.0179,4.3304,0.7447474773758124,0.0,Merge
10064662.415,E7,P112,0.362087912087912,0.0025,5562.438,1059.189,1.1953,7.9241,0.6817771592083446,0.0,Merge
10164730.658,E7,P256,0.364587912087912,0.0025,5575.210,1059.189,1.9446,12.923,0.8910218398194619,0.0,Hit+Run
10199460.323,E7,P256,0.364587912087912,0.0025,5575.210,1059.189,1.048,6.9647,0.867996282513932,0.0,Hit+Run
10203888.75,E33,P825,0.05500000000000001,0.0025,2967.891,1059.189,1.1195,3.7793,0.6568731773173532,0.0,Merge
10210748.714,E42,P472,0.05750000000000001,0.0025,3012.195,1059.189,1.899,6.5130,0.20456722983668985,0.0,Merge
10225076.768,E49,P588,0.18250000000000002,0.0025,4426.714,1059.189,1.2768,6.6243,0.74616371092164,0.0,Merge
10255321.244,E50,P776,0.11750000000000002,0.0025,3822.432,1059.189,1.598,7.0785,0.6996328450100439,0.0,Merge
10305767.772,E7,P265,0.364587912087912,0.0025,5575.210,1059.189,1.5983,10.621,0.7560618214520135,0.0,Merge
10343038.609,E11,P328,0.030000000000000002,0.0025,2424.939,1059.189,4.6139,12.589,0.8539172750205828,0.0,Hit+Run
10514913.711,E19,P263,0.23366483516483513,0.0025,4806.824,1059.189,2.702,15.317,0.06801320432869214,0.0,Merge
10608819.74,E7,P94,0.367087912087912,0.0024999999999999905,5587.924,1059.189,3.0015,19.995,0.8923544089163041,0.0,Hit+Run
10702967.532,E7,P15,0.367087912087912,0.0024999999999999905,5587.924,1059.189,1.381,9.2001,0.11718719227784528,0.0,Merge
10739061.652,E7,P256,0.36958791208791203,0.0025,5600.581,1059.189,1.4603,9.7519,0.9666800782914976,0.0,Hit+Run
10830959.416,E7,P108,0.36958791208791203,0.0025,5600.581,1059.189,1.4471,9.6638,0.8188398366528327,0.0,Merge
11029528.757,E55,P417,0.035,0.0025,2552.798,1059.189,2.482,7.1449,0.40624398225303365,0.0,Merge
11066084.343,E58,P205,0.030000000000000002,0.0025000000000000022,2424.939,1059.189,2.8467,7.7677,0.5673061951823922,0.0,Merge
11078000.465,E15,P175,0.29081259463688336,0.0025,5170.488,1059.189,1.2812,7.8542,0.8259099030244711,0.0,Merge
11162772.772,P19,P256,0.005,0.0025,1334.495,1059.189,6.0667,9.5941,0.2364943277068317,0.0,Fragment
11205102.009,E7,P111,0.37208791208791203,0.0025,5613.180,1059.189,1.7877,11.967,0.8251051903683919,0.0,Merge
11263389.238,E15,P179,0.29331259463688336,0.0025,5185.262,1059.189,1.1969,7.3599,0.625607578374023,0.0,Merge
11280192.257,E49,P232,0.18500000000000003,0.0025,4446.835,1059.189,1.2807,6.6770,0.9975855225655764,0.0,Hit+Run
11342354.202,E46,P621,0.15039315973745787,0.0025,4150.208,1059.189,1.2521,6.0603,0.7813808948101492,0.0,Merge
11676919.02,E7,P162,0.37458791208791203,0.0025,5625.724,1059.189,1.3889,9.3196,0.5902668099821087,0.0,Merge
11689132.39,E24,P289,0.09746053946053948,0.0025,3591.452,1059.189,1.7284,7.1591,0.4165509370136639,0.0,Merge
11784421.494,E19,P213,0.23616483516483514,0.0025,4823.907,1059.189,3.1614,17.989,0.42842935076272715,0.0,Merge
11936042.892,E19,P79,0.23866483516483514,0.0025,4840.869,1059.189,1.7285,9.8731,0.8770090113478193,0.0,Hit+Run
12145885.849,E15,P368,0.29581259463688336,0.0025,5199.952,1059.189,1.2926,7.9725,0.7449578740895123,0.0,Merge
12302671.547,E24,E55,0.09996053946053948,0.037500000000000006,3621.902,2612.187,1.3475,5.6531,0.4244664498979076,0.012566766566766566,Fragment
12423673.133,E15,FRAG0010,0.29831259463688337,0.0058464868464868465,5214.560,1405.914,1.0275,6.2222,0.7888229349769238,0.0,Graze+Merge
12475237.715,E11,P317,0.030000000000000002,0.0025000000000000022,2424.939,1059.189,1.97,5.3754,0.683189499682292,0.0,Merge
12588386.561,P19,P93,0.007499833499833501,0.0024999999999999905,1527.604,1059.189,8.8214,15.495,0.927265354432882,0.0,Hit+Run
12691422.119,E7,P93,0.37708791208791204,0.0024999999999999905,5638.211,1059.189,1.0574,7.1121,0.25726954869171653,0.0,Merge
12697625.992,E7,P7,0.37958791208791204,0.005,5650.644,1334.495,1.0635,7.0502,0.5759739588976477,0.0,Merge
12850286.018,E7,P12,0.38458791208791204,0.0025,5675.346,1059.189,1.4571,9.8695,0.6747680397222503,0.0,Merge
13333107.337,E7,P79,0.38708791208791204,0.0025,5687.617,1059.189,1.43,9.7083,0.8582671769209745,0.0,Hit+Run
13632654.388,E7,E48,0.38708791208791204,0.03,5687.617,2424.939,1.096,7.0210,0.4893595143660939,0.0,Merge
13638850.534,E15,P356,0.30415908148337023,0.0025,5248.406,1059.189,1.3774,8.5805,0.9404135199489339,0.0,Hit+Run
13724188.569,E15,P510,0.30415908148337023,0.0025,5248.406,1059.189,1.3642,8.4982,0.934588980363336,0.0,Hit+Run
13851156.819,E7,P38,0.41708791208791207,0.0025,5830.910,1059.189,1.8553,12.935,0.57800490879158,0.0,Merge
14077999.439,NEPTUNE,K853,16.209423909423908,0.02,19750.72,2118.379,1.0001,24.340,0.7202491029471906,0.0,Merge
14179329.036,E58,P497,0.0325,0.0025,2490.510,1059.189,3.221,9.0362,0.9765027737636781,0.0,Hit+Run
14581322.435,E7,P138,0.4195879120879121,0.0025,5842.537,1059.189,1.7378,12.141,0.9012186381796828,0.0,Hit+Run
14656502.099,E7,P138,0.4195879120879121,0.0025,5842.537,1059.189,1.1396,7.9621,0.9635234397671567,0.0,Hit+Run
14728990.858,E19,P257,0.23866483516483514,0.0025,4840.869,1059.189,2.1209,12.114,0.9547903325900059,0.0,Hit+Run
14748685.569,E34,P351,0.05500000000000001,0.0025000000000000022,2967.891,1059.189,1.8096,6.1091,0.4842716984351315,0.0,Merge
14776197.416,P9,P361,0.007499833499833501,0.0025,1527.604,1059.189,6.8149,11.971,0.8330742806639067,0.0,Hit+Run
14829277.605,E34,P398,0.05750000000000001,0.0025,3012.195,1059.189,2.3224,7.9652,0.7383656252333325,0.0,Merge
14911736.869,E47,P407,0.027500000000000004,0.0025,2355.617,1059.189,2.6492,7.0153,0.32235493617441024,0.0,Merge
15009820.495,E34,P369,0.06000000000000001,0.0025,3055.232,1059.189,1.1466,3.9925,0.7496951928540765,0.0,Hit+Run
15031267.479,E19,P397,0.23866483516483514,0.0025,4840.869,1059.189,2.3161,13.229,0.7555782566659246,0.0,Merge
15122756.887,E7,P257,0.4195879120879121,0.0025,5842.537,1059.189,1.0433,7.2893,0.948455158948447,0.0,Hit+Run
15162089.329,E18,P271,0.1075,0.0025,3710.764,1059.189,1.4177,6.0824,0.7963827639322448,0.0,Hit+Run
15239757.695,E19,P77,0.24116483516483514,0.0025,4857.712,1059.189,2.518,14.436,0.9536609684960067,0.0,Hit+Run
15401978.086,E15,P207,0.30415908148337023,0.0025,5248.406,1059.189,1.0949,6.8206,0.5440119972948265,0.0,Merge
15404050.246,E7,P138,0.4195879120879121,0.0025,5842.537,1059.189,1.0505,7.3396,0.23381231247907983,0.0,Merge
15463392.032,E24,P460,0.12489377289377292,0.0025,3900.983,1059.189,1.9706,8.9223,0.7981007296642622,0.0,Hit+Run
15494710.966,E49,P342,0.18500000000000003,0.0025,4446.835,1059.189,1.1551,6.0222,0.9876516641397696,0.0,Hit+Run
15503838.374,E64,P483,0.030000000000000002,0.0025,2424.939,1059.189,1.4215,3.8788,0.6388545657685165,0.0,Merge
15521253.87,E64,P558,0.0325,0.0025,2490.510,1059.189,2.7849,7.8127,0.9913769358586559,0.0,Hit+Run
15554294.775,E7,P257,0.4220879120879121,0.0025,5854.118,1059.189,1.0134,7.0954,0.6177330930265336,0.0,Merge
15577473.445,P21,P194,0.0025,0.0025,1059.189,1059.189,14.200,19.491,0.83955,0.0,Graze+Frag
15650607.49,E61,P384,0.025,0.0025,2281.955,1059.189,3.1456,8.0626,0.778877219514577,0.0,Hit+Run
15852830.581,E7,P258,0.4245879120879121,0.0025,5865.653,1059.189,1.5238,10.691,0.8949876632083911,0.0,Hit+Run
15950699.993,E46,P103,0.15289315973745787,0.0025,4173.078,1059.189,1.6012,7.7960,0.9273297752056306,0.0,Hit+Run
16001518.411,E50,E47,0.12000000000000002,0.030000000000000002,3849.351,2424.939,1.1338,4.9528,0.4099485783691285,0.007236450216450216,Fragment
16006917.637,E7,P258,0.4245879120879121,0.0025,5865.653,1059.189,1.0747,7.5404,0.7847871190257186,0.0,Merge
16084620.047,E19,P271,0.24116483516483514,0.0025,4857.712,1059.189,1.1934,6.8421,0.6746067646463229,0.0,Merge
16190694.94,E19,P312,0.24366483516483514,0.0025,4874.440,1059.189,2.2445,12.916,0.9388031009791987,0.0,Hit+Run
16357119.938,E15,P454,0.30665908148337023,0.0025,5262.746,1059.189,1.68,10.496,0.3038471666539346,0.0,Merge
16437845.353,E7,P222,0.4270879120879121,0.0025,5877.143,1059.189,1.8083,12.714,0.47558852920779127,0.0,Merge
16489182.75,E12,P273,0.0325,0.0025,2490.510,1059.189,4.9241,13.814,0.9017109964370449,0.0,Hit+Run
16735839.834,P9,P168,0.007499833499833501,0.0025,1527.604,1059.189,11.804,20.735,0.8771875923287495,0.0,Hit+Run
16925497.392,E49,P568,0.18500000000000003,0.0025,4446.835,1059.189,1.6257,8.4757,0.8921089444834323,0.0,Hit+Run
17021777.23,E7,P102,0.4295879120879121,0.0025,5888.588,1059.189,2.1317,15.019,0.9306097198201136,0.0,Hit+Run
17272462.203,P9,FRAG0005,0.007499833499833501,0.005582417582417583,1527.604,1384.420,5.8667,11.109,0.3870913192369695,0.012806267066267066,Fragment
17294482.507,E24,E42,0.12489377289377292,0.06000000000000001,3900.983,3055.232,1.0772,4.9616,0.4269862849676976,0.012428238428238429,Fragment
17441235.692,E15,P495,0.30915908148337023,0.0025,5277.009,1059.189,1.1068,6.9350,0.7057444834160469,0.0,Merge
17534506.607,E7,P287,0.4295879120879121,0.0025000000000000022,5888.588,1059.189,2.3901,16.839,0.7655917667700443,0.0,Merge
17538038.881,E18,P339,0.1075,0.0025,3710.764,1059.189,2.2888,9.8198,0.23657321335527562,0.0,Merge
17564740.486,E0,P457,0.040000000000000015,0.0025000000000000022,2668.991,1059.189,4.2113,12.703,0.3718365624153919,0.0,Merge
17581109.606,E19,P184,0.24366483516483514,0.0025,4874.440,1059.189,2.649,15.243,0.595993743227519,0.0,Merge
17585739.708,E19,P437,0.24616483516483514,0.0025,4891.054,1059.189,1.8748,10.828,0.897040089568726,0.0,Hit+Run
17834363.396,E7,P102,0.4320879120879121,0.0025,5899.989,1059.189,1.288,9.0935,0.9974362139749738,0.0,Hit+Run
17910001.268,E38,P427,0.025,0.0025,2281.955,1059.189,2.3792,6.0982,0.8867890054522333,0.0,Hit+Run
17997676.682,E7,P143,0.4320879120879121,0.0025,5899.989,1059.189,2.2957,16.208,0.6556882004999955,0.0,Merge
18055781.381,E12,P311,0.0325,0.0025,2490.510,1059.189,2.2402,6.2846,0.9382649513968724,0.0,Hit+Run
18084180.079,E49,E46,0.18500000000000003,0.15289315973745787,4446.835,4173.078,1.0308,5.7659,0.974908818690657,0.0,Graze+Merge
18128302.976,E19,P311,0.24616483516483514,0.0025,4891.054,1059.189,1.1856,6.8475,0.9320569573554279,0.0,Hit+Run
18276704.127,E24,P121,0.1724655344655345,0.0025000000000000022,4344.048,1059.189,1.7406,8.8492,0.59405436250101,0.0,Merge
18336186.694,E34,P500,0.06000000000000001,0.0025,3055.232,1059.189,2.0053,6.9826,0.09044460626943988,0.0,Merge
18339344.542,E24,P558,0.1749655344655345,0.0025,4364.937,1059.189,1.5773,8.0605,0.6825687637115135,0.0,Merge
18558180.942,E24,P346,0.1774655344655345,0.0024999999999999905,4385.628,1059.189,1.4003,7.1925,0.8508161398730552,0.0,Hit+Run
18588771.536,E7,P226,0.4345879120879121,0.0025,5911.346,1059.189,2.3197,16.411,0.5297753133013158,0.0,Merge
19043773.476,E35,P423,0.030000000000000002,0.0025,2424.939,1059.189,4.5831,12.505,0.5916660489811698,0.0,Merge
19123235.108,E15,P9,0.31165908148337024,0.005527472527472529,5291.195,1379.863,1.4706,9.0596,0.8574024710932588,0.0,Hit+Run
19131133.219,E7,P193,0.4370879120879121,0.0025,5922.659,1059.189,2.746,19.466,0.906401914649304,0.0,Hit+Run
19136388.978,E7,P146,0.4370879120879121,0.0025,5922.659,1059.189,2.0181,14.306,0.433223638569396,0.0,Merge
19136570.047,E18,E0,0.11,0.04250000000000002,3739.309,2723.475,1.1235,4.8759,0.567366362695666,0.006233766233766235,Fragment
19572576.378,E15,P690,0.31165908148337024,0.0025,5291.195,1059.189,3.1273,19.651,0.820627098471873,0.0,Merge
19994423.854,E7,P177,0.4395879120879121,0.0025,5933.930,1059.189,1.5374,10.921,0.933646676852523,0.0,Hit+Run
20169988.87,E18,P305,0.1462662337662338,0.0025,4111.893,1059.189,1.8707,8.9644,0.23266691775626178,0.0,Merge
20183822.044,E34,P356,0.06250000000000001,0.0025,3097.090,1059.189,4.1274,14.582,0.9668440023563895,0.0,Hit+Run
20198611.015,E12,P150,0.0325,0.0025,2490.510,1059.189,2.1628,6.0675,0.2649284720313011,0.0,Merge
20232018.627,E7,P281,0.4395879120879121,0.0025,5933.930,1059.189,2.6598,18.894,0.1495124461159816,0.0,Merge
20323976.322,E19,P288,0.24616483516483514,0.0025,4891.054,1059.189,1.72,9.9340,0.7586166028250503,0.0,Merge
20410775.641,E24,P517,0.1774655344655345,0.0025000000000000022,4385.628,1059.189,1.4478,7.4365,0.30414482099409784,0.0,Merge
20427476.23,E34,FRAG0015,0.06250000000000001,0.006214119214119214,3097.090,1434.785,3.6366,12.651,0.9171929775870561,0.0,Hit+Run
20472363.061,E7,P437,0.4420879120879121,0.0025,5945.158,1059.189,1.3634,9.7045,0.9104874599656644,0.0,Hit+Run
20556345.968,P43,P168,0.0025,0.0025,1059.189,1059.189,10.394,14.267,0.28495,0.0,Merge
20791075.94,E77,E81,0.027500000000000004,0.027500000000000004,2355.617,2355.617,1.6326,4.9836,0.3988,0.010776889776889776,Fragment
20871544.699,E19,P381,0.24866483516483515,0.0025,4907.556,1059.189,1.5494,8.9811,0.9763713550949715,0.0,Hit+Run
21040563.03,E7,P9,0.4420879120879121,0.005527472527472529,5945.158,1379.863,1.5478,10.809,0.5486573573605472,0.0,Merge
21084888.498,E35,P548,0.0325,0.0025,2490.510,1059.189,3.0422,8.5346,0.9526479854981479,0.0,Hit+Run
21108530.743,E15,FRAG0011,0.31415908148337024,0.006283383283383283,5305.305,1440.096,1.0652,6.5593,0.4892072906218725,0.0,Merge
21110499.28,E15,P329,0.32044246476675353,0.0025,5340.442,1059.189,1.2636,8.0195,0.831571330202958,0.0,Merge
21168618.57,E12,P510,0.035,0.0025,2552.798,1059.189,2.454,7.0643,0.4877330761183343,0.0,Merge
21189887.763,E58,P729,0.0325,0.0025,2490.510,1059.189,2.3326,6.5438,0.590616492997747,0.0,Merge
21232754.887,E7,P132,0.44761538461538464,0.0025,5969.833,1059.189,1.6033,11.462,0.0917256877418238,0.0,Merge
21280289.051,E7,P437,0.45011538461538464,0.0025,5980.926,1059.189,1.11,7.9516,0.7829447006448141,0.0,Merge
21364633.723,E24,P116,0.1799655344655345,0.0025000000000000022,4406.126,1059.189,1.3427,6.9313,0.796765358516297,0.0,Merge
21517490.492,P43,P240,0.005,0.0025,1334.495,1059.189,7.9136,12.514,0.9648767868038982,0.0,Hit+Run
21569053.141,E12,P243,0.037500000000000006,0.0025,2612.187,1059.189,3.2393,9.5526,0.26752423685079113,0.0,Merge
21590362.21,E7,P311,0.45261538461538464,0.0025,5991.979,1059.189,1.3696,9.8306,0.911989475118096,0.0,Hit+Run
21709734.703,E19,P293,0.24866483516483515,0.0025,4907.556,1059.189,2.1063,12.209,0.9866524113991472,0.0,Hit+Run
21795962.861,E19,P43,0.24866483516483515,0.005,4907.556,1334.495,1.2575,7.1619,0.6093118342906505,0.0,Merge
21835720.165,P45,P359,0.0025000000000000022,0.0025,1059.189,1059.189,9.522,13.069,0.8821000000000001,0.0,Hit+Run
21905428.738,P46,P998,0.0025,0.0025,1059.189,1059.189,14.294,19.620,0.65145,0.0,Graze+Frag
21924253.51,E65,P716,0.027500000000000004,0.0025,2355.617,1059.189,3.3722,8.9299,0.9187771014138606,0.0,Hit+Run
22025969.587,E24,P485,0.1824655344655345,0.0025,4426.435,1059.189,1.444,7.4912,0.4654287843085415,0.0,Merge
22031726.064,E18,P434,0.1487662337662338,0.0025,4135.188,1059.189,2.2599,10.895,0.8933712790788911,0.0,Hit+Run
22046203.907,E12,P117,0.04000000000000001,0.0025,2668.991,1059.189,4.3671,13.173,0.805025441732977,0.0,Hit+Run
22097471.48,E18,P541,0.1487662337662338,0.0025,4135.188,1059.189,1.512,7.2897,0.8176631979521732,0.0,Hit+Run
22194512.669,E7,P266,0.45261538461538464,0.0025,5991.979,1059.189,1.1778,8.4539,0.5948496390073306,0.0,Merge
22219683.183,E24,P487,0.18496553446553451,0.0025,4446.559,1059.189,1.3257,6.9112,0.9228686505916196,0.0,Hit+Run
22275184.576,E7,P311,0.45511538461538464,0.0025,6002.991,1059.189,1.1779,8.4712,0.5730830962813348,0.0,Merge
22647201.398,E58,P193,0.035,0.0025,2552.798,1059.189,4.3099,12.407,0.5706356841877164,0.0,Merge
22815817.728,P33,P431,0.0025000000000000022,0.0025,1059.189,1059.189,11.694,16.052,0.6179000000000001,0.0,Graze+Frag
23112477.382,E7,P240,0.45761538461538465,0.0025,6013.962,1059.189,1.251,9.0144,0.4951868054209261,0.0,Merge
23151160.968,E7,P470,0.46011538461538465,0.0025,6024.894,1059.189,1.7316,12.501,0.6975662813513105,0.0,Merge
23209163.212,E18,P405,0.1487662337662338,0.0025,4135.188,1059.189,1.7177,8.2814,0.5037652338274125,0.0,Merge
23223510.074,E11,P314,0.0325,0.0025,2490.510,1059.189,2.5103,7.0424,0.5746899137734077,0.0,Merge
23414584.723,E18,E34,0.1512662337662338,0.06250000000000001,4158.223,3097.090,1.1699,5.6734,0.6800163952387452,0.0,Hit+Run
23589348.575,E24,P248,0.18496553446553451,0.0025,4446.559,1059.189,1.5353,8.0039,0.9328023903328264,0.0,Hit+Run
23589348.575,E24,P248,0.18496553446553451,0.0025,4446.559,1059.189,1.5353,8.0039,0.9328023903328264,0.0,Hit+Run
23993035.182,E19,P302,0.2536648351648351,0.0025,4940.231,1059.189,1.7577,10.261,0.44548715760047347,0.0,Merge
24461254.941,E7,P21,0.46261538461538465,0.005,6035.786,1334.495,1.7781,12.653,0.5987238191861518,0.0,Merge
24695736.754,E15,P46,0.32294246476675353,0.005,5354.294,1334.495,1.1732,7.3392,0.4850955601429003,0.0,Merge
25422763.233,E64,P282,0.0325,0.0025,2490.510,1059.189,8.2124,23.039,0.6745292187788476,0.008946053946053946,Fragment
25451034.365,E15,P272,0.32794246476675354,0.0025,5381.785,1059.189,2.146,13.732,0.2648707524691352,0.0,Merge
25644488.612,E7,FRAG0001,0.46761538461538465,0.005582417582417583,6057.453,1384.420,1.3476,9.6006,0.920517389320219,0.0,Hit+Run
25893084.678,E64,P346,0.026053946053946057,0.0024999999999999905,2313.582,1059.189,2.0521,5.3345,0.2291101999749246,0.0,Merge
25946004.418,E24,P507,0.18496553446553451,0.0025,4446.559,1059.189,2.3315,12.154,0.3518805207515259,0.0,Merge
26067379.182,E49,E17,0.3378931597374579,0.027500000000000004,5435.677,2355.617,1.045,6.3936,0.3049473318856756,0.0,Merge
26106321.342,E34,P520,0.06250000000000001,0.0025,3097.090,1059.189,2.6702,9.4342,0.8578272181215225,0.0,Hit+Run
26406307.487,E64,FRAG0001,0.02855394605394605,0.005582417582417583,2385.334,1384.420,4.8586,13.062,0.6658489747594316,0.008904761904761905,Graze+Frag
26502312.485,E33,E60,0.05750000000000001,0.025,3012.195,2281.955,1.5399,5.4309,0.7225876513563269,0.0,Hit+Run
26813358.731,E15,FRAG0019,0.33044246476675354,0.008946053946053946,5395.426,1620.084,1.0012,6.2215,0.9021203563733771,0.0,Graze+Merge
26848564.278,E15,P36,0.3393885187128075,0.0025000000000000022,5443.683,1059.189,1.8882,12.231,0.6933025470107884,0.0,Merge
27365301.469,E18,P722,0.1512662337662338,0.0025,4158.223,1059.189,1.2277,5.9545,0.4860838724519952,0.0,Merge
27509555.487,E50,P738,0.1427635697635698,0.0025,4078.805,1059.189,2.0458,9.7185,0.9523042772160291,0.0,Hit+Run
28047071.568,P16,P283,0.005,0.0025,1334.495,1059.189,10.516,16.630,0.5712770806251543,0.0074221844821844825,Graze+Frag
28134762.389,E7,P160,0.46761538461538465,0.0024999999999999905,6057.453,1059.189,2.5938,18.834,0.35978837956372167,0.0,Merge
28275164.876,E7,P41,0.47011538461538466,0.0024999999999999905,6068.229,1059.189,1.8957,13.791,0.7407963759130061,0.0,Merge
28905336.037,E19,FRAG0020,0.2561648351648351,0.008904761904761905,4956.407,1617.588,1.5138,8.5879,0.8453191090422432,0.0,Hit+Run
28914051.659,E19,FRAG0020,0.2561648351648351,0.008904761904761905,4956.407,1617.588,1.0714,6.0781,0.7423307124179386,0.0,Merge
28997339.624,E24,P634,0.18746553446553452,0.0025,4466.503,1059.189,1.2553,6.5758,0.8206018587129121,0.0,Hit+Run
29089446.342,E49,E50,0.36539315973745795,0.1427635697635698,5579.312,4078.805,1.0538,6.8291,0.6782553994469782,0.010064475524475524,Graze+Merge
29377460.401,E15,P489,0.3418885187128075,0.0025,5457.017,1059.189,4.5416,29.498,0.9407109613919493,0.010064475524475524,Hit+Run
29449007.482,E15,P489,0.3418885187128075,0.0025,5457.017,1059.189,1.036,6.7288,0.3204932653117591,0.0,Merge
29454939.959,E49,P434,0.5081567295010277,0.0025,6227.681,1059.189,1.5689,11.734,0.3822822961025464,0.0,Merge
29505384.78,E7,P50,0.47261538461538466,0.0025000000000000022,6078.967,1059.189,1.843,13.433,0.77088259528684,0.0,Merge
29571430.942,E19,P103,0.26506959706959704,0.0025,5013.186,1059.189,2.5128,14.902,0.8227654569866262,0.0,Merge
29603257.977,E49,P435,0.5106567295010277,0.0025,6237.877,1059.189,1.3931,10.437,0.9743548194123519,0.0,Hit+Run
29983346.1,E59,P238,0.027500000000000004,0.0025,2355.617,1059.189,5.2936,14.017,0.8929086868909835,0.0,Hit+Run
30782944.411,E49,P599,0.5106567295010277,0.0025,6237.877,1059.189,1.2307,9.2206,0.5939478228879648,0.0,Merge
31074824.277,E15,P19,0.3443885187128075,0.007499833499833501,5470.286,1527.604,1.2036,7.6253,0.6724226115051574,0.0,Merge
32059491.727,E18,P33,0.1537662337662338,0.005,4181.006,1334.495,1.1013,5.2789,0.5604236898875882,0.0,Merge
32299750.997,E7,P217,0.47511538461538466,0.0025,6089.667,1059.189,1.5316,11.184,0.9497140296867672,0.0,Hit+Run
32560110.403,E7,P313,0.47511538461538466,0.0025,6089.667,1059.189,2.2072,16.118,0.655063314045317,0.0,Merge
32594936.252,E7,P355,0.47761538461538466,0.0025,6100.329,1059.189,1.5002,10.975,0.8988365231195122,0.0,Hit+Run
32744958.554,E15,P177,0.35188835221264103,0.0025,5509.710,1059.189,2.2176,14.552,0.7773598932506847,0.0,Merge
32975889.291,E64,P536,0.025231601731601726,0.0025000000000000022,2288.980,1059.189,4.1284,10.615,0.6851551735983464,0.0,Hit+Run
33331693.009,E15,P217,0.35438835221264103,0.0025,5522.728,1059.189,1.1902,7.8300,0.5873530542025366,0.0,Merge
33759449.603,E60,P172,0.025,0.0025,2281.955,1059.189,3.3156,8.4984,0.33117990507069306,0.0,Merge
34330589.457,E18,P322,0.1587662337662338,0.0025,4225.841,1059.189,1.8011,8.8887,0.8842630766079509,0.0,Hit+Run
34593412.805,E15,P260,0.35688835221264104,0.0025000000000000022,5535.684,1059.189,1.4234,9.3877,0.6445690699316644,0.0,Merge
34600205.727,E60,P643,0.0275,0.0025,2355.617,1059.189,6.9837,18.493,0.9080848234110713,0.0,Hit+Run
34614508.979,E34,P520,0.06250000000000001,0.0025,3097.090,1059.189,2.0216,7.1426,0.4678854328166296,0.0,Merge
34800855.656,E49,P185,0.5131567295010276,0.0025,6248.040,1059.189,1.5911,11.941,0.4760913180119952,0.0,Merge
34898564.191,E49,FRAG0012,0.5156567295010276,0.006283383283383283,6258.170,1440.096,2.5794,18.975,0.7799272954982304,0.0,Merge
35381900.979,E7,P16,0.47761538461538466,0.007499833499833501,6100.329,1527.604,1.5938,11.355,0.1693839651965426,0.0,Merge
35776939.661,E19,E12,0.26756959706959704,0.04000000000000001,5028.897,2668.991,1.4561,8.2230,0.6798712763591155,0.01203862803862804,Hit+Run+Frag
35939570.194,E15,P498,0.35938835221264104,0.0025,5548.580,1059.189,2.6587,17.578,0.9598672223016474,0.0,Hit+Run
35996355.751,E12,P444,0.027961704961704963,0.0025,2368.727,1059.189,3.2109,8.5515,0.7960442593550514,0.0,Hit+Run
36248381.937,E7,P118,0.4851152181152182,0.0025,6132.094,1059.189,2.1708,15.970,0.567138742274731,0.0,Merge
36474996.884,E24,P849,0.18746553446553452,0.0025,4466.503,1059.189,1.4575,7.6350,0.45540493222897427,0.0,Merge
36487138.225,E12,P360,0.027961704961704963,0.0025,2368.727,1059.189,8.2844,22.063,0.5565399709067348,0.016696303696303698,Fragment
36523551.676,E19,FRAG0023,0.26756926406926407,0.005565434565434566,5028.895,1383.014,1.2235,7.1343,0.4628185663667393,0.0,Merge
36690555.941,E18,P548,0.1587662337662338,0.0025,4225.841,1059.189,4.0371,19.923,0.8065432366167282,0.0,Hit+Run
36810836.596,E7,P595,0.4876152181152182,0.0025,6142.609,1059.189,1.8741,13.812,0.630995430835556,0.0,Merge
37367547.941,E7,FRAG0014,0.4901152181152182,0.007554778554778555,6153.089,1531.326,2.1658,15.571,0.993937622290169,0.0,Hit+Run
37368957.377,E7,FRAG0025,0.4901152181152182,0.005565434565434566,6153.089,1383.014,2.5296,18.328,0.7578580869427746,0.0,Merge
37491856.767,E34,P321,0.06500000000000002,0.0025,3137.846,1059.189,6.8698,24.613,0.6136578386375786,0.006594072594072594,Fragment
37676850.093,P40,P467,0.0024999999999999905,0.0025,1059.189,1059.189,29.033,39.851,0.7774999999999995,0.0,Graze+Frag
37815920.628,P68,P248,0.0025,0.0025,1059.189,1059.189,9.3956,12.896,0.6812,0.0,Graze+Frag
37925986.611,E18,P552,0.1587662337662338,0.0025,4225.841,1059.189,2.3732,11.712,0.8043843521725277,0.0,Hit+Run
38212059.713,E7,P610,0.49568065268065276,0.0025,6176.292,1059.189,1.6346,12.117,0.30098348488173526,0.0,Merge
38308458.01,E7,P318,0.49818065268065276,0.0025,6186.658,1059.189,6.3611,47.241,0.7882476632073423,0.0,Merge
38351784.641,E35,P34,0.0325,0.0025000000000000022,2490.510,1059.189,2.3207,6.5105,0.9393875296681913,0.0,Hit+Run
38473224.385,E49,P424,0.5219401127844109,0.0025,6283.487,1059.189,1.1574,8.7389,0.2659667292179327,0.0,Merge
38540350.358,E7,P137,0.5006806526806528,0.0025,6196.989,1059.189,2.5141,18.704,0.3326443959878628,0.0,Merge
38676995.672,E7,P322,0.5031806526806527,0.0025,6207.287,1059.189,1.6041,11.955,0.8805465819240549,0.0,Hit+Run
39061736.551,E7,FRAG0014,0.5031806526806527,0.007554778554778555,6207.287,1531.326,1.3913,10.098,0.3520499260871747,0.0,Merge
39499298.601,E15,E34,0.35938835221264104,0.06090592740592742,5548.580,3070.532,1.0068,6.2812,0.5544645023372686,0.007190809190809192,Fragment
39727953.974,E49,P45,0.5244401127844108,0.0025000000000000022,6293.503,1059.189,1.0895,8.2402,0.23761041937373012,0.0,Merge
40035934.61,E7,P330,0.5107354312354313,0.0025,6238.198,1059.189,1.8981,14.221,0.6437902138672101,0.0,Merge
40189626.467,P40,P322,0.005,0.0025,1334.495,1059.189,14.642,23.156,0.7686344403805018,0.0,Graze+Frag
40239393.085,E7,P236,0.5132354312354312,0.0025,6248.360,1059.189,2.4184,18.151,0.5699799283503811,0.0,Merge
40463496.741,P40,P356,0.007499833499833501,0.0025,1527.604,1059.189,8.5822,15.075,0.26952229509818315,0.0,Fragment
40525648.31,E64,P241,0.025231601731601726,0.0025,2288.980,1059.189,3.4734,8.9309,0.7460684902692832,0.0,Hit+Run
40784464.782,E7,P328,0.5157354312354312,0.0025,6258.489,1059.189,3.9728,29.869,0.9396697965978034,0.0,Hit+Run
40794984.414,E7,P328,0.5157354312354312,0.0025,6258.489,1059.189,1.1418,8.5846,0.573363640337824,0.0,Merge
41238855.871,E59,P375,0.027500000000000004,0.0025,2355.617,1059.189,3.632,9.6179,0.3070408347768671,0.0,Merge
41420521.416,E64,P312,0.025231601731601726,0.0025,2288.980,1059.189,7.2347,18.602,0.2923292279292088,0.018400599400599404,Fragment
41609714.762,P65,FRAG0009,0.0025,0.0058464868464868465,1059.189,1405.914,5.6922,9.3577,0.7052231085535626,0.0,Hit+Run
41642125.745,E19,P536,0.27313469863469864,0.0025000000000000022,5063.523,1059.189,1.954,11.713,0.36057480787756757,0.0,Merge
42090614.137,E19,P261,0.27563469863469864,0.0025,5078.925,1059.189,3.3848,20.356,0.7470960451148986,0.0,Merge
42236132.708,P40,P548,0.01,0.0025,1681.359,1059.189,5.5284,10.548,0.5857197063289539,0.0069720279720279724,Fragment
42286100.474,E7,P40,0.5182354312354311,0.005527972027972028,6268.585,1379.904,2.8139,20.803,0.8308129911096489,0.0,Hit+Run
42565804.674,E15,FRAG0022,0.4131034704277593,0.00601931401931402,5812.283,1419.633,1.6031,10.903,0.48004934725056275,0.0,Merge
42584035.525,E18,P498,0.1587662337662338,0.0025,4225.841,1059.189,1.7505,8.6390,0.8302110068198166,0.0,Hit+Run
43007893.158,E49,P102,0.5269401127844109,0.0025,6303.488,1059.189,1.896,14.364,0.850661366584899,0.0,Merge
43069301.555,P40,P402,0.005527972027972028,0.0025,1379.904,1059.189,13.811,22.386,0.2911321962975729,0.0,Fragment
43540542.373,E19,FRAG0021,0.27813469863469864,0.00601931401931402,5094.234,1419.633,3.6673,21.640,0.9166523406133336,0.0,Hit+Run
43630074.363,E7,FRAG0024,0.5182354312354311,0.005565434565434566,6268.585,1383.014,2.1698,16.039,0.6129640055355338,0.0,Merge
44145430.043,E19,P241,0.27813469863469864,0.0025,5094.234,1059.189,2.338,14.106,0.6643655376225942,0.0,Merge
44312449.506,E7,P409,0.5238008658008657,0.0025,6290.945,1059.189,2.8457,21.513,0.9329257444667253,0.0,Hit+Run
44315868.475,E7,P409,0.5238008658008657,0.0025,6290.945,1059.189,1.0407,7.8677,0.8318445238965231,0.0,Merge
45002693.441,E15,FRAG0030,0.4191227844470733,0.006133533133533134,5840.377,1428.556,1.9511,13.332,0.48401092086121555,0.0,Merge
45495844.911,E19,P65,0.28063469863469864,0.0025,5109.451,1059.189,2.3834,14.426,0.9570114206284789,0.0,Hit+Run
46312715.441,E12,P406,0.013765401265401263,0.0025,1870.352,1059.189,8.245,17.357,0.316349630251614,0.015792940392940394,Fragment
46581154.265,E15,P343,0.42525631758060645,0.0025,5868.729,1059.189,2.4655,17.308,0.6249151429454365,0.0,Merge
46868353.399,E19,P552,0.28063469863469864,0.0025,5109.451,1059.189,1.5575,9.4272,0.9902260285280826,0.0,Hit+Run
46950662.762,E7,P552,0.5263008658008657,0.0025,6300.938,1059.189,1.1261,8.5278,0.7433436632172783,0.0,Merge
47997094.353,P79,P651,0.0025,0.0025,1059.189,1059.189,16.362,22.459,0.7772,0.0,Graze+Frag
48065440.314,E7,FRAG0009,0.5288008658008656,0.0058464868464868465,6310.899,1405.914,3.7375,27.794,0.32777886851537236,0.0,Merge
48150858.01,E67,P372,0.030000000000000002,0.0025,2424.939,1059.189,5.7994,15.824,0.8902482569719026,0.0,Hit+Run
48837425.843,E19,P337,0.28063469863469864,0.0025,5109.451,1059.189,2.2502,13.620,0.9103784424552199,0.0,Hit+Run
48853893.528,E49,P477,0.5294401127844108,0.0025,6313.441,1059.189,1.1717,8.8918,0.7388457305260796,0.0,Merge
49028132.563,E19,P337,0.28063469863469864,0.0025,5109.451,1059.189,1.0951,6.6284,0.9310858039886388,0.0,Hit+Run
49095664.057,E19,P337,0.28063469863469864,0.0025,5109.451,1059.189,1.0132,6.1327,0.6555122367019025,0.0,Merge
49671326.228,E19,P208,0.28313469863469864,0.0025,5124.579,1059.189,3.1666,19.227,0.6594910054734991,0.0,Merge
49770419.486,E15,P374,0.42775631758060645,0.0025,5880.207,1059.189,1.8914,13.305,0.8840566555436712,0.0,Hit+Run
49951726.065,P117,P661,0.0025,0.0025,1059.189,1059.189,17.981,24.681,0.49365,0.0,Merge
50400426.649,P117,P297,0.005,0.0025,1334.495,1059.189,10.975,17.357,0.9583539588119843,0.0,Hit+Run
50514793.79,E7,P237,0.5346473526473524,0.0024999999999999905,6334.071,1059.189,1.5504,11.806,0.9190204627697849,0.0,Hit+Run
50916263.904,E12,P391,0.0055274725274725225,0.0025,1379.863,1059.189,4.4295,7.1794,0.35647104046491457,0.00755042957042957,Fragment
51023811.683,E7,P237,0.5346473526473524,0.0024999999999999905,6334.071,1059.189,1.1718,8.9235,0.3159641527635841,0.0,Merge
51368037.329,P127,P367,0.0025,0.0025,1059.189,1059.189,16.055,22.037,0.85095,0.0,Graze+Frag
51765642.918,E7,P79,0.5371473526473524,0.005,6343.929,1334.495,3.0434,22.847,0.4991085638058659,0.0,Merge
51791051.79,E19,P209,0.28563469863469865,0.0025000000000000022,5139.618,1059.189,2.7221,16.580,0.6234228899849141,0.0,Merge
52131098.366,E7,P565,0.5421473526473524,0.0025,6363.552,1059.189,2.3172,17.733,0.7607722512148175,0.0,Merge
52586316.38,P129,FRAG0003,0.0025,0.005582417582417583,1059.189,1384.420,7.2723,11.816,0.7096057464433045,0.0,Graze+Frag
52792546.461,E7,E12,0.5446473526473523,0.008027639027639028,6373.318,1562.631,4.4907,33.481,0.7966698821822129,0.0,Merge
53142175.904,E15,P527,0.42775631758060645,0.0025,5880.207,1059.189,1.6867,11.865,0.47799900258045147,0.0,Merge
53525762.425,E15,P662,0.43025631758060645,0.0025,5891.640,1059.189,1.0999,7.7537,0.47424159114203035,0.0,Merge
54334378.129,E19,P191,0.28813469863469865,0.0025,5154.569,1059.189,2.3024,14.068,0.5804299739391077,0.0,Merge
54359347.755,E15,P442,0.43275631758060645,0.0025,5903.030,1059.189,3.0151,21.298,0.4767550852061694,0.0,Merge
54560104.878,E15,P220,0.43525631758060646,0.0025,5914.375,1059.189,1.5211,10.767,0.5945276099191812,0.0,Merge
55214953.973,E7,FRAG0021,0.5526749916749913,0.00601931401931402,6404.478,1419.633,2.2495,16.982,0.3457583172464537,0.0,Merge
55511693.374,E19,P361,0.29063469863469865,0.0025,5169.434,1059.189,3.74,22.922,0.7610623198296426,0.0,Merge
56243589.505,E18,P295,0.1587662337662338,0.0025,4225.841,1059.189,1.1906,5.8758,0.6156019013296512,0.0,Merge
56464727.394,P161,FRAG1001,0.0025000000000000022,0.008689070364781669,1059.189,1604.420,6.3294,11.589,0.7313614228951486,0.0,Hit+Run
56735065.551,E7,P270,0.5586943056943053,0.0025,6427.645,1059.189,1.7014,13.160,0.16603899652575524,0.0,Merge
57550831.18,E60,E38,0.0275,0.025,2355.617,2281.955,1.8091,5.4381,0.6965406547844109,0.0,Hit+Run
57611154.353,E15,P383,0.43775631758060646,0.0025,5925.677,1059.189,2.2406,15.892,0.7641172464211665,0.0,Merge
57635757.893,E15,P273,0.44025631758060646,0.0025,5936.936,1059.189,1.7923,12.738,0.6967882235511934,0.0,Merge
57715959.783,E49,P68,0.5319401127844108,0.005,6323.362,1334.495,1.2975,9.7067,0.2806673703834653,0.0,Merge
59269988.784,E49,P127,0.5369401127844108,0.005,6343.113,1334.495,1.4239,10.688,0.3250205583500514,0.0,Merge
59864201.965,E19,P355,0.29313469863469865,0.0025,5184.214,1059.189,3.1412,19.311,0.8695431135884837,0.0,Hit+Run
59994168.078,E49,E24,0.5419401127844108,0.18996553446553452,6362.741,4486.270,1.012,7.4262,0.7784364905376541,0.0,Graze+Merge
60102472.736,E19,P355,0.29313469863469865,0.0025,5184.214,1059.189,1.0226,6.2868,0.8986053834276712,0.0,Graze+Merge
60567659.795,E15,P278,0.44275631758060646,0.0024999999999999905,5948.152,1059.189,3.634,25.880,0.40778547514477076,0.0,Merge
60987970.105,E7,P416,0.5611943056943053,0.0025,6437.218,1059.189,3.6914,28.598,0.6617196268708411,0.0,Merge
61064924.117,E49,P529,0.7319056472499453,0.0025,7033.079,1059.189,1.4906,12.686,0.7514332799005188,0.0,Merge
61629890.53,E49,P553,0.7344056472499453,0.0025,7041.078,1059.189,1.5433,13.151,0.79639781791519,0.0,Merge
62027651.586,E18,P816,0.1612662337662338,0.0025,4247.907,1059.189,5.9322,29.441,0.7784085327994765,0.0,Merge
62222719.249,E49,P460,0.7369056472499452,0.0025,7049.059,1059.189,1.4019,11.960,0.640985646753261,0.0,Merge
63067045.05,P65,P309,0.0025,0.0025,1059.189,1059.189,3.0795,4.2268,0.2691,0.0,Merge
63134716.753,E7,P648,0.5636943056943052,0.0025,6446.763,1059.189,1.6367,12.700,0.7581392778130932,0.0,Merge
63352669.079,E49,P381,0.7394056472499452,0.0025,7057.021,1059.189,1.7527,14.971,0.8891476301358918,0.0,Hit+Run
63884032.353,E19,P129,0.29563469863469866,0.008082584082584084,5198.910,1566.188,1.3562,8.1185,0.5510073082350863,0.0,Merge
64292027.027,E19,P224,0.30371728271728277,0.0025,5245.863,1059.189,2.6251,16.344,0.6114436877093474,0.0,Merge
64794006.33,E18,P428,0.1637662337662338,0.0025000000000000022,4269.745,1059.189,3.4731,17.332,0.31288343004206093,0.0,Merge
64933554.68,E15,P94,0.44525631758060646,0.0024999999999999905,5959.327,1059.189,2.7797,19.835,0.8223401369561109,0.0,Merge
64938490.155,E64,P445,0.00933100233100232,0.0025,1642.996,1059.189,5.2701,9.8521,0.9154421883765526,0.0,Hit+Run
65367381.378,E15,P421,0.44775631758060647,0.0025,5970.459,1059.189,2.8041,20.049,0.42508733901341106,0.0,Merge
65937543.192,E60,P290,0.0275,0.0025,2355.617,1059.189,4.8272,12.782,0.8996689658862955,0.0,Hit+Run
66303346.344,E38,FRAG0026,0.025,0.006594072594072594,2281.955,1463.451,3.4556,8.9667,0.943816526570032,0.0,Hit+Run
66946872.028,E49,P232,0.7394056472499452,0.0025,7057.021,1059.189,1.3305,11.365,0.31310586897314163,0.0,Merge
67566782.351,E7,P735,0.5661943056943052,0.0025,6456.279,1059.189,4.3463,33.778,0.314417925769186,0.0,Merge
67770368.19,E38,P611,0.025,0.0025,2281.955,1059.189,7.1623,18.358,0.1841330220809628,0.018143856143856146,Fragment
68025787.224,E15,P34,0.45025631758060647,0.0025000000000000022,5981.550,1059.189,2.8426,20.365,0.858568073320439,0.0,Hit+Run
68459809.485,E15,P323,0.45025631758060647,0.0025,5981.550,1059.189,2.0714,14.840,0.7429425886787295,0.0,Merge
68741504.587,E7,P369,0.5686943056943051,0.0025,6465.768,1059.189,3.116,24.254,0.037548922624272674,0.0,Merge
69791110.836,E38,FRAG0007,0.009356143856143855,0.007998334998334999,1644.470,1560.727,10.016,20.824,0.7392221482105606,0.011826839826839826,Graze+Frag
70035543.117,E19,P429,0.30621728271728277,0.0025,5260.218,1059.189,3.8318,23.927,0.9633260506380887,0.0,Hit+Run
73051786.549,E7,P717,0.5711943056943051,0.0025,6475.229,1059.189,5.2441,40.883,0.9392599263624118,0.0,Hit+Run
73451339.157,E19,FRAG0015,0.30621728271728277,0.006214119214119214,5260.218,1434.785,1.7573,10.725,0.6026265841782853,0.0,Merge
73680783.692,E7,P717,0.5711943056943051,0.0025,6475.229,1059.189,1.1672,9.0995,0.8130111541210006,0.0,Merge
73911946.069,E7,P359,0.573694305694305,0.0025,6484.662,1059.189,2.1559,16.833,0.7379628331759179,0.0,Merge
74392498.231,E19,P384,0.312431401931402,0.0025,5295.562,1059.189,5.2955,33.306,0.9167388185392171,0.0,Hit+Run
74524548.501,E19,P445,0.312431401931402,0.0025,5295.562,1059.189,2.9543,18.581,0.5672430813377374,0.0,Merge
74724836.125,P173,P492,0.0025000000000000022,0.0025,1059.189,1059.189,22.969,31.527,0.9636500000000001,0.0,Hit+Run
74801259.881,E19,E38,0.314931401931402,0.005527639027639029,5309.649,1379.877,2.811,17.382,0.7821373456898021,0.0,Merge
75367468.77,E7,P293,0.576194305694305,0.0025,6494.068,1059.189,2.3993,18.762,0.6094912740371333,0.0,Merge
75675789.717,P117,P444,0.005,0.0025,1334.495,1059.189,5.4269,8.5823,0.5183139473574763,0.0,Fragment
76603693.601,E15,P117,0.45275631758060647,0.0075001665001665,5992.600,1527.627,1.5462,10.807,0.6233071842843083,0.0,Merge
76941280.594,E19,P384,0.32045904095904104,0.0025,5340.534,1059.189,2.1461,13.620,0.9690149365663345,0.0,Hit+Run
77193541.709,E49,P623,0.7419056472499451,0.0025,7064.966,1059.189,1.2939,11.065,0.8917130809032333,0.0,Hit+Run
78848631.533,E7,FRAG0034,0.5786943056943049,0.006047952047952048,6503.446,1421.881,2.1528,16.520,0.5255059914237131,0.0,Merge
79031659.731,P204,P481,0.0025,0.0025,1059.189,1059.189,10.544,14.472,0.5342,0.0,Graze+Frag
79145698.123,E49,P956,0.7419056472499451,0.0025,7064.966,1059.189,1.3159,11.253,0.7117007854605092,0.0,Merge
79688168.687,E7,E64,0.584742257742257,0.00933100233100232,6526.024,1642.996,2.8747,21.902,0.3126795718023143,0.0,Merge
80291263.642,E7,P619,0.5940732600732593,0.0025,6560.554,1059.189,4.4715,35.348,0.8680541748948697,0.0,Hit+Run
80319359.76,E7,P619,0.5940732600732593,0.0025,6560.554,1059.189,1.029,8.1345,0.43557687669045286,0.0,Merge
81270187.984,E19,P136,0.32045904095904104,0.0025,5340.534,1059.189,2.1024,13.343,0.608429891707298,0.0,Merge
81422386.376,E15,P370,0.46025648408077297,0.0025,6025.510,1059.189,2.6179,18.902,0.9353756637237993,0.0,Hit+Run
81453558.646,E15,P370,0.46025648408077297,0.0025,6025.510,1059.189,1.041,7.5166,0.29928959453028275,0.0,Merge
83087068.651,E7,P161,0.5965732600732593,0.0025000000000000022,6569.744,1059.189,2.0503,16.232,0.7020188321156896,0.0,Merge
83132755.611,P173,P492,0.0025000000000000022,0.0025,1059.189,1059.189,15.411,21.153,0.7643500000000001,0.0,Graze+Frag
85039319.563,E7,P290,0.5990732600732593,0.0025,6578.908,1059.189,1.7011,13.487,0.7739032547589864,0.0,Merge
86451507.873,E7,FRAG0028,0.6015732600732593,0.006133533133533134,6588.047,1428.556,3.2553,25.322,0.5386079038928138,0.0,Merge
87633247.74,E7,FRAG0029,0.6077067932067924,0.006133533133533134,6610.361,1428.556,3.0816,24.058,0.9400475631451836,0.0,Hit+Run
88120910.066,P55,FRAG0029,0.0025,0.006133533133533134,1059.189,1428.556,20.692,34.439,0.21645781926295057,0.008628351648351648,Fragment
88703658.533,E15,P629,0.46275648408077297,0.0025,6036.400,1059.189,4.1043,29.692,0.5395301756100219,0.0,Merge
89630049.045,E7,P55,0.6077067932067924,0.008633699633699634,6610.361,1601.005,2.0768,16.075,0.2521340503506024,0.0,Merge
89845965.322,E7,FRAG0033,0.6163404928404921,0.006047952047952048,6641.519,1421.881,3.2141,25.228,0.8362643686314524,0.0,Hit+Run
89904281.147,E7,P429,0.6163404928404921,0.0025,6641.519,1059.189,2.2906,18.345,0.5004829420305603,0.0,Merge
90020275.113,E18,P374,0.1662662337662338,0.0025,4291.362,1059.189,1.1424,5.7321,0.6167695379122065,0.0,Merge
91320778.496,E15,E18,0.46525648408077297,0.16876623376623381,6047.251,4312.764,1.0074,7.0409,0.8658763575320226,0.0,Graze+Merge
94221914.448,E7,P298,0.618840492840492,0.0025,6650.486,1059.189,4.1615,33.377,0.7704881771523079,0.0,Merge
94898585.973,E19,P451,0.32295904095904104,0.0025,5354.385,1059.189,3.2491,20.678,0.11671229359495022,0.0,Merge
95770109.233,E7,P286,0.621340492840492,0.0025,6659.430,1059.189,2.9984,24.083,0.3919585466845406,0.0,Merge
100191690.115,E11,P443,0.035,0.0025,2552.798,1059.189,6.4335,18.520,0.7411054971999497,0.0,Graze+Frag
100736769.473,P34,FRAG0027,0.0025000000000000022,0.007190809190809192,1059.189,1506.328,17.742,30.807,0.7694398394836883,0.009554259074259074,Graze+Frag
102516669.311,E15,P173,0.6340227178470068,0.005,6704.434,1334.495,1.5256,12.152,0.8685232762233103,0.0,Hit+Run
105530109.375,E7,P34,0.6238404928404919,0.009690975690975693,6668.349,1663.858,2.9169,22.723,0.8047917701906182,0.0,Hit+Run
105875229.949,E7,P34,0.6238404928404919,0.009690975690975693,6668.349,1663.858,1.3511,10.525,0.6938687994781881,0.0,Merge
108652468.326,E49,P303,0.7444056472499451,0.0025,7072.892,1059.189,1.9324,16.545,0.8469642039709774,0.0,Merge
109228477.877,E7,P535,0.6335314685314676,0.0025,6702.702,1059.189,3.7197,30.082,0.9042124409941816,0.0,Hit+Run
109292687.011,E7,P535,0.6335314685314676,0.0025,6702.702,1059.189,1.0596,8.5694,0.7097432960109997,0.0,Merge
109652049.998,E15,P173,0.6340227178470068,0.005,6704.434,1334.495,1.6127,12.846,0.8881221786539303,0.0,Hit+Run
110069056.463,E7,FRAG0037,0.6360314685314675,0.005913419913419913,6711.507,1411.259,3.5257,28.002,0.6867863182771106,0.0,Merge
110654579.276,E15,P641,0.6340227178470068,0.0025,6704.434,1059.189,1.5074,12.194,0.8984583980960352,0.0,Hit+Run
110656966.62,E15,P641,0.6340227178470068,0.0025,6704.434,1059.189,1.0474,8.4731,0.3882611455055531,0.0,Merge
112523869.797,E7,P539,0.6419448884448874,0.0025,6732.242,1059.189,3.6297,29.492,0.5224089225353209,0.0,Merge
114232325.044,E15,FRAG1001,0.6365227178470068,0.008689070364781669,6713.234,1604.420,1.605,12.629,0.9782939102482505,0.0,Hit+Run
117474257.887,E7,P436,0.6444448884448873,0.0025,6740.970,1059.189,3.7597,30.590,0.9816552466023373,0.0,Hit+Run
117606257.485,E7,P297,0.6444448884448873,0.0025,6740.970,1059.189,2.7895,22.696,0.980704616466531,0.0,Hit+Run
117672356.959,E7,P436,0.6444448884448873,0.0025,6740.970,1059.189,1.0375,8.4416,0.9481239290848,0.0,Hit+Run
117808512.977,E7,P297,0.6444448884448873,0.0025,6740.970,1059.189,1.2303,10.010,0.5246614140437353,0.0,Merge
118219417.021,E7,P436,0.6469448884448873,0.0025,6749.676,1059.189,1.0882,8.8663,0.8621132597754153,0.0,Merge
118277234.438,E7,FRAG0036,0.6494448884448872,0.005913419913419913,6758.359,1411.259,3.1675,25.346,0.798301269622315,0.0,Merge
118300779.062,E15,P332,0.6365227178470068,0.0025,6713.234,1059.189,2.431,19.693,0.6588491544460652,0.0,Merge
123513635.253,E15,P749,0.6390227178470067,0.0025,6722.012,1059.189,1.3749,11.153,0.3944468601021922,0.0,Merge
123593950.08,E7,P450,0.6553583083583071,0.0025,6778.809,1059.189,3.4303,28.077,0.8123674731117418,0.0,Merge
124495997.654,E7,FRAG0031,0.657858308358307,0.0069720279720279724,6787.418,1490.894,2.774,22.209,0.5549927436328421,0.0,Merge
128651235.506,E19,FRAG1001,0.32545904095904105,0.008689070364781669,5368.166,1604.420,2.759,17.064,0.8495801371509799,0.0,Hit+Run
128690039.45,E19,FRAG1001,0.32545904095904105,0.008689070364781669,5368.166,1604.420,1.0005,6.1879,0.7320940212205409,0.0,Merge
129292986.237,E15,P498,0.6415227178470067,0.0025,6730.766,1059.189,3.1709,25.758,0.4044530701681832,0.0,Merge
129726351.19,E15,P800,0.6440227178470066,0.0025000000000000022,6739.498,1059.189,1.4879,12.103,0.9114544203107378,0.0,Hit+Run
130616098.18,E15,P800,0.6440227178470066,0.0025000000000000022,6739.498,1059.189,1.2969,10.549,0.9454168349482764,0.0,Hit+Run
132158172.213,E15,P800,0.6440227178470066,0.0025000000000000022,6739.498,1059.189,1.088,8.8504,0.9993418902506279,0.0,Hit+Run
133043838.207,E15,P762,0.6440227178470066,0.0025,6739.498,1059.189,1.1963,9.7314,0.2960692940157948,0.0,Merge
135038276.267,E49,P377,0.746905647249945,0.0025,7080.801,1059.189,1.3548,11.613,0.5744675965569779,0.0,Merge
138549555.768,E19,P316,0.3341481113238227,0.0025,5415.520,1059.189,2.324,14.971,0.45124385277955575,0.0,Merge
139735095.795,E15,P490,0.6465227178470065,0.0025,6748.207,1059.189,2.5906,21.102,0.4827311447642886,0.0,Merge
144163711.245,E49,P716,0.749405647249945,0.0025,7088.693,1059.189,1.0742,9.2193,0.5870788850183295,0.0,Merge
150032575.071,E7,P378,0.6648303363303351,0.0025,6811.312,1059.189,5.7327,47.161,0.40294086757715225,0.0,Merge
157846893.643,E7,P334,0.667330336330335,0.0025,6819.839,1059.189,3.5719,29.424,0.9332559243202773,0.0,Hit+Run
165036168.514,E19,FRAG0026,0.3366481113238227,0.006594072594072594,5428.992,1463.451,1.3699,8.6369,0.4030522906783989,0.0,Merge
166879166.587,E49,P461,0.7519056472499449,0.0025,7096.566,1059.189,2.7738,23.834,0.9058050981832193,0.0,Hit+Run
174043044.194,E7,P561,0.667330336330335,0.0025,6819.839,1059.189,2.9556,24.347,0.9573187277854077,0.0,Hit+Run
175985276.959,E7,P561,0.667330336330335,0.0025,6819.839,1059.189,1.3832,11.394,0.5764686009991695,0.0,Merge
184024450.942,E7,P412,0.669830336330335,0.0025,6828.345,1059.189,2.9324,24.188,0.4433318512733687,0.0,Merge
193544318.902,E15,P609,0.6490227178470065,0.0025000000000000022,6756.894,1059.189,1.3465,10.983,0.6869204677635444,0.0,Merge
