time_yr,target,projectile,Mt_Mearth,Mp_Mearth,Rt_km,Rp_km,vimp/vesc,vimp_km/s,b,m_frag_Mearth,Regime
40305.137,M1,P625,0.05,0.0024355585714285716,2875.083,1050.009,3.3654,10.989,0.2809823788185439,0.0,Merge
44784.499,E5,P133,0.0735,0.0024355585714285716,3269.060,1050.009,1.3479,5.0494,0.5052239740096411,0.0,Merge
108881.236,M0,P760,0.05,0.0024355585714285716,2875.083,1050.009,8.753,28.582,0.9988938216758295,0.0,Hit+Run
146757.294,M2,P235,0.05,0.0024355585714285716,2875.083,1050.009,2.5092,8.1937,0.8389917015087595,0.0,Hit+Run
174480.189,M1,P71,0.05243555857142857,0.0024355585714285716,2921.028,1050.009,1.9012,6.3140,0.5350631165460483,0.0,Merge
227848.229,M0,P435,0.05,0.0024355585714285716,2875.083,1050.009,3.6973,12.073,0.9207373570774493,0.0,Hit+Run
247212.092,E0,P159,0.4524555555544456,0.0024355585714285716,5991.273,1050.009,1.4839,10.655,0.5644725053655119,0.0,Merge
299504.641,E1,P752,0.23462666666666668,0.0024355585714285716,4813.411,1050.009,1.4759,8.3843,0.34889184113235583,0.0,Merge
302125.011,M0,P435,0.05,0.0024355585714285716,2875.083,1050.009,1.5855,5.1773,0.687586441597933,0.0,Merge
324559.451,E1,P278,0.23706222523809525,0.0024355585714285716,4830.009,1050.009,2.3103,13.173,0.9610701486800295,0.0,Hit+Run
379181.299,E3,P556,0.40336,0.0024355585714285716,5766.223,1050.009,1.6015,11.039,0.7095020629556268,0.0,Merge
458678.02,M0,P391,0.05243555857142857,0.0024355585714285716,2921.028,1050.009,4.7614,15.812,0.7559587089282016,0.0,Hit+Run
492475.739,E16,P509,0.04256,0.0024355585714285716,2724.756,1050.009,1.0569,3.2601,0.823468785245334,0.0,Hit+Run
531810.779,E5,P473,0.07593555857142857,0.0024355585714285716,3304.777,1050.009,2.0919,7.9285,0.2423874830017818,0.0,Merge
660189.541,E3,P518,0.40579555857142857,0.0024355585714285716,5777.805,1050.009,1.1512,7.9528,0.9517389635804587,0.0,Hit+Run
680152.732,E9,P72,0.07894000000000001,0.0024355585714285716,3347.800,1050.009,1.4823,5.6966,0.8348547311014102,0.0,Hit+Run
795352.223,M0,P57,0.05243555857142857,0.0024355585714285716,2921.028,1050.009,2.9639,9.8433,0.7656684052966477,0.0,Hit+Run
803807.039,M0,P57,0.05243555857142857,0.0024355585714285716,2921.028,1050.009,0.9895,3.2861,0.5435223217155281,0.0,Perfect
864559.043,E18,E16,0.0728,0.04256,3258.649,2724.756,1.1142,4.3709,0.6822929870134635,0.0,Hit+Run
981146.79,M3,P529,0.05,0.0024355585714285716,2875.083,1050.009,5.7859,18.893,0.8434598780228186,0.0,Hit+Run
997902.935,M3,P240,0.05,0.0024355585714285716,2875.083,1050.009,2.72,8.8820,0.7302904892650892,0.0,Merge
1020852.708,M1,M3,0.05487111714285714,0.05243555857142857,2965.571,2921.028,1.2058,4.5995,0.47678064795093367,0.009542790542790542,Fragment
1022249.49,P1,P619,0.0024355585714285716,0.0024355585714285716,1050.009,1050.009,1.4996,2.0404,0.7095,0.0,Hit+Run
1022754.659,P1,P836,0.0024355585714285716,0.0024355585714285716,1050.009,1050.009,1.4809,2.0150,0.8247,0.0,Hit+Run
1022879.311,P1,P33,0.0024355585714285716,0.0024355585714285716,1050.009,1050.009,2.5011,3.4032,0.89095,0.0,Hit+Run
1022920.469,P1,P49,0.0024355585714285716,0.0024355585714285716,1050.009,1050.009,1.0443,1.4209,0.47495,0.0,Merge
1024254.417,P1,P619,0.004871117142857143,0.0024355585714285716,1322.929,1050.009,1.5943,2.4994,0.9459773108273266,0.0,Hit+Run
1024267.105,P1,P619,0.004871117142857143,0.0024355585714285716,1322.929,1050.009,1.0446,1.6376,0.7174553284439453,0.0,Graze+Merge
1024269.408,P1,P586,0.007306675714285714,0.0024355585714285716,1514.376,1050.009,1.1703,2.0379,0.8292382855740447,0.0,Hit+Run
1024310.561,P1,P33,0.007306675714285714,0.0024355585714285716,1514.376,1050.009,1.5197,2.6463,0.9895702856690121,0.0,Hit+Run
1024492.136,P1,P694,0.007306675714285714,0.0024355585714285716,1514.376,1050.009,1.4672,2.5549,0.829120177286682,0.0,Hit+Run
1025598.668,P1,P323,0.007306675714285714,0.0024355585714285716,1514.376,1050.009,1.2097,2.1065,0.20787058575848436,0.0,Merge
1025792.164,P1,P346,0.009742234285714286,0.0024355585714285716,1666.786,1050.009,0.9686,1.8321,0.8554808405835269,0.0,Perfect
1029024.31,P1,P836,0.012177792857142858,0.0024355585714285716,1795.491,1050.009,1.2818,2.5952,0.531737830378745,0.0,Merge
1029235.967,P1,P654,0.01461335142857143,0.0024355585714285716,1907.994,1050.009,1.4133,3.0313,0.07624226475048772,0.0,Merge
1029637.926,P1,P68,0.01704891,0.0024355585714285716,2008.596,1050.009,1.1572,2.6094,0.982230952448913,0.0,Hit+Run
1029644.889,P1,P68,0.01704891,0.0024355585714285716,2008.596,1050.009,1.046,2.3586,0.8208133097986872,0.0,Graze+Merge
1033501.803,P1,P33,0.019484468571428572,0.0024355585714285716,2100.019,1050.009,1.0001,2.3570,0.8223999999999999,0.0,Graze+Merge
1033730.127,P1,P549,0.021920027142857144,0.0024355585714285716,2184.108,1050.009,1.2972,3.1804,0.9166977081204826,0.0,Hit+Run
1033765.217,P1,P549,0.021920027142857144,0.0024355585714285716,2184.108,1050.009,1.0426,2.5562,0.2751984058192844,0.0,Merge
1040590.836,P1,P586,0.024355585714285716,0.0024355585714285716,2262.177,1050.009,1.3065,3.3197,0.28931286407083023,0.0,Merge
1047149.776,P1,P349,0.02679114428571429,0.0024355585714285716,2335.201,1050.009,1.6124,4.2327,0.3298050395569988,0.0,Merge
1052250.463,P1,P763,0.02922670285714286,0.0024355585714285716,2403.922,1050.009,1.0972,2.9679,0.9996588003195557,0.0,Hit+Run
1053347.51,P1,P763,0.02922670285714286,0.0024355585714285716,2403.922,1050.009,1.0049,2.7182,0.7907208543083252,0.0,Graze+Merge
1060761.106,P1,P694,0.03166226142857143,0.0024355585714285716,2468.924,1050.009,1.5173,4.2197,0.43563053041375766,0.0,Merge
1062611.205,P1,P692,0.03409782,0.0024355585714285716,2530.673,1050.009,1.5174,4.3303,0.9956794053550345,0.0,Hit+Run
1062631.973,P1,P692,0.03409782,0.0024355585714285716,2530.673,1050.009,1.0539,3.0075,0.5697168999550634,0.0,Merge
1078407.262,P1,P566,0.03653337857142857,0.0024355585714285716,2589.547,1050.009,1.0212,2.9854,0.9180492627887653,0.0,Graze+Merge
1089166.81,P1,P219,0.03896893714285714,0.0024355585714285716,2645.859,1050.009,1.6479,4.9278,0.9386117000054299,0.0,Hit+Run
1089920.391,P1,P219,0.03896893714285714,0.0024355585714285716,2645.859,1050.009,1.0063,3.0091,0.9827825045896227,0.0,Graze+Merge
1096524.673,E1,P47,0.23706222523809525,0.0024355585714285716,4830.009,1050.009,2.0614,11.753,0.8192096233150372,0.0,Merge
1100071.033,P1,P857,0.041404495714285706,0.0024355585714285716,2699.871,1050.009,1.2805,3.9116,0.8700340746803793,0.0,Hit+Run
1104534.702,P1,P857,0.041404495714285706,0.0024355585714285716,2699.871,1050.009,1.0075,3.0777,0.4533047446365168,0.0,Merge
1169803.733,P1,P381,0.043840054285714275,0.0024355585714285716,2751.804,1050.009,1.267,3.9492,0.2646262048030412,0.0,Merge
1174802.096,M1,P569,0.09776388517149516,0.0024355585714285716,3595.174,1050.009,1.9149,7.9457,0.8148222920795172,0.0,Hit+Run
1198369.652,E1,P173,0.23949778380952383,0.0024355585714285716,4846.494,1050.009,1.7808,10.191,0.18033071985575053,0.0,Merge
1207057.909,M1,P569,0.09776388517149516,0.0024355585714285716,3595.174,1050.009,1.2345,5.1224,0.8820791852992266,0.0,Hit+Run
1230064.838,M1,P64,0.09776388517149516,0.0024355585714285716,3595.174,1050.009,1.5124,6.2755,0.4255217478963892,0.0,Merge
1375963.945,E1,P76,0.2419333423809524,0.0024355585714285716,4862.867,1050.009,1.5772,9.0587,0.7920725198451152,0.0,Merge
1396018.38,E0,M4,0.4548911141258742,0.05,6002.004,2875.083,1.6677,11.236,0.962258407459353,0.0,Hit+Run
1428577.998,M1,P633,0.10019944374292374,0.0024355585714285716,3624.785,1050.009,5.6596,23.692,0.9762149007321497,0.0,Hit+Run
1443951.763,E15,P377,0.11428,0.0024355585714285716,3787.191,1050.009,1.1218,4.9231,0.8011725718419812,0.0,Hit+Run
1456134.097,E1,P331,0.24436890095238098,0.0024355585714285716,4879.131,1050.009,2.1985,12.672,0.6709983014693324,0.0,Merge
1470273.754,E3,P85,0.40579555857142857,0.0024355585714285716,5777.805,1050.009,1.0705,7.3953,0.5692494005517689,0.0,Merge
1503721.468,E5,P46,0.07837111714285715,0.0024355585714285716,3339.739,1050.009,2.0926,8.0213,0.32341783003277963,0.0,Merge
1541711.478,E1,P251,0.24680445952380956,0.0024355585714285716,4895.287,1050.009,3.1282,18.095,0.9763736823708571,0.0,Hit+Run
1555975.182,P1,P326,0.046275612857142844,0.0024355585714285716,2801.848,1050.009,1.8236,5.7938,0.7720641797607447,0.0,Hit+Run
1556266.71,P1,P326,0.046275612857142844,0.0024355585714285716,2801.848,1050.009,1.1146,3.5412,0.28026788059338137,0.0,Merge
1591762.39,E1,P251,0.24680445952380956,0.0024355585714285716,4895.287,1050.009,1.0165,5.8801,0.9896302317773091,0.0,Graze+Merge
1647249.88,E5,P313,0.08080667571428572,0.0024355585714285716,3373.983,1050.009,1.9432,7.5307,0.2819537876384149,0.0,Merge
1657580.556,P1,P783,0.04871117142857141,0.0024355585714285716,2850.165,1050.009,2.9133,9.4256,0.11458611449087884,0.0,Merge
1667757.629,P1,P660,0.05114672999999998,0.0024355585714285716,2896.897,1050.009,2.9945,9.8574,0.8179321949290073,0.0,Hit+Run
1668356.181,P1,P660,0.05114672999999998,0.0024355585714285716,2896.897,1050.009,1.0692,3.5196,0.283678027045999,0.0,Merge
1699208.651,E1,M2,0.24924001809523813,0.05,4911.337,2875.083,1.1373,6.2990,0.9479011751424575,0.0,Hit+Run
1700049.816,M1,P569,0.10019944374292374,0.0024355585714285716,3624.785,1050.009,2.5412,10.638,0.39940293516054837,0.0,Merge
1736216.448,M0,P633,0.05487111714285714,0.0024355585714285716,2965.571,1050.009,3.0606,10.329,0.41903405050962783,0.0,Merge
1762652.804,E10,P679,0.14002,0.0024355585714285716,4052.507,1050.009,1.5484,7.3095,0.45691321630649234,0.0,Merge
1830895.019,E0,P723,0.4548911141258742,0.0024355585714285716,6002.004,1050.009,2.1806,15.688,0.9906861964314392,0.0,Hit+Run
1870134.164,E0,P723,0.4548911141258742,0.0024355585714285716,6002.004,1050.009,1.0756,7.7386,0.6836075197368832,0.0,Merge
1916986.313,E6,P83,0.08018000000000002,0.0024355585714285716,3365.238,1050.009,3.1673,12.240,0.7916059208606957,0.0,Hit+Run
1936669.613,E6,P83,0.08018000000000002,0.0024355585714285716,3365.238,1050.009,1.0426,4.0292,0.6788024582308257,0.0,Merge
1999682.439,E20,P628,0.02242,0.0024355585714285716,2200.589,1050.009,1.5522,3.8347,0.6090108687139204,0.0,Merge
2083262.805,E0,P357,0.45732667269730276,0.0024355585714285716,6012.697,1050.009,1.5123,10.901,0.9104978676593302,0.0,Hit+Run
2092440.68,E0,P675,0.45732667269730276,0.0024355585714285716,6012.697,1050.009,2.2981,16.565,0.34649147464922614,0.0,Merge
2227305.007,P1,P295,0.05358228857142855,0.0024355585714285716,2942.168,1050.009,8.6154,28.833,0.8856327804131754,0.0,Hit+Run
2227743.521,P1,P295,0.05358228857142855,0.0024355585714285716,2942.168,1050.009,1.0869,3.6375,0.3589845446777546,0.0,Merge
2266808.727,E6,P249,0.08261555857142859,0.0024355585714285716,3398.973,1050.009,1.6286,6.3618,0.9620911182941386,0.0,Hit+Run
2303852.113,M1,P257,0.10263500231435231,0.0024355585714285716,3653.919,1050.009,5.5182,23.300,0.29206938629961765,0.0,Merge
2386883.55,P1,P169,0.05601784714285712,0.0024355585714285716,2986.088,1050.009,5.9249,20.144,0.8514879740291004,0.0,Hit+Run
2387171.508,P1,P169,0.05601784714285712,0.0024355585714285716,2986.088,1050.009,1.0586,3.5992,0.12821519323941533,0.0,Merge
2515626.463,M0,P165,0.05730667571428571,0.0024355585714285716,3008.815,1050.009,4.2187,14.460,0.6802187606162677,0.0,Merge
2676348.614,M1,P634,0.10507056088578089,0.0024355585714285716,3682.597,1050.009,3.2978,14.042,0.9343819638709029,0.0,Hit+Run
2684088.674,M1,P634,0.10507056088578089,0.0024355585714285716,3682.597,1050.009,1.079,4.5945,0.3738150361788655,0.0,Merge
2731276.622,P1,P698,0.058453405714285686,0.0024355585714285716,3028.752,1050.009,15.756,54.390,0.9873164901136884,0.0,Hit+Run
2731276.688,P1,P698,0.058453405714285686,0.0024355585714285716,3028.752,1050.009,1.0503,3.6255,0.967786989745164,0.0,Hit+Run
2731727.393,P1,P698,0.058453405714285686,0.0024355585714285716,3028.752,1050.009,1.0373,3.5806,0.7277152228575621,0.0,Merge
2744424.487,E0,P529,0.45976223126873134,0.0024355585714285716,6023.352,1050.009,1.1313,8.1702,0.5540212617119588,0.0,Merge
2808961.64,E0,P190,0.4621977898401599,0.0024355585714285716,6033.969,1050.009,1.8716,13.542,0.29037072501343336,0.0,Merge
2881276.526,M0,P427,0.05974223428571428,0.0024355585714285716,3050.851,1050.009,3.7402,13.011,0.2310720497216393,0.0,Merge
2989091.665,E0,P234,0.4646333484115885,0.0024355585714285716,6044.550,1050.009,1.6286,11.805,0.22714263650877478,0.0,Merge
3019227.9,E17,P595,0.040959999999999996,0.0024355585714285716,2690.174,1050.009,2.8274,8.6044,0.7924115644949435,0.0,Hit+Run
3043951.073,M0,P353,0.062177792857142845,0.0024355585714285716,3091.758,1050.009,6.7357,23.768,0.37846674985227935,0.00778923076923077,Fragment
3045639.904,M0,FRAG0002,0.05682414063936062,0.00778921078921079,3000.346,1547.004,1.0487,3.5317,0.7513813022007375,0.0,Graze+Merge
3052918.76,M0,P818,0.06461335142857141,0.0024355585714285716,3131.611,1050.009,7.7794,27.830,0.4566036555930105,0.01006893106893107,Fragment
3155588.394,E0,P292,0.46706890698301706,0.0024355585714285716,6055.093,1050.009,1.443,10.479,0.6775129172774522,0.0,Merge
3195298.619,P1,P23,0.060888964285714255,0.0024355585714285716,3070.247,1050.009,12.317,43.142,0.7780951886401093,0.007034965034965035,Graze+Frag
3195881.035,P1,FRAG0004,0.05628955782217779,0.007034965034965035,2990.908,1495.367,1.0651,3.5751,0.7431477650086971,0.0,Graze+Merge
3212919.197,P4,P584,0.0024355585714285716,0.0024355585714285716,1050.009,1050.009,32.670,44.454,0.936,0.0,Hit+Run
3301503.759,M1,P66,0.10750611945720946,0.0024355585714285716,3710.834,1050.009,6.0536,25.990,0.5523953743441052,0.0,Merge
3341626.427,E10,P35,0.14245555857142858,0.0024355585714285716,4075.869,1050.009,1.1334,5.3836,0.5251204893803069,0.0,Merge
3386213.47,P4,P432,0.0024355585714285716,0.0024355585714285716,1050.009,1050.009,27.125,36.909,0.90175,0.0,Graze+Frag
3558530.117,E19,P756,0.041620000000000004,0.0024355585714285716,2704.547,1050.009,1.9039,5.8266,0.5283673443755943,0.0,Merge
3681931.816,P1,P584,0.06332452285714282,0.0024355585714285716,3110.650,1050.009,14.352,50.978,0.3931058620317237,0.03484315684315685,Fragment
3682231.288,P1,FRAG0006,0.03091692458541455,0.005807192807192808,2449.397,1402.757,1.1656,3.2153,0.3050814232247231,0.0,Merge
3684234.013,P1,FRAG0008,0.03672411739260736,0.005807192807192808,2594.045,1402.757,1.3218,3.8523,0.6325447732671123,0.0,Merge
3686119.165,P1,FRAG0009,0.042531310199800165,0.005807192807192808,2724.144,1402.757,1.451,4.4366,0.26601799671164655,0.0,Merge
3693779.003,M0,P854,0.05697997893106892,0.0024355585714285716,3003.087,1050.009,9.0533,30.968,0.9962631037038906,0.0,Hit+Run
3696012.794,P1,FRAG0007,0.048338503006992974,0.005807192807192808,2842.878,1402.757,1.3881,4.4288,0.0897264166591145,0.0,Merge
3697639.098,P1,FRAG0010,0.05414569581418578,0.005807192807192808,2952.445,1402.757,1.4388,4.7693,0.4645054588902561,0.0,Merge
3699206.989,E1,M2,0.24924001809523813,0.05,4911.337,2875.083,1.3424,7.4349,0.7171072970584643,0.0,Hit+Run
3718545.244,M0,P347,0.05697997893106892,0.0024355585714285716,3003.087,1050.009,15.486,52.973,0.3446095266493229,0.04418927738927739,Fragment
3721134.461,M0,FRAG0012,0.015226726313686302,0.006312687312687313,1934.324,1442.332,1.0055,2.2688,0.5961670948803046,0.0,Graze+Merge
3743161.968,P1,P410,0.05995288862137859,0.0024355585714285716,3054.432,1050.009,9.782,34.072,0.9477841188968749,0.0,Hit+Run
3745630.308,P1,P410,0.05995288862137859,0.0024355585714285716,3054.432,1050.009,0.981,3.4170,0.7415726087317336,0.0,Perfect
3753212.995,E19,P568,0.04405555857142857,0.0024355585714285716,2756.305,1050.009,1.3122,4.0972,0.7645471279678208,0.0,Hit+Run
3766828.055,E8,P289,0.11363999999999999,0.0024355585714285716,3780.108,1050.009,1.7385,7.6141,0.6256982772515551,0.0,Merge
3782084.875,E9,P577,0.07894000000000001,0.0024355585714285716,3347.800,1050.009,2.0898,8.0313,0.7556855033868606,0.0,Merge
3782166.241,P1,P4,0.06238844719280716,0.004871128871128871,3095.246,1322.930,7.9531,27.723,0.876344197285491,0.0,Hit+Run
3782897.038,E3,M2,0.40823111714285715,0.05,5789.342,2875.083,1.0159,6.6005,0.8130338373740105,0.0,Graze+Merge
3790721.209,P1,P4,0.06238844719280716,0.004871128871128871,3095.246,1322.930,1.2576,4.3838,0.9330203868773019,0.0,Hit+Run
3790904.551,P1,P4,0.06238844719280716,0.004871128871128871,3095.246,1322.930,1.0311,3.5942,0.9614635673152193,0.0,Hit+Run
3791940.949,P1,P4,0.06238844719280716,0.004871128871128871,3095.246,1322.930,1.1539,4.0223,0.8931579000074125,0.0,Hit+Run
3793748.503,P1,P4,0.06238844719280716,0.004871128871128871,3095.246,1322.930,1.1302,3.9397,0.7184355058887769,0.0,Hit+Run
3793939.338,P1,FRAG0005,0.06238844719280716,0.005807192807192808,3095.246,1402.757,1.2906,4.4897,0.9518321825702281,0.0,Hit+Run
3794010.052,P1,FRAG0005,0.06238844719280716,0.005807192807192808,3095.246,1402.757,1.0387,3.6133,0.6552447977467981,0.0,Merge
3813066.519,P1,P4,0.06819563999999997,0.004871128871128871,3188.448,1322.930,1.0941,3.9338,0.9459234827497374,0.0,Hit+Run
3813970.327,M1,P241,0.10994167802863804,0.0024355585714285716,3738.648,1050.009,5.2012,22.510,0.7427083027353598,0.0,Merge
3815988.178,P1,P4,0.06819563999999997,0.004871128871128871,3188.448,1322.930,1.1173,4.0172,0.8161629093540024,0.0,Hit+Run
3818822.129,P1,P4,0.06819563999999997,0.004871128871128871,3188.448,1322.930,1.0367,3.7274,0.8261988578410364,0.0,Graze+Merge
3832888.222,M0,FRAG0016,0.021539413626373613,0.006312687312687313,2171.393,1442.332,1.8425,4.5700,0.841523887532931,0.0,Hit+Run
3858292.104,M0,FRAG0011,0.021539413626373613,0.006312687312687313,2171.393,1442.332,1.4385,3.5679,0.419349890117267,0.0,Merge
3900107.325,E3,P515,0.45823111714285714,0.0024355585714285716,6016.658,1050.009,1.4452,10.424,0.8426441775306305,0.0,Merge
4016026.56,E16,P171,0.04256,0.0024355585714285716,2724.756,1050.009,1.0633,3.2798,0.6134871323457305,0.0,Merge
4152760.924,M1,P844,0.11237723660006661,0.0024355585714285716,3766.054,1050.009,3.8774,16.914,0.46136679791794954,0.0,Merge
4251263.237,M0,FRAG0014,0.027852100939060924,0.006312687312687313,2365.628,1442.332,4.7643,12.749,0.34335513299316034,0.028636363636363637,Fragment
4301313.287,M0,FRAG0020,0.005528424615384598,0.0057272727272727275,1379.942,1396.292,6.0654,10.911,0.7688948758261845,0.0,Hit+Run
4312680.902,M0,FRAG0022,0.005528424615384598,0.0057272727272727275,1379.942,1396.292,3.0304,5.4514,0.3941648694357518,0.007653799533799534,Fragment
4316470.897,M0,FRAG0020,0.005528424615384597,0.0057272727272727275,1379.942,1396.292,1.2405,2.2315,0.3605639297461467,0.0,Merge
4338955.339,P1,P430,0.07306676887112884,0.0024355585714285716,3262.624,1050.009,3.9497,14.764,0.9882513029198668,0.0,Hit+Run
4339910.502,P1,P430,0.07306676887112884,0.0024355585714285716,3262.624,1050.009,1.1037,4.1258,0.5955381043087493,0.0,Merge
4362576.036,E10,P19,0.14489111714285716,0.0024355585714285716,4098.967,1050.009,1.6198,7.7410,0.875124239265194,0.0,Hit+Run
4432315.163,P1,FRAG0003,0.07550232744255742,0.01006893106893107,3298.480,1685.213,15.610,57.791,0.7729799167879805,0.0638095238095238,Graze+Frag
4434320.415,P1,FRAG0032,0.021761734701964686,0.005800865800865801,2178.838,1402.247,1.0889,2.6989,0.7871251971522262,0.0,Hit+Run
4434960.685,P1,FRAG0029,0.021761734701964686,0.005800865800865801,2178.838,1402.247,1.1892,2.9475,0.8486982588758138,0.0,Hit+Run
4436648.772,P1,FRAG0028,0.021761734701964686,0.005800865800865801,2178.838,1402.247,1.0995,2.7252,0.3485083967912152,0.0,Merge
4440013.974,P1,FRAG0027,0.027562600502830485,0.005800865800865801,2357.403,1402.247,2.2339,5.9454,0.8972758494321583,0.0,Hit+Run
4440168.05,P1,FRAG0027,0.027562600502830485,0.005800865800865801,2357.403,1402.247,1.141,3.0367,0.585956870226661,0.0,Merge
4445069.583,P1,FRAG0032,0.033363466303696285,0.005800865800865801,2512.373,1402.247,1.1483,3.2449,0.4536187467083579,0.0,Merge
4446237.882,P1,FRAG0030,0.039164332104562084,0.005800865800865801,2650.273,1402.247,1.3631,4.0565,0.8939925856922921,0.0,Hit+Run
4446395.355,P1,FRAG0029,0.039164332104562084,0.005800865800865801,2650.273,1402.247,1.5487,4.6089,0.4968950743299222,0.0,Merge
4446596.054,P1,FRAG0030,0.044965197905427884,0.005800865800865801,2775.147,1402.247,1.0132,3.1556,0.49585203882365,0.0,Merge
4447444.248,P1,FRAG0025,0.05076606370629368,0.005800865800865801,2889.692,1402.247,1.083,3.5126,0.7218272333954451,0.0,Graze+Merge
4452405.107,P1,FRAG0033,0.05656692950715948,0.005800865800865801,2995.813,1402.247,1.0851,3.6507,0.47272975736749867,0.0,Merge
4476120.541,P1,FRAG0026,0.06236779530802528,0.005800865800865801,3094.904,1402.247,1.3563,4.7177,0.45929939301987815,0.0,Merge
4495646.344,P1,FRAG0031,0.06816866110889108,0.005800865800865801,3188.027,1402.247,1.0486,3.7607,0.5481133876027251,0.0,Merge
4508202.789,P1,FRAG0034,0.07396952690975689,0.005800865800865801,3276.006,1402.247,1.3017,4.8022,0.7455695960884964,0.0,Hit+Run
4511675.298,P1,FRAG0034,0.07396952690975689,0.005800865800865801,3276.006,1402.247,1.3072,4.8225,0.9880705363772597,0.0,Hit+Run
4511786.454,P1,FRAG0034,0.07396952690975689,0.005800865800865801,3276.006,1402.247,1.0407,3.8393,0.824069034166378,0.0,Graze+Merge
4530079.391,P1,FRAG0024,0.0797703927106227,0.005800865800865801,3359.498,1402.247,1.6722,6.3332,0.21666462080809243,0.0,Merge
4593002.086,E8,P328,0.11607555857142857,0.0024355585714285716,3806.923,1050.009,1.6382,7.2297,0.9560940728945229,0.0,Hit+Run
4598492.66,E0,P813,0.46950446555444564,0.0024355585714285716,6065.599,1050.009,2.106,15.323,0.5776956847615045,0.0,Merge
4612801.678,M1,FRAG0013,0.11481279517149519,0.006312687312687313,3793.067,1442.332,3.7956,16.311,0.1858352580183688,0.00838894438894439,Fragment
4615833.046,M1,FRAG0035,0.11273653809523812,0.00838894438894439,3770.064,1585.731,1.0645,4.5228,0.6473269916592986,0.0,Merge
4633032.182,P1,P98,0.0855712585114885,0.0024355585714285716,3439.034,1050.009,9.7761,38.672,0.6498783854568332,0.009782883782883783,Fragment
4635765.204,P1,FRAG0036,0.0782239333000333,0.009782883782883783,3337.647,1669.101,1.2464,4.6686,0.6940280913413126,0.0,Hit+Run
4636506.949,P1,FRAG0036,0.0782239333000333,0.009782883782883783,3337.647,1669.101,1.0662,3.9937,0.6198322152810993,0.0,Merge
5089474.995,E0,P369,0.4719400241258742,0.0024355585714285716,6076.070,1050.009,1.8893,13.771,0.5150873949452185,0.0,Merge
5232884.598,M1,M0,0.1211254824841825,0.011255697342657325,3861.348,1748.979,4.7082,20.432,0.9822118780236493,0.0,Hit+Run
5369736.76,E0,P806,0.4743755826973028,0.0024355585714285716,6086.504,1050.009,3.2941,24.056,0.21449629484544724,0.0,Merge
5376112.284,E0,P853,0.47681114126873136,0.0024355585714285716,6096.903,1050.009,3.7822,27.670,0.9144186477791564,0.0,Hit+Run
5378800.242,P1,P611,0.08800681708291708,0.0024355585714285716,3471.357,1050.009,5.413,21.629,0.9921087312347295,0.0,Hit+Run
5379430.909,P1,P611,0.08800681708291708,0.0024355585714285716,3471.357,1050.009,1.0927,4.3662,0.7235437767494267,0.0,Merge
5468490.384,M1,M0,0.1211254824841825,0.011255697342657325,3861.348,1748.979,3.0221,13.115,0.6782086641472245,0.005592407592407593,Fragment
5558143.167,P1,FRAG0016,0.09044237565434565,0.006312687312687313,3503.089,1442.332,10.410,41.138,0.9973567846288558,0.0,Hit+Run
5558950.929,P1,FRAG0016,0.09044237565434565,0.006312687312687313,3503.089,1442.332,1.0622,4.1975,0.9504640153515619,0.0,Hit+Run
5682951.688,E9,P324,0.08137555857142859,0.0024355585714285716,3381.882,1050.009,2.7963,10.864,0.4048132306171015,0.0,Merge
5802385.029,E9,P606,0.08381111714285716,0.0024355585714285716,3415.291,1050.009,3.2794,12.876,0.6997624253495177,0.0,Merge
5831883.594,P1,FRAG0016,0.09044237565434565,0.006312687312687313,3503.089,1442.332,1.1172,4.4149,0.3369620898067804,0.0,Merge
5874997.017,E1,P376,0.24924001809523813,0.0024355585714285716,4911.337,1050.009,6.1375,35.628,0.9498324211318989,0.0,Hit+Run
5929342.543,E15,P856,0.11428,0.0024355585714285716,3787.191,1050.009,1.2407,5.4449,0.8727324008914847,0.0,Hit+Run
5966971.464,E3,P90,0.4606666757142857,0.0024355585714285716,6027.299,1050.009,1.2817,9.2629,0.4953121623292694,0.0,Merge
6007567.916,M1,P567,0.12678877223443225,0.0024355585714285716,3920.614,1050.009,7.3197,33.343,0.9808981285987365,0.0,Hit+Run
6076968.651,E1,P14,0.24924001809523813,0.0024355585714285716,4911.337,1050.009,2.3761,13.793,0.7129716170071517,0.0,Merge
6116576.753,E1,P376,0.2516755766666667,0.0024355585714285716,4927.283,1050.009,1.2447,7.2507,0.5659049852318736,0.0,Merge
6204811.644,M4,FRAG0021,0.05,0.0057272727272727275,2875.083,1396.292,8.6132,27.795,0.9554721936368155,0.0,Hit+Run
6275685.856,P1,FRAG0019,0.09675506296703297,0.0057272727272727275,3582.765,1396.292,14.110,57.192,0.41123249408114804,0.09474879786879786,Fragment
6275693.595,P1,FRAG0039,0.0077340839460539185,0.005573426573426574,1543.346,1383.676,1.5862,3.0216,0.18433539137596067,0.0,Merge
6275695.394,P1,FRAG0050,0.013307510519480491,0.005573426573426574,1849.379,1383.676,1.6495,3.5613,0.4830154835133447,0.0,Merge
6276142.296,P1,FRAG0054,0.018880937092907064,0.005573426573426574,2078.109,1383.676,1.262,2.9967,0.9882134586241649,0.0,Hit+Run
6279495.634,P1,FRAG0038,0.018880937092907064,0.005573426573426574,2078.109,1383.676,1.6201,3.8470,0.19863918932009245,0.0,Merge
6283233.305,P1,FRAG0048,0.024454363666333637,0.005573426573426574,2265.231,1383.676,1.9536,5.0069,0.2830213973970548,0.0,Merge
6285636.951,P1,FRAG0054,0.03002779023976021,0.005573426573426574,2425.688,1383.676,1.716,4.6868,0.9012838656286012,0.0,Hit+Run
6286499.676,P1,FRAG0049,0.03002779023976021,0.005573426573426574,2425.688,1383.676,1.2916,3.5276,0.5978630927219822,0.0,Merge
6290651.912,P1,FRAG0053,0.03560121681318679,0.005573426573426574,2567.332,1383.676,1.196,3.4494,0.8791030451900178,0.0,Hit+Run
6292645.797,P1,FRAG0046,0.03560121681318679,0.005573426573426574,2567.332,1383.676,1.6302,4.7017,0.6411493640985961,0.0,Merge
6294246.553,P1,FRAG0041,0.04117464338661336,0.005573426573426574,2694.865,1383.676,1.366,4.1317,0.7789491726399334,0.0,Hit+Run
6294249.251,P1,FRAG0041,0.04117464338661336,0.005573426573426574,2694.865,1383.676,1.046,3.1638,0.19293677021872976,0.0,Merge
6295836.9,P1,FRAG0043,0.04674806996003994,0.005573426573426574,2811.351,1383.676,1.6287,5.1389,0.7850285758730231,0.0,Hit+Run
6298363.472,P1,FRAG0054,0.04674806996003994,0.005573426573426574,2811.351,1383.676,1.0478,3.3060,0.6185601635058907,0.0,Merge
6300929.604,P1,FRAG0043,0.052321496533466516,0.005573426573426574,2918.909,1383.676,1.3802,4.5232,0.5010043947472834,0.0,Merge
6304616.331,P1,FRAG0053,0.05789492310689309,0.005573426573426574,3019.075,1383.676,1.0381,3.5213,0.36679410371452525,0.0,Merge
6313012.924,E12,P413,0.09854,0.0024355585714285716,3604.663,1050.009,5.8008,24.138,0.725320023327338,0.0,Merge
6314411.604,P1,FRAG0052,0.06346834968031967,0.005573426573426574,3113.003,1383.676,1.1851,4.1487,0.6414752439915979,0.0,Merge
6343015.587,E14,P597,0.044980000000000006,0.0024355585714285716,2775.451,1050.009,3.6065,11.343,0.3222037592734463,0.0,Merge
6368560.693,P1,FRAG0045,0.06904177625374625,0.005573426573426574,3201.581,1383.676,1.1554,4.1641,0.7373346963157053,0.0,Hit+Run
6368598.89,P1,FRAG0045,0.06904177625374625,0.005573426573426574,3201.581,1383.676,1.0324,3.7208,0.49811986018146226,0.0,Merge
6369667.382,P1,FRAG0040,0.07461520282717282,0.005573426573426574,3285.511,1383.676,1.2009,4.4463,0.4710286409797053,0.0,Merge
6383909.988,M4,FRAG0021,0.05,0.0057272727272727275,2875.083,1396.292,2.6904,8.6820,0.6419400007547946,0.0,Merge
6555277.294,E0,M4,0.47681114126873136,0.05572727272727273,6096.903,2980.916,1.9279,13.192,0.7944668748385487,0.04975924075924075,Hit+Run+Frag
6561299.807,E0,FRAG0063,0.47681180726939737,0.005528804528804529,6096.906,1379.974,1.0241,7.3488,0.7157884132655958,0.0,Merge
6561309.124,P1,FRAG0044,0.0801886294005994,0.005573426573426574,3365.359,1383.676,1.7371,6.5951,0.9175477497562128,0.0,Hit+Run
6561508.743,P1,FRAG0044,0.0801886294005994,0.005573426573426574,3365.359,1383.676,1.0533,3.9990,0.6198478658570894,0.0,Merge
6574214.71,P1,P798,0.08576205597402597,0.0024355585714285716,3441.588,1050.009,15.979,63.262,0.799022562448082,0.008557442557442558,Graze+Frag
6575351.019,P1,FRAG0064,0.07964017198801199,0.008557442557442558,3357.669,1596.277,1.2772,4.8146,0.735319780894548,0.0,Hit+Run
6668041.177,P1,FRAG0051,0.07964017198801199,0.005573426573426574,3357.669,1383.676,1.5362,5.8184,0.6556218968912119,0.0,Merge
6683584.793,P1,FRAG0015,0.08521359856143856,0.006312687312687313,3434.236,1442.332,10.554,40.850,0.9209243778703365,0.0,Hit+Run
6684532.944,P1,FRAG0015,0.08521359856143856,0.006312687312687313,3434.236,1442.332,1.0439,4.0404,0.73613386265035,0.0,Graze+Merge
6699232.575,P1,FRAG0042,0.09152628587412588,0.005573426573426574,3517.027,1383.676,1.3564,5.3941,0.3895445449497091,0.0,Merge
6715443.361,E10,E9,0.14489111714285716,0.08624667571428574,4098.967,3448.058,1.2736,6.2970,0.5515962408567102,0.0,Hit+Run
6733761.382,P1,FRAG0064,0.09709971244755246,0.008557442557442558,3587.014,1596.277,2.2461,9.0601,0.8740389361464457,0.0,Hit+Run
6734063.363,P1,FRAG0064,0.09709971244755246,0.008557442557442558,3587.014,1596.277,1.0441,4.2115,0.9601971685694327,0.0,Hit+Run
6769347.421,P1,FRAG0064,0.09709971244755246,0.008557442557442558,3587.014,1596.277,1.1311,4.5625,0.9008898551666217,0.0,Hit+Run
6769418.785,P1,FRAG0064,0.09709971244755246,0.008557442557442558,3587.014,1596.277,1.0497,4.2341,0.5748034365504655,0.0,Merge
6790503.444,P1,P272,0.10565715500499502,0.0024355585714285716,3689.437,1050.009,10.823,46.181,0.8591786878583912,0.0,Hit+Run
6791647.045,P1,P272,0.10565715500499502,0.0024355585714285716,3689.437,1050.009,1.0725,4.5760,0.9806173716546305,0.0,Hit+Run
6791650.91,P1,P272,0.10565715500499502,0.0024355585714285716,3689.437,1050.009,1.0456,4.4612,0.47392224804583555,0.0,Merge
6862113.946,M4,FRAG0061,0.005967365967365968,0.005528804528804529,1415.537,1379.974,7.714,13.976,0.21226645740228386,0.005968364968364969,Fragment
6928257.509,P1,FRAG0047,0.1080927135764236,0.005573426573426574,3717.571,1383.676,2.1175,8.9301,0.5789976215171585,0.0,Merge
6935774.936,P55,FRAG0001,0.0024355585714285716,0.009542790542790542,1050.009,1655.334,11.672,21.943,0.27296785888871783,0.00645054945054945,Fragment
6956908.578,M1,P554,0.12678877223443225,0.0024355585714285716,3920.614,1050.009,1.9712,8.9795,0.5115088745547447,0.0,Merge
6974578.266,E0,P86,0.4823406117982019,0.0024355585714285716,6120.381,1050.009,2.1956,16.129,0.7068355979578793,0.0,Merge
6978404.733,P1,P129,0.11366614014985017,0.0024355585714285716,3780.398,1050.009,10.928,47.867,0.3408331971144046,0.012311688311688313,Fragment
6979127.158,P1,FRAG0068,0.10379001040959043,0.006155844155844157,3667.575,1430.286,1.0638,4.4138,0.24165789023643838,0.0,Merge
6990844.795,P1,FRAG0067,0.10994585456543458,0.006155844155844157,3738.695,1430.286,1.0772,4.5611,0.19152834818619208,0.0,Merge
7037635.145,P1,P760,0.11610169872127873,0.0024355585714285716,3807.208,1050.009,15.667,69.151,0.2377340856383384,0.024843156843156845,Fragment
7046308.223,P1,FRAG0071,0.09369410044955047,0.006210789210789211,3544.578,1434.529,1.1512,4.6070,0.4483484981015594,0.0,Merge
7048167.059,P1,FRAG0070,0.09990488966033968,0.006210789210789211,3621.229,1434.529,1.4036,5.7450,0.6336021544176607,0.0,Merge
7069210.094,P1,FRAG0069,0.1061156788711289,0.006210789210789211,3694.766,1434.529,1.1398,4.7653,0.9521272698100474,0.0,Hit+Run
7070019.427,P1,FRAG0069,0.1061156788711289,0.006210789210789211,3694.766,1434.529,0.9881,4.1311,0.7756473325249348,0.0,Perfect
7125084.925,E0,FRAG0058,0.4847761703696305,0.005528804528804529,6130.665,1379.974,1.9144,13.819,0.8320996237834126,0.0,Hit+Run
7152758.88,P1,FRAG0072,0.11232646808191811,0.006210789210789211,3765.487,1434.529,1.8135,7.7357,0.6546133976705356,0.0,Merge
7204147.437,E1,M4,0.25411113523809525,0.005527805527805528,4943.126,1379.890,1.5171,8.6854,0.3184137101440581,0.0,Merge
7227226.065,E0,FRAG0018,0.4847761703696305,0.0057272727272727275,6130.665,1396.292,1.7118,12.345,0.765869102284406,0.0,Merge
7472075.785,E3,P796,0.4631022342857143,0.0024355585714285716,6037.903,1050.009,1.7393,12.593,0.8427442012252709,0.0,Merge
7509659.749,E0,P853,0.49050344309690325,0.0024355585714285716,6154.713,1050.009,3.1443,23.236,0.6395851462116099,0.0,Merge
7704839.663,P1,FRAG0023,0.11853725729270732,0.0057272727272727275,3833.647,1396.292,7.1525,31.148,0.837034804479529,0.0,Hit+Run
7706962.139,P1,FRAG0023,0.11853725729270732,0.0057272727272727275,3833.647,1396.292,1.025,4.4638,0.7541303151313946,0.0,Graze+Merge
7725084.706,P1,P275,0.12426453001998006,0.0024355585714285716,3894.421,1050.009,11.545,52.216,0.8993249279344242,0.0,Hit+Run
7726087.277,P1,P275,0.12426453001998006,0.0024355585714285716,3894.421,1050.009,1.1167,5.0503,0.8383617562562631,0.0,Hit+Run
7748191.401,M1,P391,0.12922433080586082,0.0024355585714285716,3945.559,1050.009,3.4767,15.946,0.43534425383238357,0.0,Merge
7756276.066,E1,P771,0.25963894076590077,0.0024355585714285716,4978.713,1050.009,3.6679,21.606,0.9791065792948022,0.0,Hit+Run
7765710.71,P1,P275,0.12426453001998006,0.0024355585714285716,3894.421,1050.009,1.5632,7.0697,0.9880917166699379,0.0,Hit+Run
7766260.891,P1,P275,0.12426453001998006,0.0024355585714285716,3894.421,1050.009,1.0331,4.6722,0.16516766280245995,0.0,Merge
8008173.877,E10,P262,0.14489111714285716,0.0024355585714285716,4098.967,1050.009,2.1864,10.448,0.9743946773952491,0.0,Hit+Run
8059651.397,P1,P683,0.12670008859140863,0.0024355585714285716,3919.699,1050.009,19.060,86.807,0.6088903533842963,0.03327075591075591,Fragment
8060299.639,P1,FRAG0074,0.09586491789210794,0.005545121545121545,3571.744,1381.330,1.1072,4.4759,0.8592825679409641,0.0,Hit+Run
8060821.711,P1,FRAG0073,0.09586491789210794,0.005545121545121545,3571.744,1381.330,1.1843,4.7876,0.7047472756367105,0.0,Merge
8061474.023,P1,FRAG0078,0.10141003943722948,0.005545121545121545,3639.324,1381.330,1.0468,4.3165,0.6142552722508621,0.0,Merge
8062043.919,P1,FRAG0076,0.10695516098235103,0.005545121545121545,3704.484,1381.330,1.0793,4.5351,0.8246165106423,0.0,Hit+Run
8066056.46,P1,FRAG0077,0.10695516098235103,0.005545121545121545,3704.484,1381.330,1.1889,4.9957,0.9207647125721502,0.0,Hit+Run
8068150.309,P1,FRAG0075,0.10695516098235103,0.005545121545121545,3704.484,1381.330,1.0714,4.5020,0.9719709140544872,0.0,Hit+Run
8070107.984,P1,FRAG0074,0.10695516098235103,0.005545121545121545,3704.484,1381.330,1.8475,7.7631,0.8677375224168995,0.0,Hit+Run
8071211.942,P1,FRAG0076,0.10695516098235103,0.005545121545121545,3704.484,1381.330,1.1427,4.8016,0.7006436017903261,0.0,Merge
8072809.169,P1,FRAG0077,0.11250028252747257,0.005545121545121545,3767.428,1381.330,1.2038,5.1497,0.8669369752178873,0.0,Hit+Run
8086813.71,P1,FRAG0074,0.11250028252747257,0.005545121545121545,3767.428,1381.330,1.0332,4.4199,0.7385940097779672,0.0,Graze+Merge
8098767.369,P1,FRAG0077,0.11804540407259412,0.005545121545121545,3828.337,1381.330,2.3061,10.035,0.8983571986174557,0.0,Hit+Run
8100324.859,P1,FRAG0077,0.11804540407259412,0.005545121545121545,3828.337,1381.330,1.1033,4.8010,0.8265621079794799,0.0,Hit+Run
8100381.036,P1,FRAG0077,0.11804540407259412,0.005545121545121545,3828.337,1381.330,1.0504,4.5708,0.8128938512152388,0.0,Graze+Merge
8118844.736,P1,FRAG0075,0.12359052561771566,0.005545121545121545,3887.367,1381.330,1.0888,4.8158,0.3084100953274412,0.0,Merge
8344417.701,M1,FRAG0065,0.1316598893772894,0.005968364968364969,3970.193,1415.616,3.085,13.932,0.31845229798018515,0.0,Merge
8730144.733,E12,P524,0.10097555857142858,0.0024355585714285716,3634.120,1050.009,1.9452,8.1656,0.791353469646643,0.0,Hit+Run
8937367.317,E1,P834,0.25963894076590077,0.0024355585714285716,4978.713,1050.009,3.832,22.572,0.8411926127443367,0.0,Hit+Run
9034103.565,P1,FRAG0017,0.1291356471628372,0.006312687312687313,3944.656,1442.332,15.951,71.459,0.16483090319038735,0.12385347985347991,Fragment
9036075.288,P1,FRAG0096,0.011594854622044598,0.005629703629703629,1766.372,1388.318,3.2284,6.7396,0.8378073705185931,0.0,Hit+Run
9036095.791,P1,FRAG0096,0.011594854622044598,0.005629703629703629,1766.372,1388.318,1.0848,2.2646,0.4675886754795676,0.0,Merge
9038525.93,P1,FRAG0092,0.017224558251748227,0.005629703629703629,2015.470,1388.318,1.7092,3.9568,0.8585822249757796,0.0,Hit+Run
9039382.763,P1,FRAG0092,0.017224558251748227,0.005629703629703629,2015.470,1388.318,1.1752,2.7206,0.6665558694174035,0.0,Hit+Run
9040528.467,P1,FRAG0089,0.017224558251748227,0.005629703629703629,2015.470,1388.318,1.3044,3.0197,0.8755170192063364,0.0,Hit+Run
9046799.669,P1,FRAG0092,0.017224558251748227,0.005629703629703629,2015.470,1388.318,1.5069,3.4885,0.9811522391619772,0.0,Hit+Run
9047361.219,P1,FRAG0080,0.017224558251748227,0.005629703629703629,2015.470,1388.318,2.5234,5.8417,0.98263255334297,0.0,Hit+Run
9047936.149,P1,FRAG0084,0.017224558251748227,0.005629703629703629,2015.470,1388.318,1.0873,2.5171,0.2714304082268258,0.0,Merge
9048757.449,P1,FRAG0081,0.022854261881451857,0.005629703629703629,2214.706,1388.318,2.8993,7.2831,0.5601577306204115,0.00565967365967366,Fragment
9049344.86,P1,FRAG0101,0.022824291851481826,0.00565967365967366,2213.738,1390.777,1.0655,2.6760,0.8365431456787081,0.0,Hit+Run
9049997.124,P1,FRAG0100,0.022824291851481826,0.005629703629703629,2213.738,1388.318,1.5221,3.8220,0.8460256351727488,0.0,Hit+Run
9054054.691,P1,FRAG0085,0.022824291851481826,0.005629703629703629,2213.738,1388.318,1.335,3.3522,0.7427153712816117,0.0,Hit+Run
9054430.994,P1,FRAG0098,0.022824291851481826,0.005629703629703629,2213.738,1388.318,2.057,5.1652,0.13151931274659903,0.0,Merge
9054617.344,P1,FRAG0086,0.028453995481185455,0.005629703629703629,2382.547,1388.318,1.0928,2.9352,0.8310465132385633,0.0,Hit+Run
9054795.988,P1,FRAG0086,0.028453995481185455,0.005629703629703629,2382.547,1388.318,1.0553,2.8345,0.6932443049687157,0.0,Graze+Merge
9058699.309,P1,FRAG0079,0.034083699110889085,0.005629703629703629,2530.323,1388.318,1.2221,3.4758,0.7266224691387615,0.0,Hit+Run
9058913.485,P1,FRAG0079,0.034083699110889085,0.005629703629703629,2530.323,1388.318,1.1179,3.1795,0.8371687827587347,0.0,Hit+Run
9058973.313,P1,FRAG0079,0.034083699110889085,0.005629703629703629,2530.323,1388.318,1.0519,2.9918,0.7979739157217465,0.0,Graze+Merge
9059474.532,P1,FRAG0080,0.039713402740592714,0.005629703629703629,2662.601,1388.318,1.1482,3.4320,0.7752655658108724,0.0,Hit+Run
9059583.465,P1,FRAG0101,0.039713402740592714,0.00565967365967366,2662.601,1390.777,1.1115,3.3224,0.796669454327584,0.0,Hit+Run
9059840.858,P1,FRAG0093,0.039713402740592714,0.005629703629703629,2662.601,1388.318,1.1872,3.5486,0.309186029807066,0.0,Merge
9061591.482,P1,FRAG0097,0.04534310637029634,0.005629703629703629,2782.900,1388.318,1.0415,3.2527,0.10607958566949245,0.0,Merge
9061747.598,P1,FRAG0080,0.05097280999999997,0.005629703629703629,2893.610,1388.318,1.2932,4.2006,0.638807909989197,0.0,Merge
9061997.065,P1,FRAG0099,0.0566025136297036,0.005629703629703629,2996.441,1388.318,1.1314,3.8080,0.17542272627832364,0.0,Merge
9062832.912,P1,FRAG0090,0.06223221725940723,0.005629703629703629,3092.660,1388.318,1.0729,3.7302,0.8318682134550414,0.0,Hit+Run
9063275.348,P1,FRAG0091,0.06223221725940723,0.005629703629703629,3092.660,1388.318,1.1822,4.1103,0.8231720054657162,0.0,Hit+Run
9063420.726,P1,FRAG0100,0.06223221725940723,0.005629703629703629,3092.660,1388.318,1.6541,5.7510,0.9037844731762853,0.0,Hit+Run
9063528.898,P1,FRAG0100,0.06223221725940723,0.005629703629703629,3092.660,1388.318,1.0385,3.6106,0.8753492534016667,0.0,Hit+Run
9064343.79,P1,FRAG0101,0.06223221725940723,0.00565967365967366,3092.660,1390.777,1.4051,4.8850,0.520796482233174,0.0,Merge
9064660.011,P1,FRAG0090,0.06789189091908089,0.005629703629703629,3183.707,1388.318,1.523,5.4564,0.3153050378674199,0.0,Merge
9065800.26,P1,FRAG0091,0.07352159454878451,0.005629703629703629,3269.380,1388.318,1.2871,4.7403,0.49977447729273117,0.0,Merge
9067304.791,P1,FRAG0087,0.07915129817848815,0.005629703629703629,3350.784,1388.318,1.9645,7.4235,0.8143099678206243,0.0,Hit+Run
9069549.104,P1,FRAG0100,0.07915129817848815,0.005629703629703629,3350.784,1388.318,1.1153,4.2145,0.9665379230796157,0.0,Hit+Run
9069882.1,P1,FRAG0100,0.07915129817848815,0.005629703629703629,3350.784,1388.318,1.0535,3.9810,0.7171612402192057,0.0,Graze+Merge
9072861.263,P1,FRAG0088,0.08478100180819179,0.005629703629703629,3428.414,1388.318,1.3924,5.3895,0.9701449822403331,0.0,Hit+Run
9073090.031,P1,FRAG0088,0.08478100180819179,0.005629703629703629,3428.414,1388.318,1.0864,4.2051,0.47916478506543814,0.0,Merge
9083134.98,P256,FRAG0055,0.0024355585714285716,0.005528804528804529,1050.009,1379.974,17.261,27.919,0.5416012574085907,0.0,Graze+Frag
9096874.767,P1,FRAG0094,0.09041070543789542,0.005629703629703629,3502.680,1388.318,1.0607,4.1993,0.9124445347542606,0.0,Hit+Run
9096950.261,P1,FRAG0094,0.09041070543789542,0.005629703629703629,3502.680,1388.318,1.037,4.1054,0.7441496868873338,0.0,Graze+Merge
9106328.504,P1,FRAG0087,0.09604040906759906,0.005629703629703629,3573.922,1388.318,1.8147,7.3387,0.5176966855999395,0.0,Merge
9107311.253,P256,FRAG0037,0.007964368964368964,0.005592407592407593,1558.514,1385.245,10.332,19.811,0.8992367326549346,0.0,Hit+Run
9207188.736,P235,P815,0.0024355585714285716,0.0024355585714285716,1050.009,1050.009,20.049,27.281,0.45285,0.0,Merge
9208311.062,P1,FRAG0092,0.1016701126973027,0.005629703629703629,3642.433,1388.318,1.8082,7.4608,0.7662447969652716,0.0,Hit+Run
9208374.558,P1,FRAG0092,0.1016701126973027,0.005629703629703629,3642.433,1388.318,1.0358,4.2738,0.7715302425079783,0.0,Graze+Merge
9223685.675,P1,FRAG0089,0.10729981632700633,0.005629703629703629,3708.459,1388.318,1.4935,6.2808,0.35922037714654637,0.0,Merge
9239378.285,E3,P478,0.46553779285714286,0.0024355585714285716,6048.469,1050.009,2.2662,16.439,0.6837086771992807,0.0,Merge
9281390.204,P256,P352,0.007964368964368964,0.0024355585714285716,1558.514,1050.009,13.438,23.972,0.9088114043161732,0.0,Hit+Run
9306851.949,P1,FRAG0085,0.11292951995670997,0.005629703629703629,3772.214,1388.318,1.3271,5.6830,0.8190561849070553,0.0,Hit+Run
9314748.495,P1,FRAG0083,0.11292951995670997,0.005629703629703629,3772.214,1388.318,1.0323,4.4206,0.22163126752683554,0.0,Merge
9327482.55,E0,P336,0.4929390016683318,0.0024355585714285716,6164.884,1050.009,1.8609,13.776,0.6992098122539682,0.0,Merge
9335436.889,P1,FRAG0085,0.1185592235864136,0.005629703629703629,3833.884,1388.318,0.9603,4.1838,0.8668118598685377,0.0,Perfect
9396256.09,P1,FRAG0095,0.12418892721611724,0.005629703629703629,3893.631,1388.318,1.6176,7.1647,0.5697494047826923,0.0,Merge
9471094.195,M1,P351,0.13762825434565437,0.0024355585714285716,4029.301,1050.009,6.0912,28.577,0.8436502008627293,0.0,Hit+Run
9496593.673,M1,P282,0.13762825434565437,0.0024355585714285716,4029.301,1050.009,4.9375,23.164,0.9923896579964968,0.0,Hit+Run
9673216.498,P233,P768,0.0024355585714285716,0.0024355585714285716,1050.009,1050.009,8.4337,11.475,0.44435,0.0,Merge
9687123.362,M1,FRAG0058,0.13762825434565437,0.005528804528804529,4029.301,1379.974,3.4089,15.667,0.3113629458887967,0.0,Merge
9730083.316,M1,FRAG0037,0.1431570588744589,0.005592407592407593,4082.549,1385.245,2.4574,11.451,0.9038989664158484,0.0,Hit+Run
9865299.236,E3,E11,0.46797335142857144,0.020565714285714288,6058.999,2138.167,2.1671,14.947,0.6127617421022238,0.005760572760572761,Fragment
9886158.83,E3,P653,0.482778492953713,0.0024355585714285716,6122.232,1050.009,2.2789,16.746,0.8880010126990201,0.0,Hit+Run
10093481.797,M1,P352,0.1431570588744589,0.0024355585714285716,4082.549,1050.009,8.2732,39.367,0.9121101465749356,0.0,Hit+Run
10097653.945,P1,FRAG0082,0.12981863084582088,0.005629703629703629,3951.598,1388.318,1.9089,8.5893,0.2728421584131359,0.0,Merge
10200056.226,M1,P352,0.1431570588744589,0.0024355585714285716,4082.549,1050.009,1.1096,5.2799,0.6251219710414597,0.0,Merge
10281272.475,P72,P697,0.0024355585714285716,0.0024355585714285716,1050.009,1050.009,9.7833,13.312,0.4766,0.0,Merge
10323713.436,P256,FRAG0062,0.007964368964368964,0.005528804528804529,1558.514,1379.974,6.322,12.103,0.8790513276317592,0.0,Hit+Run
10442705.564,P72,P418,0.004871117142857143,0.0024355585714285716,1322.929,1050.009,16.045,25.155,0.570663823292581,0.0,Graze+Frag
10481751.149,P69,P423,0.0024355585714285716,0.0024355585714285716,1050.009,1050.009,10.460,14.233,0.47255,0.0,Merge
10527587.652,P156,FRAG0057,0.0024355585714285716,0.005528804528804529,1050.009,1379.974,15.629,25.279,0.47510019349030264,0.0,Graze+Frag
10570374.649,E12,P374,0.10097555857142858,0.0024355585714285716,3634.120,1050.009,3.3367,14.006,0.6726504491996466,0.0,Merge
10574511.917,P179,P407,0.0024355585714285716,0.0024355585714285716,1050.009,1050.009,7.5928,10.331,0.9564,0.0,Hit+Run
10702139.607,E0,FRAG0062,0.4953745602397604,0.005528804528804529,6175.020,1379.974,1.4831,10.789,0.6374456611733875,0.0,Merge
10712471.704,P78,P124,0.0024355585714285716,0.0024355585714285716,1050.009,1050.009,24.779,33.717,0.988,0.0,Hit+Run
10801603.702,E0,FRAG0060,0.5009033647685649,0.005528804528804529,6197.908,1379.974,1.3893,10.147,0.649898973160174,0.0,Merge
10848126.813,E8,P104,0.11607555857142857,0.0024355585714285716,3806.923,1050.009,3.669,16.192,0.1245477522404818,0.0,Merge
11048287.768,E0,P256,0.5064321692973694,0.007964368964368964,6220.628,1558.514,1.6822,12.221,0.9208823393122151,0.0,Hit+Run
11217022.875,E10,P789,0.14489111714285716,0.0024355585714285716,4098.967,1050.009,2.1262,10.161,0.9341133288035828,0.0,Hit+Run
11239322.391,P282,P357,0.0024355585714285716,0.0024355585714285716,1050.009,1050.009,10.849,14.762,0.8552,0.0,Hit+Run
11477539.358,M1,P357,0.14559261744588747,0.0024355585714285716,4105.571,1050.009,5.3525,25.624,0.31487098541488884,0.0,Merge
11773891.421,M1,P351,0.14802817601731605,0.0024355585714285716,4128.338,1050.009,2.3019,11.085,0.958191633880969,0.0,Hit+Run
11808324.434,P16,P94,0.0024355585714285716,0.0024355585714285716,1050.009,1050.009,14.427,19.630,0.96015,0.0,Hit+Run
11859875.624,M1,P351,0.14802817601731605,0.0024355585714285716,4128.338,1050.009,2.0921,10.075,0.3612252511119619,0.0,Merge
11873848.118,M1,P235,0.15046373458874462,0.004871117142857143,4150.857,1322.929,6.0718,28.897,0.5869361817377082,0.009925740925740925,Fragment
11934284.792,E3,P84,0.482778492953713,0.0024355585714285716,6122.232,1050.009,1.2501,9.1863,0.6061419966524793,0.0,Merge
11971768.339,E12,P249,0.10341111714285715,0.0024355585714285716,3663.106,1050.009,1.1667,4.9397,0.913694418080557,0.0,Hit+Run
12451168.272,E3,P459,0.4852140515251416,0.0024355585714285716,6132.510,1050.009,1.3772,10.138,0.37473738048255606,0.0,Merge
12461638.243,E3,P137,0.48764961009657015,0.0024355585714285716,6142.754,1050.009,2.1191,15.627,0.624629196186433,0.0,Merge
12690139.749,P156,P375,0.007964368964368964,0.0024355585714285716,1558.514,1050.009,22.336,39.845,0.726822084906071,0.0,Graze+Frag
12850862.926,E1,P502,0.25963894076590077,0.0024355585714285716,4978.713,1050.009,2.3616,13.911,0.9765464996762009,0.0,Hit+Run
12946356.747,E3,P786,0.4900851686679987,0.0024355585714285716,6152.964,1050.009,2.137,15.787,0.6797072355257469,0.0,Merge
13022734.166,M1,P156,0.14540911080586086,0.010399933399933399,4103.846,1703.481,1.8789,8.6949,0.8578229552477068,0.0,Hit+Run
13028772.421,M1,P156,0.14540911080586086,0.010399933399933399,4103.846,1703.481,1.048,4.8498,0.9547776545309965,0.0,Hit+Run
13044253.057,M1,P156,0.14540911080586086,0.010399933399933399,4103.846,1703.481,1.0817,5.0057,0.6422188827161348,0.0,Merge
13129403.057,P1,P516,0.1354483344755245,0.0024355585714285716,4007.914,1050.009,17.221,80.333,0.8847179463055677,0.0,Hit+Run
13134642.113,P1,P516,0.1354483344755245,0.0024355585714285716,4007.914,1050.009,1.0514,4.9045,0.5816237998999433,0.0,Merge
13439440.109,E0,P816,0.5064321692973694,0.0024355585714285716,6220.628,1050.009,1.5272,11.414,0.7787508890233484,0.0,Merge
13474136.431,E3,P256,0.4925207272394273,0.007964368964368964,6163.139,1558.514,1.123,8.0775,0.4285337620554379,0.0,Merge
13903858.7,E3,P751,0.5004850962037962,0.0024355585714285716,6196.183,1050.009,1.9036,14.168,0.6964748452626518,0.0,Merge
14002157.761,E3,P122,0.5029206547752247,0.0024355585714285716,6206.217,1050.009,2.8784,21.461,0.7551402664356948,0.0,Merge
14074550.757,E3,E12,0.5053562133466533,0.10341111714285715,6216.220,3663.106,1.611,11.298,0.7542399448708048,0.03391208791208791,Hit+Run+Frag
14155697.883,E1,P55,0.25963894076590077,0.005527799663669664,4978.713,1379.890,3.736,21.554,0.5747918223937162,0.0,Merge
14349198.01,E0,P209,0.508867727868798,0.0024355585714285716,6230.584,1050.009,2.596,19.436,0.833700544399097,0.0,Merge
14639224.929,E0,P748,0.5113032864402265,0.0024355585714285716,6240.509,1050.009,3.441,25.806,0.7925481650311941,0.0,Merge
14657088.03,E6,P641,0.08261555857142859,0.0024355585714285716,3398.973,1050.009,5.0019,19.538,0.946200150883261,0.0,Hit+Run
15039112.603,E0,P743,0.513738845011655,0.0024355585714285716,6250.402,1050.009,3.8371,28.826,0.6010321527621083,0.0,Merge
15188228.65,E0,P520,0.5161744035830835,0.0024355585714285716,6260.264,1050.009,2.6589,20.008,0.6083618298092344,0.0,Merge
15368570.019,E0,E12,0.518609962154512,0.0695004995004995,6270.095,3208.656,1.5741,11.077,0.9856856312995191,0.0,Hit+Run
15609397.927,E8,P69,0.11851111714285714,0.004871117142857143,3833.365,1322.929,1.9645,8.5855,0.9276570494969536,0.0,Hit+Run
15801364.426,E12,P502,0.0695004995004995,0.0024355585714285716,3208.656,1050.009,1.7419,6.3961,0.8171827548673616,0.0,Hit+Run
15820843.07,E0,E12,0.518609962154512,0.0695004995004995,6270.095,3208.656,1.1016,7.7523,0.8727032101023122,0.0,Hit+Run
15832522.973,E0,E12,0.518609962154512,0.0695004995004995,6270.095,3208.656,1.0957,7.7108,0.9201320133800625,0.0,Hit+Run
15935071.947,E3,E10,0.505354743076923,0.14489111714285716,6216.214,4098.967,1.1869,8.4192,0.8043272119257892,0.0,Hit+Run
16189452.816,E1,P502,0.26516674042957045,0.0024355585714285716,5013.798,1050.009,1.2515,7.4278,0.9302775317299824,0.0,Hit+Run
16369716.974,E1,P307,0.26516674042957045,0.0024355585714285716,5013.798,1050.009,6.4287,38.155,0.991380997728423,0.0,Hit+Run
16558484.09,E10,FRAG0105,0.14489111714285716,0.005652014652014652,4098.967,1390.149,1.4736,6.8947,0.37120662179419156,0.0,Merge
16717938.367,E0,E1,0.518609962154512,0.26516674042957045,6270.095,5013.798,1.0528,7.8391,0.927909492504185,0.0,Hit+Run
16756365.219,E3,P307,0.505354743076923,0.0024355585714285716,6216.214,1050.009,1.1546,8.6233,0.7426547123314001,0.0,Merge
16830055.151,E0,E1,0.518609962154512,0.26516674042957045,6270.095,5013.798,1.1449,8.5249,0.27299954109066776,0.07997202797202797,Fragment
16833505.262,E0,FRAG0120,0.7038046746120545,0.005712287712287712,6941.892,1395.073,1.058,8.7200,0.11274271802863087,0.0,Merge
16841257.822,E0,FRAG0117,0.7095169623243422,0.005712287712287712,6960.623,1395.073,1.0424,8.6163,0.7931366167363813,0.0,Merge
16849344.448,E0,FRAG0119,0.71522925003663,0.005712287712287712,6979.253,1395.073,1.0489,8.6949,0.3695342707158913,0.0,Merge
16849853.801,E0,FRAG0112,0.7209415377489177,0.005712287712287712,6997.784,1395.073,1.0269,8.5367,0.8307768433421996,0.0,Merge
16884654.419,E0,FRAG0116,0.7266538254612054,0.005712287712287712,7016.217,1395.073,1.1412,9.5137,0.5655487652889051,0.0,Merge
16894929.413,E0,FRAG0122,0.7323661131734931,0.005712287712287712,7034.554,1395.073,1.0022,8.3783,0.9001789392539115,0.0,Graze+Merge
16903589.278,M1,FRAG0103,0.15580904420579425,0.009925740925740925,4199.440,1677.187,3.4073,16.166,0.442623491973778,0.011856143856143857,Fragment
16935207.723,M1,E12,0.1538786412753913,0.0695004995004995,4182.025,3208.656,3.1425,15.435,0.3680861452781579,0.1400137862137862,Fragment
16935284.278,M1,FRAG0132,0.08336915076590085,0.0056003996003996005,3409.277,1385.905,1.1385,4.3813,0.6691029662134191,0.0,Merge
16946523.026,M1,FRAG0124,0.08896955036630044,0.005928071928071928,3483.969,1412.423,1.3483,5.3031,0.8609608781959521,0.0,Hit+Run
16950751.031,M1,FRAG0126,0.08896955036630044,0.0056003996003996005,3483.969,1385.905,1.1022,4.3394,0.5681806409183088,0.0,Merge
16951955.943,M1,FRAG0128,0.09456994996670004,0.0056003996003996005,3555.589,1385.905,1.119,4.5011,0.8302020543001026,0.0,Hit+Run
16952047.775,M1,FRAG0128,0.09456994996670004,0.0056003996003996005,3555.589,1385.905,1.0557,4.2465,0.6119664128811211,0.0,Merge
16952356.954,M1,FRAG0135,0.10017034956709964,0.0056003996003996005,3624.434,1385.905,1.035,4.2486,0.6739110254861351,0.0,Merge
16978954.833,M1,FRAG0139,0.10577074916749923,0.0056003996003996005,3690.759,1385.905,1.3505,5.6513,0.7184261076497039,0.0,Merge
16995722.824,M1,FRAG0125,0.11137114876789883,0.005928071928071928,3754.782,1412.423,1.0907,4.6428,0.8179968787716726,0.0,Hit+Run
16995739.627,M1,FRAG0125,0.11137114876789883,0.005928071928071928,3754.782,1412.423,1.0503,4.4708,0.42320456799913136,0.0,Merge
17037236.192,M1,FRAG0142,0.11729922069597076,0.0056003996003996005,3820.253,1385.905,1.1592,5.0319,0.6042802431639935,0.0,Merge
17055305.236,M1,FRAG0130,0.12289962029637036,0.0056003996003996005,3880.109,1385.905,1.4453,6.3786,0.9563935106058467,0.0,Hit+Run
17063889.262,M1,FRAG0127,0.12289962029637036,0.0056003996003996005,3880.109,1385.905,1.1451,5.0537,0.6433183159552887,0.0,Merge
17066293.249,M1,FRAG0129,0.12850001989676996,0.0056003996003996005,3938.174,1385.905,1.1995,5.3783,0.2731679259585519,0.0,Merge
17076731.889,M1,FRAG0143,0.13410041949716955,0.0056003996003996005,3994.574,1385.905,0.9942,4.5260,0.5418179605384511,0.0,Perfect
17088169.268,P333,P699,0.0024355585714285716,0.0024355585714285716,1050.009,1050.009,6.4726,8.8072,0.62095,0.0,Graze+Frag
17096451.391,M1,FRAG0134,0.13970081909756915,0.0056003996003996005,4049.426,1385.905,1.236,5.7094,0.9016222321721349,0.0,Hit+Run
17130776.164,M1,FRAG0136,0.13970081909756915,0.0056003996003996005,4049.426,1385.905,1.3688,6.3229,0.81512550340401,0.0,Hit+Run
17140329.57,E0,P72,0.7380784008857808,0.0073066933066933066,7052.796,1514.377,2.7412,22.843,0.3753951076306767,0.0,Merge
17161817.026,E0,FRAG0121,0.7453850941924741,0.005712287712287712,7075.993,1395.073,1.3102,11.022,0.9369706944321328,0.0,Hit+Run
17375387.558,M1,FRAG0150,0.13970081909756915,0.0056003996003996005,4049.426,1385.905,1.7364,8.0210,0.9922165665235907,0.0,Hit+Run
17389024.061,E0,FRAG0113,0.7453850941924741,0.005712287712287712,7075.993,1395.073,1.0652,8.9612,0.6562219644698971,0.0,Merge
17392286.775,M1,FRAG0124,0.13970081909756915,0.005928071928071928,4049.426,1412.423,2.5997,11.993,0.770909755748531,0.0,Hit+Run
17430009.715,M1,FRAG0147,0.13970081909756915,0.0056003996003996005,4049.426,1385.905,3.2717,15.113,0.5178628438132962,0.0,Merge
17444109.341,M1,FRAG0150,0.14530121869796875,0.0056003996003996005,4102.830,1385.905,1.1246,5.2682,0.34893305391894835,0.0,Merge
17475019.808,E8,E19,0.11851111714285714,0.04405555857142857,3833.365,2756.305,2.3399,10.383,0.725816166459347,0.02758841158841159,Hit+Run+Frag
17520758.968,M1,FRAG0137,0.15090161829836835,0.0056003996003996005,4154.880,1385.905,1.8303,8.6906,0.678259276152386,0.0,Merge
17532059.168,M1,FRAG0124,0.15650201789876794,0.005928071928071928,4205.656,1412.423,1.2299,5.9083,0.7015815340947211,0.0,Merge
17618457.918,M1,FRAG0131,0.16243008982683987,0.0056003996003996005,4258.101,1385.905,2.1497,10.479,0.883909604425757,0.0,Hit+Run
17618497.844,M1,FRAG0131,0.16243008982683987,0.0056003996003996005,4258.101,1385.905,1.0501,5.1190,0.4180388458623352,0.0,Merge
17647286.459,M1,FRAG0149,0.16803048942723947,0.0056003996003996005,4306.487,1385.905,1.6264,8.0251,0.9294774441611334,0.0,Hit+Run
17896591.622,E0,FRAG0121,0.7510973819047618,0.005712287712287712,7094.023,1395.073,1.6107,13.587,0.1879405782945182,0.0,Merge
18017445.667,E0,FRAG0111,0.7568096696170495,0.005712287712287712,7111.961,1395.073,1.2883,10.897,0.8171155856514163,0.0,Merge
18030170.682,M1,FRAG0133,0.16803048942723947,0.0056003996003996005,4306.487,1385.905,1.0259,5.0620,0.7187827768984967,0.0,Merge
18413789.006,M1,FRAG0146,0.17363088902763907,0.0056003996003996005,4353.810,1385.905,3.1505,15.728,0.9982401384867496,0.0,Hit+Run
18442396.85,P284,P642,0.0024355585714285716,0.0024355585714285716,1050.009,1050.009,12.082,16.440,0.21045,0.0,Merge
18503007.829,M1,FRAG0144,0.17363088902763907,0.0056003996003996005,4353.810,1385.905,2.1458,10.712,0.7649887383464186,0.0,Hit+Run
18514158.954,M1,FRAG0144,0.17363088902763907,0.0056003996003996005,4353.810,1385.905,0.9977,4.9810,0.9870895837483336,0.0,Perfect
18685888.067,E0,P833,0.7625219573293373,0.0024355585714285716,7129.810,1050.009,2.7121,23.432,0.6394307851518413,0.0,Merge
18716046.954,E0,P502,0.7649575159007658,0.0024355585714285716,7137.393,1050.009,1.5983,13.824,0.5901767827581222,0.0,Merge
18884633.173,E0,FRAG0114,0.7673930744721943,0.005712287712287712,7144.960,1395.073,1.1616,9.8742,0.7441103312267142,0.0,Merge
18901856.845,P243,FRAG0130,0.0024355585714285716,0.0056003996003996005,1050.009,1385.905,24.645,39.992,0.3098412998069538,0.0,Fragment
19015776.197,E0,FRAG0056,0.773105362184482,0.005528804528804529,7162.644,1379.974,3.0946,26.395,0.8211039430691894,0.0,Merge
19524622.817,M1,FRAG0138,0.17923128862803867,0.0056003996003996005,4400.126,1385.905,3.1498,15.905,0.7495991785132641,0.0,Merge
19694209.366,M1,FRAG0134,0.18483168822843826,0.0056003996003996005,4445.486,1385.905,2.0784,10.611,0.842611261749441,0.0,Hit+Run
19908062.744,M1,FRAG0134,0.18483168822843826,0.0056003996003996005,4445.486,1385.905,1.1731,5.9893,0.3839129932299092,0.0,Merge
19978316.164,E0,FRAG0145,0.7786341667132866,0.0056003996003996005,7179.678,1385.905,2.1161,18.089,0.8337582671853097,0.0,Merge
20209957.738,E0,FRAG0104,0.7842345663136862,0.005652014652014652,7196.851,1390.149,2.2498,19.278,0.3794961940038714,0.0,Merge
20250104.68,M1,FRAG0140,0.19043208782883786,0.0056003996003996005,4489.940,1385.905,2.3903,12.334,0.40277565607324056,0.0,Merge
20756713.211,E6,E19,0.08261555857142859,0.016467532467532468,3398.973,1985.500,2.5074,9.6096,0.7409665407351801,0.01093972693972694,Hit+Run+Frag
21042759.565,P3,P16,0.0024355585714285716,0.0024355585714285716,1050.009,1050.009,5.4659,7.4374,0.57465,0.0,Graze+Frag
21151458.345,E9,FRAG0151,0.08624667571428574,0.006897102897102898,3448.058,1485.534,2.6608,10.329,0.6612236060577508,0.0,Merge
21380824.726,E3,P524,0.5077903016483515,0.0024355585714285716,6226.184,1050.009,1.1374,8.5094,0.8684422563348065,0.0,Hit+Run
21579122.512,M1,FRAG0146,0.19603248742923746,0.0056003996003996005,4533.530,1385.905,3.5623,18.574,0.919429422570355,0.0,Hit+Run
21586275.473,M1,FRAG0146,0.19603248742923746,0.0056003996003996005,4533.530,1385.905,1.011,5.2716,0.9011250800468802,0.0,Graze+Merge
21626737.037,E0,P249,0.7898865809657009,0.0024355585714285716,7214.099,1050.009,2.4512,21.443,0.7893153906444268,0.0,Merge
21748878.975,E3,P524,0.5077903016483515,0.0024355585714285716,6226.184,1050.009,1.1973,8.9575,0.6062580930271066,0.0,Merge
21924931.904,E3,P604,0.51022586021978,0.0024355585714285716,6236.123,1050.009,2.7187,20.374,0.5534180079420172,0.0,Merge
21931425.79,M1,FRAG0149,0.20163288702963705,0.0056003996003996005,4576.298,1385.905,5.5919,29.453,0.8438461224590162,0.0,Hit+Run
22141302.043,M1,FRAG0149,0.20163288702963705,0.0056003996003996005,4576.298,1385.905,1.1289,5.9461,0.5653016820002416,0.0,Merge
22235041.742,E6,P59,0.08261555857142858,0.0024355585714285716,3398.973,1050.009,3.04,11.875,0.700806942596056,0.0,Merge
22405751.181,M1,FRAG0037,0.20723328663003665,0.005592407592407593,4618.281,1385.245,4.8025,25.546,0.8567263657935436,0.0,Hit+Run
23046354.937,E3,FRAG0102,0.5126614187912085,0.005760572760572761,6246.030,1398.993,2.1382,15.731,0.7455179521481459,0.0,Merge
23267603.814,M1,P243,0.20723328663003665,0.008035964035964037,4618.281,1563.171,4.9538,26.118,0.8474572112631639,0.0,Hit+Run
23282096.913,M1,P243,0.20723328663003665,0.008035964035964037,4618.281,1563.171,1.0345,5.4542,0.6774876127774283,0.0,Merge
23790428.282,E0,P808,0.7923221395371294,0.0024355585714285716,7221.506,1050.009,1.8802,16.465,0.6394270520775511,0.0,Merge
23991267.889,E3,P700,0.5184219915517813,0.0024355585714285716,6269.337,1050.009,4.1075,30.956,0.4342674234544433,0.0,Merge
24007131.611,P19,FRAG0109,0.0024355585714285716,0.005652014652014652,1050.009,1390.149,16.083,26.159,0.600445849787918,0.0,Graze+Frag
24214958.465,E0,P19,0.7947576981085579,0.008087579087579089,7228.898,1566.510,2.4031,20.512,0.6310505947492263,0.0,Merge
24366058.108,E3,FRAG0148,0.5208575501232098,0.0056003996003996005,6279.140,1385.905,1.945,14.401,0.9673013454296688,0.0,Hit+Run
24430822.785,E4,P263,0.0574,0.0024355585714285716,3010.448,1050.009,2.3402,8.0260,0.6562926377301354,0.0,Merge
24834546.858,E8,FRAG0118,0.11851073165834164,0.005712287712287712,3833.361,1395.073,3.1704,13.806,0.5748830139305099,0.0,Merge
25052518.639,E0,FRAG0154,0.802845277196137,0.006897102897102898,7253.336,1485.534,2.4756,21.290,0.5849899259389576,0.0,Merge
25928752.047,M1,P476,0.2152692506660007,0.0024355585714285716,4677.220,1050.009,5.8922,32.456,0.964479701053871,0.0,Hit+Run
25936885.926,M1,P476,0.2152692506660007,0.0024355585714285716,4677.220,1050.009,1.0196,5.6162,0.6613341760486238,0.0,Merge
26144860.815,P183,P591,0.0024355585714285716,0.0024355585714285716,1050.009,1050.009,13.922,18.943,0.9099,0.0,Hit+Run
26214084.876,E8,E9,0.12422301937062935,0.09314377861138863,3893.987,3537.625,1.2474,6.0272,0.9852322856817165,0.0,Hit+Run
26305697.295,E3,FRAG0059,0.5208575501232098,0.005528804528804529,6279.140,1379.974,1.3679,10.131,0.6561066595032911,0.0,Merge
26535690.59,P333,P461,0.004871128871128871,0.0024355585714285716,1322.930,1050.009,6.4239,10.071,0.8972515468641068,0.0,Hit+Run
27126125.222,M1,P262,0.21770480923742927,0.0024355585714285716,4694.793,1050.009,2.8382,15.696,0.9970137854427038,0.0,Hit+Run
27137982.547,M1,P262,0.21770480923742927,0.0024355585714285716,4694.793,1050.009,1.0885,6.0200,0.5163223849530331,0.0,Merge
27336113.643,E8,FRAG0110,0.12422301937062935,0.005712287712287712,3893.987,1395.073,3.7627,16.662,0.6707092878321137,0.0,Merge
27822752.866,P461,FRAG0106,0.0024355585714285716,0.005652014652014652,1050.009,1390.149,10.286,16.731,0.62708165178152,0.0,Graze+Frag
27838638.527,P102,P817,0.0024355585714285716,0.0024355585714285716,1050.009,1050.009,18.317,24.923,0.95125,0.0,Hit+Run
28420888.676,E10,P552,0.1505431317948718,0.0024355585714285716,4151.587,1050.009,3.0189,14.626,0.6275751430669624,0.0,Merge
28548561.378,E13,P302,0.02222,0.0024355585714285716,2194.026,1050.009,8.7688,21.597,0.925417020110131,0.0,Hit+Run
28805917.367,E8,P145,0.12993530708291706,0.0024355585714285716,3952.782,1050.009,3.1846,14.635,0.9177188509774772,0.0,Hit+Run
28893193.21,E9,P453,0.09314377861138863,0.0024355585714285716,3537.625,1050.009,3.4043,13.882,0.9658299898510863,0.0,Hit+Run
29346523.436,E3,P571,0.5263863546520143,0.0024355585714285716,6301.279,1050.009,1.8371,13.920,0.4139257351114784,0.0,Merge
30007976.737,E0,P810,0.8097423800932398,0.0024355585714285716,7274.047,1050.009,1.47,12.972,0.6261195497820345,0.0,Merge
30053753.239,E8,P21,0.12993530708291706,0.0024355585714285716,3952.782,1050.009,3.5358,16.249,0.7283282280077816,0.0,Merge
30256950.273,P31,P378,0.0024355585714285716,0.0024355585714285716,1050.009,1050.009,22.712,30.904,0.96175,0.0,Hit+Run
30935566.965,P453,P817,0.0024355585714285716,0.0024355585714285716,1050.009,1050.009,9.0884,12.366,0.76475,0.0,Graze+Frag
31366315.09,E8,P792,0.13237086565434564,0.0024355585714285716,3977.327,1050.009,3.8745,17.925,0.5217567984604217,0.0,Merge
31625267.628,E3,FRAG0108,0.5288219132234429,0.005652014652014652,6310.982,1390.149,4.038,30.054,0.8487433221188297,0.0,Hit+Run
31833463.59,E0,FRAG0107,0.8121779386646684,0.005652014652014652,7281.333,1390.149,3.2987,28.621,0.41950772042995566,0.0,Merge
33232803.145,E3,FRAG0123,0.5288219132234429,0.005712287712287712,6310.982,1395.073,1.6107,11.985,0.34658555377082184,0.0,Merge
33280479.732,E0,P653,0.8178299533166831,0.0024355585714285716,7298.184,1050.009,2.8074,24.862,0.15884634126613,0.0,Merge
33913936.646,E4,P69,0.05983555857142857,0.004871117142857143,3052.438,1322.929,1.6905,5.8081,0.7498949180646197,0.0,Hit+Run
34268758.199,E0,FRAG0136,0.8202655118881116,0.0056003996003996005,7305.422,1385.905,1.24,10.799,0.9690604112573656,0.0,Hit+Run
34297623.629,E3,P845,0.5345342009357306,0.0024355585714285716,6333.625,1050.009,2.1288,16.219,0.4363589347441092,0.0,Merge
34508645.437,E18,P766,0.0728,0.0024355585714285716,3258.649,1050.009,1.8074,6.7476,0.704495701670429,0.0,Merge
34736433.7,E0,P453,0.8202655118881116,0.004871128871128871,7305.422,1322.930,1.249,10.912,0.40970668548499095,0.0,Merge
34964601.615,M1,P461,0.22014036780885785,0.008087579087579089,4712.236,1566.510,1.779,9.5825,0.9806109441114708,0.0,Hit+Run
34997789.406,M1,P461,0.22014036780885785,0.008087579087579089,4712.236,1566.510,1.1082,5.9693,0.9540430370078844,0.0,Hit+Run
35042408.679,M1,P461,0.22014036780885785,0.008087579087579089,4712.236,1566.510,1.1814,6.3635,0.7848790183313763,0.0,Hit+Run
35099418.914,P278,FRAG0066,0.0024355585714285716,0.00645054945054945,1050.009,1452.756,11.992,20.189,0.4060305660029044,0.008845041625041626,Fragment
35581855.13,M1,P856,0.22014036780885785,0.0024355585714285716,4712.236,1050.009,4.6744,25.955,0.8025670225186117,0.0,Merge
36485371.057,M1,P461,0.22257592638028642,0.008087579087579089,4729.551,1566.510,4.8056,25.987,0.9072896642070938,0.0,Hit+Run
36574715.341,M1,P461,0.22257592638028642,0.008087579087579089,4729.551,1566.510,1.2474,6.7455,0.24766799328454947,0.0,Merge
38734267.548,M1,P124,0.23066350546786552,0.0024355585714285716,4786.155,1050.009,2.3907,13.498,0.6249052725738854,0.0,Merge
38987240.015,E0,FRAG0155,0.8251366407592404,0.01093972693972694,7319.855,1732.457,1.1188,9.6062,0.707054794358804,0.0,Merge
39253375.643,E0,P31,0.8360763676989673,0.0024355585714285716,7352.062,1050.009,3.0107,26.871,0.6585473159020476,0.0,Merge
39898626.456,E8,P704,0.1348064242257742,0.0024355585714285716,4001.572,1050.009,2.3361,10.878,0.7271075039461634,0.0,Merge
40049415.929,E3,P546,0.5369697595071591,0.0024355585714285716,6343.230,1050.009,1.9912,15.195,0.19947966031254363,0.0,Merge
42068518.315,M1,FRAG0037,0.2330990640392941,0.005592407592407593,4802.942,1385.245,4.0505,22.475,0.7632627657947825,0.0,Merge
42370106.939,E0,FRAG0136,0.8385119262703958,0.0056003996003996005,7359.194,1385.905,1.5134,13.283,0.6486452168145075,0.0,Merge
43198681.774,E9,E19,0.09314377861138863,0.005527805527805528,3537.625,1379.890,4.9329,19.741,0.7547148672371832,0.0,Hit+Run
43608332.722,E8,P302,0.1372419827972028,0.0024355585714285716,4025.527,1050.009,2.3279,10.910,0.389185666332095,0.0,Merge
43872102.864,E6,P789,0.08505111714285715,0.0024355585714285716,3432.052,1050.009,3.1088,12.271,0.6794327775194576,0.0,Merge
44093939.374,E8,E19,0.13967754136863136,0.005527805527805528,4049.201,1379.890,2.597,11.999,0.7046639159327748,0.0,Merge
44495407.51,E0,P615,0.8441123258707954,0.0024355585714285716,7375.541,1050.009,6.0596,54.266,0.22786087009938186,0.0,Merge
47480951.839,E0,P676,0.846547884442224,0.0024355585714285716,7382.628,1050.009,3.1511,28.247,0.9726612173899966,0.0,Hit+Run
47576850.4,E0,P676,0.846547884442224,0.0024355585714285716,7382.628,1050.009,1.0683,9.5767,0.11241197147873587,0.0,Merge
47906215.038,E16,FRAG0108,0.04499555857142857,0.005652014652014652,2775.771,1390.149,4.0911,12.744,0.6827620776922061,0.0,Hit+Run
48097797.224,E3,P771,0.5394053180785876,0.0024355585714285716,6352.806,1050.009,2.925,22.357,0.8137080216284458,0.0,Merge
49962521.772,E0,P145,0.8489834430136525,0.0024355585714285716,7389.702,1050.009,2.9568,26.533,0.6372522195246462,0.0,Merge
50625087.458,E8,E20,0.14520534689643688,0.02485555857142857,4101.928,2277.552,3.121,14.396,0.6860036941617654,0.01932767232767233,Hit+Run+Frag
51308263.612,E10,P498,0.15297869036630038,0.0024355585714285716,4173.856,1050.009,5.47,26.655,0.5021699656545998,0.0,Merge
51405646.102,E0,P284,0.851419001585081,0.004871117142857143,7396.761,1322.929,2.3854,21.119,0.4059880175005199,0.0,Merge
52074215.021,M1,P781,0.23869147163170168,0.0024355585714285716,4841.049,1050.009,3.7457,21.409,0.9392741023081858,0.0,Hit+Run
52192829.842,M1,P51,0.23869147163170168,0.0024355585714285716,4841.049,1050.009,7.0677,40.398,0.6297163119849193,0.0,Merge
52266030.647,M1,P781,0.24112703020313025,0.0024355585714285716,4857.459,1050.009,1.1362,6.5180,0.09513516214348985,0.0,Merge
54958232.195,E9,E4,0.09314377861138863,0.05983555857142857,3537.625,3052.438,2.8999,12.482,0.40148165971328026,0.08881784881784882,Fragment
55048273.794,E10,E9,0.15541424893772895,0.06416148836496838,4195.890,3124.294,1.2329,6.0327,0.210018491111643,0.024113220113220115,Fragment
55974798.54,E3,P69,0.5418408766500161,0.004871117142857143,6362.353,1322.929,2.5021,18.854,0.24604057355115358,0.0,Merge
56197396.546,E3,FRAG0161,0.5467119937928733,0.005551115551115551,6381.362,1381.827,1.164,8.7712,0.3071823605487377,0.0,Merge
56411459.884,E0,FRAG0159,0.8562901187279381,0.005551115551115551,7410.841,1381.827,1.021,9.0310,0.5027559587635168,0.0,Merge
56668493.833,E3,FRAG0174,0.5522631093439888,0.005551115551115551,6402.887,1381.827,1.3261,10.028,0.4900423700558633,0.0,Merge
57346634.32,P526,P780,0.0024355585714285716,0.0024355585714285716,1050.009,1050.009,3.4934,4.7534,0.99655,0.0,Hit+Run
57437297.605,E0,FRAG0163,0.8618412342790537,0.005551115551115551,7426.820,1381.827,1.3648,12.099,0.9792934979952662,0.0,Hit+Run
57454000.537,E0,FRAG0163,0.8618412342790537,0.005551115551115551,7426.820,1381.827,1.0494,9.3036,0.763115406832127,0.0,Merge
57828778.203,E0,FRAG0164,0.8673923498301692,0.005551115551115551,7442.732,1381.827,1.4928,13.264,0.8230849224206509,0.0,Merge
58109907.404,P102,P348,0.0024355585714285716,0.0024355585714285716,1050.009,1050.009,13.793,18.768,0.89355,0.0,Hit+Run
58605497.564,E3,FRAG0173,0.5578142248951043,0.005551115551115551,6424.268,1381.827,1.3494,10.241,0.6498257569863911,0.0,Merge
59452806.522,E0,FRAG0141,0.8729434653812848,0.0056003996003996005,7458.575,1385.905,2.7587,24.564,0.3703785979571399,0.0,Merge
61027728.684,E0,FRAG0160,0.8785438649816844,0.005551115551115551,7474.491,1381.827,1.1166,9.9673,0.6837022651327374,0.0,Merge
61068773.942,E3,FRAG0178,0.5633653404462199,0.006028305028305029,6445.509,1420.339,1.2907,9.8110,0.7295381367210564,0.0,Merge
62404086.231,E5,P183,0.0832422342857143,0.0024355585714285716,3407.546,1050.009,2.45,9.5964,0.9297916627774969,0.0,Hit+Run
65631351.037,E10,FRAG0172,0.19546251718947721,0.005551115551115551,4529.132,1381.827,1.6192,8.4360,0.749982168888467,0.0,Merge
66698428.345,E10,E16,0.20101363274059275,0.04499555857142857,4571.608,2775.771,1.4213,7.3477,0.5543885118245168,0.011033300033300034,Fragment
68700183.93,E0,FRAG0168,0.8840949805327999,0.005551115551115551,7490.201,1381.827,1.7138,15.332,0.48434562372461454,0.0,Merge
71257278.427,E3,FRAG0169,0.5693936454745249,0.005551115551115551,6468.417,1381.827,1.1696,8.9426,0.5279217312614647,0.0,Merge
72360340.966,E3,P278,0.5749447610256404,0.008886113886113886,6489.370,1616.458,2.3554,17.859,0.8219562625634664,0.0,Hit+Run
73124475.153,E10,P157,0.2349758912787213,0.0024355585714285716,4815.798,1050.009,2.7449,15.601,0.3602525405005391,0.0,Merge
74927126.669,E3,E20,0.5749447610256404,0.005527805527805528,6489.370,1379.890,2.0209,15.506,0.5817066761820131,0.0,Merge
75407287.947,E10,FRAG0176,0.23741144985014986,0.006028305028305029,4832.379,1420.339,2.1733,12.115,0.9907866229389545,0.0,Hit+Run
78115966.111,E10,P278,0.23741144985014986,0.008886113886113886,4832.379,1616.458,1.4772,8.1561,0.5654528498815334,0.0,Merge
79812175.495,E3,P580,0.5804725665534459,0.0024355585714285716,6510.101,1050.009,2.6443,20.744,0.5035782100738645,0.0,Merge
93017915.871,E3,E10,0.5829081251248744,0.24629756373626374,6519.193,4891.933,1.1185,8.5184,0.8274159057498511,0.0,Hit+Run
96504400.917,E0,P102,0.8896460960839154,0.0024355585714285716,7505.845,1050.009,2.8763,26.239,0.8025319683955258,0.0,Merge
98012172.876,E0,FRAG0171,0.892081654655344,0.005551115551115551,7512.688,1381.827,3.2669,29.321,0.646489540820374,0.0,Merge
98495356.178,E3,FRAG0179,0.5829081251248744,0.011033300033300034,6519.193,1737.383,3.0198,22.882,0.8508469161353512,0.0,Hit+Run
99599184.188,E5,E18,0.0832422342857143,0.07523555857142858,3407.546,3294.591,1.1269,4.8957,0.9793316530819393,0.0,Hit+Run
100252103.686,E0,P641,0.8976327702064595,0.0024355585714285716,7528.239,1050.009,4.2113,38.540,0.3782439842527231,0.0,Merge
101454380.701,P183,FRAG0115,0.0024355585714285716,0.005712287712287712,1050.009,1395.073,16.730,27.286,0.7147981804111234,0.0,Graze+Frag
102244172.914,E3,FRAG0176,0.5829081251248744,0.006028305028305029,6519.193,1420.339,2.6428,20.335,0.16290730821046348,0.0,Merge
106821571.243,E10,FRAG0179,0.24629756373626374,0.011033300033300034,4891.933,1737.383,2.9346,16.334,0.9357617135667526,0.0,Hit+Run
107072624.623,E0,FRAG0179,0.900068328777888,0.011033300033300034,7535.042,1737.383,1.1648,10.315,0.6140224923082297,0.0,Merge
110234122.023,E3,FRAG0175,0.5889364301531794,0.006028305028305029,6541.590,1420.339,1.8687,14.432,0.8619495837104367,0.0,Hit+Run
110820628.846,E10,FRAG0175,0.24629756373626374,0.006028305028305029,4891.933,1420.339,1.1188,6.3197,0.6083652650851864,0.0,Merge
115335687.168,E0,P834,0.9111016288111881,0.0024355585714285716,7565.706,1050.009,3.7679,34.663,0.2276109177731095,0.0,Merge
119553111.12,E6,E5,0.08748667571428573,0.0832422342857143,3464.504,3407.546,1.2827,5.7120,0.5454840354652145,0.0,Hit+Run
126345005.563,E3,P348,0.5889364301531794,0.0024355585714285716,6541.590,1050.009,2.5014,19.724,0.9623330859136016,0.0,Hit+Run
129963509.66,E3,P348,0.5889364301531794,0.0024355585714285716,6541.590,1050.009,1.3319,10.502,0.9855124913676452,0.0,Hit+Run
135829975.787,E6,E5,0.08748667571428573,0.0832422342857143,3464.504,3407.546,1.7459,7.7747,0.3092420585530153,0.04462542124542125,Fragment
135979927.972,E6,FRAG0184,0.12610420137529138,0.005578088578088578,3913.545,1384.062,1.0905,4.8574,0.8431219453575144,0.0,Hit+Run
136527485.041,E3,FRAG0165,0.5889364301531794,0.005551115551115551,6541.590,1381.827,2.7804,21.516,0.8751381719208643,0.0,Hit+Run
142932819.972,P482,FRAG0184,0.0024355585714285716,0.005578088578088578,1050.009,1384.062,11.591,18.791,0.45825488328407643,0.007973306693306693,Graze+Frag
147682950.101,E18,P649,0.07523555857142858,0.0024355585714285716,3294.591,1050.009,6.041,22.820,0.6612537125086504,0.0,Merge
148732401.408,E18,FRAG0186,0.07767111714285715,0.005578088578088578,3329.765,1384.062,2.6217,9.8433,0.4390873778876923,0.0,Merge
151478684.861,E3,P482,0.5889364301531794,0.008013653013653014,6541.590,1561.723,1.4889,11.417,0.474031006226481,0.0,Merge
152251295.755,E0,FRAG0165,0.9135371873826166,0.005551115551115551,7572.441,1381.827,2.6681,24.150,0.814389302493744,0.0,Merge
155430252.454,M1,FRAG0166,0.24356258877455883,0.005551115551115551,4873.758,1381.827,7.5034,42.303,0.6535911840846287,0.011572427572427572,Fragment
155461666.341,M1,FRAG0188,0.2375412767532468,0.005786213786213786,4833.260,1401.066,1.035,5.7769,0.9124103574233973,0.0,Hit+Run
156319498.674,M1,FRAG0188,0.2375412767532468,0.005786213786213786,4833.260,1401.066,1.214,6.7760,0.2473873269214088,0.0,Merge
157377627.657,M1,FRAG0189,0.24332749053946057,0.005786213786213786,4872.190,1401.066,2.1609,12.165,0.6821408780950328,0.0,Merge
160682890.302,E0,E13,0.9190883029337321,0.02222,7587.748,2194.026,1.3755,12.055,0.6884360765976424,0.0,Merge
160853625.783,E10,P183,0.25232586876456875,0.008147852147852148,4931.523,1570.392,1.5738,8.8995,0.9930678377702005,0.0,Hit+Run
175728483.841,E6,FRAG0182,0.12610420137529138,0.005578088578088578,3913.545,1384.062,1.0423,4.6427,0.4070447663997112,0.0,Merge
183655765.389,E0,FRAG0153,0.9413083029337321,0.006897102897102898,7648.409,1485.534,2.7308,24.858,0.6019789041190963,0.0,Merge
185435540.005,E18,P656,0.08324920572094573,0.0024355585714285716,3407.641,1050.009,3.656,14.320,0.5725713514167935,0.0,Merge
190317619.733,E6,FRAG0185,0.13168228995337997,0.005578088578088578,3970.418,1384.062,2.2393,10.129,0.9813186496289078,0.0,Hit+Run
194142916.86,E0,FRAG0180,0.948205405830835,0.005578088578088578,7667.044,1384.062,1.0968,10.059,0.6290443105338653,0.0,Merge
206258699.941,E3,P795,0.5969500831668324,0.0024355585714285716,6571.126,1050.009,3.1067,24.615,0.7233197008067073,0.0,Merge
