time_yr,target,projectile,Mt_Mearth,Mp_Mearth,Rt_km,Rp_km,vimp/vesc,vimp_km/s,b,m_frag_Mearth,Regime
97415.62,E45,P326,0.035,0.0025,2552.798,1059.189,2.4287,6.9915,0.6630795131346489,0.0,Merge
99575.814,E18,P290,0.07587860658482712,0.0025000000000000022,3303.951,1059.189,1.6647,6.3036,0.7594374229547932,0.0,Hit+Run
108580.08,E5,P3,0.1849999999999998,0.005000000000000004,4446.835,1334.495,1.2575,6.4406,0.668256253684258,0.0,Merge
232979.891,E35,FRAG1003,0.2666213934151731,0.0081450274818611,5022.949,1570.211,1.0366,5.9786,0.6384239728358883,0.0,Merge
348140.201,E21,E28,0.04,0.025,2668.991,2281.955,1.4886,4.8189,0.9811384365606521,0.0,Hit+Run
385490.629,E9,P69,0.11000000000000007,0.0025,3739.309,1059.189,1.8885,8.1695,0.9105728134990312,0.0,Hit+Run
389545.615,E1,P50,0.14499999999999993,0.0025,4099.993,1059.189,2.1576,10.307,0.25915106574040236,0.0,Merge
436573.344,E35,P226,0.2747664208970342,0.0025,5073.586,1059.189,1.1732,7.0477,0.3808844561725816,0.0,Merge
460748.255,E12,P201,0.08750000000000001,0.0025000000000000022,3464.680,1059.189,1.4924,5.9471,0.5336557288989425,0.0,Merge
479389.458,E24,P367,0.2700000000000001,0.0025,5044.077,1059.189,1.2993,7.7565,0.5994280061851383,0.0,Merge
535574.89,P6,P29,0.0025,0.0025,1059.189,1059.189,2.8289,3.8829,0.99395,0.0,Hit+Run
706403.231,NEPTUNE,K767,16.00942390942391,0.02,19669.15,2118.379,1.0001,24.235,0.33194890578893216,0.0,Merge
731712.4,E12,P320,0.09000000000000001,0.0025,3497.368,1059.189,2.9098,11.713,0.9830729753672381,0.0,Hit+Run
736876.504,E5,P104,0.1899999999999998,0.0024999999999999905,4486.541,1059.189,2.1532,11.333,0.8359480488939072,0.0,Hit+Run
789259.437,E12,E20,0.09000000000000001,0.0793549725181389,3497.368,3353.656,1.3182,5.8554,0.13308431055172637,0.029815184815184817,Fragment
809138.856,E18,P271,0.07587860658482712,0.0025,3303.951,1059.189,1.5752,5.9647,0.9797189528556303,0.0,Hit+Run
855514.96,E35,P435,0.2772664208970342,0.0025,5088.927,1059.189,1.1062,6.6668,0.699258920216166,0.0,Merge
861643.33,E1,P125,0.14749999999999994,0.0025,4123.422,1059.189,1.3983,6.7209,0.815994287501852,0.0,Hit+Run
894433.009,NEPTUNE,K743,16.029423909423908,0.02,19677.34,2118.379,1.0031,24.318,0.9464131519191457,0.0,Graze+Merge
953525.953,E28,P62,0.025,0.0025,2281.955,1059.189,1.2205,3.1283,0.3725005572809981,0.0,Merge
1023545.434,E21,P59,0.04,0.0025,2668.991,1059.189,6.2535,18.863,0.7718078512515095,0.0,Hit+Run
1064822.885,E12,P136,0.1395397877029541,0.0025000000000000022,4047.869,1059.189,1.0222,4.8162,0.8721801084948648,0.0,Graze+Merge
1096124.573,E12,P436,0.1420397877029541,0.0025,4071.900,1059.189,2.0167,9.5628,0.2417226750882729,0.0,Merge
1157748.083,E12,P228,0.14453978770295411,0.0025000000000000022,4095.651,1059.189,1.6907,8.0674,0.5719786981647579,0.0,Merge
1182181.532,E1,P83,0.14749999999999994,0.0024999999999999905,4123.422,1059.189,1.5447,7.4245,0.1408258471995201,0.0,Merge
1564592.836,E45,P108,0.037500000000000006,0.0025000000000000022,2612.187,1059.189,3.6047,10.630,0.7179041355916176,0.0,Hit+Run
1571858.308,E9,P202,0.11000000000000007,0.0025,3739.309,1059.189,4.5559,19.708,0.1496191529241027,0.0,Merge
1668371.827,E5,P163,0.1899999999999998,0.0025,4486.541,1059.189,2.6478,13.937,0.4314440089762127,0.0,Merge
1687875.617,E48,P187,0.0625,0.0025,3097.090,1059.189,1.2192,4.3076,0.6282436827642943,0.0,Merge
1698376.972,E5,E9,0.1924999999999998,0.11250000000000007,4506.133,3767.425,1.5984,8.6705,0.9853131292991656,0.0,Hit+Run
1946187.528,P20,P400,0.0025,0.0025,1059.189,1059.189,5.9671,8.1903,0.52345,0.0,Graze+Frag
2068924.104,E12,P128,0.14703978770295412,0.0025,4119.129,1059.189,2.7066,12.994,0.6058994635949693,0.0,Merge
2089890.883,E1,P74,0.14999999999999994,0.0025,4146.588,1059.189,3.3869,16.377,0.8362032001174431,0.0,Hit+Run
2096605.85,E48,P366,0.065,0.0025,3137.846,1059.189,2.4808,8.8885,0.7407555878680714,0.0,Merge
2100068.116,E1,P74,0.14999999999999994,0.0025,4146.588,1059.189,1.0438,5.0473,0.5854537550831784,0.0,Merge
2101142.114,E5,P42,0.1924999999999998,0.0025,4506.133,1059.189,3.2751,17.320,0.8196395161835357,0.0,Hit+Run
2151776.974,E12,P322,0.14953978770295412,0.0025,4142.343,1059.189,2.3288,11.248,0.8431165712147645,0.0,Hit+Run
2153066.307,E5,E9,0.1924999999999998,0.11250000000000007,4506.133,3767.425,1.3507,7.3268,0.8034024636721018,0.0,Hit+Run
2449407.222,E12,P139,0.14953978770295412,0.0025,4142.343,1059.189,2.4643,11.903,0.6836833629808967,0.0,Merge
2558185.159,E1,P96,0.15249999999999994,0.0025000000000000022,4169.498,1059.189,1.9769,9.6163,0.6731083091935334,0.0,Merge
2700251.082,E35,P233,0.2797664208970342,0.0025,5104.176,1059.189,1.6539,9.9997,0.8179612917708701,0.0,Merge
2844429.439,E5,P25,0.1924999999999998,0.0025,4506.133,1059.189,2.4014,12.699,0.7007784266095527,0.0,Merge
2891880.237,E9,P211,0.11250000000000007,0.0025,3767.425,1059.189,1.7989,7.8449,0.5896291667756016,0.0,Merge
2972622.12,E5,P7,0.1949999999999998,0.0025,4525.557,1059.189,2.8777,15.289,0.7378167191420025,0.0,Merge
2994812.575,E1,P159,0.15499999999999994,0.0025000000000000022,4192.159,1059.189,1.6359,8.0042,0.40114643288714563,0.0,Merge
2998253.492,E1,P106,0.15749999999999995,0.0025,4214.577,1059.189,2.1705,10.681,0.8565383640621341,0.0,Hit+Run
3629152.693,E1,E9,0.15749999999999995,0.11500000000000007,4214.577,3795.128,1.1041,5.7536,0.35801545945221175,0.025765654345654348,Fragment
3630083.138,E1,FRAG0010,0.24673509823509826,0.006441225441225442,4894.828,1452.055,1.0516,5.9338,0.9084942484821694,0.0,Hit+Run
3653925.732,E21,P530,0.04,0.0025,2668.991,1059.189,1.4089,4.2499,0.7718078512515095,0.0,Hit+Run
3751003.149,E1,P142,0.24673509823509826,0.0025,4894.828,1059.189,1.142,6.6012,0.976414145896405,0.0,Hit+Run
3780155.19,E24,P287,0.2725000000000001,0.0025,5059.598,1059.189,1.3801,8.2661,0.35697077246318876,0.0,Merge
3789604.578,E1,FRAG0010,0.24673509823509826,0.006441225441225442,4894.828,1452.055,1.9106,10.780,0.8874400099562246,0.0,Hit+Run
3794970.424,E5,P0,0.19749999999999981,0.0025,4544.815,1059.189,2.154,11.496,0.6319266110654634,0.0,Merge
3825103.395,P32,P75,0.0025000000000000022,0.0024999999999999905,1059.189,1059.189,11.474,15.749,0.3528000000000003,0.0,Merge
3836724.319,E5,FRAG0011,0.19999999999999982,0.006441225441225442,4563.911,1452.055,1.886,9.8706,0.9529947715633658,0.0,Hit+Run
3882045.473,E35,FRAG0001,0.2822664208970342,0.005963036963036963,5119.335,1415.195,1.4068,8.3474,0.5654784590447919,0.0,Merge
4025452.95,E1,P171,0.24673509823509826,0.0025,4894.828,1059.189,2.5438,14.704,0.05006619641752216,0.0,Merge
4053875.951,P29,P385,0.0025,0.0025,1059.189,1059.189,10.936,15.011,0.9676,0.0,Hit+Run
4199492.388,E35,P176,0.28822945786007115,0.0025000000000000022,5155.134,1059.189,1.7415,10.642,0.2580750870949502,0.0,Merge
4284459.114,E1,P69,0.24923509823509826,0.0025,4911.305,1059.189,1.5049,8.7303,0.7206763198830236,0.0,Merge
4299884.821,P15,P245,0.0025,0.0025000000000000022,1059.189,1059.189,11.319,15.537,0.8851999999999998,0.0,Hit+Run
4434121.868,E1,P79,0.25173509823509826,0.0025,4927.671,1059.189,2.3115,13.457,0.9423453679148626,0.0,Hit+Run
4531802.15,E35,P397,0.29072945786007115,0.0025,5169.995,1059.189,1.8429,11.296,0.6549240713692377,0.0,Merge
4566614.694,P9,P495,0.0024999999999999905,0.0025,1059.189,1059.189,8.2151,11.275,0.06899999999999996,0.0,Merge
4703923.934,E21,P301,0.04,0.0025,2668.991,1059.189,4.3955,13.259,0.9075417985637128,0.0,Hit+Run
4766522.101,P17,P247,0.0025000000000000022,0.0025,1059.189,1059.189,5.531,7.5917,0.16010000000000002,0.0,Merge
4795887.254,E35,P141,0.29322945786007115,0.0025,5184.772,1059.189,1.3387,8.2310,0.9691198586228231,0.0,Hit+Run
4805964.877,E1,E5,0.25173509823509826,0.19999999999999982,4927.671,4563.911,1.0727,6.6116,0.977945976051609,0.0,Hit+Run
4806067.511,E1,E5,0.25173509823509826,0.19999999999999982,4927.671,4563.911,1.0507,6.4760,0.6577786015062848,0.014057762237762237,Graze+Merge
4869675.102,P38,P189,0.0025,0.0025,1059.189,1059.189,5.5705,7.6460,0.8839,0.014057762237762237,Hit+Run
4893614.924,E35,P141,0.29322945786007115,0.0025,5184.772,1059.189,1.0773,6.6238,0.34410356388766844,0.0,Merge
4924558.231,E35,P463,0.29572945786007115,0.0025,5199.465,1059.189,1.5297,9.4340,0.5939962467399195,0.0,Merge
4928692.713,P32,P57,0.004999999999999992,0.0025,1334.495,1059.189,9.2632,14.649,0.8089421723305343,0.0,Graze+Frag
4949900.488,E1,P32,0.45173509823509805,0.007499833499833501,5988.092,1527.604,1.9357,13.518,0.19281222642933432,0.0,Merge
5090916.736,E35,P374,0.29822945786007116,0.0025,5214.076,1059.189,1.4432,8.9274,0.6956793565231837,0.0,Merge
5146163.156,E12,P58,0.15203978770295412,0.0025,4165.299,1059.189,1.3785,6.6982,0.7582781920348519,0.0,Merge
5387275.061,E35,P377,0.30072945786007116,0.0025,5228.605,1059.189,1.2428,7.7107,0.3194808451788132,0.0,Merge
5441780.024,E21,P294,0.04,0.0025,2668.991,1059.189,1.3389,4.0387,0.3826465972488005,0.0,Merge
5512068.251,E0,P361,0.035,0.0025,2552.798,1059.189,5.9076,17.006,0.84443338551831,0.0,Hit+Run
5686848.468,P29,P350,0.0025,0.0025,1059.189,1059.189,5.6993,7.8227,0.82985,0.0,Hit+Run
5778390.972,E1,FRAG0012,0.4592349317349316,0.006441225441225442,6021.048,1452.055,1.6603,11.709,0.5572191887875255,0.0,Merge
5972193.619,E0,P183,0.035,0.0025,2552.798,1059.189,3.1884,9.1785,0.9145436900407543,0.0,Hit+Run
6160807.074,P12,P133,0.0025,0.0025,1059.189,1059.189,22.100,30.335,0.52625,0.0,Graze+Frag
6248524.956,E1,P111,0.465676157176157,0.0025,6049.068,1059.189,2.1353,15.482,0.5624203759901263,0.0,Merge
6318525.274,P11,P59,0.0025,0.0025,1059.189,1059.189,23.976,32.909,0.56765,0.0,Graze+Frag
6474826.109,E0,P242,0.035,0.0025,2552.798,1059.189,2.9804,8.5797,0.754251179297908,0.0,Hit+Run
6500951.989,E1,P11,0.468176157176157,0.005,6059.874,1334.495,1.4869,10.626,0.4993368467426179,0.0,Merge
6581026.153,E59,P371,0.025,0.0025,2281.955,1059.189,3.7016,9.4877,0.7305901102374106,0.0,Hit+Run
6904019.57,E1,P125,0.473176157176157,0.0025,6081.370,1059.189,1.1623,8.4754,0.6390899509740668,0.0,Merge
6974558.976,E12,P114,0.15453978770295412,0.0025,4188.005,1059.189,3.3289,16.270,0.8000572564106866,0.0,Hit+Run
7002151.806,P9,P54,0.0049999999999999906,0.0024999999999999905,1334.495,1059.189,4.6574,7.3654,0.3353402595842982,0.0071634831834831835,Fragment
7073247.53,E1,FRAG0011,0.475676157176157,0.006441225441225442,6092.062,1452.055,3.155,22.533,0.8868236850280693,0.0,Hit+Run
7079669.519,E1,FRAG0011,0.475676157176157,0.006441225441225442,6092.062,1452.055,1.033,7.3778,0.7532590906885659,0.0,Merge
7440200.953,E35,P437,0.30322945786007116,0.0025,5243.053,1059.189,2.1551,13.410,0.6021541672009234,0.0,Merge
7510746.213,E28,P537,0.0275,0.0025,2355.617,1059.189,3.8044,10.074,0.5257841479823143,0.0,Merge
7528777.829,P20,P117,0.005,0.0025,1334.495,1059.189,3.4978,5.5315,0.8189772923180947,0.0,Hit+Run
7583942.277,E35,P154,0.30572945786007116,0.0025,5257.423,1059.189,1.5845,9.8888,0.675341847609176,0.0,Merge
7631498.328,E35,P384,0.30822945786007117,0.0025,5271.714,1059.189,1.4426,9.0294,0.869500456626718,0.0,Hit+Run
7688333.754,E0,P193,0.035,0.0025,2552.798,1059.189,1.5377,4.4266,0.9623911458489142,0.0,Hit+Run
7828423.788,E12,P229,0.15453978770295412,0.0025000000000000022,4188.005,1059.189,1.995,9.7508,0.23497292127624317,0.0,Merge
7878869.284,P29,P391,0.0025,0.0025,1059.189,1059.189,4.6882,6.4349,0.68635,0.0,Graze+Frag
7904796.439,E35,P277,0.30822945786007117,0.0025,5271.714,1059.189,1.6752,10.485,0.8669191011243784,0.0,Hit+Run
8027785.61,E50,P587,0.05500000000000001,0.0025,2967.891,1059.189,5.2236,17.634,0.9504873070640529,0.0,Hit+Run
8148104.768,E35,P118,0.30822945786007117,0.0025,5271.714,1059.189,2.2949,14.364,0.34232104742314096,0.0,Merge
8242564.983,P17,P465,0.005000000000000003,0.0025000000000000022,1334.495,1059.189,7.1439,11.297,0.6130343299067234,0.0,Graze+Frag
8269282.66,E35,P155,0.31072945786007117,0.0025,5285.929,1059.189,2.5019,15.705,0.4737669765696263,0.0,Merge
8311478.508,E94,P320,0.025,0.0025,2281.955,1059.189,11.163,28.614,0.7325707695995574,0.01141791541791542,Graze+Frag
8393987.908,E35,P6,0.31322945786007117,0.0025,5300.067,1059.189,1.0915,6.8712,0.7106753515464723,0.0,Merge
8680394.09,E1,P322,0.48211738261738246,0.0025,6119.436,1059.189,2.1206,15.566,0.34618087326468083,0.0,Merge
8901478.125,E35,P277,0.31572945786007117,0.0025,5314.130,1059.189,1.3311,8.4034,0.22571203476837637,0.0,Merge
8994560.185,E1,P123,0.48461738261738246,0.0025,6129.995,1059.189,1.9179,14.104,0.5746136369693602,0.0,Merge
9025661.556,E1,P237,0.48711738261738247,0.0025,6140.518,1059.189,2.9797,21.953,0.7338216787885257,0.0,Merge
9234559.53,E1,FRAG0005,0.48961738261738247,0.005963036963036963,6151.005,1415.195,1.4108,10.200,0.5424870612518731,0.0,Merge
9318844.497,E24,P333,0.2750000000000001,0.0025000000000000022,5075.023,1059.189,1.455,8.7432,0.7302848717955537,0.0,Merge
9387108.948,E1,FRAG0009,0.49558041958041943,0.006441225441225442,6175.875,1452.055,1.8425,13.354,0.30774402277814716,0.0,Merge
9446837.809,E1,P100,0.5020216450216449,0.0025,6202.517,1059.189,1.3928,10.372,0.8797645820920618,0.0,Hit+Run
9526003.442,E1,P100,0.5020216450216449,0.0025,6202.517,1059.189,1.0749,8.0047,0.09028263721080673,0.0,Merge
9606526.262,E35,P389,0.3182294578600712,0.0025,5328.119,1059.189,1.8788,11.894,0.9560453973475044,0.0,Hit+Run
9760924.232,E48,P389,0.0675,0.0025,3177.569,1059.189,1.1852,4.3040,0.347925,0.0,Merge
9936761.05,E35,P361,0.3182294578600712,0.0025,5328.119,1059.189,1.3662,8.6493,0.3113132730914307,0.0,Merge
10008951.648,E1,P289,0.5045216450216449,0.0025,6212.796,1059.189,1.9988,14.911,0.9065471153079727,0.0,Hit+Run
10085438.388,E1,P512,0.5045216450216449,0.0025,6212.796,1059.189,1.94,14.472,0.7091930641948432,0.0,Merge
10127321.563,E1,P289,0.5070216450216448,0.0025,6223.041,1059.189,1.2711,9.4991,0.6768047509091899,0.0,Merge
10292043.853,E12,P17,0.15703978770295413,0.0075001665001665,4210.468,1527.627,2.3181,11.090,0.8296054333342444,0.0,Hit+Run
10375929.823,E1,P46,0.5095216450216448,0.0025000000000000022,6233.252,1059.189,2.0842,15.602,0.4442162355135913,0.0,Merge
10394289.913,E12,P79,0.15703978770295413,0.0025,4210.468,1059.189,2.6269,12.913,0.6578983787202962,0.0,Merge
10460937.021,E1,P124,0.5120216450216448,0.0025,6243.430,1059.189,2.5441,19.078,0.9562700236763929,0.0,Hit+Run
10933317.1,E12,P45,0.15953978770295413,0.0025,4232.693,1059.189,1.9306,9.5445,0.8001662691368716,0.0,Hit+Run
10935176.145,E35,E12,0.3207294578600712,0.15953978770295413,5342.035,4232.693,1.0612,6.7148,0.05026955830377945,0.04537329337329338,Fragment
11010860.141,E35,P157,0.4348959521897319,0.0024999999999999905,5912.742,1059.189,1.991,14.089,0.9953891453677158,0.0,Hit+Run
11036845.135,E24,P324,0.2775000000000001,0.0025,5090.356,1059.189,1.7781,10.719,0.863520570023376,0.0,Hit+Run
11068908.642,E1,P345,0.5120216450216448,0.0025000000000000022,6243.430,1059.189,2.3695,17.769,0.43081311124768384,0.0,Merge
11121497.591,E1,P168,0.5145216450216448,0.0025,6253.575,1059.189,1.257,9.4429,0.8532774199104242,0.0,Merge
11121957.368,E60,P342,0.15584290153598163,0.0025,4199.744,1059.189,3.7881,18.570,0.767127748145012,0.0,Merge
11602319.089,E35,FRAG0020,0.4348959521897319,0.005671661671661672,5912.742,1391.758,1.2123,8.4115,0.6507294003884517,0.0,Merge
11697356.802,E35,P86,0.4405676138613936,0.0025,5938.335,1059.189,2.236,15.896,0.16709596240309085,0.0,Merge
11728748.571,P73,P541,0.0025,0.0025,1059.189,1059.189,6.3375,8.6987,0.85275,0.0,Hit+Run
11730533.89,E28,P253,0.03,0.0025000000000000022,2424.939,1059.189,10.860,29.635,0.9386895662403292,0.0,Hit+Run
11798663.495,P73,FRAG0022,0.0025,0.005671661671661672,1059.189,1391.758,2.5741,4.1992,0.5723894183227027,0.0,Hit+Run
12011975.43,E1,P385,0.5170216450216447,0.0025,6263.687,1059.189,2.2515,16.942,0.8670771945509588,0.0,Hit+Run
12101724.889,E35,P209,0.4430676138613936,0.0025,5949.546,1059.189,1.2001,8.5489,0.5852998358554546,0.0,Merge
12110566.04,E35,E45,0.4455676138613936,0.037500000000000006,5960.715,2612.187,1.2393,8.3113,0.8412401300360539,0.010694971694971696,Hit+Run+Frag
12152652.592,E1,E28,0.5170216450216447,0.03,6263.687,2424.939,1.3308,9.4340,0.8212566518170998,0.024471528471528472,Hit+Run+Frag
12152669.025,E1,FRAG0024,0.5170223110223108,0.006117882117882118,6263.690,1427.340,1.0496,7.7338,0.9569375570987421,0.0,Hit+Run
12180236.879,E1,P192,0.5170223110223108,0.0024999999999999905,6263.690,1059.189,1.8782,14.133,0.8462064928914945,0.0,Merge
12288051.651,P22,P478,0.0025,0.0025,1059.189,1059.189,13.924,19.113,0.8189000000000001,0.0,Graze+Frag
12319081.69,E1,P205,0.5195223110223107,0.0025000000000000022,6273.769,1059.189,1.6294,12.282,0.7383462514953819,0.0,Merge
12398405.476,E48,P394,0.07,0.0025,3216.324,1059.189,2.9078,10.697,0.5684122518134664,0.0,Merge
12399542.006,E1,FRAG0026,0.5220223110223108,0.006117882117882118,6283.817,1427.340,1.1082,8.1938,0.6372512806298214,0.0,Merge
12582998.603,P18,P88,0.0025,0.0025,1059.189,1059.189,3.7734,5.1793,0.80905,0.0,Hit+Run
12642249.582,E35,E50,0.4455674473612271,0.05500000000000001,5960.714,2967.891,1.0951,7.3257,0.8646721726063052,0.0,Hit+Run
12660278.33,E1,P148,0.5281401931401929,0.0025,6308.269,1059.189,2.2259,16.877,0.9368056578999593,0.0,Hit+Run
12678756.841,E1,P148,0.5281401931401929,0.0025,6308.269,1059.189,1.1168,8.4678,0.7751486720563322,0.0,Merge
12694803.141,P45,P587,0.0025,0.0025,1059.189,1059.189,17.050,23.402,0.72535,0.0,Graze+Frag
12740736.391,E50,P17,0.05500000000000001,0.0075001665001665,2967.891,1527.627,3.4809,11.595,0.6797304584312481,0.0,Hit+Run
12921282.995,E1,P280,0.5306401931401928,0.0024999999999999905,6318.207,1059.189,1.9178,14.565,0.39232952895428336,0.0,Merge
13248787.285,P89,P245,0.0025,0.0025000000000000022,1059.189,1059.189,10.906,14.970,0.5821499999999997,0.0,Graze+Frag
13340585.911,E1,P385,0.5331401931401928,0.0025,6328.114,1059.189,1.6199,12.323,0.5374435367339077,0.0,Merge
13407123.376,P15,P244,0.0025,0.0025000000000000022,1059.189,1059.189,14.083,19.330,0.6359999999999999,0.0,Graze+Frag
13410153.272,E1,P12,0.5356401931401927,0.005,6337.990,1334.495,2.0939,15.703,0.7443693013650375,0.0,Merge
13825759.357,E1,P286,0.5406401931401927,0.0025,6357.650,1059.189,1.582,12.095,0.6634659974414638,0.0,Merge
13847846.784,E1,E45,0.5431401931401927,0.026805194805194804,6367.434,2335.609,1.1031,7.9754,0.8955920384803997,0.0,Hit+Run
14417855.491,E1,P104,0.5431401931401927,0.0024999999999999905,6367.434,1059.189,1.9508,14.939,0.6737287013488752,0.0,Merge
14432999.164,E35,P246,0.4455674473612271,0.0025,5960.714,1059.189,1.8385,13.122,0.9142434024914569,0.0,Hit+Run
14616527.423,E35,P308,0.4455674473612271,0.0025,5960.714,1059.189,1.3041,9.3083,0.6356483803335233,0.0,Merge
14797803.966,P65,P398,0.0025,0.0025,1059.189,1059.189,10.022,13.756,0.29475,0.0,Merge
15173207.957,E1,FRAG0003,0.5456401931401926,0.005963036963036963,6377.189,1415.195,1.9294,14.503,0.828780917367456,0.0,Hit+Run
15196901.782,E0,P355,0.035,0.0025,2552.798,1059.189,3.5922,10.340,0.7501519881060715,0.0,Hit+Run
15240837.997,P18,P355,0.0025,0.0025,1059.189,1059.189,9.1325,12.535,0.0989,0.0,Merge
15296945.365,E1,FRAG0003,0.5456401931401926,0.005963036963036963,6377.189,1415.195,1.719,12.921,0.31941660121311155,0.0,Merge
15408626.037,E50,FRAG0023,0.05500000000000001,0.010694971694971696,2967.891,1719.440,1.3779,4.6086,0.8614951281227975,0.0,Hit+Run
15413535.859,E35,FRAG0002,0.4480674473612271,0.005963036963036963,5971.842,1415.195,1.9235,13.472,0.9832834510007323,0.0,Hit+Run
15437027.272,E35,FRAG0002,0.4480674473612271,0.005963036963036963,5971.842,1415.195,1.0309,7.2207,0.92111581359059,0.0,Hit+Run
15467596.685,E28,P467,0.005527805527805528,0.0025,1379.890,1059.189,12.304,19.943,0.49655191335318727,0.007990995670995671,Fragment
15509199.795,E48,P157,0.07250000000000001,0.0024999999999999905,3254.167,1059.189,2.6796,9.9827,0.5465160015274603,0.0,Merge
15518227.931,E50,P384,0.05500000000000001,0.0025,2967.891,1059.189,6.2464,21.087,0.3236830466484702,0.007751581751581751,Fragment
16043903.663,E35,P182,0.4480674473612271,0.0025,5971.842,1059.189,1.1004,7.8700,0.2831749506607019,0.0,Merge
16143373.953,E1,P199,0.5516032301032296,0.0025,6400.336,1059.189,1.1719,9.0237,0.9984643894333393,0.0,Hit+Run
16278141.952,E1,P33,0.5516032301032296,0.0025,6400.336,1059.189,3.0681,23.624,0.7909121544896899,0.0,Merge
16305536.041,E1,E28,0.5541032301032296,0.008027639027639028,6409.990,1562.631,1.1033,8.2769,0.8374467671096194,0.0,Hit+Run
16325824.777,E35,P246,0.4505674473612271,0.0025,5982.928,1059.189,1.4398,10.317,0.9941077563308343,0.0,Hit+Run
16578036.866,E35,P204,0.4505674473612271,0.0025000000000000022,5982.928,1059.189,1.8368,13.162,0.5123890161893224,0.0,Merge
16645630.345,E1,P42,0.5541032301032296,0.0025,6409.990,1059.189,1.2536,9.6683,0.7742607788985426,0.0,Merge
16975776.986,E1,E45,0.5566032301032295,0.026805194805194804,6419.616,2335.609,1.5117,11.024,0.5664221516572392,0.0,Merge
17078874.409,E1,E28,0.5834084249084244,0.008027639027639028,6521.058,1562.631,1.035,7.9094,0.38559941065583503,0.0,Merge
17291945.095,E1,P420,0.5914360639360634,0.0025,6550.831,1059.189,1.7454,13.776,0.8100282664141203,0.0,Merge
17524773.811,P65,P530,0.005,0.0025,1334.495,1059.189,18.498,29.254,0.8911186548953318,0.0,Graze+Frag
17529578.925,E50,P496,0.04974841824841826,0.0025,2870.253,1059.189,4.5916,14.958,0.9574710464291821,0.0,Hit+Run
17601194.793,P89,P348,0.005,0.0025,1334.495,1059.189,16.689,26.393,0.4535316727711164,0.0074896237096237096,Fragment
17767814.156,E1,P199,0.5939360639360634,0.0025,6560.049,1059.189,2.3505,18.579,0.9178959051942586,0.0,Hit+Run
17880042.445,E1,P199,0.5939360639360634,0.0025,6560.049,1059.189,1.0411,8.2295,0.6349762968584238,0.0,Merge
17949888.586,E1,P15,0.5964360639360633,0.005,6569.240,1334.495,2.4788,19.318,0.4835667585089216,0.0,Merge
17998426.133,E1,P496,0.6014360639360633,0.0025,6587.546,1059.189,1.2194,9.6819,0.5783146786233401,0.0,Merge
18063516.407,E1,FRAG0024,0.6039360639360632,0.006117882117882118,6596.661,1427.340,1.4775,11.509,0.9681239626125696,0.0,Hit+Run
18220351.226,E35,E48,0.4530674473612271,0.075,5993.973,3291.149,1.2279,8.2731,0.9010530229369388,0.0,Hit+Run
18561459.374,E1,FRAG0024,0.6039360639360632,0.006117882117882118,6596.661,1427.340,1.2851,10.011,0.9294845041862867,0.0,Hit+Run
18574817.309,E51,P332,0.030000000000000002,0.0025,2424.939,1059.189,5.5621,15.177,0.8779987304902315,0.0,Hit+Run
18650623.644,E35,P246,0.4530674473612271,0.0025,5993.973,1059.189,1.8208,13.073,0.6577666170294577,0.0,Merge
18753926.082,E1,P65,0.6039360639360632,0.0075001665001665,6596.661,1527.627,2.0752,16.084,0.9534938317208057,0.0,Hit+Run
18915946.785,E0,P510,0.035,0.0025,2552.798,1059.189,4.6842,13.484,0.024383120020406514,0.006153180153180153,Fragment
18957961.483,E35,P418,0.4555674473612271,0.0025,6004.977,1059.189,1.6926,12.177,0.923251914096803,0.0,Hit+Run
18975851.334,E1,P307,0.6039360639360632,0.0025,6596.661,1059.189,2.5304,20.120,0.8663886857407144,0.0,Hit+Run
19215489.857,E35,P145,0.4555674473612271,0.0025000000000000022,6004.977,1059.189,2.4096,17.335,0.40522436925692473,0.0,Merge
19708471.316,P17,P370,0.0075001665001665,0.0025,1527.627,1059.189,9.042,15.883,0.8274101141324832,0.0,Graze+Frag
20054721.104,E48,FRAG0016,0.075,0.005671661671661672,3291.149,1391.758,1.3034,4.8332,0.40790531576676287,0.0,Merge
20209944.389,P18,P307,0.005,0.0025,1334.495,1059.189,5.303,8.3864,0.7413723644142971,0.0,Graze+Frag
20319275.033,P71,P259,0.0025000000000000022,0.0025,1059.189,1059.189,6.264,8.5978,0.7962000000000001,0.0,Hit+Run
20372031.128,E1,P210,0.6039360639360632,0.0025,6596.661,1059.189,2.1786,17.323,0.8639760668246784,0.0,Hit+Run
20483779.802,E35,P431,0.4580674473612271,0.0025,6015.942,1059.189,1.9004,13.698,0.8022523610812967,0.0,Merge
20540113.63,E1,P210,0.6039360639360632,0.0025,6596.661,1059.189,1.0555,8.3928,0.906283062816592,0.0,Hit+Run
20598993.02,E1,P210,0.6039360639360632,0.0025,6596.661,1059.189,1.0109,8.0382,0.8741435322565436,0.0,Graze+Merge
20782593.837,E1,P541,0.6064360639360632,0.0025,6605.750,1059.189,2.1646,17.237,0.8086397772412057,0.0,Merge
20841223.608,E35,P288,0.4605674473612271,0.0025,6026.866,1059.189,1.35,9.7501,0.2456315542206967,0.0,Merge
20933717.471,E35,P259,0.4630674473612271,0.0025,6037.752,1059.189,1.3715,9.9245,0.9286831031142638,0.0,Hit+Run
21053146.534,E1,P115,0.6089360639360631,0.0025,6614.815,1059.189,2.0368,16.243,0.2867797187976785,0.0,Merge
21239648.276,E1,FRAG0017,0.6114360639360631,0.005671661671661672,6623.855,1391.758,1.8064,14.160,0.5736653967568951,0.0,Merge
21449714.479,E1,P234,0.6171077256077248,0.0025,6644.273,1059.189,5.5365,44.361,0.5131040526664484,0.0,Merge
21453316.807,P78,P105,0.0025,0.0025,1059.189,1059.189,25.526,35.036,0.4616,0.0,Merge
21748308.63,E50,P253,0.04974841824841826,0.0025000000000000022,2870.253,1059.189,4.7763,15.560,0.38523819796059705,0.0,Merge
21811374.718,E21,FRAG0024,0.0425,0.006117882117882118,2723.475,1427.340,2.092,6.3966,0.7716090847713397,0.0,Hit+Run
22172715.882,E1,P325,0.6196077256077247,0.0025,6653.233,1059.189,1.6446,13.196,0.5208767962711548,0.0,Merge
22226959.283,E18,E41,0.07587860658482712,0.027500000000000004,3303.951,2355.617,1.4568,5.5626,0.8810429857886577,0.0,Hit+Run
22992455.96,E35,P259,0.4630674473612271,0.0025,6037.752,1059.189,1.3971,10.109,0.8878469094998589,0.0,Hit+Run
23074559.01,E35,P185,0.4630674473612271,0.0025,6037.752,1059.189,2.4726,17.892,0.8813811788442446,0.0,Hit+Run
23213956.433,E35,FRAG0022,0.4630674473612271,0.005671661671661672,6037.752,1391.758,1.679,11.914,0.19666651470956822,0.0,Merge
23811860.653,E35,P259,0.4687391090328888,0.0025,6062.302,1059.189,1.0137,7.3671,0.49637468307032007,0.0,Merge
23844001.683,E35,FRAG0010,0.4712391090328888,0.006441225441225442,6073.060,1452.055,1.5999,11.388,0.7756449396818956,0.0,Merge
24567731.15,P88,P181,0.0025,0.0025,1059.189,1059.189,8.5782,11.774,0.79565,0.0,Graze+Frag
25466979.566,E50,P196,0.05224841824841826,0.0025,2917.549,1059.189,5.8531,19.402,0.6616088804808086,0.0,Merge
25738910.296,P45,P232,0.005,0.0025,1334.495,1059.189,17.358,27.451,0.9421305148320954,0.0,Hit+Run
26513411.648,E1,FRAG0027,0.6221077256077246,0.006117882117882118,6662.170,1427.340,1.5398,12.123,0.835251147583768,0.0,Hit+Run
26536959.893,E1,P185,0.6221077256077246,0.0025,6662.170,1059.189,1.568,12.599,0.9849129053871497,0.0,Hit+Run
26561751.368,E1,P185,0.6221077256077246,0.0025,6662.170,1059.189,1.0309,8.2838,0.8420293511759259,0.0,Merge
26977585.566,E0,P142,0.031346819846819855,0.0025,2460.698,1059.189,1.1329,3.1386,0.8726668056019741,0.0,Hit+Run
27540179.126,E35,P213,0.47768033447411423,0.0025,6100.605,1059.189,3.3891,24.796,0.7866256919330594,0.0,Merge
27635152.648,E1,P106,0.6246077256077246,0.0025,6671.082,1059.189,1.9967,16.067,0.41837345373621165,0.0,Merge
27698463.476,E1,P197,0.6271077256077245,0.0025,6679.970,1059.189,2.2525,18.151,0.39531762249345165,0.0,Merge
28015740.266,P18,FRAG0021,0.007499833499833501,0.005671661671661672,1527.604,1391.758,8.1209,15.411,0.579988487381507,0.0076436896436896445,Graze+Frag
28222713.71,E1,P121,0.6296077256077245,0.0025,6688.835,1059.189,2.1148,17.065,0.3309874961142091,0.0,Merge
28457734.198,E35,P206,0.48018033447411423,0.0025,6111.230,1059.189,2.5161,18.443,0.3341803279853391,0.0,Merge
28811727.618,P45,FRAG0025,0.005,0.006117882117882118,1334.495,1427.340,5.7278,10.267,0.6171321803828413,0.00559007659007659,Graze+Frag
28980519.424,E24,P17,0.2775000000000001,0.01,5090.356,1681.359,1.3385,7.7919,0.6375239983812044,0.0,Merge
29567062.065,P73,FRAG0031,0.0025,0.00559007659007659,1059.189,1385.053,16.398,26.654,0.9086287288722481,0.0,Hit+Run
29894844.905,E0,P151,0.031346819846819855,0.0025,2460.698,1059.189,6.4213,17.789,0.5519968835242479,0.009762237762237762,Fragment
30063630.846,E48,E51,0.08067166167166168,0.030000000000000002,3372.103,2424.939,3.3526,13.087,0.5064806856455896,0.04945188145188145,Fragment
30492773.909,P89,P218,0.0075001665001665,0.0025000000000000022,1527.627,1059.189,14.534,25.531,0.7667022704861914,0.00957028971028971,Graze+Frag
30518946.588,P45,FRAG0030,0.005527805527805528,0.0076436896436896445,1379.890,1537.310,4.1264,7.8336,0.5315311978237565,0.011232500832500833,Graze+Frag
31081018.796,E1,P153,0.6321077256077244,0.0025,6697.677,1059.189,3.4234,27.664,0.7248673857982588,0.0,Merge
31367809.65,E35,P73,0.48268033447411424,0.0025,6121.817,1059.189,2.2314,16.386,0.9606836088643036,0.0,Hit+Run
31524747.977,P144,P408,0.0025,0.0025,1059.189,1059.189,28.457,39.059,0.8617,0.0,Graze+Frag
31561032.272,E35,P73,0.48268033447411424,0.0025,6121.817,1059.189,1.0388,7.6286,0.9337445707596697,0.0,Hit+Run
31819364.876,E35,P242,0.48268033447411424,0.0025,6121.817,1059.189,3.7335,27.417,0.2720331347844523,0.0,Merge
32038965.394,E1,P382,0.6346077256077244,0.0025,6706.495,1059.189,4.035,32.652,0.30891200174213357,0.0,Merge
32333895.749,E1,FRAG0041,0.6371077256077243,0.0076436896436896445,6715.290,1537.310,1.9575,15.458,0.990539025275196,0.0,Hit+Run
32392721.049,E1,FRAG0041,0.6371077256077243,0.0076436896436896445,6715.290,1537.310,1.0304,8.1369,0.611509141127339,0.0,Merge
32645956.886,E0,P502,0.024084582084582095,0.0025,2253.755,1059.189,10.648,26.949,0.7836232640255376,0.006277722277722278,Graze+Frag
32889885.337,E1,FRAG0031,0.644751415251414,0.00559007659007659,6742.039,1385.053,2.0579,16.446,0.8007895317185878,0.0,Merge
33067013.154,E1,FRAG0027,0.6503414918414906,0.006117882117882118,6761.468,1427.340,1.9981,15.983,0.6826030546119797,0.0,Merge
33584574.004,E1,P18,0.6564593739593727,0.0055278055278055295,6782.604,1379.890,1.7151,13.799,0.3724306276839658,0.0,Merge
34311486.675,E0,P369,0.020306859806859815,0.0025,2129.159,1059.189,4.2508,10.157,0.8438907699681161,0.0,Hit+Run
34351594.172,P164,P203,0.0025,0.0025,1059.189,1059.189,19.514,26.784,0.55545,0.0,Graze+Frag
34767754.514,E1,P232,0.6619871794871782,0.0025,6801.588,1059.189,2.3018,18.907,0.6858021906010096,0.0,Merge
36167097.965,P52,P292,0.0025,0.0025,1059.189,1059.189,8.3367,11.442,0.3969,0.0,Merge
36308427.44,E35,P369,0.48518033447411424,0.0025,6132.368,1059.189,1.7124,12.598,0.6478095649467356,0.0,Merge
36330887.871,E24,FRAG0040,0.2875000000000001,0.0061814851814851815,5150.781,1432.269,2.9903,17.844,0.6989453691400344,0.0,Merge
36585308.833,P9,P490,0.007499833499833501,0.0025,1527.604,1059.189,12.791,22.468,0.8914786517971458,0.0,Hit+Run
37174118.354,P144,P328,0.005,0.0025,1334.495,1059.189,17.404,27.524,0.912805664201781,0.0,Hit+Run
37373773.578,E1,P84,0.6644871794871782,0.0025,6810.140,1059.189,2.1613,17.777,0.3814695457958406,0.0,Merge
37814133.011,E1,P328,0.6669871794871781,0.0025,6818.670,1059.189,2.1886,18.025,0.9113360352667242,0.0,Hit+Run
38028353.408,E1,P65,0.6669871794871781,0.0075001665001665,6818.670,1527.627,3.0955,24.861,0.399171266861904,0.0,Merge
38383707.034,E35,P113,0.48768033447411424,0.0025,6142.883,1059.189,1.8611,13.717,0.7075929118411283,0.0,Merge
38673331.533,E35,P108,0.49018033447411424,0.0025000000000000022,6153.362,1059.189,2.3623,17.443,0.5408947553940034,0.0,Merge
39408723.914,E1,E0,0.6744873459873446,0.020306859806859815,6844.133,2129.159,1.6818,13.221,0.6541872115804296,0.0,Merge
39588096.641,E35,P373,0.49268033447411425,0.0025,6163.805,1059.189,3.1007,22.937,0.8186269330659676,0.0,Merge
40961918.388,E1,FRAG0042,0.6947942057942045,0.006277722277722278,6912.140,1439.664,2.0522,16.798,0.6506767195854164,0.0,Merge
41432947.088,E1,P137,0.7010719280719268,0.0025,6932.896,1059.189,4.2869,35.935,0.7636339784729035,0.0,Merge
42292181.543,E24,P281,0.2936814851814853,0.0025,5187.435,1059.189,1.7653,10.860,0.5158681197740413,0.0,Merge
42480121.986,E1,P144,0.7035719280719267,0.005,6941.127,1334.495,2.3209,19.186,0.7582243759139969,0.0,Merge
42827170.513,E1,P45,0.7085719280719267,0.005527805527805528,6957.531,1379.890,2.9008,23.984,0.5717954892261471,0.0,Merge
44431845.76,E1,P20,0.7140997335997322,0.005,6975.577,1334.495,1.8396,15.288,0.9749773521648228,0.0,Hit+Run
44434551.189,E1,P20,0.7140997335997322,0.005,6975.577,1334.495,1.022,8.4937,0.917897317772048,0.0,Graze+Merge
47580203.799,E35,FRAG0032,0.49518033447411425,0.009762237762237762,6174.213,1667.926,2.305,16.524,0.9842978412143583,0.0,Hit+Run
47659787.514,P164,FRAG0018,0.005,0.005671661671661672,1334.495,1391.758,7.6681,13.554,0.7153521716397515,0.009962211122211122,Graze+Frag
48751383.706,E1,P586,0.7190997335997322,0.0025,6991.819,1059.189,2.9912,25.300,0.24906862362862203,0.0,Merge
50029844.598,E1,P299,0.7215997335997322,0.0025,6999.913,1059.189,1.5984,13.536,0.9272877083329247,0.0,Hit+Run
50118238.308,E1,P299,0.7215997335997322,0.0025,6999.913,1059.189,1.1137,9.4315,0.8807322370265882,0.0,Hit+Run
50236024.515,E35,P117,0.49518033447411425,0.0025,6174.213,1059.189,2.58,19.119,0.6762832175399017,0.0,Merge
54112533.344,E35,P71,0.49768033447411425,0.0025000000000000022,6184.586,1059.189,2.1464,15.934,0.9511101598764575,0.0,Hit+Run
56458305.124,P156,P114,0.0025000000000000022,0.0025,1059.189,1059.189,19.405,26.635,0.40320000000000006,0.0,Merge
56636709.07,E1,P267,0.7215997335997322,0.0025,6999.913,1059.189,1.8961,16.057,0.42004152842806514,0.0,Merge
59552308.924,E24,FRAG0015,0.2961814851814853,0.005671661671661672,5202.113,1391.758,1.8738,11.326,0.24938124600122707,0.0,Merge
65047126.941,E50,E16,0.054748418248418265,0.04,2963.359,2668.991,4.8669,17.834,0.6491415625450604,0.0650952380952381,Graze+Frag
65241599.876,E21,P378,0.0425,0.0025,2723.475,1059.189,5.3559,16.504,0.9516087690376179,0.0,Hit+Run
66828347.452,E1,P164,0.7240997335997321,0.010671661671661673,7007.987,1718.190,2.1031,17.241,0.4853129346943999,0.0,Merge
69477884.812,E1,P249,0.7347713952713938,0.0025,7042.247,1059.189,2.6176,22.309,0.9406251687833435,0.0,Hit+Run
77751010.633,E35,P627,0.49768033447411425,0.0025,6184.586,1059.189,3.213,23.853,0.48648345520431363,0.0,Merge
78546065.449,E1,FRAG0051,0.7347713952713938,0.005917748917748918,7042.247,1411.603,4.2255,35.336,0.6792464919974357,0.0,Merge
80419365.815,E24,FRAG0039,0.30185314685314696,0.0061814851814851815,5235.109,1432.269,3.0609,18.587,0.6180956655058847,0.0,Merge
81079349.645,E1,P650,0.7406891441891427,0.0025,7061.102,1059.189,4.1666,35.612,0.20191243195942715,0.0,Merge
85143722.376,E1,P249,0.7431891441891426,0.0025,7069.037,1059.189,2.2374,19.146,0.524770901578543,0.0,Merge
85386511.695,E1,FRAG0032,0.7456891441891426,0.009762237762237762,7076.955,1667.926,2.1137,17.552,0.8362168722234291,0.0,Hit+Run
85399947.979,E1,FRAG0032,0.7456891441891426,0.009762237762237762,7076.955,1667.926,1.0909,9.0587,0.833141652912049,0.0,Hit+Run
85892284.7,E35,P9,0.5001803344741143,0.007499833499833501,6194.925,1527.604,5.4796,39.693,0.2658452811739274,0.006953046953046953,Fragment
91191491.863,E1,P301,0.7456891441891426,0.0025,7076.955,1059.189,4.7453,40.655,0.9879378489013118,0.0,Hit+Run
91213803.903,E1,P301,0.7456891441891426,0.0025,7076.955,1059.189,1.0654,9.1278,0.7770072903887497,0.0,Merge
98199871.283,E1,FRAG0054,0.7481891441891425,0.006953046953046953,7084.855,1489.540,2.3307,19.541,0.3819068186648287,0.0,Merge
112089299.42,E1,E24,0.7551421911421895,0.30803463203463216,7106.734,5270.603,2.1131,17.497,0.7851242820533665,0.06433333333333333,Hit+Run+Frag
112089299.424,E24,FRAG0055,0.2436996336996337,0.0058484848484848485,4874.672,1406.074,0.946,5.3274,0.03896169783563013,0.0,Perfect
112089299.424,E24,FRAG0065,0.24954811854811856,0.0058484848484848485,4913.360,1406.074,0.9665,5.4894,0.03646474865244176,0.0,Perfect
122420115.434,E35,P257,0.5007271210209008,0.0025,6197.181,1059.189,4.3612,32.447,0.996315031318821,0.0,Hit+Run
123405549.453,E35,P257,0.5007271210209008,0.0025,6197.181,1059.189,1.1123,8.2756,0.9595916073974174,0.0,Hit+Run
127377758.601,E35,E48,0.5007271210209008,0.06121978021978022,6197.181,3075.797,3.8523,26.792,0.9579488729436239,0.0,Hit+Run
128253485.519,E35,E48,0.5007271210209008,0.06121978021978022,6197.181,3075.797,1.1496,7.9954,0.9246672670606935,0.0,Hit+Run
