time_yr,target,projectile,Mt_Mearth,Mp_Mearth,Rt_km,Rp_km,vimp/vesc,vimp_km/s,b,m_frag_Mearth,Regime
11132.575,E18,E14,0.03250000000000001,0.027500000000000004,2490.510,2355.617,1.3276,4.1735,0.6409066110534279,0.0,Hit+Run
20641.875,E0,P47,0.06750000000000003,0.0025,3177.569,1059.189,1.3676,4.9664,0.15000000000000002,0.0,Merge
26388.191,E45,P663,0.027500000000000004,0.0025,2355.617,1059.189,1.2158,3.2195,0.6217387202525058,0.0,Merge
35795.856,E14,P164,0.027500000000000004,0.0025000000000000022,2355.617,1059.189,1.6841,4.4596,0.9648573704839453,0.0,Hit+Run
45148.342,E15,P108,0.15763619402995485,0.0025,4215.791,1059.189,1.3915,6.8497,0.9680770221596622,0.0,Hit+Run
45151.161,P0,P83,0.0025,0.0025000000000000022,1059.189,1059.189,5.2568,7.2154,0.9472499999999998,0.0,Hit+Run
57479.159,E24,P215,0.025,0.0025,2281.955,1059.189,1.5853,4.0633,0.9941544026003316,0.0,Hit+Run
76381.9,E21,P282,0.08750000000000001,0.0025,3464.680,1059.189,1.0657,4.2467,0.8501117380565821,0.0,Hit+Run
84679.347,E15,E8,0.15763619402995485,0.03250000000000001,4215.791,2490.510,1.0023,4.7681,0.8718488664529106,0.0,Graze+Merge
89156.91,E21,E42,0.08750000000000001,0.025,3464.680,2281.955,1.0073,3.9818,0.63419666709997,0.0,Graze+Merge
100011.166,E15,P38,0.19013619402995485,0.0025,4487.613,1059.189,1.6276,8.5694,0.3120486499364424,0.0,Merge
112803.958,E34,P188,0.027500000000000004,0.0025,2355.617,1059.189,1.4251,3.7738,0.925813310164083,0.0,Hit+Run
148055.098,E21,P141,0.11250000000000002,0.0025,3767.425,1059.189,1.3767,6.0037,0.9481368134529032,0.0,Hit+Run
176819.11,E15,P118,0.19263619402995485,0.0025,4507.196,1059.189,1.1109,5.8764,0.8551418836610215,0.0,Hit+Run
177030.812,E48,P305,0.052500000000000005,0.0025,2922.224,1059.189,1.111,3.6892,0.9877720279392123,0.0,Hit+Run
186346.93,E1,P45,0.15999999999999992,0.0025,4236.759,1059.189,1.1563,5.7224,0.8752000000000001,0.0,Hit+Run
189161.14,E56,P422,0.030000000000000002,0.0025,2424.939,1059.189,1.6588,4.5263,0.6006443950955765,0.0,Merge
189432.456,E56,P489,0.0325,0.0025,2490.510,1059.189,1.0813,3.0334,0.630117215919787,0.0,Merge
202085.993,E15,E9,0.19263619402995485,0.052500000000000005,4507.196,2922.224,1.0582,5.4306,0.7707117633055266,0.0,Graze+Merge
202653.206,E15,P176,0.24513619402995485,0.0025,4884.232,1059.189,1.2754,7.3551,0.2674097741205076,0.0,Merge
204339.668,E1,P45,0.15999999999999992,0.0025,4236.759,1059.189,1.1181,5.5334,0.9788800000000001,0.0,Hit+Run
226648.814,E25,E34,0.085,0.027500000000000004,3431.364,2355.617,1.0352,4.0778,0.6155959373732436,0.0,Graze+Merge
237983.837,E14,P149,0.027500000000000004,0.0025,2355.617,1059.189,2.7795,7.3604,0.8019208502091846,0.0,Hit+Run
248436.807,E58,P557,0.0775,0.0025,3327.318,1059.189,1.2065,4.6033,0.8606333943597196,0.0,Hit+Run
283473.983,E15,P68,0.24763619402995485,0.0025,4900.780,1059.189,1.5355,8.8873,0.2588545859037267,0.0,Merge
311135.732,E1,P41,0.15999999999999992,0.0025,4236.759,1059.189,1.2443,6.1579,0.67448,0.0,Merge
316747.783,E52,P395,0.05500000000000001,0.0025,2967.891,1059.189,1.2446,4.2017,0.5876704494478373,0.0,Merge
345614.649,E0,P48,0.07000000000000003,0.0025000000000000022,3216.324,1059.189,1.3541,4.9817,0.8650307680787519,0.0,Hit+Run
371655.24,E48,E24,0.052500000000000005,0.025,2922.224,2281.955,1.1363,3.9176,0.41962007927069794,0.005872740592740593,Fragment
382129.766,E58,P417,0.0775,0.0025,3327.318,1059.189,1.1246,4.2908,0.9607599658875559,0.0,Hit+Run
382447.189,E50,P360,0.027500000000000004,0.0025,2355.617,1059.189,1.4548,3.8524,0.8920119151875238,0.0,Hit+Run
414454.302,E35,P365,0.027500000000000004,0.0025,2355.617,1059.189,1.7754,4.7014,0.8202701789107452,0.0,Hit+Run
421871.172,E48,P183,0.07162753912753914,0.0025,3241.060,1059.189,1.4977,5.5555,0.32069557367501655,0.0,Merge
440303.708,E15,P165,0.25013619402995485,0.0025,4917.216,1059.189,1.4926,8.6701,0.8897450389726534,0.0,Hit+Run
458089.084,E21,E32,0.11250000000000002,0.027500000000000004,3767.425,2355.617,1.0027,4.2835,0.7942733308586946,0.0,Graze+Merge
458218.937,E35,P264,0.027500000000000004,0.0025,2355.617,1059.189,1.5208,4.0272,0.701344454544239,0.0,Hit+Run
461563.828,E57,E92,0.0825,0.027500000000000004,3397.388,2355.617,1.7679,6.9065,0.867505370679584,0.0,Hit+Run
485475.802,E15,P9,0.25013619402995485,0.0025,4917.216,1059.189,1.531,8.8932,0.7592534880376962,0.0,Merge
510678.231,E25,E19,0.11250000000000002,0.03250000000000001,3767.425,2490.510,1.09,4.6876,0.9221197085945204,0.0,Hit+Run
526245.054,E15,FRAG1002,0.25263619402995485,0.007363805970045139,4933.544,1518.312,1.0011,5.6777,0.5299930605225948,0.0,Merge
537083.684,E49,P464,0.027500000000000004,0.0025,2355.617,1059.189,1.0863,2.8766,0.5656559975669087,0.0,Merge
582283.436,E19,P48,0.03250000000000001,0.0025000000000000022,2490.510,1059.189,1.0496,2.9445,0.8932214982601946,0.0,Hit+Run
588017.157,E25,P178,0.11250000000000002,0.0025,3767.425,1059.189,1.2985,5.6627,0.9377554685785117,0.0,Hit+Run
613748.778,E15,P147,0.26,0.0025,4981.020,1059.189,1.0126,5.9639,0.9476803388832225,0.0,Graze+Merge
625513.198,E35,P362,0.027500000000000004,0.0025,2355.617,1059.189,1.1592,3.0696,0.23260878338970925,0.0,Merge
648577.274,E21,E48,0.14,0.07412753912753914,4052.315,3278.337,0.9986,4.8218,0.94140215760926,0.0,Perfect
672539.251,E52,P563,0.05750000000000001,0.0025,3012.195,1059.189,1.1377,3.9020,0.749685258566068,0.0,Hit+Run
683469.781,E23,P167,0.027500000000000004,0.0025,2355.617,1059.189,3.016,7.9866,0.445143677109666,0.0,Merge
683750.69,E15,P48,0.2625,0.0025000000000000022,4996.934,1059.189,1.2949,7.6527,0.6685820271967159,0.0,Merge
687808.901,E25,P177,0.11250000000000002,0.0025,3767.425,1059.189,1.2435,5.4228,0.8145062689043424,0.0,Hit+Run
692149.768,E51,P305,0.025,0.0025,2281.955,1059.189,1.7818,4.5670,0.09042734467180813,0.0,Merge
696055.761,E21,E26,0.21412753912753915,0.025,4668.937,2281.955,1.0144,5.3157,0.4362712519280423,0.0,Merge
729836.416,E1,E0,0.16249999999999992,0.07000000000000003,4258.712,3216.324,1.0766,5.3643,0.3678141968842255,0.016652347652347653,Fragment
743605.799,E11,P242,0.025,0.0025,2281.955,1059.189,2.7744,7.1112,0.8064698533872436,0.0,Hit+Run
764348.322,E19,P92,0.03250000000000001,0.0025000000000000022,2490.510,1059.189,1.9059,5.3468,0.663934886343274,0.0,Merge
799585.747,E1,FRAG0003,0.2158476523476523,0.00555078255078255,4681.405,1381.800,1.0205,5.5094,0.3131640576240526,0.0,Merge
836781.238,E1,P37,0.22139843489843486,0.0025,4721.196,1059.189,1.5835,8.8048,0.9416441939635208,0.0,Hit+Run
856755.298,E57,P321,0.0825,0.0025,3397.388,1059.189,1.2826,5.0044,0.3251342198186122,0.0,Merge
875630.397,E31,P403,0.027500000000000004,0.0025,2355.617,1059.189,2.0449,5.4151,0.8893216000771446,0.0,Hit+Run
892550.673,E25,P215,0.11250000000000002,0.0025,3767.425,1059.189,1.1253,4.9074,0.7076486664002652,0.0,Merge
897787.909,E21,E35,0.23912753912753915,0.030000000000000002,4843.995,2424.939,1.0114,5.4982,0.4039031267992454,0.0,Merge
903176.168,E21,P346,0.2691275391275392,0.0025,5038.638,1059.189,1.0817,6.4500,0.5594054228307942,0.0,Merge
913317.489,E21,P129,0.2716275391275392,0.0025,5054.192,1059.189,1.1481,6.8686,0.4246148988479062,0.0,Merge
926737.145,E21,P307,0.2741275391275392,0.0025,5069.651,1059.189,1.3465,8.0820,0.9696196995894465,0.0,Hit+Run
981818.148,E1,P43,0.22139843489843486,0.0025,4721.196,1059.189,1.2729,7.0778,0.9039914943870455,0.0,Hit+Run
1030228.744,E21,P345,0.2741275391275392,0.0025,5069.651,1059.189,1.1826,7.0982,0.3639589385935476,0.0,Merge
1055242.54,E57,P487,0.085,0.0025,3431.364,1059.189,1.052,4.1488,0.710640293594859,0.0,Merge
1066077.756,E1,E17,0.22139843489843486,0.035,4721.196,2552.798,1.225,6.4977,0.7708133952663487,0.0,Hit+Run
1066081.39,E1,E17,0.22139843489843486,0.035,4721.196,2552.798,1.0476,5.5567,0.18653736089554449,0.007116550116550117,Fragment
1066092.027,E1,FRAG0005,0.2492818847818847,0.007116550116550117,4911.612,1501.125,1.0401,5.8758,0.40884544451263743,0.0,Merge
1078955.154,E15,P168,0.265,0.0025,5012.747,1059.189,1.2688,7.5240,0.23503687448009541,0.0,Merge
1083096.95,E15,P182,0.2675,0.0025,5028.461,1059.189,1.2417,7.3880,0.905967855925736,0.0,Hit+Run
1103507.8,E25,P257,0.11500000000000002,0.0025,3795.128,1059.189,1.3878,6.1001,0.9581797079819034,0.0,Hit+Run
1112503.024,E15,P182,0.2675,0.0025,5028.461,1059.189,1.1139,6.6276,0.4579399884438622,0.0,Merge
1119052.986,E25,P175,0.11500000000000002,0.0025,3795.128,1059.189,1.5134,6.6522,0.23751223505621927,0.0,Merge
1123960.025,E21,P316,0.2766275391275392,0.0025000000000000022,5085.016,1059.189,1.0084,6.0723,0.9438082453485639,0.0,Graze+Merge
1126471.896,E39,P221,0.025,0.0025,2281.955,1059.189,1.1109,2.8474,0.5891437123406472,0.0,Merge
1143613.796,E15,P67,0.27,0.0025,5044.077,1059.189,1.5988,9.5445,0.133472525849855,0.0,Merge
1206599.175,E15,P150,0.2725,0.0025,5059.598,1059.189,1.0123,6.0631,0.2516242901564706,0.0,Merge
1235151.611,E14,P143,0.027500000000000004,0.0025,2355.617,1059.189,2.0668,5.4730,0.6405019435864325,0.0,Merge
1276166.925,E21,P190,0.2791275391275392,0.0025,5100.288,1059.189,1.1532,6.9667,0.5474994003435817,0.0,Merge
1280838.106,E23,P20,0.030000000000000002,0.0025,2424.939,1059.189,2.5184,6.8718,0.8303230166269094,0.0,Hit+Run
1301028.43,E14,P233,0.030000000000000002,0.0025,2424.939,1059.189,4.8497,13.233,0.9910980516988422,0.0,Hit+Run
1314687.577,E66,P501,0.027500000000000004,0.0025,2355.617,1059.189,1.0865,2.8771,0.4007189865690454,0.0,Merge
1316972.488,E21,P357,0.2816275391275392,0.0025,5115.470,1059.189,1.3975,8.4695,0.7072578566425873,0.0,Merge
1336311.267,E21,P188,0.2841275391275392,0.0025,5130.562,1059.189,1.1033,6.7076,0.5219457808186494,0.0,Merge
1341916.38,E1,P166,0.25639843489843483,0.0025,4957.913,1059.189,1.3012,7.6255,0.9801124777379753,0.0,Hit+Run
1345174.148,E21,E38,0.2866275391275392,0.025,5145.566,2281.955,1.1153,6.4542,0.40042120647475943,0.0,Merge
1423662.495,P3,P100,0.0025,0.0025,1059.189,1059.189,10.822,14.855,0.9465500000000001,0.0,Hit+Run
1436764.043,E25,P195,0.11750000000000002,0.0025,3822.432,1059.189,1.5236,6.7489,0.5567307809760954,0.0,Merge
1479891.831,E19,P180,0.03500000000000001,0.0025,2552.798,1059.189,2.378,6.8456,0.9661369584897304,0.0,Hit+Run
1493842.515,E21,P331,0.3116275391275392,0.0025,5291.016,1059.189,1.0113,6.3547,0.1636412378867084,0.0,Merge
1519428.968,E57,P469,0.08750000000000001,0.0025,3464.680,1059.189,1.5248,6.0762,0.6601002766044757,0.0,Merge
1528975.144,E57,P300,0.09000000000000001,0.0025000000000000022,3497.368,1059.189,1.5792,6.3569,0.9150683957158191,0.0,Hit+Run
1529066.586,E49,E50,0.030000000000000002,0.027500000000000004,2424.939,2355.617,1.0352,3.2075,0.7883179085269008,0.0,Graze+Merge
1549689.963,E1,P91,0.25639843489843483,0.0025000000000000022,4957.913,1059.189,1.3274,7.7791,0.9560525497430624,0.0,Hit+Run
1599837.402,E66,P468,0.030000000000000002,0.0025,2424.939,1059.189,2.7114,7.3985,0.4781491302788657,0.0,Merge
1602311.523,E57,P401,0.09000000000000001,0.0025,3497.368,1059.189,1.0129,4.0773,0.5681375830471812,0.0,Merge
1624614.098,E23,P284,0.030000000000000002,0.0025,2424.939,1059.189,1.9974,5.4502,0.3244036530174371,0.0,Merge
1639764.973,E25,P233,0.12000000000000002,0.0025,3849.351,1059.189,1.5281,6.8202,0.6926970588469952,0.0,Merge
1746209.549,E46,P614,0.025,0.0025,2281.955,1059.189,1.7872,4.5808,0.8051721800120439,0.0,Hit+Run
1771625.628,E18,P296,0.03250000000000001,0.0025,2490.510,1059.189,2.2636,6.3503,0.3545944114529121,0.0,Merge
1796305.916,E21,P229,0.3141275391275392,0.0025,5305.127,1059.189,1.0568,6.6596,0.5379884567783988,0.0,Merge
1814836.484,E21,P186,0.3166275391275392,0.0025,5319.164,1059.189,1.084,6.8503,0.9891361535307545,0.0,Hit+Run
1873322.796,E21,P326,0.3166275391275392,0.0025,5319.164,1059.189,1.2086,7.6377,0.29746637380020247,0.0,Merge
1927956.493,E1,P158,0.25639843489843483,0.0025,4957.913,1059.189,1.4442,8.4636,0.6086667400630873,0.0,Merge
1933523.28,E15,E14,0.275,0.030000000000000002,5075.023,2424.939,1.0119,5.7652,0.5483082425386967,0.0,Merge
2053700.403,E66,P494,0.0325,0.0025,2490.510,1059.189,1.4296,4.0106,0.6407115483553607,0.0,Merge
2094196.637,E25,P230,0.12250000000000003,0.0025,3875.899,1059.189,1.1646,5.2365,0.8135707379875076,0.0,Hit+Run
2127838.464,E25,P230,0.12250000000000003,0.0025,3875.899,1059.189,1.0539,4.7387,0.9779498821720672,0.0,Hit+Run
2243712.396,E15,P81,0.30500000000000005,0.0025,5253.238,1059.189,1.3497,8.4162,0.56298711135333,0.0,Merge
2267687.1,E1,P110,0.25889843489843484,0.0025,4973.975,1059.189,2.2162,13.033,0.6231108258065517,0.0,Merge
2436440.484,P11,P21,0.0025,0.0025000000000000022,1059.189,1059.189,16.226,22.272,0.7149999999999997,0.0,Graze+Frag
2436638.032,E15,P107,0.30750000000000005,0.0025,5267.552,1059.189,1.6804,10.508,0.4182908365507142,0.0,Merge
2442775.024,E31,E39,0.027500000000000004,0.0275,2355.617,2355.617,1.0207,3.1157,0.9903999999999998,0.0,Graze+Merge
2448253.621,E61,P433,0.027500000000000004,0.0025,2355.617,1059.189,1.4092,3.7317,0.9974170815634064,0.0,Hit+Run
2576034.234,E25,P51,0.12250000000000003,0.0025,3875.899,1059.189,1.5311,6.8844,0.6040324882577391,0.0,Merge
2598300.075,E15,P14,0.31000000000000005,0.0025,5281.789,1059.189,1.6551,10.380,0.7680734686576615,0.0,Merge
2634757.776,E15,P102,0.31250000000000006,0.0025,5295.949,1059.189,1.0674,6.7139,0.9301666666666667,0.0,Hit+Run
2671852.854,E19,P232,0.03500000000000001,0.0025,2552.798,1059.189,2.9373,8.4556,0.505048625118333,0.0,Merge
2685937.369,E21,P385,0.3191275391275392,0.0025,5333.127,1059.189,1.3746,8.7112,0.7175002875666678,0.0,Merge
2804379.718,E1,P11,0.26139843489843484,0.005,4989.934,1334.495,1.6815,9.7501,0.7190098003094859,0.0,Merge
2839226.679,E1,P32,0.26639843489843484,0.0025,5021.549,1059.189,3.6791,21.858,0.4975519156060183,0.0,Merge
2908360.762,E15,P280,0.31250000000000006,0.0025,5295.949,1059.189,1.2544,7.8901,0.7508333333333332,0.0,Merge
2948870.431,E27,P317,0.04910639105223324,0.0025,2857.852,1059.189,1.5902,5.1568,0.9855362337206593,0.0,Hit+Run
2983890.647,E1,P180,0.26889843489843485,0.0025,5037.208,1059.189,1.364,8.1309,0.9437538613131237,0.0,Hit+Run
3082327.299,E51,P391,0.0275,0.0025,2355.617,1059.189,2.7839,7.3720,0.5546188073704812,0.0,Merge
3094979.492,P5,P52,0.0025,0.0025,1059.189,1059.189,7.4906,10.281,0.74095,0.0,Graze+Frag
3136464.142,E23,P34,0.0325,0.0025,2490.510,1059.189,3.6876,10.345,0.9640140904952537,0.0,Hit+Run
3139052.753,E1,P148,0.26889843489843485,0.0025,5037.208,1059.189,1.42,8.4647,0.40313212128757925,0.0,Merge
3166908.602,E18,P315,0.03500000000000001,0.0025,2552.798,1059.189,1.1517,3.3154,0.6754477624203623,0.0,Merge
3177187.213,E15,E19,0.31500000000000006,0.03750000000000001,5310.034,2612.187,0.9985,5.9506,0.5874254202137319,0.0,Perfect
3202910.664,E15,P128,0.3525000000000001,0.0025,5512.901,1059.189,1.7703,11.624,0.5564832547484883,0.0,Merge
3225383.575,E15,P209,0.3550000000000001,0.0025,5525.903,1059.189,1.2835,8.4490,0.7490283178310895,0.0,Merge
3259751.578,P0,P33,0.0025,0.0025,1059.189,1059.189,5.9766,8.2034,0.8776499999999999,0.0,Hit+Run
3293015.722,E1,P34,0.27139843489843485,0.0025,5052.771,1059.189,1.2621,7.5484,0.6451583280866938,0.0,Merge
3350818.444,E15,P225,0.3575000000000001,0.0025,5538.844,1059.189,1.4864,9.8092,0.6433689449977773,0.0,Merge
3484692.863,E25,P63,0.12500000000000003,0.0024999999999999905,3902.089,1059.189,1.2052,5.4585,0.5986117673267313,0.0,Merge
3562581.824,E52,P264,0.05750000000000001,0.0025,3012.195,1059.189,1.1702,4.0134,0.9674217350251559,0.0,Hit+Run
3846259.609,E52,P412,0.05750000000000001,0.0025,3012.195,1059.189,1.079,3.7006,0.5804086502961416,0.0,Merge
3859056.696,E25,P275,0.12750000000000003,0.0025,3927.931,1059.189,1.0854,4.9510,0.7572130317084809,0.0,Merge
3878091.946,E1,P119,0.27389843489843485,0.0025,5068.238,1059.189,1.1136,6.6821,0.7852862989645635,0.0,Merge
3881783.952,E49,P445,0.05750000000000001,0.0025,3012.195,1059.189,1.535,5.2646,0.4793457801489741,0.0,Merge
3885315.705,E23,P282,0.0325,0.0025,2490.510,1059.189,4.053,11.370,0.7686854712857348,0.0,Hit+Run
3926839.047,E25,P218,0.13000000000000003,0.0025,3953.438,1059.189,2.5873,11.884,0.6927114253730186,0.0,Merge
3973512.33,E49,P263,0.06000000000000001,0.0025,3055.232,1059.189,1.5613,5.4366,0.14450345139600165,0.0,Merge
4002330.081,E21,P173,0.3216275391275392,0.0025,5347.017,1059.189,1.251,7.9500,0.5977848738723988,0.0,Merge
4056937.882,E15,P163,0.3600000000000001,0.0025,5551.725,1059.189,1.0296,6.8115,0.9867434526647376,0.0,Hit+Run
4102923.139,E25,P224,0.13250000000000003,0.0025,3978.620,1059.189,1.2342,5.7080,0.7265717562945991,0.0,Merge
4103600.713,E21,P355,0.3241275391275392,0.0025,5360.835,1059.189,1.2503,7.9676,0.5886040468205072,0.0,Merge
4151625.84,E23,P191,0.0325,0.0025,2490.510,1059.189,4.0689,11.414,0.8737868619379832,0.0,Hit+Run
4187175.647,E15,P33,0.3600000000000001,0.0025,5551.725,1059.189,1.6482,10.904,0.9239277843589313,0.0,Hit+Run
4190229.972,P6,P24,0.0025,0.0025,1059.189,1059.189,9.2719,12.726,0.8503,0.0,Hit+Run
4321612.906,E27,P311,0.04910639105223324,0.0025,2857.852,1059.189,1.5585,5.0540,0.7011403024915263,0.0,Merge
4369952.825,E23,P100,0.0325,0.0025,2490.510,1059.189,4.6366,13.007,0.5857052130607261,0.0,Merge
4504668.143,E21,E40,0.3266275391275392,0.025,5374.583,2281.955,1.0552,6.3887,0.6734603251659534,0.0,Merge
4515446.312,P8,P273,0.0025,0.0025,1059.189,1059.189,6.3398,8.7019,0.99445,0.0,Hit+Run
4707997.709,E1,FRAG1001,0.27639843489843485,0.00589360894776676,5083.611,1409.681,1.0761,6.3390,0.7554220798178124,0.0,Merge
4714271.751,E23,P5,0.035,0.005,2552.798,1334.495,1.737,4.9780,0.8212730020275527,0.0,Hit+Run
4788761.891,E21,P174,0.35162753912753925,0.0025,5508.349,1059.189,1.3054,8.5640,0.9491833505758419,0.0,Hit+Run
4839015.485,P0,P90,0.0025,0.0025,1059.189,1059.189,9.1838,12.605,0.5037,0.0,Graze+Frag
4929997.632,E18,P365,0.03750000000000001,0.0025,2612.187,1059.189,2.7791,8.1955,0.9776730155762556,0.0,Hit+Run
5085562.773,P1,P116,0.0025,0.0025,1059.189,1059.189,14.118,19.378,0.6682,0.0,Graze+Frag
5108857.395,E25,P272,0.13500000000000004,0.0025,4003.487,1059.189,1.707,7.9478,0.4706750013001642,0.0,Merge
5200160.933,E1,P46,0.2822920438462016,0.0025,5119.490,1059.189,2.2386,13.578,0.6250757979364128,0.0,Merge
5211820.476,E15,P89,0.3600000000000001,0.0025,5551.725,1059.189,2.4758,16.379,0.9511367102026228,0.0,Hit+Run
5239248.976,E49,P488,0.06250000000000001,0.0025,3097.090,1059.189,1.1123,3.9299,0.9608827291241343,0.0,Hit+Run
5437595.319,E15,P257,0.3600000000000001,0.0025,5551.725,1059.189,1.2239,8.0970,0.9718793172501283,0.0,Hit+Run
5488779.567,E15,P178,0.3600000000000001,0.0025,5551.725,1059.189,2.8408,18.794,0.6427688839741192,0.0,Merge
5505802.711,E18,P327,0.03750000000000001,0.0025,2612.187,1059.189,1.3181,3.8870,0.5288584182212581,0.0,Merge
5610007.763,E15,P134,0.3625000000000001,0.0025000000000000022,5564.547,1059.189,1.1203,7.4299,0.2130472796783607,0.0,Merge
5638446.037,E1,P102,0.2847920438462016,0.0025,5134.558,1059.189,1.5527,9.4477,0.9593077932815975,0.0,Hit+Run
5647963.005,E21,P245,0.35162753912753925,0.0025,5508.349,1059.189,1.3204,8.6624,0.5791385557768127,0.0,Merge
5781572.035,E1,P197,0.2847920438462016,0.0025,5134.558,1059.189,2.1885,13.316,0.8852789426593658,0.0,Hit+Run
5808492.451,E15,P0,0.3650000000000001,0.005,5577.310,1334.495,1.1529,7.5362,0.5366052425250251,0.0,Merge
5827675.996,E58,E66,0.0775,0.035,3327.318,2552.798,1.388,5.4241,0.8769120960454778,0.0,Hit+Run
5863220.484,E21,P202,0.35412753912753925,0.0025,5521.373,1059.189,1.0544,6.9348,0.9808408603267631,0.0,Hit+Run
5911953.09,E1,P71,0.2847920438462016,0.0025,5134.558,1059.189,1.7547,10.676,0.502616933171995,0.0,Merge
5994502.725,E1,FRAG0002,0.2872920438462016,0.00555078255078255,5149.539,1381.800,1.3334,7.9768,0.949039697431653,0.0,Hit+Run
6047200.105,E52,E51,0.06000000000000001,0.03,3055.232,2424.939,1.0015,3.6260,0.49651543671783177,0.0,Merge
6293827.811,P3,P136,0.0025,0.0025,1059.189,1059.189,30.346,41.653,0.6679,0.0,Graze+Frag
6300128.069,E31,P573,0.05500000000000001,0.0025,2967.891,1059.189,1.8571,6.2694,0.95107689366997,0.0,Hit+Run
6341851.09,E1,P1,0.2872920438462016,0.005,5149.539,1334.495,1.7876,10.722,0.5719738101239737,0.0,Merge
6383751.059,E21,P59,0.35412753912753925,0.0025,5521.373,1059.189,1.7888,11.765,0.3920007270698577,0.0,Merge
6415607.054,E21,P202,0.35662753912753925,0.0025,5534.335,1059.189,1.0528,6.9417,0.6261618765781446,0.0,Merge
6665410.714,E49,P451,0.06250000000000001,0.0025,3097.090,1059.189,1.5389,5.4371,0.9359944133794686,0.0,Hit+Run
6695663.88,E21,P141,0.35912753912753925,0.0025,5547.237,1059.189,1.3306,8.7953,0.6544409859330893,0.0,Merge
6880320.636,E1,E23,0.2922920438462016,0.035,5179.241,2552.798,1.0672,6.2033,0.4943430577906027,0.0,Merge
6904803.646,E21,P302,0.36162753912753925,0.0025,5560.079,1059.189,1.1358,7.5262,0.6145321944728346,0.0,Merge
6931188.901,E15,P196,0.3700000000000001,0.0025,5602.662,1059.189,1.6847,11.255,0.7971902333003952,0.0,Merge
7033827.44,E15,P55,0.3725000000000001,0.0025,5615.252,1059.189,1.723,11.538,0.9335138005778697,0.0,Hit+Run
7069846.891,E1,P83,0.3272920438462016,0.0025000000000000022,5378.225,1059.189,2.1583,13.801,0.874479619031456,0.0,Hit+Run
7223803.477,E21,P114,0.36412753912753926,0.0025,5572.862,1059.189,1.0683,7.0964,0.4150203634903008,0.0,Merge
7300658.431,E27,P392,0.05160639105223324,0.0025,2905.549,1059.189,1.502,4.9572,0.8234275145272044,0.0,Hit+Run
7342152.489,E52,P317,0.09000000000000001,0.0025,3497.368,1059.189,1.1982,4.8232,0.5760433073181701,0.0,Merge
7420716.125,E25,P200,0.13750000000000004,0.0025,4028.049,1059.189,2.5606,12.001,0.5703297461020853,0.0,Merge
7544665.946,E92,P352,0.027500000000000004,0.0025,2355.617,1059.189,1.0851,2.8734,0.5509627381179145,0.0,Merge
7587517.616,E1,P22,0.3272920438462016,0.0025,5378.225,1059.189,1.7622,11.268,0.8861761076780982,0.0,Hit+Run
7615953.259,E15,P55,0.3725000000000001,0.0025,5615.252,1059.189,1.2611,8.4452,0.4853497760935229,0.0,Merge
7633638.815,E49,P350,0.06250000000000001,0.0025,3097.090,1059.189,2.9908,10.566,0.37779569109417294,0.0,Merge
7698459.356,E15,P478,0.3750000000000001,0.0025,5627.786,1059.189,1.7995,12.079,0.6894420400900121,0.0,Merge
7757933.99,P3,P156,0.005,0.0025,1334.495,1059.189,10.534,16.659,0.9324298988441208,0.0,Hit+Run
7762612.589,E55,P673,0.027500000000000004,0.0025,2355.617,1059.189,1.1145,2.9513,0.7630147547667777,0.0,Hit+Run
7794252.498,E27,P54,0.05160639105223324,0.0025,2905.549,1059.189,3.099,10.228,0.8179311578531621,0.0,Hit+Run
7813540.272,E1,P156,0.3272920438462016,0.0025,5378.225,1059.189,1.6937,10.830,0.6897586447619853,0.0,Merge
7883042.093,E25,P273,0.14000000000000004,0.0025,4052.315,1059.189,2.6497,12.499,0.9018701109500915,0.0,Hit+Run
7970438.198,E25,P102,0.14000000000000004,0.0025,4052.315,1059.189,1.9339,9.1227,0.41311929924058777,0.0,Merge
8103869.287,E46,P571,0.025,0.0025,2281.955,1059.189,1.9072,4.8884,0.7643296179926019,0.0,Hit+Run
8135396.535,E15,P180,0.3775000000000001,0.0025,5640.264,1059.189,1.6554,11.138,0.71224662460725,0.0,Merge
8149249.517,E1,P282,0.3297920438462016,0.0025,5391.884,1059.189,1.8689,11.983,0.5897488429390627,0.0,Merge
8155507.954,E1,P3,0.3322920438462016,0.005,5405.474,1334.495,1.7864,11.290,0.9367391894168763,0.0,Hit+Run
8181781.257,E25,P261,0.14250000000000004,0.0025,4076.293,1059.189,1.675,7.9518,0.9028120378228154,0.0,Hit+Run
8201501.75,E15,P138,0.3800000000000001,0.0025,5652.688,1059.189,1.2848,8.6653,0.5408555255298759,0.0,Merge
8346366.894,E1,P220,0.3322920438462016,0.0025,5405.474,1059.189,1.4649,9.4184,0.6428375112098003,0.0,Merge
8380291.749,E18,P60,0.040000000000000015,0.0024999999999999905,2668.991,1059.189,1.2551,3.7860,0.8179115759714776,0.0,Hit+Run
8397576.879,E1,P3,0.3347920438462016,0.005,5418.996,1334.495,1.1283,7.1503,0.9936911329380846,0.0,Hit+Run
8467614.168,E52,P181,0.09250000000000001,0.0025,3529.455,1059.189,1.3416,5.4538,0.7344819252337684,0.0,Merge
8680017.288,E92,P426,0.030000000000000002,0.0025,2424.939,1059.189,2.0003,5.4581,0.6824239042771875,0.0,Merge
8947740.498,E15,P329,0.3825000000000001,0.0025,5665.057,1059.189,2.0278,13.708,0.29571118576834965,0.0,Merge
9190275.87,E66,P571,0.035,0.0025,2552.798,1059.189,1.7074,4.9151,0.7385611716326029,0.0,Hit+Run
9241909.709,E15,P82,0.3850000000000001,0.0025,5677.373,1059.189,1.4813,10.037,0.4269472696901551,0.0,Merge
9314637.419,E58,P199,0.0775,0.0025,3327.318,1059.189,1.6821,6.4179,0.8940089182023319,0.0,Hit+Run
9324437.833,E15,P227,0.3875000000000001,0.0025,5689.635,1059.189,2.0468,13.901,0.6161893764704224,0.0,Merge
9401804.187,E1,P348,0.3347920438462016,0.0025,5418.996,1059.189,2.1092,13.597,0.943654531529221,0.0,Hit+Run
9403216.248,E1,P348,0.3347920438462016,0.0025,5418.996,1059.189,1.0485,6.7593,0.6099750770242955,0.0,Merge
9416629.994,E21,P54,0.36662753912753926,0.0025,5585.587,1059.189,1.4374,9.5715,0.5574006235724221,0.0,Merge
9531787.444,P8,P222,0.0025,0.0025,1059.189,1059.189,9.9485,13.655,0.97335,0.0,Hit+Run
9648972.512,E15,P70,0.3900000000000001,0.0025,5701.844,1059.189,1.9667,13.387,0.6353716581939699,0.0,Merge
9960528.589,E57,P463,0.09250000000000001,0.0025,3529.455,1059.189,1.7606,7.1571,0.7814783077154767,0.0,Hit+Run
10178255.514,E1,P193,0.3372920438462016,0.0025,5432.451,1059.189,1.0835,7.0035,0.7906444404393964,0.0,Merge
10285422.935,E27,P74,0.05160639105223324,0.0025,2905.549,1059.189,1.4812,4.8886,0.704559640856581,0.0,Merge
10411804.726,E15,P295,0.3925000000000001,0.0025,5714.002,1059.189,1.0131,6.9121,0.31138024206064613,0.0,Merge
10447528.507,E22,P389,0.025,0.0025,2281.955,1059.189,3.4589,8.8657,0.6840787645263069,0.0,Hit+Run
10590972.185,E15,P151,0.39500000000000013,0.0025,5726.108,1059.189,2.1961,15.017,0.9727626949891701,0.0,Hit+Run
10846456.882,E15,P230,0.39500000000000013,0.0025,5726.108,1059.189,1.4021,9.5878,0.9981640631848618,0.0,Hit+Run
10853862.436,E1,P86,0.3397920438462016,0.0025,5445.840,1059.189,2.3251,15.068,0.6275454157598985,0.0,Merge
11081007.148,E1,P22,0.3422920438462016,0.0025,5459.163,1059.189,1.3771,8.9481,0.979798880805177,0.0,Hit+Run
11150219.656,E57,E36,0.09250000000000001,0.030000000000000002,3529.455,2424.939,1.1556,4.6828,0.5644738963176967,0.0,Merge
11280261.956,E1,P306,0.3422920438462016,0.0025,5459.163,1059.189,1.806,11.735,0.6098722497669286,0.0,Merge
11284096.561,E52,P179,0.09500000000000001,0.0025000000000000022,3560.970,1059.189,1.7294,7.0978,0.9332964174322066,0.0,Hit+Run
11346805.941,E77,P440,0.030000000000000002,0.0025,2424.939,1059.189,9.7974,26.733,0.7796545207254518,0.0,Graze+Frag
11543543.882,E15,P73,0.39500000000000013,0.0025,5726.108,1059.189,2.9657,20.280,0.788033143559371,0.0,Merge
11648602.857,E18,P347,0.040000000000000015,0.0025,2668.991,1059.189,1.0914,3.2922,0.8654470933846118,0.0,Hit+Run
11714343.325,E22,P60,0.025,0.0024999999999999905,2281.955,1059.189,2.5976,6.6580,0.8934822681243162,0.0,Hit+Run
11877894.255,E58,P172,0.0775,0.0025,3327.318,1059.189,3.4882,13.308,0.7568658565945076,0.0,Merge
12058302.868,E1,P17,0.3447920438462016,0.0025,5472.422,1059.189,2.9999,19.543,0.8171418088727124,0.0,Merge
12364436.853,E1,P76,0.3472920438462016,0.0025000000000000022,5485.616,1059.189,1.6943,11.066,0.6922390647928074,0.0,Merge
12432946.172,E1,P144,0.3497920438462016,0.0025,5498.748,1059.189,2.8379,18.583,0.4990676708499307,0.0,Merge
12598123.851,E11,P634,0.025,0.0025,2281.955,1059.189,7.98,20.454,0.20742284423586205,0.021972027972027974,Fragment
12641290.64,P13,P358,0.0025000000000000022,0.0025,1059.189,1059.189,9.3739,12.866,0.7496000000000002,0.0,Graze+Frag
12661578.848,E21,P69,0.36912753912753926,0.0024999999999999905,5598.254,1059.189,1.6764,11.190,0.9066599211763098,0.0,Hit+Run
12692521.531,E22,P607,0.025,0.0025,2281.955,1059.189,5.0449,12.930,0.6814834177759075,0.0,Merge
12731908.385,E66,P410,0.035,0.0025,2552.798,1059.189,1.0669,3.0713,0.5340963420122087,0.0,Merge
12780598.126,E15,P18,0.39750000000000013,0.0025,5738.163,1059.189,1.3152,9.0138,0.5228826873738256,0.0,Merge
12786355.692,E15,E25,0.40000000000000013,0.14250000000000004,5750.167,4076.293,1.216,8.0722,0.8139153986875886,0.0,Hit+Run
12924531.191,E15,P118,0.40000000000000013,0.0025,5750.167,1059.189,1.897,13.030,0.6702406218684208,0.0,Merge
13034679.989,E15,E25,0.40250000000000014,0.14250000000000004,5762.122,4076.293,1.0199,6.7818,0.9705233939332744,0.0,Graze+Merge
13523644.699,E31,P456,0.05500000000000001,0.0025,2967.891,1059.189,2.6895,9.0796,0.7732428336602344,0.0,Hit+Run
13532560.689,E21,P518,0.36912753912753926,0.0025,5598.254,1059.189,1.4682,9.8003,0.6844937635295084,0.0,Merge
13554402.204,E21,P240,0.37162753912753926,0.0025,5610.864,1059.189,1.8071,12.091,0.3432105028493366,0.0,Merge
13808867.335,E15,P216,0.5450000000000002,0.0025,6374.694,1059.189,1.5561,11.931,0.8639500242998359,0.0,Hit+Run
14161105.593,E46,P290,0.025,0.0025,2281.955,1059.189,1.772,4.5419,0.9729818370049688,0.0,Hit+Run
14211971.353,E27,P283,0.05410639105223324,0.0025,2951.730,1059.189,2.8902,9.7005,0.8068664943918467,0.0,Hit+Run
14223636.338,E66,P276,0.037500000000000006,0.0025,2612.187,1059.189,6.5319,19.262,0.7329879489459709,0.0,Graze+Frag
14257889.872,P5,P597,0.005,0.0025,1334.495,1059.189,4.282,6.7717,0.2798683463197301,0.007113732933732933,Fragment
14272843.077,E15,P127,0.5450000000000002,0.0025,6374.694,1059.189,1.6384,12.562,0.46323156637892937,0.0,Merge
14564684.389,E1,P286,0.3522920438462016,0.0025,5511.817,1059.189,2.4015,15.765,0.07297634643915021,0.0,Merge
14596027.127,E15,P35,0.5475000000000001,0.0025000000000000022,6384.426,1059.189,2.1113,16.214,0.9957954190173771,0.0,Hit+Run
14628707.349,E66,E22,0.04,0.0275,2668.991,2355.617,1.893,6.1988,0.9314841342855723,0.0,Hit+Run
14781510.894,E1,P238,0.3547920438462016,0.0025,5524.824,1059.189,1.0248,6.7447,0.7548786734224087,0.0,Merge
14933692.996,E27,P189,0.05410639105223324,0.0025,2951.730,1059.189,2.6428,8.8701,0.5239775118633663,0.0,Merge
15164403.931,E15,P35,0.5475000000000001,0.0025000000000000022,6384.426,1059.189,1.0948,8.4077,0.41444302021463963,0.0,Merge
15242670.535,E66,P174,0.04,0.0025,2668.991,1059.189,3.22,9.7131,0.5155885488093286,0.0,Merge
15298676.623,E1,P89,0.3572920438462016,0.0025,5537.770,1059.189,1.7812,11.752,0.7649841641273146,0.0,Merge
15306396.887,E15,P161,0.55,0.0025,6394.129,1059.189,2.6189,20.145,0.5517091662751381,0.0,Merge
15346824.732,E1,P206,0.3597920438462016,0.0025,5550.656,1059.189,1.7442,11.536,0.3484146586393153,0.0,Merge
15357527.462,E15,P458,0.5525,0.0025,6403.802,1059.189,1.3833,10.657,0.8962586770647567,0.0,Hit+Run
15606893.595,E21,P277,0.37412753912753927,0.0025,5623.418,1059.189,2.1942,14.716,0.1842886145037091,0.0,Merge
15869675.18,E21,P339,0.37662753912753927,0.0025,5635.916,1059.189,1.8786,12.630,0.7390972353512726,0.0,Merge
16034137.411,E15,P318,0.5525,0.0025,6403.802,1059.189,1.5212,11.720,0.3337051215993144,0.0,Merge
16132879.528,E27,P323,0.056606391052233244,0.0025,2996.509,1059.189,2.2832,7.7872,0.7803619069264784,0.0,Hit+Run
16250624.102,E27,P447,0.056606391052233244,0.0025,2996.509,1059.189,3.0829,10.514,0.9023442500750881,0.0,Hit+Run
16283896.665,E15,P187,0.5549999999999999,0.0025,6413.447,1059.189,1.6733,12.912,0.6039558302096547,0.0,Merge
16336742.059,E52,P120,0.09500000000000001,0.0025,3560.970,1059.189,1.3737,5.6379,0.5540893504765161,0.0,Merge
16353503.128,P5,P194,0.007499833499833501,0.0025,1527.604,1059.189,6.5911,11.577,0.9461035691866768,0.0,Hit+Run
16366754.028,E15,P216,0.5574999999999999,0.0025,6423.062,1059.189,1.7052,13.179,0.6724158099777805,0.0,Merge
16526056.575,E1,P108,0.3622920438462016,0.0025,5563.483,1059.189,2.5264,16.751,0.2690731715808198,0.0,Merge
16601061.689,E21,P447,0.37912753912753927,0.0025,5648.359,1059.189,1.0346,6.9721,0.9552667447620673,0.0,Hit+Run
16738953.063,E1,P44,0.3647920438462016,0.0025,5576.250,1059.189,2.9531,19.629,0.9342435949043955,0.0,Hit+Run
16838976.606,E1,P44,0.3647920438462016,0.0025,5576.250,1059.189,1.2594,8.3712,0.701796191512693,0.0,Merge
16906110.63,E15,P269,0.5599999999999998,0.0025,6432.649,1059.189,1.9499,15.095,0.2089024488660095,0.0,Merge
17504625.629,E15,P159,0.5624999999999998,0.0025,6442.207,1059.189,1.6655,12.913,0.719932859310711,0.0,Merge
17629332.424,E1,P191,0.3672920438462016,0.0025,5588.960,1059.189,2.1981,14.646,0.7932647030731167,0.0,Merge
18055685.295,E1,P83,0.3697920438462016,0.0025000000000000022,5601.612,1059.189,2.1343,14.255,0.5727925824984472,0.0,Merge
18082974.765,E45,P458,0.030000000000000002,0.0025,2424.939,1059.189,2.182,5.9539,0.9620054263048735,0.0,Hit+Run
18109088.121,E27,P164,0.056606391052233244,0.0025000000000000022,2996.509,1059.189,2.158,7.3602,0.8758938086170611,0.0,Hit+Run
18177699.577,E45,P421,0.030000000000000002,0.0025,2424.939,1059.189,3.4454,9.4013,0.8754931455280716,0.0,Hit+Run
18614723.02,E15,P37,0.5649999999999997,0.0025,6451.737,1059.189,1.1988,9.3097,0.32100087512531617,0.0,Merge
18712039.481,E21,P246,0.37912753912753927,0.0025,5648.359,1059.189,1.9765,13.319,0.32066782123183646,0.0,Merge
18857049.664,E21,P165,0.3816275391275393,0.0025,5660.747,1059.189,1.2339,8.3347,0.46440462920453945,0.0,Merge
19144987.46,E15,P15,0.5674999999999997,0.0025,6461.239,1059.189,2.3842,18.544,0.9688728214715794,0.0,Hit+Run
19229490.356,E1,P23,0.3722920438462016,0.0025,5614.207,1059.189,3.3135,22.185,0.8377483607419552,0.0,Merge
19443421.515,E15,P347,0.5674999999999997,0.0025,6461.239,1059.189,1.3935,10.838,0.3327520118435246,0.0,Merge
19462414.8,E27,P192,0.056606391052233244,0.0025,2996.509,1059.189,6.5812,22.446,0.5721570353378761,0.0073846153846153844,Fragment
19693340.401,E21,P618,0.3841275391275393,0.0025,5673.081,1059.189,1.4798,10.019,0.9252513767505017,0.0,Hit+Run
19698037.885,E15,P142,0.5699999999999996,0.0025,6470.713,1059.189,1.3072,10.183,0.6186356336345168,0.0,Merge
19918767.85,E15,P254,0.5724999999999996,0.0025,6480.159,1059.189,1.241,9.6826,0.3903042871975272,0.0,Merge
20056484.919,E1,P40,0.37479204384620163,0.0025,5626.745,1059.189,2.4254,16.277,0.818267653270042,0.0,Merge
20147968.095,E21,P397,0.3841275391275393,0.0025,5673.081,1059.189,1.2241,8.2878,0.5516958801079721,0.0,Merge
20169755.651,E45,P363,0.030000000000000002,0.0025,2424.939,1059.189,1.4975,4.0861,0.8405541552223961,0.0,Hit+Run
20291857.764,E57,P511,0.12250000000000001,0.0025,3875.899,1059.189,1.5549,6.9914,0.7406093309414225,0.0,Merge
20377941.088,E22,P436,0.0275,0.0025,2355.617,1059.189,3.3337,8.8279,0.5055722934351066,0.0,Merge
21110510.068,E15,P208,0.5749999999999995,0.0025,6489.578,1059.189,1.7434,13.623,0.10324841413073234,0.0,Merge
21132586.283,E55,P363,0.027500000000000004,0.0025,2355.617,1059.189,6.2398,16.523,0.642709381625718,0.006518814518814519,Fragment
21702796.937,E15,P561,0.5774999999999995,0.0025,6498.969,1059.189,1.9326,15.125,0.41987031904600464,0.0,Merge
21796604.06,E45,P458,0.030000000000000002,0.0025,2424.939,1059.189,1.6558,4.5181,0.27248236463489944,0.0,Merge
22155492.528,E1,P122,0.37729204384620163,0.0025,5639.229,1059.189,2.5224,16.969,0.515058900886999,0.0,Merge
22291089.69,E27,P480,0.05172177566761786,0.0025,2907.713,1059.189,3.2454,10.719,0.8128162504712225,0.0,Hit+Run
22311117.243,E1,P476,0.37979204384620163,0.0025,5651.657,1059.189,2.1852,14.735,0.759129759483665,0.0,Merge
22344181.341,E21,P579,0.3866275391275393,0.0025,5685.361,1059.189,1.7183,11.660,0.9216883240588689,0.0,Hit+Run
22357777.395,E1,FRAG0004,0.38229204384620163,0.00555078255078255,5664.030,1381.800,2.1947,14.547,0.9613648714176062,0.0,Hit+Run
22875827.545,E15,P434,0.5799999999999994,0.0025,6508.334,1059.189,2.4143,18.924,0.9174851362777451,0.0,Hit+Run
23056120.863,E27,P253,0.05172177566761786,0.0025,2907.713,1059.189,1.6982,5.6092,0.4374503907306571,0.0,Merge
23453784.965,E15,P50,0.5799999999999994,0.0025,6508.334,1059.189,1.5554,12.191,0.6700531211792193,0.0,Merge
23853889.969,E21,P480,0.3866275391275393,0.0025,5685.361,1059.189,1.1199,7.5998,0.6045681964651736,0.0,Merge
23873324.528,E15,P164,0.5824999999999994,0.0025000000000000022,6517.671,1059.189,1.1052,8.6762,0.9107874920571041,0.0,Hit+Run
24044568.827,E1,P365,0.38229204384620163,0.0025,5664.030,1059.189,2.633,17.796,0.7862660075261628,0.0,Merge
24109113.996,E31,P325,0.05500000000000001,0.0025,2967.891,1059.189,2.1991,7.4240,0.7933624765871543,0.0,Hit+Run
24369632.078,E55,P431,0.023481185481185482,0.0025,2234.775,1059.189,5.8039,14.562,0.4552368054379501,0.011354112554112554,Fragment
24536652.973,E21,P404,0.3891275391275393,0.0025,5697.589,1059.189,2.1199,14.419,0.4360396203867314,0.0,Merge
24633450.308,E15,P628,0.5824999999999994,0.0025,6517.671,1059.189,1.9226,15.093,0.9150885285704075,0.0,Hit+Run
24868096.092,E1,P22,0.38479204384620164,0.0025,5676.350,1059.189,2.9129,19.734,0.2878820710960374,0.0,Merge
24876792.135,E1,P369,0.38729204384620164,0.0025,5688.617,1059.189,2.4622,16.719,0.9236258326072765,0.0,Hit+Run
24898276.402,E15,P371,0.5824999999999994,0.0025,6517.671,1059.189,1.6314,12.807,0.66992944731212,0.0,Merge
24898842.387,E1,P369,0.38729204384620164,0.0025,5688.617,1059.189,1.0484,7.1190,0.9535534677456102,0.0,Hit+Run
24926240.672,E21,P212,0.3916275391275393,0.0025,5709.765,1059.189,1.2965,8.8386,0.9885238868568598,0.0,Hit+Run
25058769.36,E15,P434,0.5849999999999993,0.0025,6526.982,1059.189,1.133,8.9079,0.5716357270498938,0.0,Merge
25158116.565,E15,P113,0.5874999999999992,0.0025,6536.267,1059.189,1.621,12.764,0.560475920530416,0.0,Merge
25216521.646,E92,P398,0.0325,0.0025,2490.510,1059.189,3.585,10.057,0.6141906366954475,0.0,Merge
26084918.217,E15,P257,0.5899999999999992,0.0025,6545.525,1059.189,1.8772,14.803,0.78884925543873,0.0,Merge
26261136.265,E52,E27,0.09750000000000002,0.054221775667617864,3591.937,2953.827,1.3081,5.6265,0.30724075404175316,0.020103896103896103,Fragment
26320133.726,E15,P307,0.5924999999999991,0.0025,6554.757,1059.189,1.3352,10.545,0.964883493635998,0.0,Hit+Run
26503610.628,E1,P372,0.38729204384620164,0.0025,5688.617,1059.189,2.3679,16.078,0.9445330256053237,0.0,Hit+Run
26617061.862,E18,P5,0.040000000000000015,0.007499833499833501,2668.991,1527.604,2.8098,8.4455,0.5733445768710166,0.006496503496503497,Fragment
26797888.073,E21,P259,0.3916275391275393,0.0025,5709.765,1059.189,2.0411,13.914,0.8245431345699978,0.0,Merge
26898817.542,E52,P231,0.13161787956372178,0.0025,3969.771,1059.189,2.0675,9.5390,0.892633119013204,0.0,Hit+Run
27062584.953,E1,P151,0.38729204384620164,0.0025,5688.617,1059.189,3.2684,22.193,0.9093785922174783,0.0,Hit+Run
27165703.363,E1,P149,0.38729204384620164,0.0025,5688.617,1059.189,2.4739,16.798,0.5899537766142499,0.0,Merge
27277199.793,E21,P579,0.3941275391275393,0.0025,5721.889,1059.189,1.6385,11.195,0.8173911471344124,0.0,Merge
27298229.379,E21,P590,0.3966275391275393,0.0025,5733.961,1059.189,1.8027,12.345,0.5854537131892392,0.0,Merge
27331073.852,E46,P273,0.025,0.0025,2281.955,1059.189,1.1549,2.9601,0.7605048964656975,0.0,Hit+Run
27836217.608,E1,P151,0.38979204384620164,0.0025,5700.831,1059.189,1.0195,6.9386,0.7332628997235758,0.0,Merge
27940146.658,E1,P101,0.39229204384620164,0.0025,5712.992,1059.189,4.6253,31.551,0.9179178570165291,0.0,Hit+Run
28033495.516,E15,P389,0.5924999999999991,0.0025,6554.757,1059.189,2.1376,16.882,0.9370768048026267,0.0,Hit+Run
28044865.212,E15,P389,0.5924999999999991,0.0025,6554.757,1059.189,1.072,8.4665,0.637143356209852,0.0,Merge
28286809.855,E21,E45,0.3991275391275393,0.0325,5745.984,2490.510,1.0111,6.5393,0.317489127992049,0.0,Merge
28537222.75,E15,P492,0.5949999999999991,0.0025,6563.963,1059.189,1.9885,15.728,0.20906444489950235,0.0,Merge
28858016.247,E1,P309,0.39229204384620164,0.0025,5712.992,1059.189,2.3574,16.080,0.9460096359326675,0.0,Hit+Run
29000907.985,E1,P309,0.39229204384620164,0.0025,5712.992,1059.189,1.0573,7.2123,0.9402731765744171,0.0,Hit+Run
29102125.056,E15,P101,0.597499999999999,0.0025,6573.144,1059.189,1.0538,8.3476,0.7273030967129658,0.0,Merge
29520846.823,E1,P309,0.39229204384620164,0.0025,5712.992,1059.189,1.8441,12.579,0.7560315995388414,0.0,Merge
29779908.643,E1,P197,0.39479204384620165,0.0025,5725.103,1059.189,4.3539,29.767,0.779741562775626,0.0,Merge
30098034.859,E1,P171,0.39729204384620165,0.0025,5737.162,1059.189,1.9697,13.496,0.4995698466672039,0.0,Merge
30386642.45,E21,P565,0.43162753912753926,0.0025,5897.893,1059.189,1.3324,9.4034,0.4255723721410879,0.0,Merge
30413125.736,E1,FRAG0001,0.39979204384620165,0.005872460872460872,5749.171,1407.993,1.6853,11.335,0.8029536808852997,0.0,Merge
30417814.16,E15,P258,0.599999999999999,0.0025,6582.298,1059.189,1.9558,15.515,0.6901453343141047,0.0,Merge
30587329.577,E21,P447,0.43412753912753926,0.0025,5909.258,1059.189,1.5322,10.835,0.5280508650314065,0.0,Merge
30671793.452,E21,P140,0.43662753912753927,0.0025,5920.579,1059.189,1.5479,10.969,0.9537707014162693,0.0,Hit+Run
30805764.848,E15,P58,0.6024999999999989,0.0025,6591.428,1059.189,1.7967,14.274,0.9688185818439157,0.0,Hit+Run
30935771.285,E1,P369,0.4056645047186625,0.0025,5777.183,1059.189,2.3941,16.527,0.6700524580143304,0.0,Merge
31244463.324,P12,P194,0.0025,0.0025,1059.189,1059.189,5.9595,8.1799,0.9433,0.0,Hit+Run
31288885.014,E15,P15,0.6024999999999989,0.0025,6591.428,1059.189,1.5911,12.641,0.7671285596032213,0.0,Merge
31636883.846,E21,P163,0.43662753912753927,0.0025,5920.579,1059.189,2.6531,18.801,0.25286290118480065,0.0,Merge
32052072.644,E1,P573,0.4081645047186625,0.0025,5789.027,1059.189,1.7057,11.800,0.2852155147371581,0.0,Merge
32511172.796,E52,P137,0.13161787956372178,0.0025,3969.771,1059.189,2.0992,9.6853,0.5093092398189947,0.0,Merge
32539287.905,E15,P589,0.6049999999999989,0.0025,6600.532,1059.189,1.081,8.6010,0.9837390258106415,0.0,Hit+Run
32591584.472,P13,FRAG0015,0.005,0.006701298701298701,1334.495,1471.341,11.587,21.140,0.9467573821752245,0.0,Hit+Run
32646651.652,E49,P228,0.06500000000000002,0.0025,3137.846,1059.189,8.2572,29.584,0.7710347575376887,0.0,Graze+Frag
32959115.525,E49,P201,0.0674991674991675,0.0025,3177.556,1059.189,4.1573,15.097,0.42892455915680416,0.0,Merge
33032025.344,E43,P454,0.025,0.0025000000000000022,2281.955,1059.189,3.2423,8.3105,0.5280847651075683,0.0,Merge
33590630.175,E15,P33,0.6049999999999989,0.0025,6600.532,1059.189,1.5232,12.119,0.11133416444878672,0.0,Merge
33926893.257,E21,P12,0.43912753912753927,0.0025,5931.857,1059.189,1.1362,8.0680,0.6963585266058224,0.0,Merge
34377281.511,E15,P255,0.6074999999999988,0.0025,6609.611,1059.189,1.3382,10.663,0.7806938481130371,0.0,Merge
34515600.326,E1,P212,0.4106645047186625,0.0025,5800.822,1059.189,1.618,11.218,0.36656734470769275,0.0,Merge
35193539.535,E21,P85,0.44162753912753927,0.0025,5943.093,1059.189,4.2839,30.481,0.435316947594269,0.0,Merge
35234010.873,E15,P516,0.6099999999999988,0.0025,6618.666,1059.189,3.3914,27.062,0.8816145744790187,0.0,Hit+Run
36013790.57,E52,P516,0.1341178795637218,0.0025,3994.748,1059.189,1.271,5.9039,0.5552720521756245,0.0,Merge
36684223.952,E21,P31,0.4441275391275393,0.0025,5954.286,1059.189,2.54,18.109,0.9084912564938076,0.0,Hit+Run
36940562.24,E15,P185,0.6099999999999988,0.0025,6618.666,1059.189,2.255,17.994,0.7940306879364664,0.0,Merge
37016455.739,E49,P166,0.0699991674991675,0.0025,3216.311,1059.189,1.9602,7.2115,0.8007864581973965,0.0,Hit+Run
37602773.297,E15,P313,0.6124999999999987,0.0025,6627.695,1059.189,1.842,14.720,0.3528155864123611,0.0,Merge
37722939.847,E21,P463,0.4441275391275393,0.0025,5954.286,1059.189,1.0806,7.7042,0.7659478661888731,0.0,Merge
38719670.838,E1,P628,0.4131645047186625,0.0025,5812.569,1059.189,3.8224,26.560,0.7888521712728757,0.0,Merge
39343689.722,E15,P105,0.6149999999999987,0.0025,6636.700,1059.189,2.0319,16.261,0.5401881980574246,0.0,Merge
39428268.932,E15,P132,0.6174999999999986,0.0025,6645.681,1059.189,2.3592,18.907,0.8200071086119015,0.0,Merge
39710628.474,E1,P409,0.4156645047186625,0.0025,5824.270,1059.189,3.8563,26.853,0.8181186052922979,0.0,Merge
40015373.384,E1,P513,0.4181645047186625,0.0025,5835.923,1059.189,1.314,9.1695,0.1537882299026285,0.0,Merge
40208870.287,E1,P69,0.4206645047186625,0.0024999999999999905,5847.530,1059.189,1.0757,7.5225,0.7883098267613466,0.0,Merge
40246899.204,E15,P312,0.6199999999999986,0.0025,6654.637,1059.189,2.0331,16.317,0.6961041128040146,0.0,Merge
40786012.395,E21,P359,0.4466275391275393,0.0025,5965.438,1059.189,1.4417,10.299,0.48201593685129857,0.0,Merge
40945914.772,E1,P335,0.4231645047186625,0.0025,5859.091,1059.189,2.0553,14.403,0.5822436402911833,0.0,Merge
41322938.014,E15,FRAG0004,0.6224999999999985,0.00555078255078255,6663.570,1381.800,1.6939,13.371,0.7744128358128712,0.0,Merge
41387746.0,P19,P262,0.0025000000000000022,0.0025,1059.189,1059.189,7.2223,9.9132,0.42385,0.0,Merge
41527961.673,E49,P589,0.0699991674991675,0.0025,3216.311,1059.189,1.6719,6.1509,0.5408787820046295,0.0,Merge
41551196.107,E15,P574,0.6280507825507811,0.0025,6683.317,1059.189,1.8158,14.640,0.6600875671650077,0.0,Merge
41605765.991,E1,P593,0.4256645047186625,0.0025,5870.606,1059.189,3.1673,22.242,0.24067652378619386,0.0,Merge
41876552.345,P3,P24,0.005,0.0025,1334.495,1059.189,6.9336,10.965,0.7497349644039304,0.0,Graze+Frag
42730827.377,E92,P388,0.035,0.0025,2552.798,1059.189,3.9844,11.469,0.9850073731142189,0.0,Hit+Run
44276470.377,E21,P544,0.4491275391275393,0.0025,5976.548,1059.189,1.3783,9.8658,0.3085223252864083,0.0,Merge
44418785.281,E1,P297,0.4281645047186625,0.0025,5882.077,1059.189,2.2452,15.800,0.9760431934115236,0.0,Hit+Run
44518547.899,E1,P297,0.4281645047186625,0.0025,5882.077,1059.189,1.0369,7.2970,0.9227413034431393,0.0,Hit+Run
44650746.607,E1,P297,0.4281645047186625,0.0025,5882.077,1059.189,1.0478,7.3737,0.5004784771912189,0.0,Merge
45158001.55,E1,P319,0.4306645047186625,0.0025,5893.503,1059.189,2.7291,19.245,0.8922443969615108,0.0,Hit+Run
45190735.727,E15,P323,0.630550782550781,0.0025,6692.173,1059.189,2.0322,16.407,0.8980612182540962,0.0,Hit+Run
45756605.071,E52,P325,0.1366178795637218,0.0025,4019.416,1059.189,2.2497,10.519,0.8350492259594887,0.0,Hit+Run
46016018.867,E66,P266,0.0425,0.0025,2723.475,1059.189,3.6028,11.102,0.2836754596359397,0.0,Merge
46263630.55,E1,P78,0.4306645047186625,0.0025,5893.503,1059.189,2.7176,19.164,0.7351734424137548,0.0,Merge
46506899.356,E1,FRAG0009,0.4331645047186625,0.0073846153846153844,5904.885,1519.741,1.5558,10.707,0.03817491316155959,0.0,Merge
46840014.588,E21,P243,0.4516275391275393,0.0025,5987.616,1059.189,1.4419,10.341,0.2946732572612531,0.0,Merge
46927434.066,E21,P204,0.4541275391275393,0.0025000000000000022,5998.644,1059.189,2.0199,14.515,0.4511412851521579,0.0,Merge
47145366.09,E18,P608,0.041003330003330014,0.0025,2691.123,1059.189,5.2768,16.056,0.5389690208132228,0.006087579087579088,Fragment
47622003.317,E31,P222,0.05500000000000001,0.0025,2967.891,1059.189,3.7129,12.534,0.6903322172031467,0.0,Merge
49753352.077,E21,P261,0.4566275391275393,0.0025,6009.632,1059.189,1.1673,8.4049,0.3473755111076121,0.0,Merge
50165350.204,E1,P75,0.4405491201032779,0.0025,5938.252,1059.189,4.1077,29.201,0.6431780684295014,0.0,Merge
50356079.183,E1,P472,0.4430491201032779,0.0025,5949.463,1059.189,2.1122,15.046,0.35236758664779616,0.0,Merge
50553014.657,E21,P387,0.4591275391275393,0.0025,6020.579,1059.189,3.3466,24.143,0.999720868294744,0.0,Hit+Run
50613554.621,E21,P3,0.4591275391275393,0.007499833499833501,6020.579,1527.604,1.1293,7.9328,0.6275670641240654,0.0,Merge
51786897.87,E21,E22,0.4666273726273728,0.03,6053.184,2424.939,1.129,7.7199,0.6649266580592413,0.0,Merge
51816383.289,E15,P337,0.630550782550781,0.0025,6692.173,1059.189,1.6867,13.618,0.5893256946551105,0.0,Merge
52611880.534,E1,P194,0.4455491201032779,0.0025,5960.633,1059.189,2.7346,19.518,0.9975396370914978,0.0,Hit+Run
52618634.226,E1,P194,0.4455491201032779,0.0025,5960.633,1059.189,1.2295,8.7757,0.11751743766893369,0.0,Merge
52694802.105,P19,FRAG0016,0.005000000000000003,0.006496503496503497,1334.495,1456.197,5.7186,10.369,0.45878027272333893,0.005968697968697968,Fragment
53213936.911,E66,P451,0.045000000000000005,0.0025,2775.862,1059.189,5.0715,15.946,0.9578947468171356,0.0,Hit+Run
53227068.992,E21,P304,0.4966273726273728,0.0025,6180.221,1059.189,1.8778,13.930,0.9073029640782085,0.0,Hit+Run
53561215.376,E1,P58,0.4480491201032779,0.0025,5971.760,1059.189,2.3547,16.840,0.46824843923739695,0.0,Merge
53655460.424,E1,P153,0.4505491201032779,0.0025,5982.847,1059.189,4.772,34.196,0.6857044131703669,0.0,Merge
53822520.698,E15,P376,0.633050782550781,0.0025,6701.006,1059.189,1.9234,15.551,0.9940726004235415,0.0,Hit+Run
55361992.147,E66,P387,0.045000000000000005,0.0025,2775.862,1059.189,3.3369,10.492,0.6004756551001178,0.0,Merge
55581648.528,E1,P376,0.4530491201032779,0.0025,5993.892,1059.189,2.2243,15.970,0.7747863183623218,0.0,Merge
55765449.771,E15,P624,0.633050782550781,0.0025,6701.006,1059.189,2.0468,16.548,0.8269834341779235,0.0,Merge
57793808.475,E66,P543,0.04750000000000001,0.0025,2826.344,1059.189,3.7561,12.037,0.8995777003110167,0.0,Hit+Run
58218658.295,E21,P428,0.4966273726273728,0.0025,6180.221,1059.189,1.2795,9.4918,0.8377271345972395,0.0,Merge
59172440.664,E21,FRAG0018,0.4991273726273728,0.005968697968697968,6190.574,1415.642,1.3696,9.9713,0.9707188064941045,0.0,Hit+Run
59275534.715,E15,P252,0.6355507825507809,0.0025,6709.815,1059.189,3.6222,29.327,0.7084641308379757,0.0,Merge
59326202.154,E1,P453,0.4555491201032779,0.0025,6004.897,1059.189,5.1491,37.043,0.21778534645657646,0.0,Merge
59397660.304,E15,P342,0.6380507825507808,0.0025,6718.602,1059.189,2.7509,22.303,0.8216643353890927,0.0,Merge
60722048.265,E1,P31,0.4580491201032779,0.0025,6015.862,1059.189,3.6129,26.042,0.40414391720956055,0.0,Merge
63520969.889,E92,P416,0.035,0.0025,2552.798,1059.189,3.3883,9.7539,0.22114429722855644,0.0,Merge
63901858.581,E21,E66,0.4991273726273728,0.04750000000000001,6190.574,2826.344,1.3397,9.3192,0.835738538689295,0.015505161505161505,Hit+Run+Frag
64860513.285,E21,FRAG0008,0.49912720612720635,0.007324009324009325,6190.574,1515.572,1.9008,13.767,0.6939962370379998,0.0,Merge
65139695.477,E43,FRAG0019,0.027500000000000004,0.007752580752580752,2355.617,1544.576,6.9587,18.691,0.8006890041910162,0.0,Hit+Run
65637757.532,E21,P91,0.5064512154512156,0.0025000000000000022,6220.706,1059.189,2.1005,15.691,0.31864484300687523,0.0,Merge
65879559.964,E66,P418,0.031995004995004996,0.0025,2477.543,1059.189,4.0953,11.426,0.502200944481766,0.0,Merge
66161564.723,E15,FRAG0019,0.6405507825507808,0.007752580752580752,6727.365,1544.576,1.8614,14.722,0.7948952589582554,0.0,Merge
68793619.417,E1,FRAG0014,0.4605491201032779,0.006701298701298701,6026.786,1471.341,3.5064,24.729,0.7907510476324261,0.0,Merge
69275026.646,E15,P88,0.6483033633033616,0.0025,6754.397,1059.189,2.5026,20.405,0.8273579672343874,0.0,Merge
69590449.668,E21,E43,0.5089512154512157,0.027500000000000004,6230.925,2355.617,1.0809,7.6330,0.8140473268922218,0.012922410922410922,Hit+Run+Frag
69821135.472,E18,P459,0.03741575091575093,0.0025,2610.229,1059.189,5.1405,15.147,0.9860688117854719,0.0,Hit+Run
69889726.127,P6,P364,0.0025,0.0025,1059.189,1059.189,18.851,25.874,0.75575,0.0,Graze+Frag
69903091.499,E21,FRAG0021,0.5089513819513821,0.006461205461205461,6230.926,1453.555,1.1013,8.0581,0.19022431140928134,0.0,Merge
71399208.128,E1,P164,0.46725041880457663,0.0025000000000000022,6055.877,1059.189,3.1401,22.795,0.6322225107006448,0.0,Merge
71722084.54,E21,E46,0.5154125874125876,0.025,6257.183,2281.955,1.734,12.324,0.5978630704581516,0.0,Merge
72446551.407,E1,P314,0.46975041880457663,0.0025,6066.658,1059.189,2.356,17.135,0.9615253842358863,0.0,Hit+Run
72452175.428,P57,FRAG0010,0.0025000000000000022,0.006518814518814519,1059.189,1457.863,8.0473,13.609,0.9434882001169796,0.0,Hit+Run
72457892.364,E1,P314,0.46975041880457663,0.0025,6066.658,1059.189,1.0467,7.6128,0.9085708252669894,0.0,Hit+Run
72468097.12,E1,P314,0.46975041880457663,0.0025,6066.658,1059.189,1.0446,7.5975,0.9268750538494859,0.0,Hit+Run
73128814.514,E15,P314,0.6508033633033615,0.0025,6763.068,1059.189,1.5559,12.703,0.9000411243801106,0.0,Hit+Run
73804029.198,E1,P314,0.46975041880457663,0.0025,6066.658,1059.189,1.3478,9.8028,0.656313014616119,0.0,Merge
74177808.522,E1,P338,0.47225041880457663,0.0025,6077.402,1059.189,1.6397,11.948,0.1998665833800387,0.0,Merge
74420294.473,E49,P322,0.0724991674991675,0.0025,3254.154,1059.189,5.4386,20.261,0.4866130448148837,0.0,Merge
74516465.23,E21,E52,0.5404125874125876,0.1366178795637218,6356.757,4019.416,1.042,7.5198,0.6672768115407334,0.0,Graze+Merge
74727113.697,E31,P384,0.05750000000000001,0.0025,3012.195,1059.189,1.9518,6.6941,0.7815725916798522,0.010150156510156511,Hit+Run
77605295.166,E15,P372,0.6508033633033615,0.0025,6763.068,1059.189,2.1553,17.597,0.704037932356123,0.0,Merge
77896886.263,E21,FRAG0017,0.6770304669763094,0.006087579087579088,6852.724,1424.979,1.2446,10.101,0.9637039690840611,0.0,Hit+Run
78439059.415,E21,P572,0.6770304669763094,0.0025,6852.724,1059.189,2.6834,22.218,0.61226533104432,0.0,Merge
80291159.807,E31,E92,0.05750000000000001,0.037500000000000006,3012.195,2612.187,1.9218,7.0565,0.8965813243815967,0.0,Hit+Run
80676830.993,E21,FRAG0017,0.6795304669763094,0.006087579087579088,6861.148,1424.979,1.125,9.1427,0.8775443610180244,0.0,Hit+Run
82171266.18,E1,P231,0.47475041880457663,0.0025,6088.107,1059.189,2.3614,17.239,0.8878369014781753,0.0,Hit+Run
82239223.124,E21,E31,0.6795304669763094,0.05750000000000001,6861.148,3012.195,1.1143,8.6014,0.6858129939519498,0.0,Merge
84455639.625,E1,FRAG0020,0.47475041880457663,0.007752580752580752,6088.107,1544.576,2.2681,16.111,0.8420649245891839,0.0,Hit+Run
84934385.927,E1,FRAG0020,0.47475041880457663,0.007752580752580752,6088.107,1544.576,1.1344,8.0581,0.7911757115657967,0.0,Merge
87470731.445,E15,P279,0.6533033633033615,0.0025,6771.717,1059.189,2.5109,20.528,0.8304985712279538,0.0,Merge
88514462.805,P57,P293,0.0025000000000000022,0.0025,1059.189,1059.189,11.209,15.385,0.2629500000000001,0.0,Merge
90486811.777,E92,E43,0.037500000000000006,0.014577422577422578,2612.187,1906.429,6.8197,20.684,0.5120760372040989,0.04655078255078255,Fragment
91011811.146,E15,FRAG0023,0.6558033633033614,0.00581884781884782,6780.344,1403.695,1.7913,14.389,0.9621182390651623,0.0,Hit+Run
91777539.796,E1,P231,0.48250299955715736,0.0025,6121.067,1059.189,1.648,12.100,0.8710699937037614,0.0,Hit+Run
91840284.74,E1,P231,0.48250299955715736,0.0025,6121.067,1059.189,1.0468,7.6864,0.3178919560110908,0.0,Merge
92010068.528,E1,P481,0.48500299955715737,0.0025,6131.621,1059.189,2.6403,19.422,0.6992158867341554,0.0,Merge
92038766.041,E15,FRAG0018,0.6558033633033614,0.005968697968697968,6780.344,1415.642,1.836,14.739,0.8638416933103694,0.0,Hit+Run
96785756.952,E1,P673,0.48750299955715737,0.0025,6142.138,1059.189,5.0622,37.306,0.40223585744304424,0.0,Merge
99754826.645,E15,P304,0.6558033633033614,0.0025,6780.344,1059.189,2.3888,19.557,0.9761162190636623,0.0,Hit+Run
99805298.053,E15,P57,0.6558033633033614,0.005000000000000003,6780.344,1334.495,1.5175,12.234,0.7875882309289391,0.0,Merge
101427504.26,E21,P203,0.7370304669763094,0.0025,7049.457,1059.189,1.4442,12.322,0.6801122602795475,0.0,Merge
103007544.438,E1,P281,0.49000299955715737,0.0025,6152.620,1059.189,3.8994,28.789,0.4811659910815913,0.0,Merge
107284469.594,E1,P319,0.4925029995571574,0.0025,6163.065,1059.189,3.3892,25.068,0.6477731358364242,0.0,Merge
111756959.464,E1,FRAG0024,0.4950029995571574,0.00581884781884782,6173.476,1403.695,3.7264,27.066,0.3322537448954777,0.0,Merge
113895637.15,E21,P443,0.7395304669763093,0.0025,7057.418,1059.189,1.8663,15.942,0.18381301504174447,0.0,Merge
116228757.225,E15,P383,0.6608033633033614,0.0025,6797.532,1059.189,4.146,34.034,0.9718643157366492,0.0,Hit+Run
116311591.921,E15,P383,0.6608033633033614,0.0025,6797.532,1059.189,1.0234,8.4011,0.8974582522154602,0.0,Graze+Merge
116422023.477,E49,P402,0.0749991674991675,0.0025,3291.137,1059.189,4.5627,17.205,0.694869472702804,0.0,Merge
118495400.542,E15,P421,0.6633033633033614,0.0025,6806.093,1059.189,2.9319,24.100,0.42842663171473355,0.0,Merge
119395858.838,E21,P360,0.7420304669763093,0.0025,7065.362,1059.189,2.5093,21.461,0.9389405618660073,0.0,Hit+Run
120939093.424,E1,P382,0.5008218473760052,0.0025,6197.572,1059.189,3.914,29.122,0.24630541705362125,0.0,Merge
121488639.594,E1,FRAG0030,0.5033218473760052,0.00581884781884782,6207.867,1403.695,3.5622,26.029,0.8677811898733255,0.0,Hit+Run
121536426.485,E1,FRAG0030,0.5033218473760052,0.00581884781884782,6207.867,1403.695,1.0755,7.8586,0.6760374325996236,0.0,Merge
127264827.382,E15,FRAG0002,0.6658033633033613,0.00555078255078255,6814.633,1381.800,1.8934,15.309,0.43773971397552236,0.0,Merge
131022947.512,E21,P360,0.7420304669763093,0.0025,7065.362,1059.189,1.6201,13.856,0.7337076521685193,0.0,Merge
134497663.205,E49,P320,0.0774991674991675,0.0025,3327.306,1059.189,2.4293,9.2687,0.5045768014681011,0.0,Merge
135993293.642,E21,P270,0.7445304669763092,0.0025,7073.288,1059.189,1.9346,16.565,0.501763407218342,0.0,Merge
137210412.779,E21,P571,0.7470304669763091,0.0025,7081.196,1059.189,1.633,13.999,0.6351897020723871,0.0,Merge
139314547.99,P80,P602,0.0025,0.0025,1059.189,1059.189,19.166,26.308,0.5975,0.0,Graze+Frag
148876189.403,E15,P499,0.6713541458541439,0.0025,6833.519,1059.189,3.1626,26.107,0.6219917751432366,0.0,Merge
150032417.735,E21,E18,0.7495304669763091,0.03741575091575093,7089.086,2610.229,1.14,9.1741,0.8305779531620882,0.023198135198135197,Hit+Run+Frag
150045304.595,E21,FRAG0034,0.7495299674758096,0.005799533799533799,7089.085,1402.140,1.0413,8.7743,0.5646238185550542,0.0,Merge
150094490.829,E21,FRAG0031,0.7553295012753434,0.005799533799533799,7107.322,1402.140,1.052,8.8889,0.6068750122060671,0.0,Merge
150406876.104,E18,FRAG0012,0.014218115218115219,0.005676989676989677,1890.635,1392.194,9.5661,21.039,0.5926179796514753,0.014366966366966367,Graze+Frag
153683796.349,E15,P414,0.6738541458541438,0.0025,6841.990,1059.189,2.2025,18.205,0.06693757618819034,0.0,Merge
153761746.891,E15,FRAG0032,0.6763541458541438,0.005799533799533799,6850.441,1402.140,1.3356,10.848,0.7091516527108161,0.0,Merge
156315778.697,E1,FRAG0035,0.5091406951948529,0.0071834831834831836,6231.698,1505.817,2.2464,16.394,0.8499254633019069,0.0,Hit+Run
156574203.447,E1,FRAG0035,0.5091406951948529,0.0071834831834831836,6231.698,1505.817,1.7717,12.930,0.9864386501015595,0.0,Hit+Run
156578509.349,E1,FRAG0035,0.5091406951948529,0.0071834831834831836,6231.698,1505.817,1.0479,7.6478,0.5408177282357912,0.0,Merge
160682993.915,E21,E18,0.7611290350748772,0.00552813852813853,7125.466,1379.918,1.1742,9.9598,0.8748721495801635,0.0,Hit+Run
163687558.442,E21,P344,0.7611290350748772,0.0025,7125.466,1059.189,2.4661,21.281,0.741305969022125,0.0,Merge
170408966.154,E1,P351,0.5163241783783361,0.0025,6260.869,1059.189,4.8128,36.199,0.6544779318425507,0.0,Merge
