time_yr,target,projectile,Mt_Mearth,Mp_Mearth,Rt_km,Rp_km,vimp/vesc,vimp_km/s,b,m_frag_Mearth,Regime
41054.853,E224,FRAG1075,0.5212079013441905,0.006572092907984009,6280.547,1461.823,1.0655,7.8595,0.21869728381707582,0.0,Merge
57429.832,E224,FRAG1076,0.5277799942521745,0.006572092907984009,6306.835,1461.823,1.1028,8.1713,0.3306586023847987,0.0,Merge
63845.777,E135,FRAG1028,0.288911157336749,0.01052780552780553,5159.195,1710.434,2.0336,11.995,0.7546198977120059,0.0,Hit+Run
66468.715,E46,FRAG1047,0.19931714622480184,0.01052780552780553,4558.711,1710.434,1.8847,9.7419,0.4097581769014823,0.0,Merge
76915.329,E224,FRAG1065,0.5343520871601585,0.006220218201943083,6332.905,1435.254,1.0888,8.1147,0.27196365172250253,0.0,Merge
111819.345,NEPTUNE,K214,16.12942390942391,0.02,19718.17,2118.379,0.9998,24.291,0.5566929019141186,0.0,Perfect
165263.617,E224,E159,0.5405723053621015,0.005,6357.384,1334.495,1.3504,10.160,0.5981423233746266,0.0,Merge
194373.708,E173,E116,0.005527805527805528,0.005000000000000026,1379.890,1334.495,4.1722,7.3410,0.6094751655646977,0.0,Graze+Frag
334935.213,E135,FRAG1074,0.288911157336749,0.009737825705155778,5159.195,1666.535,1.7118,10.116,0.6315086100576661,0.0,Merge
373175.596,FRAG1019,FRAG1050,0.005545805063240277,0.005527805527805528,1381.387,1379.890,5.2905,9.4655,0.5624545813793833,0.005545787545787546,Graze+Frag
376789.642,E135,FRAG1028,0.2986489830419048,0.01052780552780553,5216.519,1710.434,1.3601,8.1182,0.8911142693687785,0.0,Hit+Run
488939.144,E135,FRAG1004,0.2986489830419048,0.01068656978982883,5216.519,1718.989,1.051,6.2709,0.27325485283769874,0.0,Merge
525823.802,E2,E25,0.010183585030960196,0.005,1691.586,1334.495,5.508,11.022,0.9466141355257173,0.0,Hit+Run
673858.109,E224,E161,0.5455723053621016,0.025,6376.924,2281.955,1.3376,9.7008,0.6849084153419427,0.0,Merge
811881.92,NEPTUNE,K620,16.14942390942391,0.02,19726.32,2118.379,1.0001,24.309,0.653429234450158,0.0,Merge
818281.049,E135,FRAG1058,0.30933555283173364,0.005600653603719668,5278.013,1385.926,1.77,10.871,0.929204894845383,0.0,Hit+Run
847176.159,E224,FRAG1067,0.5705723053621016,0.00655070667998439,6472.877,1460.236,1.1851,9.0307,0.857054429954051,0.0,Hit+Run
895441.735,FRAG1028,FRAG1066,0.01052780552780553,0.00952730551672318,1710.434,1654.438,2.6854,5.8572,0.9841597626016622,0.0,Hit+Run
909251.469,E178,E155,0.015,0.005,1924.675,1334.495,5.7179,12.654,0.8995127165548961,0.0,Hit+Run
929504.859,FRAG1038,E154,0.005527805527805528,0.005000000000000026,1379.890,1334.495,2.7376,4.8168,0.3092365862148682,0.006766586746586746,Fragment
1069617.838,E224,FRAG1066,0.5705723053621016,0.00952730551672318,6472.877,1654.438,1.0151,7.6620,0.7355075975566453,0.0,Merge
1111990.522,E2,E37,0.010183585030960196,0.005,1691.586,1334.495,5.8016,11.610,0.8250311814234121,0.0,Hit+Run
1174136.438,E135,FRAG1073,0.30933555283173364,0.005705092301306991,5278.013,1394.487,1.7885,10.979,0.36774041678640346,0.0,Merge
1344767.723,FRAG1032,E195,0.007236097236097237,0.005527805527805528,1509.484,1379.890,5.7632,10.822,0.351279154217026,0.007236097236097237,Fragment
1383616.985,E224,FRAG1036,0.5800996108788248,0.005600653603719661,6508.706,1385.926,1.1956,9.2005,0.34536086699410906,0.0,Merge
1445136.713,E135,E315,0.31504064513304064,0.01,5310.263,1681.359,1.6024,9.7613,0.923118194442486,0.0,Hit+Run
1506429.567,E46,E199,0.20984495175260737,0.00499999999999998,4637.600,1334.495,2.131,11.419,0.65618039769461,0.0,Merge
1512347.758,E178,E279,0.015,0.005527805527805528,1924.675,1379.890,3.3804,7.5273,0.15964381545576797,0.014999666999667002,Fragment
1519241.284,URANUS,K690,15.96942390942391,0.02,19652.76,2118.379,1.0017,24.253,0.6636634265736049,0.0,Merge
1527161.461,E335,E352,0.005,0.005,1334.495,1334.495,5.7319,9.9124,0.9199499999999999,0.0,Hit+Run
1583809.222,E135,E367,0.31504064513304064,0.010124845668501695,5310.263,1688.327,1.19,7.2468,0.8007972095983005,0.0,Hit+Run
1612022.626,E135,E367,0.31504064513304064,0.010124845668501695,5310.263,1688.327,1.0871,6.6202,0.8706032957107162,0.0,Hit+Run
1623847.816,E224,E288,0.5857002644825444,0.01,6529.586,1681.359,1.6672,12.687,0.5477540921030222,0.0,Merge
1807668.74,E135,E315,0.31504064513304064,0.01,5310.263,1681.359,1.2203,7.4336,0.607766314952178,0.0,Merge
1839859.982,E135,FRAG1041,0.32504064513304065,0.010917522495389628,5365.865,1731.284,1.4389,8.8448,0.6470354027675033,0.0,Merge
1842009.335,E224,E74,0.5957002644825444,0.01052780552780553,6566.537,1710.434,1.0697,8.1790,0.5089341613875319,0.0,Merge
1983464.583,FRAG1038,E141,0.01052780552780553,0.01052780552780553,1710.434,1710.434,4.5693,10.127,0.5841,0.015527805527805529,Graze+Frag
2025626.268,E243,FRAG1026,0.013804994734344433,0.009472187968206737,1872.144,1651.241,3.0915,7.0992,0.7755024649050817,0.0,Hit+Run
2108957.265,E224,FRAG1028,0.60622807001035,0.01052780552780553,6604.995,1710.434,1.6641,12.804,0.9655583018515146,0.0,Hit+Run
2134252.316,E224,FRAG1028,0.60622807001035,0.01052780552780553,6604.995,1710.434,1.066,8.2021,0.4856386523132742,0.0,Merge
2237135.613,E46,E2,0.21484495175260734,0.010183585030960196,4674.145,1691.586,1.6641,8.8395,0.9325188808424266,0.0,Hit+Run
2263158.044,E135,FRAG0006,0.3359581676284303,0.0077639027639027644,5425.281,1545.327,1.5378,9.6477,0.7045244851700028,0.0,Merge
2528129.67,E16,E184,0.005891682459634476,0.005,1409.527,1334.495,9.7373,17.332,0.7225822598409843,0.0,Graze+Frag
2641162.489,E243,FRAG1057,0.013804994734344433,0.009472194472194473,1872.144,1651.241,2.401,5.5135,0.3512210170040451,0.01039027639027639,Fragment
2765605.528,NEPTUNE,K439,16.16942390942391,0.02,19734.46,2118.379,1.0017,24.358,0.5111328643200822,0.0,Merge
2794082.208,E103,FRAG0003,0.005527805527805528,0.007499833499833501,1379.890,1527.604,2.1357,4.0389,0.8333461535701797,0.0,Hit+Run
3207368.007,E46,E41,0.21484495175260734,0.011055611055611047,4674.145,1738.553,1.4327,7.5971,0.9627165171301237,0.0,Hit+Run
3274913.115,FRAG1044,E118,0.008349038821691402,0.005,1583.213,1334.495,5.2743,10.079,0.9380849452525609,0.0,Hit+Run
3358832.011,E224,E243,0.6167558755381555,0.012886912816262518,6643.010,1829.687,1.4966,11.526,0.8639436572202267,0.00735930735930736,Hit+Run+Frag
3498023.326,E224,FRAG0008,0.6167556754673051,0.00735930735930736,6643.009,1518.003,1.2257,9.5763,0.639473089565188,0.0,Merge
3613625.546,FRAG1056,E352,0.00635472467063732,0.005,1445.526,1334.495,5.3562,9.6711,0.8066805698803506,0.0,Hit+Run
3660744.918,E46,FRAG1067,0.21484495175260734,0.00655070667998439,4674.145,1460.236,1.3296,7.1363,0.820019899539393,0.0,Hit+Run
4233238.808,E46,FRAG0003,0.21484495175260734,0.007499833499833501,4674.145,1527.604,1.156,6.1840,0.8931881245913735,0.0,Hit+Run
4459606.025,E224,FRAG1046,0.6241149828266125,0.007057496629920979,6669.327,1496.961,1.5493,12.168,0.9810081229277285,0.0,Hit+Run
5011249.069,FRAG1046,E235,0.007057496629920979,0.005000000000000004,1496.961,1334.495,10.922,20.136,0.9485218199717785,0.0,Hit+Run
5422418.091,E135,E399,0.34372207039233305,0.005,5466.755,1334.495,2.4118,15.429,0.6650531449613214,0.0,Merge
5962746.165,E224,FRAG1064,0.6241149828266125,0.005527805527805528,6669.327,1379.890,1.1918,9.4173,0.8991623554979198,0.0,Hit+Run
6116693.562,E224,FRAG1064,0.6241149828266125,0.005527805527805528,6669.327,1379.890,1.0756,8.4992,0.773385682474897,0.0,Merge
6185597.389,E84,E258,0.005,0.005,1334.495,1334.495,9.0016,15.566,0.52265,0.0,Graze+Frag
6419179.503,E135,E84,0.34872207039233305,0.01,5493.135,1681.359,1.214,7.6693,0.7106742140887805,0.0,Merge
6833195.162,E135,E352,0.35872207039233306,0.005,5545.149,1334.495,3.1421,20.411,0.47095899378775596,0.0,Merge
6841254.982,E224,E235,0.629642788354418,0.005000000000000004,6688.960,1334.495,1.2467,9.9061,0.5603967993590084,0.0,Merge
6925589.055,E224,FRAG1034,0.634642788354418,0.005527805527805528,6706.619,1379.890,1.3095,10.409,0.9752431293749804,0.0,Hit+Run
7147294.714,FRAG1058,E25,0.005600653603719668,0.005,1385.926,1334.495,8.6782,15.305,0.7251039658327326,0.010027439227439228,Graze+Frag
7417830.821,E135,FRAG1020,0.36372207039233306,0.005545805063240277,5570.793,1381.387,2.5474,16.586,0.5299808891410334,0.0,Merge
7463285.482,FRAG1034,E155,0.005527805527805528,0.005,1379.890,1334.495,5.467,9.6192,0.8730608468936628,0.0,Hit+Run
7909861.131,E135,E390,0.3692678754555733,0.015,5598.964,1924.675,2.2215,14.184,0.7926291948590687,0.009472194472194473,Hit+Run+Frag
7984876.485,E224,E17,0.634642788354418,0.01,6706.619,1681.359,1.9666,15.402,0.7144790504932059,0.0,Merge
8074180.845,E35,FRAG1062,0.010000000000000007,0.009472194472194473,1681.359,1651.241,6.046,13.056,0.8441100428321169,0.0,Hit+Run
8183804.256,E177,E282,0.005527805527805528,0.005,1379.890,1334.495,10.874,19.132,0.5360676971290134,0.010466346986346986,Graze+Frag
8403641.085,E135,E158,0.3692678754555733,0.009086688605288471,5598.964,1628.529,1.6303,10.538,0.7488790217666155,0.0,Merge
8469637.765,E224,E118,0.644642788354418,0.005,6741.660,1334.495,1.2051,9.6564,0.5713939296009312,0.0,Merge
8681820.814,E224,FRAG1056,0.649642788354418,0.00635472467063732,6759.045,1445.526,1.5458,12.349,0.9833873789744076,0.0,Hit+Run
9645187.718,E224,FRAG1009,0.649642788354418,0.006124458583351039,6759.045,1427.851,1.2104,9.6783,0.8912277209231508,0.0,Hit+Run
9713286.671,E224,FRAG1009,0.649642788354418,0.006124458583351039,6759.045,1427.851,1.5003,11.996,0.31215674041782615,0.0,Merge
10666047.406,E135,FRAG1030,0.3783545640608618,0.0066054716563466,5644.517,1464.294,2.1364,14.045,0.9436891863749217,0.0,Hit+Run
10854181.057,FRAG1058,FRAG1046,0.0106007326007326,0.007057496629920979,1714.374,1496.961,8.1249,17.021,0.6751611880149039,0.01689905427905428,Graze+Frag
11080436.607,E57,E103,0.01,0.005527805527805528,1681.359,1379.890,3.8188,7.6840,0.6375021797252767,0.006324675324675325,Graze+Frag
11301082.025,FRAG1030,FRAG1058,0.0066054716563466,0.005527693100117449,1464.294,1379.881,9.2249,17.022,0.9132225213275961,0.0,Hit+Run
12334554.822,E243,FRAG0010,0.005527805527805528,0.006065268065268066,1379.890,1423.236,13.188,23.961,0.8223834167458157,0.010762084582084582,Graze+Frag
12347921.053,E135,FRAG1030,0.3783545640608618,0.0066054716563466,5644.517,1464.294,1.0447,6.8684,0.8278421082999524,0.0,Graze+Merge
12407695.873,FRAG1062,FRAG0013,0.009472194472194473,0.006065268065268066,1651.241,1423.236,11.207,22.508,0.7226415247464936,0.01000965700965701,Graze+Frag
12473138.508,E46,E58,0.21484495175260734,0.10869667457451676,4674.145,3724.482,1.4956,8.2934,0.30147598411313414,0.05412716616716617,Fragment
12487784.801,E57,FRAG0014,0.009203130203130202,0.01000965700965701,1635.456,1681.900,4.2007,9.0318,0.9607582094337204,0.0,Hit+Run
12531567.646,E224,E35,0.6557672469377691,0.010000000000000007,6780.219,1681.359,1.6388,12.987,0.8089071555995477,0.0,Hit+Run
12569451.131,E224,E35,0.6557672469377691,0.010000000000000007,6780.219,1681.359,1.0538,8.3512,0.8424012805168938,0.0,Hit+Run
12625692.878,E224,FRAG0021,0.6557672469377691,0.006013986013986014,6780.219,1419.214,1.1656,9.3556,0.591739037211936,0.0,Merge
12839587.205,E46,FRAG1062,0.26941575220125,0.005527805527805529,5040.436,1379.890,1.8278,10.686,0.48015167921167085,0.0,Merge
12858796.788,E135,FRAG1058,0.38496003571720844,0.005527693100117449,5677.176,1379.881,2.3515,15.627,0.9834619720926636,0.0,Hit+Run
13025385.936,E35,FRAG0015,0.010000000000000007,0.006013986013986014,1681.359,1419.214,4.4335,9.0018,0.2849647853975607,0.015347952047952048,Fragment
13118157.906,E224,E35,0.6617812329517552,0.005527805527805536,6800.883,1379.890,1.0509,8.4797,0.7784528635065957,0.0,Merge
13359109.892,E46,E96,0.27494355772905554,0.005,5074.676,1334.495,1.4866,8.7778,0.5899578507692712,0.0,Merge
14355622.015,E135,E243,0.38496003571720844,0.005527805527805527,5677.176,1379.890,1.4649,9.7354,0.5356139983726816,0.0,Merge
14723022.846,FRAG1056,FRAG1068,0.00635472467063732,0.0058820109403651885,1445.526,1408.756,9.627,17.808,0.6269743296376924,0.006708957708957708,Graze+Frag
15374106.541,FRAG1048,E90,0.006554806368401015,0.005527805527805528,1460.541,1379.890,8.5286,15.715,0.37268985675922406,0.012004735264735264,Fragment
16475791.752,E135,FRAG0009,0.39048784124501396,0.009472194472194473,5704.221,1651.241,1.2751,8.4004,0.5753494516389401,0.0,Merge
16799414.069,E224,FRAG0019,0.6673090384795607,0.006013986013986014,6819.766,1419.214,1.399,11.299,0.5280178657451032,0.0,Merge
17188692.33,E135,FRAG1058,0.39996003571720845,0.005527693100117449,5749.976,1379.881,2.5097,16.909,0.6890431488096292,0.0,Merge
20864205.609,E224,FRAG0014,0.6733230244935468,0.01000965700965701,6840.192,1681.900,1.153,9.2242,0.5688326293681216,0.0,Merge
21433773.552,E346,FRAG0025,0.005,0.006708957708957708,1334.495,1471.901,12.771,23.307,0.9227923967338734,0.0,Hit+Run
25151939.915,E135,FRAG0016,0.4054877288173259,0.006013986013986014,5776.344,1419.214,2.599,17.559,0.9684559844419197,0.0,Hit+Run
26678112.382,E135,FRAG0022,0.4054877288173259,0.006013986013986014,5776.344,1419.214,2.7251,18.411,0.9811396752195908,0.0,Hit+Run
26691055.146,E135,FRAG0022,0.4054877288173259,0.006013986013986014,5776.344,1419.214,1.0422,7.0414,0.5976587205048155,0.0,Merge
27181536.295,E135,FRAG0025,0.4115017148313119,0.006708957708957708,5804.761,1471.901,1.0765,7.2912,0.5458818290164306,0.0,Merge
30119528.198,E135,FRAG1056,0.4182106725402696,0.005527777902044799,5836.138,1379.888,2.2313,15.276,0.8147593825244092,0.0,Hit+Run
31654120.457,E224,E346,0.6833326815032038,0.005,6873.921,1334.495,1.7968,14.700,0.7874293234112644,0.0,Merge
33012632.528,E224,FRAG0011,0.6883326815032038,0.006065268065268066,6890.646,1423.236,1.4324,11.695,0.9450114738111232,0.0,Hit+Run
33484023.38,E224,FRAG0011,0.6883326815032038,0.006065268065268066,6890.646,1423.236,1.0605,8.6590,0.699102945237399,0.0,Merge
33500096.211,E224,E57,0.6943979495684719,0.009203130203130202,6910.826,1635.456,2.0913,16.953,0.6234578403008092,0.0,Merge
35180900.481,E224,FRAG1044,0.7036010797716021,0.008349038821691402,6941.223,1583.213,1.2021,9.8149,0.6667272118401322,0.0,Merge
36444204.152,E224,FRAG1056,0.7119501185932935,0.005527777902044799,6968.570,1379.888,1.8236,15.103,0.9625914639913051,0.0,Hit+Run
37251393.257,E135,E61,0.4182106725402696,0.005,5836.138,1334.495,5.3724,36.874,0.9728478721833309,0.0,Hit+Run
37530250.852,E135,E61,0.4182106725402696,0.005,5836.138,1334.495,1.1521,7.9076,0.6140018696353257,0.0,Merge
44006193.207,E135,E248,0.4232106725402696,0.006550360611817903,5859.304,1460.210,2.4512,16.780,0.6725838170697164,0.0,Merge
53938720.184,E224,FRAG0003,0.7119501185932935,0.007499833499833501,6968.570,1527.604,1.0968,9.0172,0.8983660161121207,0.0,Hit+Run
61629666.135,E46,FRAG0003,0.27994355772905555,0.007499833499833501,5105.253,1527.604,1.478,8.6927,0.6412298395400539,0.0,Merge
79417063.292,E135,E129,0.4297610331520875,0.005,5889.379,1334.495,3.7674,26.111,0.9962549870651716,0.0,Hit+Run
79437668.888,E135,E129,0.4297610331520875,0.005,5889.379,1334.495,1.0206,7.0738,0.5729689074545029,0.0,Merge
