time_yr,target,projectile,Mt_Mearth,Mp_Mearth,Rt_km,Rp_km,vimp/vesc,vimp_km/s,b,m_frag_Mearth,Regime
102904.893,E52,P288,0.0642334106263745,0.0025,3125.461,1059.189,1.2764,4.5539,0.8223972160535499,0.0,Hit+Run
134692.507,E6,E19,0.1809488068152215,0.0475,4414.136,2826.344,1.0923,5.4816,0.5950153570571535,0.0058296237096237095,Fragment
137164.275,E9,P408,0.0975,0.0025,3591.937,1059.189,2.7711,11.479,0.7472507837172535,0.0,Merge
180642.33,E30,P440,0.03250000000000001,0.0025,2490.510,1059.189,2.2367,6.2748,0.24205593975317508,0.0,Merge
263620.793,E27,P528,0.037500000000000006,0.0025,2612.187,1059.189,1.5901,4.6891,0.1324814172915354,0.0,Merge
487755.807,E6,E4,0.22261930298571767,0.1599999999999999,4729.858,4236.759,1.0185,5.9441,0.23684585792311755,0.03620979020979021,Fragment
517194.069,E6,P83,0.34640951277592735,0.0024999999999999905,5480.966,1059.189,1.2983,8.4721,0.35281829860666525,0.0,Merge
539201.537,P0,P4,0.0075,0.0025,1527.616,1059.189,14.180,24.908,0.6275093307584247,0.0,Graze+Frag
589574.301,E46,P560,0.14999999999999997,0.0025,4146.588,1059.189,1.4995,7.2509,0.736715888539363,0.0,Merge
664023.815,E6,P271,0.34890951277592736,0.0025,5494.119,1059.189,1.3909,9.0997,0.4687345005794908,0.0,Merge
726588.565,E26,P118,0.05,0.0025,2875.083,1059.189,8.0577,26.297,0.19548332669840626,0.013907425907425908,Fragment
797428.849,E9,P442,0.1,0.0025,3622.378,1059.189,2.0288,8.4813,0.8478787496244395,0.0,Hit+Run
1025257.64,E6,FRAG0002,0.35140951277592736,0.006034965034965035,5507.210,1420.862,1.0575,6.7863,0.48616835872259545,0.0,Merge
1150594.773,E37,P417,0.065,0.0025,3137.846,1059.189,4.5468,16.290,0.5696969700802081,0.0,Merge
1227336.574,E31,E29,0.11499999999999998,0.027500000000000004,3795.128,2355.617,1.4697,6.3201,0.42025179163813636,0.010844821844821845,Fragment
1249084.168,E6,P198,0.3574444778108924,0.0025000000000000022,5538.558,1059.189,2.8311,18.682,0.8639741842489473,0.0,Hit+Run
1740037.118,E31,FRAG0010,0.13165517815517813,0.010844821844821845,3970.146,1727.433,1.2111,5.4112,0.7480981786483958,0.0,Hit+Run
2157760.796,P0,P95,0.01,0.0025,1681.359,1059.189,5.1379,9.8034,0.7300176794394283,0.0,Graze+Frag
2283947.15,E2,P501,0.07,0.0025,3216.324,1059.189,3.0572,11.247,0.5921086334070664,0.0,Merge
2358523.681,E8,P287,0.12499999999999996,0.0025000000000000022,3902.089,1059.189,1.2631,5.7207,0.39341164895129527,0.0,Merge
2430430.928,P25,P611,0.0025,0.0025,1059.189,1059.189,28.547,39.183,0.43615,0.0,Merge
2498428.795,P40,P377,0.0025,0.0025,1059.189,1059.189,18.738,25.720,0.89745,0.0,Graze+Frag
2509004.62,E26,P43,0.0385925740925741,0.0025,2637.313,1059.189,6.1164,18.219,0.5240375938521389,0.00872895770895771,Fragment
2724614.839,E30,P648,0.03500000000000001,0.0025,2552.798,1059.189,3.942,11.347,0.799412958118313,0.0,Hit+Run
2741493.27,E14,E26,0.1275,0.03236363636363637,3927.931,2487.021,2.0663,9.2157,0.704093721211355,0.024872460872460873,Hit+Run+Frag
2767751.243,E26,FRAG0014,0.007491508491508492,0.006218115218115218,1527.039,1435.093,0.9926,1.9078,0.8566916187321032,0.0,Perfect
2805561.315,E2,P152,0.07250000000000001,0.0025,3254.167,1059.189,5.0882,18.955,0.4543234899500779,0.0,Merge
2821194.889,E14,E26,0.12749966699966703,0.013709623709623711,3927.928,1867.822,1.3342,5.8837,0.6025657220167003,0.0,Merge
3044455.034,P32,P186,0.0025,0.0025000000000000022,1059.189,1059.189,9.8942,13.580,0.8834999999999997,0.0,Hit+Run
3062730.64,E14,P67,0.14120929070929072,0.0025,4063.949,1059.189,3.6207,17.132,0.39440575100213354,0.0,Merge
3452912.663,E14,FRAG0013,0.14370929070929073,0.006218115218115218,4087.792,1435.093,1.9274,8.9719,0.6052988969008639,0.0,Merge
3485672.643,E14,P134,0.14992740592740594,0.0025,4145.919,1059.189,3.1734,15.342,0.7022824870024745,0.0,Merge
3540544.469,P42,P60,0.0024999999999999905,0.0025,1059.189,1059.189,34.134,46.852,0.7134999999999996,0.0,Graze+Frag
3622676.958,E52,P261,0.0642334106263745,0.0025,3125.461,1059.189,2.7942,9.9691,0.2126387134778364,0.0,Merge
3654250.598,E6,P442,0.3574444778108924,0.0025,5538.558,1059.189,1.6707,11.024,0.6605725666396199,0.0,Merge
3713640.323,E8,P250,0.12749999999999995,0.0025,3927.931,1059.189,3.2428,14.791,0.9661672831254352,0.0,Hit+Run
3880296.701,E6,P40,0.3599444778108924,0.005,5551.440,1334.495,3.0147,19.608,0.9671172966576702,0.0,Hit+Run
3901177.257,E14,FRAG0001,0.15242740592740595,0.00582950382950383,4168.836,1404.551,3.482,16.577,0.9749296784469497,0.0,Hit+Run
4029619.916,E6,E8,0.3599444778108924,0.12749999999999995,5551.440,3927.931,1.4521,9.3030,0.737547183241161,0.010715651015651015,Hit+Run
4073314.455,E6,E8,0.3599444778108924,0.12749999999999995,5551.440,3927.931,1.1074,7.0947,0.729992507471897,0.006664875124875125,Hit+Run
4087758.289,P42,P334,0.005,0.0025,1334.495,1059.189,7.4754,11.821,0.6818306524881074,0.006963376623376623,Graze+Frag
4438437.134,E14,P127,0.15242740592740595,0.0025000000000000022,4168.836,1059.189,3.9634,19.276,0.41361219548113304,0.0,Merge
4457579.415,E14,P394,0.15492740592740595,0.0025,4191.504,1059.189,3.666,17.934,0.9794050877582315,0.0,Hit+Run
4542804.276,E6,P394,0.3599444778108924,0.0025,5551.440,1059.189,1.1157,7.3808,0.7681419584554755,0.0,Merge
4633045.29,P18,FRAG0001,0.0025,0.00582950382950383,1059.189,1404.551,6.4045,10.520,0.8915497159145729,0.0,Hit+Run
4645172.445,P21,P296,0.0025,0.0025,1059.189,1059.189,9.7661,13.404,0.86895,0.0,Hit+Run
4709879.669,E31,P558,0.13165517815517813,0.0025,3970.146,1059.189,2.4566,11.335,0.8367615208593573,0.0,Hit+Run
4732804.476,E6,P44,0.3624444778108924,0.0025,5564.263,1059.189,2.5499,16.910,0.832020122204165,0.0,Merge
4828010.563,P41,P190,0.0025000000000000022,0.0025,1059.189,1059.189,11.989,16.456,0.9233000000000001,0.0,Hit+Run
4920385.212,E6,P25,0.3649444778108924,0.005,5577.027,1334.495,2.8263,18.473,0.6165654908142648,0.0,Merge
5221836.855,E6,E14,0.3699444778108924,0.15492740592740595,5602.381,4191.504,1.3091,8.5620,0.15839468360243172,0.06677722277722277,Fragment
5395606.472,E6,P112,0.45809466096107565,0.0025,6016.061,1059.189,4.1445,29.875,0.44997690311546773,0.0,Merge
5404644.998,E8,P136,0.12749999999999995,0.0025,3927.931,1059.189,3.5936,16.392,0.365532107360002,0.0,Merge
5554502.149,E6,E9,0.46059466096107565,0.1,6026.985,3622.378,1.044,7.1094,0.4523347680009732,0.018227772227772228,Fragment
5576362.412,E6,FRAG0029,0.5423668887333034,0.006075924075924076,6364.411,1424.069,1.0092,7.5661,0.9528049722661693,0.0,Graze+Merge
5613837.672,E6,FRAG0018,0.5484428128092275,0.005564768564768565,6388.089,1382.959,1.4158,10.680,0.6196514313795284,0.0,Merge
5623452.539,E6,FRAG0028,0.5540075813739961,0.006075924075924076,6409.622,1424.069,1.0974,8.2902,0.5466475493676115,0.0,Merge
5744482.212,P89,P214,0.0025,0.0025,1059.189,1059.189,9.6951,13.307,0.72705,0.0,Graze+Frag
5803982.425,P53,P275,0.0025000000000000022,0.0025000000000000022,1059.189,1059.189,43.016,59.043,0.60395,0.0,Graze+Frag
5875174.2,P66,P335,0.0025,0.0025,1059.189,1059.189,22.818,31.320,0.5484,0.0,Graze+Frag
6182734.094,URANUS,K834,15.944423909423909,0.035,19642.50,2552.798,0.9999,23.969,0.47081187495299975,0.0,Perfect
6388258.567,E2,P0,0.07500000000000001,0.012499833499833501,3291.149,1811.181,5.6839,21.029,0.5344062259061709,0.05050249750249751,Fragment
6398861.963,P109,FRAG0008,0.0025,0.006953712953712954,1059.189,1489.587,14.844,25.541,0.47981457965420965,0.009423802863802865,Graze+Frag
6448214.471,E31,P294,0.13165517815517813,0.0025,3970.146,1059.189,3.973,18.332,0.9280158904926985,0.0,Hit+Run
6455089.826,E6,FRAG0025,0.5600835054499201,0.005564768564768565,6432.968,1382.959,1.0094,7.6719,0.8644586567773404,0.0,Graze+Merge
6466273.122,E6,FRAG0022,0.5656482740146888,0.005564768564768565,6454.203,1382.959,1.111,8.4740,0.23577899392912485,0.0,Merge
6488540.341,E6,FRAG0036,0.5712130425794574,0.005611388611388612,6475.299,1386.811,1.2301,9.4134,0.7717209836203085,0.0,Merge
6648707.684,P26,FRAG0011,0.0024999999999999905,0.00872893772893773,1059.189,1606.870,30.521,55.963,0.6934635689811535,0.005700965700965701,Graze+Frag
6900363.591,E8,P216,0.12999999999999995,0.0025,3953.438,1059.189,2.9505,13.552,0.9771150915343649,0.0,Hit+Run
6922491.496,P26,FRAG0040,0.00552797202797202,0.005700965700965701,1379.904,1394.151,2.0705,3.7217,0.8555832859021162,0.0,Hit+Run
7091244.624,P103,FRAG0024,0.0025000000000000022,0.005564768564768565,1059.189,1382.959,12.004,19.489,0.46966686006459607,0.008027479187479187,Graze+Frag
7182732.987,E6,FRAG0039,0.576824431190846,0.005611388611388612,6496.434,1386.811,1.26,9.6760,0.29600996872165997,0.0,Merge
7220298.683,P68,P327,0.0025,0.0025,1059.189,1059.189,12.414,17.040,0.72195,0.0,Graze+Frag
7276754.603,E6,P92,0.5824358198022347,0.0024999999999999905,6517.432,1059.189,3.3126,26.004,0.6266578023982791,0.0,Merge
7329066.106,E31,P170,0.13165517815517813,0.0025,3970.146,1059.189,2.4604,11.353,0.8499444618011981,0.0,Hit+Run
7342083.235,P16,P218,0.0024999999999999905,0.0025000000000000022,1059.189,1059.189,23.161,31.791,0.6599499999999996,0.0,Graze+Frag
7370801.697,E6,P238,0.5849358198022346,0.0025,6526.744,1059.189,2.8219,22.185,0.6177488805368971,0.0,Merge
7385726.366,E6,FRAG0006,0.5874358198022346,0.006034965034965035,6536.029,1420.862,1.2271,9.4681,0.6826082815827132,0.0,Merge
7423002.613,P103,FRAG0020,0.008064935064935065,0.005564768564768565,1565.047,1382.959,6.1462,11.807,0.2516386168728458,0.008101898101898103,Fragment
7459754.426,P16,P416,0.005,0.0025,1334.495,1059.189,20.210,31.962,0.9058925815436842,0.0,Graze+Frag
7469151.445,E6,P156,0.5934707848371996,0.0025,6558.335,1059.189,1.6935,13.382,0.9703807346656592,0.0,Hit+Run
7469276.193,E6,P156,0.5934707848371996,0.0025,6558.335,1059.189,1.0485,8.2857,0.19879417233102717,0.0,Merge
7537372.999,E6,FRAG0026,0.5959707848371996,0.005564768564768565,6567.531,1382.959,1.0852,8.4333,0.7704601427260187,0.0,Merge
7653806.078,E6,P16,0.6015355534019682,0.007499833499833501,6587.909,1527.604,1.3896,10.755,0.5166087273288917,0.0,Merge
8048657.972,E6,P42,0.6090353869018017,0.007499833499833501,6615.175,1527.604,1.5789,12.274,0.6119791279559323,0.0,Merge
8146754.208,E31,P90,0.13165517815517813,0.0025,3970.146,1059.189,3.1789,14.668,0.8052645541779532,0.0,Hit+Run
8349657.341,P38,P609,0.0025,0.0025,1059.189,1059.189,10.990,15.085,0.77565,0.0,Graze+Frag
8587447.197,P96,FRAG0023,0.0025,0.005564768564768565,1059.189,1382.959,9.1617,14.874,0.15509545586766962,0.008018081918081918,Fragment
8596446.999,P32,FRAG0012,0.0025,0.006218115218115218,1059.189,1435.093,15.000,25.055,0.9290003274881155,0.0,Hit+Run
8646853.517,E6,FRAG0016,0.6165352204016352,0.005564768564768565,6642.218,1382.959,1.8813,14.798,0.8545717398383652,0.0,Hit+Run
8717275.337,P18,P94,0.0025,0.0025,1059.189,1059.189,23.913,32.823,0.9328,0.0,Hit+Run
8743369.76,E8,P558,0.12999999999999995,0.0025,3953.438,1059.189,5.0438,23.168,0.21050287991809025,0.0,Merge
8863182.462,P26,FRAG0040,0.00552797202797202,0.005700965700965701,1379.904,1394.151,26.123,46.956,0.473704629746852,0.005700965700965701,Fragment
8866873.098,P26,FRAG0042,0.00552797202797202,0.005700965700965701,1379.904,1394.151,1.0375,1.8649,0.9421862219925572,0.0,Graze+Merge
8929279.262,P109,P324,0.009453879453879455,0.0025,1650.177,1059.189,10.989,20.622,0.3416847251528843,0.006425907425907426,Fragment
8999855.822,P49,P353,0.0025,0.0025,1059.189,1059.189,8.8038,12.083,0.8419,0.0,Hit+Run
9091865.794,P94,P459,0.0025,0.0025,1059.189,1059.189,29.436,40.404,0.6316,0.0,Graze+Frag
9121312.954,P109,P54,0.005527972027972029,0.0025000000000000022,1379.904,1059.189,12.591,20.409,0.552053628346622,0.007981598401598402,Fragment
9226245.165,E8,P199,0.13249999999999995,0.0025,3978.620,1059.189,3.84,17.759,0.5156290213964606,0.0,Merge
9403371.736,P103,P428,0.005527805527805527,0.0025,1379.890,1059.189,8.2544,13.379,0.5951042014996214,0.0,Graze+Frag
9408678.86,P99,FRAG0021,0.0025,0.005564768564768565,1059.189,1382.959,12.803,20.787,0.8573621285212789,0.0,Hit+Run
9417872.135,E8,P321,0.13499999999999995,0.0025,4003.487,1059.189,3.9579,18.428,0.6859265727952999,0.0,Merge
9624797.84,E6,FRAG0035,0.6165352204016352,0.005611388611388612,6642.218,1386.811,2.1125,16.613,0.8182580765445316,0.0,Merge
9640039.388,P21,P188,0.0025,0.0025,1059.189,1059.189,6.0504,8.3047,0.99345,0.0,Hit+Run
9721666.291,E6,P272,0.6221466090130239,0.0025,6662.308,1059.189,4.0265,32.355,0.44858316504136403,0.0,Merge
9804728.583,E35,P291,0.037500000000000006,0.0025,2612.187,1059.189,4.4355,13.080,0.9945355805054146,0.0,Hit+Run
9892867.351,E31,E2,0.13165517815517813,0.036997335997336,3970.146,2600.462,1.7433,7.8908,0.9308132758834303,0.0,Hit+Run
9976625.318,E8,P82,0.13749999999999996,0.0025,4028.049,1059.189,3.7864,17.746,0.5533853388181971,0.0,Merge
10090398.288,E6,P96,0.6246466090130238,0.008064935064935065,6671.220,1565.047,1.6749,13.115,0.9140635720386772,0.0,Hit+Run
10717179.766,P90,FRAG0027,0.0025,0.005564768564768565,1059.189,1382.959,10.006,16.245,0.9185155381335314,0.0,Hit+Run
10730345.846,E42,P204,0.027500000000000004,0.0024999999999999905,2355.617,1059.189,2.9771,7.8836,0.3751265018010793,0.0,Merge
10999814.244,E6,P96,0.6246466090130238,0.008064935064935065,6671.220,1565.047,1.9129,14.979,0.893166061929153,0.0,Hit+Run
11001618.589,E6,P96,0.6246466090130238,0.008064935064935065,6671.220,1565.047,1.043,8.1673,0.4800757458106548,0.0,Merge
11089127.4,E6,P81,0.6327115440779589,0.0025000000000000022,6699.809,1059.189,2.6444,21.376,0.41352480695034,0.0,Merge
11167885.934,E31,P525,0.13165517815517813,0.0025,3970.146,1059.189,4.3629,20.131,0.6184141277747363,0.0,Merge
11618080.092,E2,P381,0.036997335997336,0.0025,2600.462,1059.189,8.4006,24.656,0.4384966896638041,0.018934065934065936,Fragment
11708293.695,E6,P123,0.6352115440779589,0.0025,6708.621,1059.189,2.6111,21.137,0.9261715203767853,0.0,Hit+Run
11869256.851,E6,P370,0.6352115440779589,0.0025,6708.621,1059.189,3.8793,31.403,0.6642283815011055,0.0,Merge
12102965.507,P94,P246,0.005,0.0024999999999999905,1334.495,1059.189,17.444,27.587,0.40413658216568216,0.0,Fragment
12106329.554,E8,P103,0.13999999999999996,0.008027639027639028,4052.315,1562.631,3.5146,16.122,0.7235057495418701,0.0,Hit+Run
12356616.75,E42,P277,0.029999999999999995,0.0025,2424.939,1059.189,1.772,4.8352,0.5583974486502677,0.0,Merge
12385825.651,E27,P221,0.04000000000000001,0.0025,2668.991,1059.189,7.5111,22.657,0.838600980387736,0.0,Hit+Run
12456011.92,E8,FRAG0043,0.13999999999999996,0.006425907425907426,4052.315,1450.903,3.6416,16.782,0.8990140855919934,0.0,Hit+Run
12557738.469,P109,P168,0.008027972027972029,0.0025,1562.652,1059.189,6.6737,11.947,0.7183150490361963,0.0,Graze+Frag
12728131.333,E6,FRAG0043,0.6377115440779588,0.006425907425907426,6717.411,1450.903,1.1922,9.4586,0.4531281548064572,0.0,Merge
12849658.437,E46,P476,0.15249999999999997,0.0025,4169.498,1059.189,2.1033,10.231,0.63012698249583,0.0,Merge
13116685.01,E6,P193,0.6441374515038663,0.0025,6739.898,1059.189,2.3479,19.100,0.8178699343376761,0.0,Merge
13252811.535,P123,P229,0.0025,0.0025,1059.189,1059.189,17.699,24.293,0.7398500000000001,0.0,Graze+Frag
13265213.606,E6,P132,0.6466374515038662,0.0025,6748.607,1059.189,2.2674,18.470,0.4339861283845546,0.0,Merge
13323543.643,E6,FRAG0017,0.6491374515038661,0.005564768564768565,6757.292,1382.959,3.9472,31.626,0.9386036722497071,0.0,Hit+Run
13373751.968,P105,P248,0.0025,0.0025000000000000022,1059.189,1059.189,15.252,20.935,0.4433499999999999,0.0,Merge
13405344.846,E37,P462,0.0675,0.0025,3177.569,1059.189,3.7342,13.560,0.5349750000000001,0.0,Merge
13459356.738,E6,FRAG0017,0.6491374515038661,0.005564768564768565,6757.292,1382.959,1.1946,9.5715,0.9500591694435215,0.0,Hit+Run
13491749.608,E2,P280,0.020563270063270064,0.0025,2138.083,1059.189,3.3424,8.0202,0.7337204956106609,0.0,Hit+Run
13713322.598,E6,FRAG0021,0.6491374515038661,0.005564768564768565,6757.292,1382.959,1.527,12.234,0.925653979769743,0.0,Hit+Run
13724556.672,P103,P41,0.008027639027639028,0.0025000000000000022,1562.631,1059.189,7.6536,13.702,0.3418116324956354,0.010354685314685315,Fragment
13742375.517,E6,FRAG0021,0.6491374515038661,0.005564768564768565,6757.292,1382.959,1.0457,8.3785,0.9273141967543538,0.0,Hit+Run
13759582.293,E6,FRAG0007,0.6491374515038661,0.006034965034965035,6757.292,1420.862,1.6534,13.221,0.3985057917626202,0.0,Merge
14301841.496,URANUS,K592,15.97942390942391,0.035,19656.86,2552.798,1.0006,24.005,0.6825575802422935,0.0,Merge
14685503.688,E6,P74,0.6551724165388312,0.0025,6778.168,1059.189,1.3769,11.268,0.8744535881840876,0.0,Hit+Run
14983580.002,P49,FRAG0005,0.0025,0.006034965034965035,1059.189,1420.862,15.025,24.903,0.8774860914314825,0.0,Hit+Run
15525904.289,E37,FRAG0021,0.07,0.005564768564768565,3216.324,1382.959,2.7174,9.8406,0.6993797167132613,0.0,Hit+Run
15538900.121,P79,P74,0.0025,0.0025,1059.189,1059.189,13.148,18.046,0.6724,0.0,Graze+Frag
15671355.461,P101,P516,0.0025,0.0025,1059.189,1059.189,14.853,20.387,0.8835,0.0,Hit+Run
15786925.816,P98,P233,0.0025,0.0025,1059.189,1059.189,12.590,17.281,0.7455,0.0,Graze+Frag
16280242.51,E30,P559,0.03500000000000001,0.0025,2552.798,1059.189,5.1008,14.683,0.8244321595305564,0.0,Hit+Run
16389962.831,P26,P354,0.01122893772893772,0.0025,1747.592,1059.189,31.477,62.197,0.7864463796784061,0.013595637695637694,Graze+Frag
16396558.708,P26,FRAG0047,0.00552780552780552,0.008201132201132201,1379.890,1573.808,1.0976,2.1141,0.8865090833951997,0.0,Hit+Run
16754848.741,E8,P162,0.13999999999999996,0.0024999999999999905,4052.315,1059.189,2.4134,11.384,0.5855496342719212,0.0,Merge
16896154.089,E6,P49,0.6551724165388312,0.0025,6778.168,1059.189,2.5627,20.973,0.5843816531856274,0.0,Merge
16958737.076,E2,FRAG0044,0.020563270063270064,0.006311355311355312,2138.083,1442.230,9.4255,23.071,0.5868464020420432,0.021348651348651347,Fragment
16973823.12,P110,P250,0.0025,0.0025,1059.189,1059.189,21.515,29.531,0.5419,0.0,Graze+Frag
17129048.446,E6,FRAG0005,0.6576724165388311,0.006034965034965035,6786.779,1420.862,2.2301,17.916,0.8567359615229989,0.0,Hit+Run
17237203.247,E6,FRAG0005,0.6576724165388311,0.006034965034965035,6786.779,1420.862,1.0887,8.7467,0.775453126837437,0.0,Merge
17719554.784,E27,FRAG0027,0.04000000000000001,0.005564768564768565,2668.991,1382.959,5.1255,15.355,0.6613276552789111,0.009663336663336663,Graze+Frag
17961413.726,P115,FRAG0046,0.0025,0.006311355311355312,1059.189,1442.230,4.2167,7.0706,0.9642470122835829,0.0,Hit+Run
18043226.761,E8,P318,0.14249999999999996,0.0025,4076.293,1059.189,2.2487,10.675,0.8120863336526484,0.0,Hit+Run
18067779.241,E6,FRAG0041,0.6637073815737962,0.008101898101898103,6807.475,1567.434,1.352,10.818,0.19118034641529852,0.0,Merge
18177655.379,P40,P402,0.005,0.0025000000000000022,1334.495,1059.189,9.6814,15.310,0.7440483964109795,0.0,Graze+Frag
18937708.406,P47,FRAG0037,0.0025,0.005611388611388612,1059.189,1386.811,9.1731,14.924,0.6449104414137418,0.00791139527139527,Graze+Frag
18953786.484,E6,P183,0.6718092796756943,0.0025,6835.062,1059.189,1.2619,10.419,0.5825288859114063,0.0,Merge
19070194.213,P123,P180,0.005,0.0024999999999999905,1334.495,1059.189,9.9228,15.692,0.749456211070943,0.0,Graze+Frag
19392789.21,E6,P151,0.6743092796756942,0.0025,6843.530,1059.189,3.8583,31.900,0.31833111690277766,0.0,Merge
19758566.042,E37,FRAG0031,0.07,0.005611388611388612,3216.324,1386.811,3.8994,14.119,0.7242980221269164,0.0,Hit+Run
19830224.821,P66,FRAG0031,0.005,0.005611388611388612,1334.495,1386.811,11.286,19.912,0.29379134655993666,0.010586300366300367,Fragment
19877173.869,E31,P413,0.13415517815517813,0.0025,3995.118,1059.189,5.7787,26.845,0.8599967658113654,0.0,Hit+Run
20119354.242,E6,P32,0.6768092796756942,0.0025,6851.977,1059.189,1.9387,16.050,0.9266559989931837,0.0,Hit+Run
20274500.013,E6,P32,0.6768092796756942,0.0025,6851.977,1059.189,1.0982,9.0918,0.7342919487301816,0.0,Merge
20341149.774,P99,P186,0.0025,0.0025000000000000022,1059.189,1059.189,8.0116,10.996,0.5510999999999999,0.0,Graze+Frag
20436032.96,E6,P21,0.6793092796756941,0.0025,6860.404,1059.189,1.5851,13.139,0.45261930338262407,0.0,Merge
20909585.145,P66,P18,0.010611388611388613,0.0025,1714.949,1059.189,6.1964,12.035,0.6421773115489404,0.007583416583416584,Graze+Frag
21339461.294,E6,P90,0.681809279675694,0.0025,6868.809,1059.189,3.0689,25.473,0.9280864373647089,0.0,Hit+Run
21594927.523,P99,FRAG0030,0.005,0.006075924075924076,1334.495,1424.069,1.5933,2.8523,0.39591275367250167,0.0,Merge
21659174.027,P89,P259,0.005,0.0025,1334.495,1059.189,15.637,24.729,0.31766729827287293,0.0,Fragment
21825537.4,E6,P89,0.681809279675694,0.007499833499833501,6868.809,1527.604,2.4236,19.619,0.9640073402590547,0.0,Hit+Run
21984519.033,E31,P254,0.13415517815517813,0.0025,3995.118,1059.189,5.0911,23.651,0.9017319029757404,0.0,Hit+Run
21994659.333,E8,P516,0.14249999999999996,0.0025,4076.293,1059.189,3.3874,16.081,0.7785106793534529,0.0,Merge
22284245.563,E6,P47,0.681809279675694,0.008111222111222111,6868.809,1568.035,1.13,9.1294,0.606944585086023,0.0,Merge
22400768.806,E6,P104,0.6899205017869161,0.0024999999999999905,6895.941,1059.189,3.3982,28.324,0.30651974796294945,0.0,Merge
22466254.21,E8,E17,0.14499999999999996,0.029999999999999995,4099.993,2424.939,1.4858,6.8746,0.6727200109202437,0.005563103563103564,Hit+Run+Frag
22706827.692,E33,P188,0.030000000000000002,0.0025,2424.939,1059.189,4.1166,11.232,0.9099449387577713,0.0,Hit+Run
22984999.392,E6,P110,0.692420501786916,0.005,6904.260,1334.495,2.4367,20.029,0.7081287441368229,0.0,Merge
23538206.582,P79,P318,0.005,0.0025,1334.495,1059.189,10.260,16.225,0.8980317375534288,0.0,Hit+Run
23543904.022,E6,P90,0.6974205017869161,0.0025,6920.839,1059.189,1.2371,10.351,0.7169720369087899,0.0,Merge
23588066.244,E31,P447,0.13415517815517813,0.0025,3995.118,1059.189,1.8235,8.4712,0.5776522393887369,0.0,Merge
24088599.537,E6,P89,0.699920501786916,0.007499833499833501,6929.098,1527.604,1.497,12.232,0.2615402410976051,0.0,Merge
24398499.027,E6,P129,0.7074203352867495,0.0025,6953.760,1059.189,2.2416,18.850,0.5256356841306904,0.0,Merge
24465032.906,P68,FRAG0015,0.005,0.006218115218115218,1334.495,1435.093,13.285,23.889,0.8886555119805097,0.0,Hit+Run
24684295.623,E6,FRAG0015,0.7099203352867495,0.006218115218115218,6961.941,1435.093,1.5046,12.414,0.7248779742660195,0.0,Merge
24714543.716,E8,FRAG0017,0.14499999999999996,0.005564768564768565,4099.993,1382.959,3.6473,17.075,0.4310152122698363,0.0,Merge
24984333.28,P99,P405,0.011075924075924077,0.0025000000000000022,1739.617,1059.189,7.1535,14.075,0.7771945354215632,0.0,Graze+Frag
25517164.907,E37,FRAG0004,0.07,0.006034965034965035,3216.324,1420.862,2.147,7.7672,0.3629576629539342,0.0,Merge
25817917.331,E31,P38,0.13665517815517814,0.005,4019.782,1334.495,1.0095,4.6390,0.9744875871675648,0.0,Graze+Merge
26795457.593,E6,FRAG0052,0.7161384505048647,0.007583416583416584,6982.209,1533.258,1.5304,12.605,0.7334401406597547,0.0,Merge
28115912.472,E37,P99,0.07603496503496504,0.013576090576090577,3306.219,1861.738,1.6602,6.1764,0.9230363300020553,0.0,Hit+Run
28362160.226,E6,FRAG0053,0.7237218670882812,0.005563103563103564,7006.768,1382.821,2.8543,23.775,0.8296619366904039,0.0,Merge
28530455.953,E8,P242,0.15056476856476853,0.0025,4151.786,1059.189,2.0289,9.8241,0.13743741955037372,0.0,Merge
28546310.622,E6,P220,0.7292849706513848,0.0025,7024.675,1059.189,2.6259,22.321,0.9607385584061015,0.0,Hit+Run
29181734.974,E6,P103,0.7292849706513848,0.01052780552780553,7024.675,1710.434,1.5702,12.910,0.8747963051927499,0.0,Hit+Run
29971890.871,E6,P260,0.7292849706513848,0.0025,7024.675,1059.189,1.1007,9.3563,0.8214418951350287,0.0,Merge
30304534.179,E6,E17,0.7317849706513847,0.02443689643689644,7032.693,2264.692,1.8954,15.272,0.9093635857471299,0.01890909090909091,Hit+Run+Frag
30491341.995,E2,P220,0.005525974025974028,0.0025,1379.738,1059.189,7.9892,12.948,0.6971306492630195,0.007424395604395604,Graze+Frag
30883455.839,E31,FRAG0016,0.14165517815517814,0.005564768564768565,4068.222,1382.959,1.6807,7.8034,0.7669734694628718,0.0,Hit+Run
30930312.844,E6,P103,0.7317849706513847,0.01052780552780553,7032.693,1710.434,1.1234,9.2480,0.48173606477801884,0.0,Merge
31217925.197,P79,P648,0.005,0.0025,1334.495,1059.189,15.476,24.475,0.44360805411675147,0.0,Fragment
31544158.898,E6,P296,0.7423127761791902,0.0025,7066.258,1059.189,2.9426,25.170,0.9005177574959383,0.0,Hit+Run
32760719.198,E6,P163,0.7423127761791902,0.0025,7066.258,1059.189,1.7111,14.636,0.798334429146568,0.0,Merge
32956610.822,E6,E8,0.7448127761791902,0.15306476856476853,7074.181,4174.639,1.7269,13.784,0.8796173642468957,0.005830169830169831,Hit+Run+Frag
32987928.895,E6,E8,0.7448112776776916,0.14723609723609726,7074.177,4120.962,1.0584,8.4408,0.5502560843663475,0.020032967032967034,Fragment
33067051.51,E6,FRAG0059,0.8720144078808219,0.006677655677655678,7455.928,1469.609,1.0564,9.3645,0.45793767861495416,0.0,Merge
33133206.623,E6,FRAG0058,0.8786920635584775,0.006677655677655678,7474.912,1469.609,1.0483,9.3180,0.7792877112171606,0.0,Merge
33230032.043,E36,P203,0.027500000000000004,0.0025000000000000022,2355.617,1059.189,20.977,55.551,0.862142519218442,0.007335331335331336,Graze+Frag
33614160.065,E6,FRAG0057,0.8853697192361332,0.005830169830169831,7493.799,1404.605,1.2561,11.230,0.7709049373644433,0.0,Merge
33713336.014,E31,P254,0.14165517815517814,0.0025,4068.222,1059.189,5.9049,27.972,0.4607424883896449,0.0,Merge
34450148.61,E6,P192,0.891199889066303,0.0025,7510.212,1059.189,3.2307,29.476,0.36984021830377467,0.0,Merge
34556656.621,E2,P101,0.008027639027639028,0.0025,1562.631,1059.189,12.578,22.519,0.7906666288905143,0.0,Graze+Frag
34910300.262,E46,FRAG0021,0.15499999999999997,0.005564768564768565,4192.159,1382.959,2.3523,11.278,0.7703632993052812,0.0,Hit+Run
35125496.964,P106,FRAG0060,0.0025,0.006677655677655678,1059.189,1469.609,13.557,23.075,0.895629014047363,0.0,Hit+Run
37439723.866,E17,P235,0.005527805527805528,0.0025,1379.890,1059.189,18.327,29.706,0.9530492802036906,0.0,Hit+Run
38014567.529,E37,E44,0.07603496503496504,0.03250000000000001,3306.219,2490.510,2.7673,10.698,0.6024706585346195,0.026971694971694975,Hit+Run+Frag
38273771.783,E54,FRAG0065,0.025,0.006742923742923744,2281.955,1474.381,2.4892,6.4648,0.18680466845932328,0.009672327672327672,Fragment
38308572.181,P106,FRAG0060,0.0025,0.006677655677655678,1059.189,1469.609,13.163,22.404,0.9771374114348281,0.0,Hit+Run
38463725.156,E6,FRAG0050,0.8936998890663029,0.007116217116217116,7517.228,1501.102,1.7967,16.043,0.4148577790856266,0.0,Merge
39482958.113,E6,P109,0.9008161061825201,0.01052780552780553,7537.128,1710.434,1.8988,16.840,0.6486898726962558,0.0,Merge
39750660.086,E6,FRAG0054,0.9113439117103256,0.006303030303030303,7566.376,1441.596,1.9285,17.390,0.9035497127625421,0.0,Hit+Run
39906862.895,P68,P296,0.005,0.0025,1334.495,1059.189,21.385,33.819,0.5634162366348989,0.007491282051282051,Graze+Frag
40652810.511,P66,FRAG0047,0.005527972027972029,0.008201132201132201,1379.904,1573.808,17.540,33.786,0.8005533789906439,0.013466287046287048,Graze+Frag
40653984.762,E6,P219,0.9113439117103256,0.0025000000000000022,7566.376,1059.189,4.5626,41.957,0.15017722767901712,0.0,Merge
41034689.813,P66,FRAG0067,0.00552797202797203,0.008201132201132201,1379.904,1573.808,1.339,2.5791,0.5428589089560739,0.0,Hit+Run
41040587.734,P66,FRAG0067,0.00552797202797203,0.008201132201132201,1379.904,1573.808,1.0417,2.0064,0.6792276830733528,0.0,Graze+Merge
41055800.435,E33,FRAG0003,0.030000000000000002,0.006034965034965035,2424.939,1420.862,6.0957,16.670,0.822605014213078,0.0,Hit+Run
41619094.433,E2,FRAG0054,0.01052780552780553,0.006303030303030303,1710.434,1441.596,6.3001,13.006,0.8885816041407878,0.0,Hit+Run
42083091.912,P66,FRAG0055,0.013729104229104231,0.006303030303030303,1868.707,1441.596,15.818,34.764,0.22642590316542233,0.02001176157176157,Fragment
42258475.972,P66,FRAG0069,0.005527972027972028,0.007252081252081253,1379.904,1510.595,1.0189,1.9141,0.9513967780311285,0.0,Graze+Merge
42310291.208,E6,E2,0.9138439117103256,0.01052780552780553,7573.288,1710.434,1.5556,13.868,0.606762178587348,0.0,Merge
43618260.404,E6,P175,0.9243717172381312,0.0025,7602.260,1059.189,2.5645,23.701,0.9413463019185144,0.0,Hit+Run
44253898.045,P235,P468,0.0025,0.0025,1059.189,1059.189,25.354,34.801,0.9264,0.0,Hit+Run
44406323.587,E17,FRAG0051,0.005527805527805528,0.009663336663336663,1379.890,1662.275,10.554,21.071,0.3029969951580886,0.015135684315684317,Fragment
44477756.334,E46,P230,0.15499999999999997,0.0025000000000000022,4192.159,1059.189,2.2421,10.970,0.6177255915782555,0.0,Merge
44840577.064,E6,FRAG0054,0.9243717172381312,0.006303030303030303,7602.260,1441.596,1.1632,10.542,0.19485093811328336,0.0,Merge
45089655.241,P68,FRAG0003,0.007499833499833501,0.006034965034965035,1527.604,1420.862,9.5658,18.310,0.8653328174555,0.0,Hit+Run
45528964.092,E6,P235,0.9306747475411614,0.0025,7619.500,1059.189,1.7996,16.672,0.9160583437190426,0.0,Hit+Run
45708253.689,E6,P235,0.9306747475411614,0.0025,7619.500,1059.189,1.0586,9.8071,0.6663679153562903,0.0,Merge
45859148.673,E6,P393,0.9331747475411614,0.0025,7626.316,1059.189,3.227,29.924,0.5331524910417808,0.0,Merge
46138971.641,E6,E17,0.9356747475411613,0.005527805527805527,7633.121,1379.890,1.3931,12.718,0.7715260202464298,0.0,Merge
47200385.381,P79,FRAG0060,0.007499833499833501,0.006677655677655678,1527.604,1469.609,10.369,20.149,0.3445912307436776,0.00864968364968365,Fragment
47369450.96,E6,FRAG0056,0.9412025530689668,0.006303030303030303,7648.123,1441.596,1.3682,12.480,0.68077970073365,0.0,Merge
47748911.58,E42,P77,0.032499999999999994,0.0025000000000000022,2490.510,1059.189,6.5963,18.505,0.7761927134751813,0.0,Hit+Run
48235994.951,P68,P79,0.007499833499833501,0.005527805527805529,1527.604,1379.890,11.277,21.327,0.5648599808056836,0.012943356643356644,Graze+Frag
48380652.025,P68,FRAG0068,0.0055278055278055295,0.007252081252081253,1379.890,1510.595,19.504,36.640,0.9882463426928992,0.0,Hit+Run
49465690.111,E31,P123,0.14415517815517814,0.007499833499833501,4092.015,1527.604,3.1476,14.608,0.4356616053028554,0.006567099567099567,Fragment
49798631.016,E6,P415,0.9475055833719971,0.0025,7665.158,1059.189,3.081,28.724,0.9616209109004948,0.0,Hit+Run
49839132.622,E6,P415,0.9475055833719971,0.0025,7665.158,1059.189,1.0805,10.073,0.9404468003909453,0.0,Hit+Run
49882879.539,E6,P415,0.9475055833719971,0.0025,7665.158,1059.189,1.0233,9.5401,0.944839769376329,0.0,Hit+Run
49994677.774,E6,P415,0.9475055833719971,0.0025,7665.158,1059.189,1.0508,9.7965,0.5492968419323795,0.0,Merge
50003684.48,E6,FRAG0003,0.950005583371997,0.006034965034965035,7671.893,1420.862,2.3443,21.476,0.7204669024285342,0.0,Merge
50518737.681,E6,FRAG0072,0.9560405484069621,0.007499833499833501,7688.104,1527.604,2.5373,23.179,0.5395023817492589,0.0,Merge
50527822.27,E6,FRAG0019,0.9635403819067956,0.005564768564768565,7708.155,1382.959,1.6289,15.025,0.8929001959923051,0.0,Hit+Run
50655189.596,P175,P198,0.0025,0.0025000000000000022,1059.189,1059.189,17.359,23.827,0.36364999999999986,0.0,Merge
50667349.56,E6,P105,0.9635403819067956,0.005000000000000003,7708.155,1334.495,3.4711,32.094,0.7827791960256351,0.0,Merge
51411200.445,E6,FRAG0073,0.9685403819067956,0.006567099567099567,7721.466,1461.453,1.9105,17.588,0.47297861465276225,0.0,Merge
55544422.701,E42,P159,0.032499999999999994,0.0025,2490.510,1059.189,7.9132,22.199,0.7133984914232705,0.00633033633033633,Graze+Frag
56347795.655,E6,P175,0.9751074814738951,0.005000000000000003,7738.878,1334.495,2.1406,19.876,0.7072427372712095,0.0,Merge
57781315.828,E54,E44,0.02207059607059607,0.005527805527805528,2189.098,1379.890,3.2346,8.0361,0.8453416078604168,0.0,Hit+Run
59319460.777,E6,FRAG0070,0.9801074814738951,0.009663336663336663,7752.083,1662.275,1.9188,17.577,0.2344310702575868,0.0,Merge
60583102.346,E30,E54,0.03500000000000001,0.02207059607059607,2552.798,2189.098,1.8863,5.8465,0.9891637114689497,0.0,Hit+Run
63069116.022,E6,FRAG0010,0.9897708181372318,0.010844821844821845,7777.477,1727.433,3.2637,29.917,0.8157222367623109,0.0,Merge
63869219.894,E6,P121,1.0006156399820536,0.0025,7805.779,1059.189,2.6761,25.432,0.7926437583753976,0.0,Merge
64046716.01,P68,FRAG0068,0.0055278055278055295,0.007252081252081253,1379.890,1510.595,3.6531,6.8627,0.8230691847914726,0.0,Hit+Run
64281852.637,P68,FRAG0068,0.0055278055278055295,0.007252081252081253,1379.890,1510.595,1.2851,2.4141,0.7359931339208939,0.0,Hit+Run
64436773.387,P66,FRAG0068,0.012780053280053282,0.007252081252081253,1824.615,1510.595,11.696,25.610,0.9368139249032955,0.0,Hit+Run
64594942.812,E30,P352,0.03500000000000001,0.0025,2552.798,1059.189,3.2054,9.2274,0.8763788065305528,0.0,Hit+Run
65233946.425,E6,FRAG0071,1.0031156399820536,0.00864968364968365,7812.274,1601.992,2.1647,20.049,0.48628243654890896,0.0,Merge
67261332.593,E6,FRAG0016,1.0117653236317372,0.005564768564768565,7834.665,1382.959,2.8339,26.598,0.1420292709544641,0.0,Merge
67641818.223,P66,P68,0.012780053280053282,0.0055278055278055295,1824.615,1379.890,11.508,24.576,0.9361349453638061,0.0,Hit+Run
67681744.26,P66,P68,0.012780053280053282,0.0055278055278055295,1824.615,1379.890,1.269,2.7099,0.41218179365540986,0.0,Merge
83547086.808,E6,P77,1.0173300921965058,0.0025000000000000022,7849.002,1059.189,2.2774,21.770,0.7336914237972404,0.0,Merge
84688046.021,E6,P150,1.0198300921965058,0.0024999999999999905,7855.426,1059.189,1.1145,10.663,0.6592145191615284,0.0,Merge
87407140.673,E6,FRAG0074,1.0223300921965057,0.00633033633033633,7861.840,1443.675,3.107,29.185,0.9440444814997035,0.0,Hit+Run
88108243.348,E6,FRAG0074,1.0223300921965057,0.00633033633033633,7861.840,1443.675,1.261,11.845,0.8403803881759041,0.0,Merge
88718554.56,E6,E54,1.0286604285268421,0.02207059607059607,7878.034,2189.098,2.8937,26.412,0.46992126868413847,0.007831501831501832,Fragment
89090304.92,E6,FRAG0075,1.0428995227659363,0.007831501831501832,7914.218,1549.799,1.0711,10.083,0.43668606985952846,0.0,Merge
91434021.778,E31,E30,0.14508791208791208,0.03500000000000001,4100.822,2552.798,1.036,4.8153,0.6090567302731206,0.0,Merge
109159040.69,P66,P40,0.01830785880785881,0.007499833499833501,2056.867,1527.604,28.831,69.116,0.9995495097719773,0.0,Hit+Run
116528382.578,P66,P40,0.01830785880785881,0.007499833499833501,2056.867,1527.604,15.226,36.501,0.7464343546193168,0.025234432234432235,Graze+Frag
116959795.631,P66,FRAG0078,0.00552797202797203,0.00675990675990676,1379.904,1475.618,10.708,19.846,0.434771575126839,0.01223800865800866,Fragment
117570996.872,P66,FRAG0076,0.00552797202797203,0.00675990675990676,1379.904,1475.618,26.021,48.226,0.7653564751427006,0.012247405927405926,Graze+Frag
117573633.21,P66,FRAG0080,0.00552797202797203,0.00675990675990676,1379.904,1475.618,1.0606,1.9656,0.9386948812758528,0.0,Hit+Run
117793263.59,P66,FRAG0080,0.00552797202797203,0.00675990675990676,1379.904,1475.618,1.3612,2.5227,0.19184652142420264,0.0,Merge
118778187.121,P66,FRAG0077,0.01228787878787879,0.00675990675990676,1800.885,1475.618,12.666,27.284,0.936140586972518,0.0,Hit+Run
118779498.769,P66,FRAG0077,0.01228787878787879,0.00675990675990676,1800.885,1475.618,1.1203,2.4132,0.6311473908058611,0.0,Hit+Run
118870927.346,P66,FRAG0077,0.01228787878787879,0.00675990675990676,1800.885,1475.618,1.6223,3.4946,0.1775874962722056,0.0,Merge
119612212.188,P66,FRAG0079,0.01904778554778555,0.00675990675990676,2084.212,1475.618,13.007,31.290,0.22014076457610363,0.020279720279720283,Fragment
119613905.852,P66,FRAG0082,0.0055279720279720265,0.00675990675990676,1379.904,1475.618,0.9914,1.8373,0.9300448743904793,0.0,Perfect
119615782.897,P66,FRAG0083,0.012287878787878787,0.00675990675990676,1800.885,1475.618,1.2412,2.6737,0.9699432208961968,0.0,Hit+Run
119635023.495,P66,FRAG0083,0.012287878787878787,0.00675990675990676,1800.885,1475.618,1.6898,3.6400,0.6006425748259556,0.0,Hit+Run
119638903.845,P66,FRAG0081,0.012287878787878787,0.00675990675990676,1800.885,1475.618,1.5592,3.3587,0.3422035752989019,0.0,Merge
119932033.956,P66,FRAG0083,0.019047785547785547,0.00675990675990676,2084.212,1475.618,10.777,25.925,0.9487130184019104,0.0,Hit+Run
119938175.304,P66,FRAG0083,0.019047785547785547,0.00675990675990676,2084.212,1475.618,1.3836,3.3283,0.4294501351504575,0.0,Merge
149842238.844,E6,E52,1.0507310245974382,0.0667334106263745,7933.978,3165.494,1.3131,11.771,0.9629876591852204,0.0,Hit+Run
150713351.999,E6,E52,1.0507310245974382,0.0667334106263745,7933.978,3165.494,1.0136,9.0863,0.7320335969207128,0.0,Graze+Merge
