time_yr,target,projectile,Mt_Mearth,Mp_Mearth,Rt_km,Rp_km,vimp/vesc,vimp_km/s,b,m_frag_Mearth,Regime
33300.764,NEPTUNE,K389,16.12942390942391,0.02,19718.17,2118.379,1.0041,24.396,0.7425280993414106,0.0,Merge
56670.015,P7,P139,0.00499999999999998,0.0025,1334.495,1059.189,6.6197,10.468,0.4198582701461924,0.0,Fragment
95275.011,E14,P414,0.030000000000000002,0.0025,2424.939,1059.189,1.7549,4.7885,0.9408471532910779,0.0,Hit+Run
105515.189,P4,P282,0.0025,0.0025,1059.189,1059.189,12.411,17.035,0.48155,0.0,Merge
143987.609,NEPTUNE,K432,16.14942390942391,0.02,19726.32,2118.379,0.9999,24.304,0.7666686291434275,0.0,Perfect
177250.578,P2,P47,0.0024999999999999905,0.0025,1059.189,1059.189,6.4498,8.8529,0.7874499999999995,0.0,Hit+Run
257183.465,E3,P17,0.13749999999999996,0.0024999999999999905,4028.049,1059.189,2.837,13.296,0.890610715556887,0.0,Hit+Run
264295.851,E26,E20,0.15499999999999997,0.035,4192.159,2552.798,1.199,5.6854,0.8993465287175042,0.0,Hit+Run
283837.928,E79,P530,0.027500000000000004,0.0025,2355.617,1059.189,2.3859,6.3181,0.8398611915094041,0.0,Hit+Run
287527.091,E62,P569,0.027500000000000004,0.0025,2355.617,1059.189,2.1789,5.7699,0.49136191105720617,0.0,Merge
294623.091,P6,P215,0.0025,0.0025,1059.189,1059.189,5.8517,8.0319,0.76155,0.0,Hit+Run
323377.326,E26,E7,0.15499999999999997,0.03828872278520203,4192.159,2630.373,1.1042,5.2509,0.7493313752389706,0.0,Hit+Run
343888.711,E79,P709,0.027500000000000004,0.0025,2355.617,1059.189,1.5601,4.1313,0.5024680836923613,0.0,Merge
393238.16,E26,P384,0.15499999999999997,0.0025000000000000022,4192.159,1059.189,1.1949,5.8464,0.1440933952957807,0.0,Merge
438495.506,E26,P4,0.15749999999999997,0.005,4214.577,1334.495,1.7546,8.4830,0.9479446290485743,0.0,Hit+Run
447880.401,E28,E35,0.0625,0.025,3097.090,2281.955,1.0813,3.8963,0.8650360148021244,0.0,Hit+Run
477353.797,E5,P339,0.08250000000000005,0.0025,3397.388,1059.189,1.6887,6.5889,0.2997485937460218,0.0,Merge
508721.671,E29,P400,0.05500000000000001,0.0025,2967.891,1059.189,1.3825,4.6672,0.938621876619972,0.0,Hit+Run
579419.712,E37,P286,0.1922751744585023,0.0025,4504.379,1059.189,1.3333,7.0481,0.814154287061162,0.0,Hit+Run
624010.66,E35,P354,0.025,0.0025,2281.955,1059.189,1.4277,3.6594,0.9796068010783565,0.0,Hit+Run
632388.612,E44,E60,0.16249999999999998,0.025,4258.712,2281.955,1.0047,4.8059,0.43989178015761576,0.0,Merge
650623.591,E27,FRAG1004,0.025,0.007023286199047059,2281.955,1494.539,6.6638,17.336,0.9970766912908925,0.0,Hit+Run
651559.2,E7,P435,0.03828872278520203,0.0025,2630.373,1059.189,2.4497,7.2770,0.23747455661838254,0.0,Merge
665223.057,E35,P463,0.025,0.0025,2281.955,1059.189,1.5818,4.0544,0.6907720271983894,0.0,Hit+Run
665932.782,E26,P80,0.15749999999999997,0.0025,4214.577,1059.189,1.3604,6.6945,0.6636214382507895,0.0,Merge
712330.72,E44,E25,0.18749999999999997,0.03250000000000001,4466.777,2490.510,1.0656,5.3535,0.5414226852989298,0.0,Merge
730182.208,E17,P374,0.037500000000000006,0.0025,2612.187,1059.189,2.6705,7.8752,0.6463271722214327,0.0,Merge
745070.74,E45,FRAG1006,0.025,0.00597858376517034,2281.955,1416.424,1.6262,4.2049,0.761890081237586,0.0,Hit+Run
828239.252,E0,P52,0.2275,0.0025,4764.174,1059.189,1.271,7.1364,0.8815993676313119,0.0,Hit+Run
831657.866,E20,P266,0.035,0.0025,2552.798,1059.189,2.6115,7.5177,0.574805551089757,0.0,Merge
840697.694,P8,P28,0.0024999999999999905,0.0025000000000000022,1059.189,1059.189,6.1074,8.3829,0.5755499999999996,0.0,Graze+Frag
992715.505,E44,E53,0.21999999999999997,0.027500000000000004,4711.234,2355.617,1.0172,5.3782,0.698,0.0,Graze+Merge
1006620.102,E0,E21,0.2275,0.0975,4764.174,3591.937,1.0279,5.7272,0.8967201428723914,0.0,Graze+Merge
1009713.206,E26,E20,0.15999999999999998,0.037500000000000006,4236.759,2612.187,1.125,5.3973,0.35705602808257103,0.00963902763902764,Fragment
1107726.732,E44,P455,0.24749999999999997,0.0025,4899.881,1059.189,1.0614,6.1421,0.6641360705605623,0.0,Merge
1182534.156,E37,P353,0.1922751744585023,0.0025,4504.379,1059.189,1.412,7.4641,0.6717420564584785,0.0,Merge
1188069.8,E28,P393,0.0625,0.0025000000000000022,3097.090,1059.189,1.7273,6.1028,0.986739751769041,0.0,Hit+Run
1263661.481,E47,P400,0.025,0.0025,2281.955,1059.189,1.7947,4.6001,0.57268375005522,0.0,Merge
1363876.332,E0,P186,0.325,0.0025,5365.641,1059.189,1.3402,8.5487,0.8606130095921429,0.0,Hit+Run
1503817.896,E28,E43,0.0625,0.025,3097.090,2281.955,1.5786,5.6882,0.9026913365327282,0.0,Hit+Run
1613195.174,E3,P135,0.13749999999999996,0.0025000000000000022,4028.049,1059.189,1.7548,8.2244,0.8240999579939613,0.0,Hit+Run
1641444.874,E0,P50,0.325,0.0025,5365.641,1059.189,1.6533,10.545,0.9322681248012705,0.0,Hit+Run
1646881.64,E3,P49,0.13749999999999996,0.0025000000000000022,4028.049,1059.189,2.2466,10.529,0.5821274876221756,0.0,Merge
1723587.434,E31,P425,0.03250000000000001,0.0025000000000000022,2490.510,1059.189,1.6562,4.6463,0.8170264980944126,0.0,Hit+Run
1759514.022,E7,P172,0.040788722785202035,0.0024999999999999905,2686.419,1059.189,1.687,5.1238,0.8875576297488297,0.0,Hit+Run
1765194.035,E0,P2,0.325,0.0024999999999999905,5365.641,1059.189,1.3429,8.5659,0.6165012359834255,0.0,Merge
1793113.013,E3,P31,0.13999999999999996,0.0025000000000000022,4052.315,1059.189,2.1635,10.205,0.714773287651725,0.0,Merge
1878998.409,E0,P135,0.3275,0.0025000000000000022,5379.364,1059.189,1.261,8.0655,0.8004018893864524,0.0,Merge
1918528.873,E19,P122,0.04,0.0025,2668.991,1059.189,1.7033,5.1380,0.5492356770987461,0.0,Merge
1944504.472,E27,P123,0.025,0.0025,2281.955,1059.189,3.8827,9.9519,0.9197772286217826,0.0,Hit+Run
1987385.381,E3,P79,0.14249999999999996,0.0025,4076.293,1059.189,1.9857,9.4268,0.736838767989203,0.0,Merge
2039554.216,P6,P271,0.0025,0.0025000000000000022,1059.189,1059.189,2.2697,3.1153,0.8860999999999998,0.0,Hit+Run
2240645.741,E54,P671,0.025,0.0025,2281.955,1059.189,1.3257,3.3979,0.5492573307029313,0.0,Merge
2247248.566,E37,P273,0.19477517445850231,0.0025,4523.817,1059.189,1.466,7.7856,0.18774263006276656,0.0,Merge
2291232.395,NEPTUNE,K479,16.16942390942391,0.02,19734.46,2118.379,0.9998,24.312,0.7869278762694693,0.0,Perfect
2314026.207,E0,P186,0.33,0.0025,5393.017,1059.189,1.2835,8.2318,0.3058341068089393,0.0,Merge
2346934.52,E35,P351,0.025,0.0025,2281.955,1059.189,3.2126,8.2344,0.9369201768941571,0.0,Hit+Run
2373770.972,E44,P606,0.24999999999999997,0.0025,4916.324,1059.189,1.0201,5.9243,0.667328444872225,0.0,Merge
2396352.384,E67,P473,0.030000000000000002,0.0025,2424.939,1059.189,2.0189,5.5089,0.9970836157751135,0.0,Hit+Run
2420628.65,E89,P854,0.025,0.0025,2281.955,1059.189,1.003,2.5708,0.9135620561405631,0.0,Graze+Merge
2421506.937,E22,P52,0.025,0.0025,2281.955,1059.189,3.5531,9.1071,0.8169878375862303,0.0,Hit+Run
2563201.216,E7,P274,0.040788722785202035,0.0025,2686.419,1059.189,4.7883,14.543,0.630363152150502,0.0,Merge
2653948.845,E37,P516,0.19727517445850232,0.0025,4543.089,1059.189,1.8833,10.047,0.7667399002908074,0.0,Merge
2784204.064,E0,P87,0.3325,0.0025,5406.602,1059.189,1.3897,8.9369,0.17702048739360396,0.0,Merge
2851835.348,P6,P223,0.0025,0.0025,1059.189,1059.189,8.4045,11.535,0.28035,0.0,Merge
2855203.328,E44,P396,0.25249999999999995,0.0025,4932.657,1059.189,1.1323,6.5994,0.75753454951232,0.0,Merge
2865600.651,E5,P509,0.08500000000000005,0.0025,3431.364,1059.189,1.8823,7.4233,0.9081677300403116,0.0,Hit+Run
2916573.328,E84,P670,0.025,0.0025,2281.955,1059.189,1.8776,4.8125,0.7583876399061613,0.0,Hit+Run
2963109.912,E65,E52,0.027500000000000004,0.025,2355.617,2281.955,1.928,5.7956,0.9395908285715769,0.0,Hit+Run
2973574.169,E54,E51,0.0275,0.025,2355.617,2281.955,2.2173,6.6652,0.5973904062509631,0.010232520812520813,Hit+Run+Frag
3081392.992,E26,P220,0.18786097236097235,0.0025,4469.641,1059.189,1.9303,10.119,0.991936578576302,0.0,Hit+Run
3102029.704,E26,P62,0.18786097236097235,0.0025000000000000022,4469.641,1059.189,1.8452,9.6732,0.6126239113652173,0.0,Merge
3162378.079,P6,P280,0.005,0.0025,1334.495,1059.189,5.1095,8.0803,0.6651054525088407,0.0,Graze+Frag
3327093.166,E44,P587,0.25499999999999995,0.0025,4948.883,1059.189,1.3811,8.0779,0.8463574659180706,0.0,Hit+Run
3403068.464,NEPTUNE,K383,16.18942390942391,0.02,19742.59,2118.379,0.9998,24.323,0.6916824999494173,0.0,Perfect
3413118.674,E0,P127,0.335,0.0025,5420.118,1059.189,1.1221,7.2353,0.8471512125931759,0.0,Hit+Run
3433585.352,E37,E17,0.19977517445850232,0.04000000000000001,4562.200,2668.991,1.2171,6.2615,0.9615634288455939,0.0,Hit+Run
3575165.92,E26,P91,0.19036097236097235,0.0025,4489.381,1059.189,1.7328,9.1271,0.978128024913128,0.0,Hit+Run
3754011.003,E37,P485,0.19977517445850232,0.0025000000000000022,4562.200,1059.189,1.476,7.9103,0.7031517425961982,0.0,Merge
3787467.683,E37,E7,0.20227517445850232,0.04328872278520204,4581.152,2740.220,1.0546,5.4567,0.819321902100234,0.0,Hit+Run
3820840.459,E3,P7,0.14499999999999996,0.007499833499833501,4099.993,1527.604,2.1872,10.172,0.6837452905194669,0.0,Merge
3863445.554,E79,P478,0.030000000000000002,0.0025,2424.939,1059.189,1.2196,3.3278,0.7861968814599805,0.0,Hit+Run
3933580.74,E44,P508,0.25499999999999995,0.0025,4948.883,1059.189,1.0408,6.0875,0.98968223386916,0.0,Hit+Run
3945463.266,E37,P168,0.20227517445850232,0.0025,4581.152,1059.189,1.6265,8.7558,0.6446524674675717,0.0,Merge
3979436.832,E54,P240,0.027500000000000004,0.0025,2355.617,1059.189,2.9361,7.7750,0.6711991288202463,0.0,Merge
3995113.155,E37,P239,0.20477517445850232,0.0025,4599.948,1059.189,1.4672,7.9331,0.9353297752608818,0.0,Hit+Run
4059198.503,E7,P406,0.04328872278520204,0.0025,2740.220,1059.189,2.4841,7.7045,0.9996144107087938,0.0,Hit+Run
4084794.691,E0,P147,0.335,0.0025,5420.118,1059.189,1.0557,6.8072,0.48886656328572337,0.0,Merge
4175371.589,E28,P504,0.0625,0.0025,3097.090,1059.189,2.5221,8.9109,0.7632665214748745,0.0,Hit+Run
4282354.252,E29,P305,0.05500000000000001,0.0025,2967.891,1059.189,1.7144,5.7877,0.46164631243306403,0.0,Merge
4384910.025,P4,P321,0.005,0.0025000000000000022,1334.495,1059.189,7.8419,12.401,0.44489031944849516,0.0,Fragment
4465320.926,E44,P551,0.25499999999999995,0.0025,4948.883,1059.189,1.0176,5.9518,0.8752695311771695,0.0,Graze+Merge
4474919.373,E33,P290,0.030000000000000002,0.0025,2424.939,1059.189,1.1579,3.1595,0.414952709566608,0.0,Merge
4519892.184,E44,P684,0.25749999999999995,0.0025,4965.003,1059.189,1.3318,7.8168,0.8071992599668713,0.0,Merge
4524138.824,E47,P292,0.0275,0.0025,2355.617,1059.189,2.4075,6.3753,0.35919155845498707,0.0,Merge
4540074.573,E44,P388,0.25999999999999995,0.0025,4981.020,1059.189,1.2961,7.6336,0.8685145604871299,0.0,Hit+Run
4564217.144,E28,E33,0.0625,0.0325,3097.090,2490.510,1.0795,3.9767,0.34830900351985017,0.007815211455211454,Fragment
4648945.522,E65,P715,0.027500000000000004,0.0025,2355.617,1059.189,2.2425,5.9383,0.6494006781823022,0.0,Merge
4651071.677,E3,P158,0.15249983349983345,0.0025,4169.496,1059.189,3.3375,16.234,0.9247762689527702,0.0,Hit+Run
4663665.908,E43,P535,0.025,0.0025,2281.955,1059.189,2.5406,6.5119,0.8270960301930488,0.0,Hit+Run
4735373.076,E5,P204,0.08500000000000005,0.0025,3431.364,1059.189,3.9253,15.480,0.8680509392728599,0.0,Hit+Run
4769873.008,E16,P331,0.03250000000000001,0.0025,2490.510,1059.189,2.2992,6.4501,0.4923207331153709,0.0,Merge
4780195.861,E27,P60,0.025,0.0025,2281.955,1059.189,4.8907,12.535,0.5603217036914758,0.005960705960705961,Fragment
4802592.183,E0,P145,0.3375,0.0025,5433.568,1059.189,1.5581,10.073,0.9346955713105886,0.0,Hit+Run
4807238.966,E5,P143,0.08500000000000005,0.0025,3431.364,1059.189,1.588,6.2627,0.8410007603553783,0.0,Hit+Run
4837591.898,E26,P154,0.19036097236097235,0.0025,4489.381,1059.189,1.2483,6.5751,0.2351261510792911,0.0,Merge
4914358.96,E22,P153,0.025,0.0025,2281.955,1059.189,2.3763,6.0908,0.9159525070948783,0.0,Hit+Run
4952490.819,E47,E54,0.03,0.030000000000000002,2424.939,2424.939,1.667,5.2384,0.6627,0.0,Hit+Run
4992546.291,E54,P224,0.030000000000000002,0.0025,2424.939,1059.189,2.2811,6.2243,0.9250480481130136,0.0,Hit+Run
5039094.263,E26,P328,0.19286097236097235,0.0025,4508.948,1059.189,2.262,11.970,0.9667113748560694,0.0,Hit+Run
5073475.783,E5,P368,0.08500000000000005,0.0024999999999999905,3431.364,1059.189,2.6382,10.404,0.40728094245812896,0.0,Merge
5112479.079,E17,P153,0.04000000000000001,0.0025,2668.991,1059.189,4.1465,12.507,0.6716539523644989,0.0,Merge
5163956.353,E17,P251,0.04250000000000001,0.0025000000000000022,2723.475,1059.189,3.1673,9.7600,0.5712388570435395,0.0,Merge
5170439.988,E29,E67,0.05750000000000001,0.030000000000000002,3012.195,2424.939,1.0388,3.7231,0.6864111392163479,0.0,Graze+Merge
5207608.303,E26,P244,0.19286097236097235,0.0025,4508.948,1059.189,1.7112,9.0556,0.6221514066861434,0.0,Merge
5485612.829,E26,P371,0.19536097236097236,0.0025,4528.347,1059.189,1.1326,6.0214,0.5270272377118218,0.0,Merge
5572469.472,NEPTUNE,K547,16.209423909423908,0.02,19750.72,2118.379,1.0016,24.377,0.6161177906339479,0.0,Merge
5598797.913,E0,P217,0.3375,0.0025,5433.568,1059.189,1.8387,11.887,0.19816985521205782,0.0,Merge
5608494.865,E51,P487,0.01846886446886447,0.0025,2062.879,1059.189,2.086,4.8298,0.36796671556348565,0.0,Merge
5711154.746,E0,P163,0.34,0.0025,5446.951,1059.189,2.3535,15.255,0.6161803126358302,0.0,Merge
5726162.781,E29,P402,0.08750000000000001,0.0025,3464.680,1059.189,2.0223,8.0587,0.8979783899741824,0.0,Hit+Run
5729309.212,P17,P59,0.0024999999999999905,0.0025,1059.189,1059.189,18.074,24.809,0.9091499999999995,0.0,Hit+Run
5750028.596,E27,P422,0.02153929403929404,0.0025,2171.389,1059.189,1.7353,4.2291,0.7303431952368007,0.0,Hit+Run
5819213.951,E47,P295,0.03,0.0025,2424.939,1059.189,2.8596,7.8029,0.9014537897193403,0.0,Hit+Run
5864392.687,E3,P288,0.15249983349983345,0.002500000000000014,4169.496,1059.189,2.7484,13.369,0.4307701478729726,0.0,Merge
5928016.071,E3,P95,0.15499983349983346,0.0025000000000000022,4192.157,1059.189,2.983,14.595,0.4468890684817778,0.0,Merge
5983842.405,E62,P497,0.030000000000000002,0.0025,2424.939,1059.189,3.3866,9.2409,0.19641002120043072,0.0,Merge
5992932.479,E3,P17,0.15749983349983346,0.0024999999999999905,4214.575,1059.189,1.7305,8.5158,0.8708432443192425,0.0,Hit+Run
6029437.225,E3,P17,0.15749983349983346,0.0024999999999999905,4214.575,1059.189,1.0008,4.9249,0.4090094268538024,0.0,Merge
6116490.444,E13,P603,0.025,0.0025,2281.955,1059.189,1.2634,3.2382,0.9310464974064112,0.0,Hit+Run
6133826.879,E45,P310,0.025,0.0025,2281.955,1059.189,1.8204,4.6659,0.6144141938576932,0.0,Merge
6281609.28,E42,P890,0.025,0.0025,2281.955,1059.189,4.6207,11.843,0.8803689371749295,0.0,Hit+Run
6284111.239,E26,P194,0.19786097236097236,0.0025,4547.582,1059.189,1.507,8.0486,0.7535812969638389,0.0,Merge
6372019.208,E5,E27,0.08750000000000004,0.02153929403929404,3464.680,2171.389,2.4203,9.5110,0.41297792726032145,0.02347918747918748,Fragment
6390179.081,E17,P56,0.04500000000000001,0.0025,2775.862,1059.189,3.6076,11.343,0.4630234770582755,0.0,Merge
6430300.485,E0,P101,0.3425,0.0025,5460.269,1059.189,1.2163,7.9049,0.2924668980386172,0.0,Merge
6448476.739,E45,P701,0.0275,0.0025,2355.617,1059.189,2.4052,6.3692,0.9047046839134156,0.0,Hit+Run
6467018.362,E26,P253,0.20036097236097236,0.0025,4566.655,1059.189,1.1537,6.1895,0.9804049012503477,0.0,Hit+Run
6487592.715,E3,P258,0.15999983349983346,0.0025,4236.758,1059.189,3.4662,17.154,0.8646399400155026,0.0,Hit+Run
6572774.592,E0,P418,0.34500000000000003,0.0025,5473.522,1059.189,1.4992,9.7689,0.7932893249827463,0.0,Merge
6621925.643,E76,P827,0.08,0.0025,3362.718,1059.189,2.8412,10.964,0.28760887961050957,0.0,Merge
6691883.624,E31,P383,0.03250000000000001,0.0025,2490.510,1059.189,2.2599,6.3399,0.5246650195577517,0.0,Merge
6692338.033,E74,P519,0.025,0.0025,2281.955,1059.189,1.564,4.0087,0.9508530910278798,0.0,Hit+Run
6698851.992,P24,P189,0.0025,0.0025,1059.189,1059.189,3.9127,5.3705,0.99845,0.0,Hit+Run
6701885.818,E0,P328,0.34750000000000003,0.0025,5486.711,1059.189,1.2276,8.0198,0.474415743173886,0.0,Merge
6717853.522,E83,P838,0.05500000000000001,0.0025,2967.891,1059.189,1.2611,4.2574,0.788424688762599,0.0,Hit+Run
6782654.556,E17,P110,0.047500000000000014,0.0025,2826.344,1059.189,3.4572,11.080,0.7964321371961933,0.0,Hit+Run
6786492.465,E19,P563,0.0425,0.0025,2723.475,1059.189,1.931,5.9504,0.4071534833099591,0.0,Merge
6826675.638,E37,P564,0.20477517445850232,0.0025,4599.948,1059.189,1.4721,7.9596,0.8552654814717127,0.0,Hit+Run
6947504.36,E37,P414,0.20477517445850232,0.0025,4599.948,1059.189,1.9862,10.739,0.8317745363904234,0.0,Hit+Run
6970924.329,E26,E51,0.20036097236097236,0.02096886446886447,4566.655,2152.049,1.0598,5.4344,0.8368378396970851,0.0,Hit+Run
7038527.025,E0,P39,0.35000000000000003,0.0024999999999999905,5499.837,1059.189,1.9281,12.628,0.9522167005858694,0.0,Hit+Run
7073401.173,E26,P178,0.20036097236097236,0.0024999999999999905,4566.655,1059.189,1.7382,9.3252,0.8974463146401594,0.0,Hit+Run
7270941.393,E3,P39,0.15999983349983346,0.0024999999999999905,4236.758,1059.189,1.0104,5.0004,0.5827999595681844,0.0,Merge
7307984.351,E26,P119,0.20036097236097236,0.0025,4566.655,1059.189,2.2138,11.876,0.30983652161554703,0.0,Merge
7309946.472,E3,P45,0.16249983349983346,0.0025,4258.710,1059.189,2.4918,12.400,0.8254909806467753,0.0,Hit+Run
7352283.499,E0,P45,0.35000000000000003,0.0025,5499.837,1059.189,1.139,7.4600,0.4635306376222864,0.0,Merge
7407900.205,E26,P511,0.20286097236097236,0.0025000000000000022,4585.570,1059.189,1.5395,8.2960,0.9692252048563564,0.0,Hit+Run
7423140.945,E13,P489,0.025,0.0025,2281.955,1059.189,2.0435,5.2378,0.16500941444644143,0.0,Merge
7437932.257,E26,FRAG0005,0.20286097236097236,0.00586979686979687,4585.570,1407.780,1.0945,5.7707,0.9289961231098425,0.0,Hit+Run
7445534.825,P6,P13,0.007499833499833501,0.0025,1527.604,1059.189,5.3674,9.4283,0.6469361837862831,0.005625647685647686,Graze+Frag
7581454.861,E0,FRAG0008,0.35250000000000004,0.00586979686979687,5512.901,1407.780,1.1943,7.6782,0.22846017142529418,0.0,Merge
7607477.243,E31,P348,0.03500000000000001,0.0025,2552.798,1059.189,3.3067,9.5190,0.8053497177754556,0.0,Hit+Run
7619229.287,E17,P117,0.047500000000000014,0.0025,2826.344,1059.189,2.1334,6.8373,0.8811744369343945,0.0,Hit+Run
7648470.399,P4,P52,0.0075001665001665,0.0025,1527.627,1059.189,6.8304,11.998,0.41048659648382635,0.009743310023310022,Fragment
7789177.066,P20,FRAG1005,0.0025,0.007478935225954989,1059.189,1526.184,7.2167,12.667,0.9721831673702921,0.0,Hit+Run
7834792.462,E54,P324,0.030000000000000002,0.0025,2424.939,1059.189,2.8655,7.8190,0.8260774421076938,0.0,Hit+Run
7844331.384,E44,P605,0.25999999999999995,0.0025,4981.020,1059.189,1.5112,8.9005,0.6122153529297809,0.0,Merge
7850711.45,E37,E7,0.20477517445850232,0.04328872278520204,4599.948,2740.220,1.0638,5.5251,0.917023156125227,0.0,Hit+Run
7852076.383,E0,P231,0.3583697968697969,0.0025,5543.333,1059.189,1.4595,9.6401,0.9267261988284347,0.0,Hit+Run
7875403.279,E26,E5,0.20286097236097236,0.0855601065601066,4585.570,3438.884,1.0029,5.3718,0.702197060901168,0.0,Graze+Merge
7935317.241,E0,P192,0.3583697968697969,0.0025,5543.333,1059.189,1.1692,7.7226,0.49518310569759993,0.0,Merge
7938349.607,E0,P271,0.3608697968697969,0.0025000000000000022,5556.193,1059.189,1.7011,11.263,0.7564048101592512,0.0,Merge
7971716.089,E58,P380,0.027500000000000004,0.0025,2355.617,1059.189,4.0654,10.765,0.3028329060144791,0.0,Merge
8104469.181,E45,FRAG1006,0.0275,0.00597858376517034,2355.617,1416.424,3.3321,8.8689,0.2858309208706708,0.014122544122544123,Fragment
8135485.568,E29,P495,0.08750000000000001,0.0025,3464.680,1059.189,1.3368,5.3270,0.9891164952252935,0.0,Hit+Run
8213217.16,E26,FRAG1004,0.28842107892107893,0.007023286199047059,5156.276,1494.539,1.5697,9.3470,0.5362645120147939,0.0,Merge
8265827.066,E28,P298,0.08718481518481519,0.0025,3460.515,1059.189,2.0399,8.1184,0.13896559636904843,0.0,Merge
8281370.268,E3,P12,0.16249983349983346,0.0024999999999999905,4258.710,1059.189,4.2409,21.105,0.8108358730159684,0.0,Hit+Run
8296765.807,E26,P216,0.295444365120126,0.0025,5197.794,1059.189,1.4316,8.8260,0.9388783599836911,0.0,Hit+Run
8337052.103,E3,P59,0.16249983349983346,0.0025,4258.710,1059.189,1.45,7.2160,0.9557052156614879,0.0,Hit+Run
8374790.409,E0,P109,0.3633697968697969,0.0025,5568.994,1059.189,2.4579,16.315,0.716353738976092,0.0,Merge
8395922.809,E0,P30,0.3658697968697969,0.0025000000000000022,5581.737,1059.189,1.6491,10.973,0.8969876898687037,0.0,Hit+Run
8412966.767,E37,P379,0.20477517445850232,0.0025,4599.948,1059.189,1.4902,8.0575,0.9141147694954268,0.0,Hit+Run
8442001.479,E51,FRAG0007,0.02096886446886447,0.00586979686979687,2152.049,1407.780,1.4972,3.6728,0.6359126151915165,0.0,Hit+Run
8524227.851,E44,P225,0.26249999999999996,0.0025,4996.934,1059.189,1.5212,8.9901,0.7765056717201397,0.0,Merge
8592232.916,E29,P297,0.08750000000000001,0.0025,3464.680,1059.189,2.8452,11.337,0.39089822621989145,0.0,Merge
8659027.264,E29,P454,0.09000000000000001,0.0025,3497.368,1059.189,1.4701,5.9177,0.4977536106540084,0.0,Merge
8692880.963,E0,P12,0.3658697968697969,0.0024999999999999905,5581.737,1059.189,1.0298,6.8523,0.9168236245397134,0.0,Hit+Run
8731982.122,E26,P85,0.295444365120126,0.0025000000000000022,5197.794,1059.189,1.0917,6.7304,0.2921637933164609,0.0,Merge
8912465.253,E3,P59,0.16249983349983346,0.0025,4258.710,1059.189,1.12,5.5737,0.7666303024574681,0.0,Merge
8916951.143,E26,FRAG0007,0.297944365120126,0.00586979686979687,5212.414,1407.780,1.3197,7.9873,0.5873635572440188,0.0,Merge
8922369.152,E3,P12,0.16499983349983346,0.0024999999999999905,4280.439,1059.189,1.088,5.4442,0.8644843192607047,0.0,Hit+Run
8956094.283,NEPTUNE,K967,16.229423909423907,0.02,19758.84,2118.379,0.9999,24.346,0.8494310310656843,0.0,Perfect
8984337.509,E44,P315,0.26499999999999996,0.0025,5012.747,1059.189,1.1686,6.9298,0.5305047261710899,0.0,Merge
9005245.377,E0,P12,0.3658697968697969,0.0024999999999999905,5581.737,1059.189,1.2147,8.0826,0.6473574950682868,0.0,Merge
9060082.702,E37,P343,0.20477517445850232,0.0025,4599.948,1059.189,1.3707,7.4113,0.9085874882998293,0.0,Hit+Run
9236291.912,P8,P117,0.005,0.0025,1334.495,1059.189,9.9076,15.668,0.3604838102197958,0.007462537462537463,Fragment
9241493.511,E0,P25,0.36836979686979693,0.0025,5594.421,1059.189,2.6,17.342,0.5121372301714711,0.0,Merge
9263919.152,E3,P170,0.16499983349983346,0.0025,4280.439,1059.189,2.8439,14.230,0.6825930988969677,0.0,Merge
9281847.422,E0,P47,0.37086979686979693,0.0025,5607.048,1059.189,1.8985,12.693,0.3980979826675813,0.0,Merge
9372818.302,E19,P425,0.045000000000000005,0.0025000000000000022,2775.862,1059.189,1.6635,5.2304,0.26600145039693013,0.0,Merge
9464007.176,E26,P190,0.3038141619899229,0.0025,5246.421,1059.189,1.7911,11.153,0.9348624254988683,0.0,Hit+Run
9586772.012,E44,P578,0.26749999999999996,0.0025,5028.461,1059.189,1.2687,7.5487,0.45199271586666917,0.0,Merge
9696541.512,E19,P65,0.04750000000000001,0.0025,2826.344,1059.189,2.8612,9.1699,0.6994694886545434,0.0,Merge
9735181.575,NEPTUNE,K633,16.249423909423907,0.02,19766.95,2118.379,1.0003,24.366,0.28839352246321015,0.0,Merge
9781943.459,E14,P473,0.030000000000000002,0.0025,2424.939,1059.189,3.2007,8.7336,0.4495437019608724,0.0,Merge
10090846.75,E54,E45,0.030000000000000002,0.01935603964262622,2424.939,2095.395,1.109,3.2739,0.693041421642545,0.0,Hit+Run
10174658.052,E37,E7,0.20477517445850232,0.04328872278520204,4599.948,2740.220,1.3255,6.8843,0.8539163210115727,0.0,Hit+Run
10185686.332,E35,P361,0.025,0.0025,2281.955,1059.189,3.1404,8.0493,0.21602846767139663,0.0,Merge
10198111.813,E3,P262,0.16749983349983347,0.0025000000000000022,4301.949,1059.189,1.8827,9.4718,0.8358131031314701,0.0,Hit+Run
10232520.079,E0,P262,0.37336979686979693,0.0025000000000000022,5619.619,1059.189,1.1698,7.8403,0.661180264872442,0.0,Merge
10237658.607,E26,P417,0.3038141619899229,0.0025,5246.421,1059.189,2.3757,14.793,0.5387356893116031,0.0,Merge
10265675.599,E0,P24,0.37586979686979693,0.0025,5632.134,1059.189,1.8465,12.405,0.7151142440620041,0.0,Merge
10296445.096,P4,P6,0.01,0.01,1681.359,1681.359,3.7484,8.1671,0.63325,0.0,Hit+Run
10346684.86,E26,P238,0.3063141619899229,0.0025,5260.772,1059.189,1.6713,10.437,0.8945863670013572,0.0,Hit+Run
10385833.987,E7,P704,0.04328872278520204,0.0025,2740.220,1059.189,1.5434,4.7869,0.8253670502273763,0.0,Hit+Run
10630915.783,E44,P480,0.26999999999999996,0.0025,5044.077,1059.189,1.1607,6.9291,0.9092660863158544,0.0,Hit+Run
10694775.408,E17,P277,0.047500000000000014,0.0025,2826.344,1059.189,3.4767,11.142,0.5931960981674085,0.0,Merge
10732941.403,E54,P616,0.030000000000000002,0.0025,2424.939,1059.189,4.6133,12.588,0.6838854955051142,0.0,Merge
10796060.763,E17,P118,0.05000000000000002,0.0025,2875.083,1059.189,2.5824,8.4280,0.7806179049691123,0.0,Hit+Run
10822988.164,E44,P406,0.26999999999999996,0.0025,5044.077,1059.189,1.2046,7.1912,0.9793494930778834,0.0,Hit+Run
10903450.403,NEPTUNE,K738,16.269423909423907,0.02,19775.06,2118.379,1.0004,24.379,0.3615675163503531,0.0,Merge
10906645.674,E3,P156,0.16749983349983347,0.0025,4301.949,1059.189,2.9357,14.769,0.8971991461321974,0.0,Hit+Run
10977275.689,E26,P291,0.3063141619899229,0.0025,5260.772,1059.189,1.3828,8.6359,0.8771890886256912,0.0,Hit+Run
10989683.316,E3,P156,0.16749983349983347,0.0025,4301.949,1059.189,1.1083,5.5758,0.9682946155421899,0.0,Hit+Run
10997159.156,E44,E28,0.26999999999999996,0.08968481518481519,5044.077,3493.280,1.0054,5.8303,0.9827769250414229,0.0,Graze+Merge
11185068.825,E26,P291,0.3063141619899229,0.0025,5260.772,1059.189,1.2586,7.8602,0.9665894569293534,0.0,Hit+Run
11229743.232,E37,P546,0.20477517445850232,0.0025,4599.948,1059.189,4.5555,24.631,0.5888180144251175,0.0,Merge
11276509.959,E3,P8,0.16749983349983347,0.007499833499833501,4301.949,1527.604,1.6002,7.8330,0.9415569267629259,0.0,Hit+Run
11424356.772,E37,P284,0.20727517445850233,0.0025,4618.592,1059.189,2.3804,12.926,0.9082169835621863,0.0,Hit+Run
11501177.947,E17,E19,0.05000000000000002,0.05000000000000001,2875.083,2875.083,1.7597,6.5562,0.86395,0.0,Hit+Run
11548746.222,E3,P583,0.16749983349983347,0.0025,4301.949,1059.189,3.4881,17.548,0.48450840214168744,0.0,Merge
11676913.725,P23,P394,0.0025,0.0025,1059.189,1059.189,8.7734,12.042,0.45165,0.0,Merge
11732205.975,E17,P151,0.05000000000000002,0.0025,2875.083,1059.189,2.9438,9.6075,0.13241711700093908,0.0,Merge
11852356.335,E17,P462,0.05250000000000002,0.0025,2922.224,1059.189,1.2905,4.2852,0.4461781957083125,0.0,Merge
11924560.718,E19,FRAG0001,0.05000000000000001,0.00963902763902764,2875.083,1660.880,1.7113,5.5438,0.7912248175491228,0.0,Hit+Run
11948812.656,E17,P404,0.05500000000000002,0.0025,2967.891,1059.189,2.7881,9.4124,0.9889578331001415,0.0,Hit+Run
11960079.318,E3,P143,0.16999983349983347,0.0025,4323.246,1059.189,2.8477,14.403,0.44297233852813156,0.0,Merge
12056604.335,E0,P118,0.37836979686979694,0.0025,5644.593,1059.189,1.5313,10.312,0.17252603933828353,0.0,Merge
12094608.82,E37,P284,0.20727517445850233,0.0025,4618.592,1059.189,1.3756,7.4702,0.37304819405429335,0.0,Merge
12114547.375,E3,P178,0.17249983349983347,0.0024999999999999905,4344.336,1059.189,2.0081,10.209,0.4975842768238604,0.0,Merge
12250631.222,E56,P615,0.025,0.0025,2281.955,1059.189,6.8044,17.440,0.3087779646988252,0.016375624375624377,Fragment
12347305.057,E98,P220,0.025,0.0025,2281.955,1059.189,6.3456,16.264,0.8389799863659297,0.0,Hit+Run
12445487.943,P23,P200,0.005,0.0025,1334.495,1059.189,4.5944,7.2657,0.9966546667645051,0.0,Hit+Run
12510857.696,E0,P81,0.38086979686979694,0.0025,5656.998,1059.189,2.2243,15.014,0.1005697825262268,0.0,Merge
12618362.14,E3,E58,0.17499983349983347,0.030000000000000002,4365.222,2424.939,1.1509,5.6497,0.5447076185564342,0.0,Merge
12662530.466,E19,P20,0.05000000000000001,0.0025,2875.083,1059.189,1.475,4.8138,0.5419455516992077,0.0,Merge
12740864.505,E68,P166,0.025,0.0025,2281.955,1059.189,3.346,8.5763,0.6469243268363797,0.0,Merge
12749186.58,E0,P336,0.38336979686979694,0.0025,5669.348,1059.189,1.7023,11.517,0.8033181180787972,0.0,Merge
12945062.633,E37,P350,0.20977517445850233,0.0025,4637.086,1059.189,2.2641,12.348,0.7947626170271674,0.0,Merge
12950126.625,E22,P625,0.025,0.0025,2281.955,1059.189,5.4147,13.878,0.9536533335743634,0.0,Hit+Run
12964531.51,P4,P69,0.01,0.0025000000000000022,1681.359,1059.189,6.8063,12.986,0.7563373352491193,0.0,Graze+Frag
12991031.832,E0,P6,0.38586979686979694,0.01,5681.645,1681.359,1.1776,7.7144,0.37077670418993774,0.0,Merge
13120880.412,E3,P375,0.20499983349983347,0.0025,4601.629,1059.189,2.3739,12.840,0.9436039523469388,0.0,Hit+Run
13276284.131,E51,P155,0.02096886446886447,0.0025,2152.049,1059.189,3.8077,9.1966,0.8005750334491493,0.0,Hit+Run
13286859.064,E0,P78,0.39586979686979695,0.0025000000000000022,5730.308,1059.189,1.4568,9.9696,0.8444178358646269,0.0,Hit+Run
13289280.904,E19,P507,0.05250000000000001,0.0024999999999999905,2922.224,1059.189,1.3032,4.3274,0.8611628179380874,0.0,Hit+Run
13345240.111,E3,P221,0.20499983349983347,0.0025000000000000022,4601.629,1059.189,1.9059,10.309,0.9714048268905856,0.0,Hit+Run
13359527.483,E3,P221,0.20499983349983347,0.0025000000000000022,4601.629,1059.189,1.0457,5.6563,0.8136226704893615,0.0,Graze+Merge
13372725.066,E44,P579,0.35968481518481515,0.0025,5550.105,1059.189,1.0129,6.6990,0.9745210255277965,0.0,Graze+Merge
13419960.875,E7,P134,0.04328872278520204,0.0025,2740.220,1059.189,1.5727,4.8778,0.49454228096898983,0.0,Merge
13588264.841,E51,P509,0.02096886446886447,0.0025,2152.049,1059.189,5.1978,12.554,0.5541566174109338,0.007257742257742258,Fragment
13641921.062,E26,P249,0.3063141619899229,0.0025,5260.772,1059.189,1.7572,10.974,0.467395780284044,0.0,Merge
13727678.209,E47,P838,0.03,0.0025,2424.939,1059.189,2.837,7.7412,0.6899406591636674,0.0,Merge
13739707.625,E45,P313,0.01935603964262622,0.0025,2095.395,1059.189,5.4262,12.760,0.709472602646329,0.0,Graze+Frag
13833279.878,E0,P179,0.39586979686979695,0.0025000000000000022,5730.308,1059.189,4.3385,29.690,0.4724688700819772,0.0,Merge
13837723.53,E26,P165,0.3088141619899229,0.0025,5275.046,1059.189,2.2876,14.328,0.7321830888658888,0.0,Merge
13861719.886,E47,P457,0.0325,0.0025,2490.510,1059.189,6.0623,17.007,0.5816358668271945,0.007740259740259741,Fragment
13941995.643,E26,P404,0.3113141619899229,0.0025,5289.242,1059.189,1.4242,8.9460,0.9003930347755138,0.0,Hit+Run
13963817.336,E56,P381,0.011124375624375623,0.0024999999999999905,1742.150,1059.189,4.1195,8.1166,0.27114792769520496,0.00918002664002664,Fragment
14018332.012,NEPTUNE,K424,16.289423909423906,0.02,19783.16,2118.379,1.0025,24.441,0.9665968718813245,0.0,Graze+Merge
14201701.789,E3,P375,0.20749983349983347,0.0025,4620.260,1059.189,2.3997,13.036,0.515192616378573,0.0,Merge
14278465.119,E26,P408,0.3113141619899229,0.0025,5289.242,1059.189,1.8709,11.751,0.986958072541014,0.0,Hit+Run
14319930.965,NEPTUNE,K964,16.309423909423906,0.02,19791.25,2118.379,1.0026,24.454,0.9446846021673664,0.0,Graze+Merge
14539693.677,E54,FRAG1005,0.0325,0.007478935225954989,2490.510,1526.184,1.037,2.9229,0.18229165916971182,0.0,Merge
14647190.6,E3,P156,0.20999983349983348,0.0025,4638.741,1059.189,1.9223,10.488,0.33858824059006143,0.0,Merge
14711892.726,E74,P142,0.025,0.0025,2281.955,1059.189,3.402,8.7198,0.6441240842898962,0.0,Merge
14956636.704,E0,P343,0.39836979686979695,0.0025,5742.345,1059.189,2.1114,14.481,0.22238122764924198,0.0,Merge
15165560.732,P8,P21,0.007499833499833501,0.002500000000000014,1527.604,1059.189,11.059,19.426,0.42453895255495994,0.0,Fragment
15239011.074,E44,P493,0.36218481518481516,0.0025,5562.934,1059.189,1.3886,9.2065,0.7131208572850695,0.0,Merge
15269411.817,E35,P803,0.0275,0.0025,2355.617,1059.189,4.3955,11.639,0.9193979433624094,0.0,Hit+Run
15303684.587,P33,P367,0.0025,0.0025,1059.189,1059.189,7.5861,10.412,0.87165,0.0,Hit+Run
15353054.647,E29,E16,0.09250000000000001,0.03500000000000001,3529.455,2552.798,1.0633,4.3494,0.5711769407896683,0.0,Merge
15431328.938,E44,P379,0.36468481518481516,0.0025,5575.704,1059.189,1.3416,8.9167,0.7648963010499366,0.0,Merge
15435440.799,E37,E54,0.21227517445850233,0.03997893522595499,4655.434,2668.522,1.2197,6.3952,0.8675278784214507,0.0,Hit+Run
15489446.738,E19,P228,0.05250000000000001,0.0025,2922.224,1059.189,4.7229,15.682,0.5002715219522715,0.0,Merge
15747828.03,E0,P307,0.40086979686979696,0.0025,5754.332,1059.189,1.8409,12.654,0.5955737754954036,0.0,Merge
15866138.421,E3,P204,0.21249983349983348,0.0025,4657.076,1059.189,2.4174,13.245,0.8810230572771822,0.0,Hit+Run
16064733.201,E43,P334,0.025,0.0025,2281.955,1059.189,4.815,12.341,0.934529725939842,0.0,Hit+Run
16206751.084,P50,P136,0.0025,0.0025,1059.189,1059.189,9.4121,12.918,0.269,0.0,Merge
16271621.671,E44,FRAG0015,0.36718481518481516,0.008096903096903097,5588.416,1567.112,1.3747,8.8945,0.6083152775084728,0.0,Merge
16541472.491,P30,P500,0.0025000000000000022,0.0025,1059.189,1059.189,5.9596,8.1800,0.9773000000000001,0.0,Hit+Run
16615644.552,E37,P309,0.21227517445850233,0.0025000000000000022,4655.434,1059.189,1.8657,10.218,0.7246336267417226,0.0,Merge
16733243.715,E0,P286,0.40336979686979696,0.0025,5766.270,1059.189,1.0187,7.0182,0.4762237889913006,0.0,Merge
16869544.048,E26,P257,0.3113141619899229,0.0025,5289.242,1059.189,1.9572,12.294,0.5657137694203516,0.0,Merge
16887475.061,E14,P248,0.0325,0.0025,2490.510,1059.189,3.1223,8.7593,0.9676624698770405,0.0,Hit+Run
17051800.617,E3,P196,0.21249983349983348,0.0025,4657.076,1059.189,2.2389,12.267,0.6853306785477765,0.0,Merge
17131743.848,E0,P701,0.40586979686979696,0.0025,5778.158,1059.189,2.0039,13.836,0.9839355025699873,0.0,Hit+Run
17131743.848,E0,P701,0.40586979686979696,0.0025,5778.158,1059.189,2.0039,13.836,0.9839355025699873,0.0,Hit+Run
17499977.27,NEPTUNE,K234,16.329423909423905,0.02,19799.34,2118.379,1.0005,24.413,0.7324350007503292,0.0,Merge
17752129.312,E0,P110,0.40586979686979696,0.0025,5778.158,1059.189,1.0284,7.1007,0.9966963254582523,0.0,Hit+Run
17752129.312,E0,P110,0.40586979686979696,0.0025,5778.158,1059.189,1.0284,7.1007,0.9966963254582523,0.0,Hit+Run
17760084.518,E37,P329,0.21477517445850233,0.0025,4673.639,1059.189,1.5933,8.7634,0.4580841024932269,0.0,Merge
17779029.145,E37,P112,0.21727517445850233,0.0025000000000000022,4691.703,1059.189,1.1726,6.4763,0.9138018500005171,0.0,Hit+Run
17779029.145,E37,P112,0.21727517445850233,0.0025000000000000022,4691.703,1059.189,1.1726,6.4763,0.9138018500005171,0.0,Hit+Run
17918747.197,E83,P385,0.05500000000000001,0.0025,2967.891,1059.189,1.9485,6.5780,0.4129317191191664,0.0,Merge
17933158.842,E0,P110,0.40586979686979696,0.0025,5778.158,1059.189,1.1013,7.6040,0.7375924646938804,0.0,Merge
17994048.769,E17,P189,0.05500000000000002,0.0025,2967.891,1059.189,2.3476,7.9253,0.26789341406356765,0.0,Merge
18103845.943,E26,P37,0.3138141619899229,0.0025000000000000022,5303.363,1059.189,1.5144,9.5398,0.7435899052268482,0.0,Merge
18209928.737,E3,P204,0.21499983349983348,0.0025,4675.268,1059.189,1.4478,7.9661,0.6837053919770715,0.0,Merge
18245578.7,E49,E89,0.027500000000000004,0.0275,2355.617,2355.617,1.608,4.9085,0.35355,0.011363969363969363,Fragment
18340238.065,E7,FRAG0005,0.04578872278520204,0.00586979686979687,2791.986,1407.780,2.3192,7.2669,0.9261932728721998,0.0,Hit+Run
18450498.211,E26,P333,0.3163141619899229,0.0025,5317.409,1059.189,2.0417,12.898,0.48157391031656027,0.0,Merge
18604827.794,P54,P701,0.0025000000000000022,0.0025,1059.189,1059.189,15.592,21.401,0.7722000000000001,0.0,Graze+Frag
18618883.801,E7,P335,0.04578872278520204,0.0025,2791.986,1059.189,3.1379,9.9271,0.5091462828169465,0.0,Merge
18671461.092,E3,P108,0.21749983349983348,0.0025,4693.319,1059.189,2.6367,14.568,0.7630864125177328,0.0,Merge
18795456.084,E0,E17,0.40836979686979696,0.05750000000000002,5789.997,3012.195,1.0708,6.9598,0.25903784199304475,0.011478521478521478,Fragment
18815391.399,E52,P428,0.025,0.0025,2281.955,1059.189,7.7699,19.915,0.8662311272451227,0.0,Hit+Run
18850574.654,E35,P404,0.0275,0.0025,2355.617,1059.189,3.103,8.2170,0.44914465855587105,0.0,Merge
18960360.681,E26,E7,0.3188141619899229,0.04828872278520204,5331.381,2841.901,1.0882,6.5157,0.7804041853871646,0.0,Hit+Run
19668825.359,E49,P520,0.043636030636030644,0.0025,2747.528,1059.189,3.8042,11.832,0.9906125312121159,0.0,Hit+Run
19743153.12,P30,FRAG0005,0.0025000000000000022,0.00586979686979687,1059.189,1407.780,9.5967,15.792,0.11716920441956297,0.0,Fragment
19777374.268,E0,P414,0.45439127539127555,0.0025,5999.805,1059.189,3.1554,22.680,0.6534429025461879,0.0,Merge
19984737.939,E29,P625,0.12750000000000003,0.0025,3927.931,1059.189,2.0046,9.1439,0.8127398870605174,0.0,Hit+Run
20088334.79,E44,E47,0.37528171828171825,0.02725974025974026,5629.195,2348.737,1.012,6.4224,0.7937952280268749,0.0,Graze+Merge
20205461.145,E0,P152,0.45689127539127555,0.0025,6010.788,1059.189,1.9495,14.039,0.08620874350778325,0.0,Merge
20349008.563,E3,P545,0.21999983349983349,0.0025,4711.233,1059.189,2.1929,12.165,0.4852132771447586,0.0,Merge
20383652.207,E3,P50,0.2224998334998335,0.005,4729.012,1334.495,2.0568,11.255,0.7670450029498088,0.0,Merge
20408699.675,P78,P203,0.0025000000000000022,0.0025,1059.189,1059.189,11.985,16.450,0.6496500000000001,0.0,Graze+Frag
20469682.85,E54,P625,0.03997893522595499,0.0025,2668.522,1059.189,1.1093,3.3455,0.8780030663808001,0.0,Hit+Run
20520765.079,E0,E19,0.45939127539127556,0.055000000000000014,6021.732,2967.891,1.0224,6.9096,0.3304387862521795,0.009108225108225109,Fragment
20533269.694,E0,FRAG0020,0.5052830502830505,0.009108225108225109,6215.920,1629.815,1.0364,7.4974,0.18047850182769423,0.0,Merge
20924366.986,E7,P330,0.04828872278520204,0.0025,2841.901,1059.189,2.6813,8.6435,0.9408433479475964,0.0,Hit+Run
20949085.825,E26,E7,0.3188141619899229,0.04828872278520204,5331.381,2841.901,1.1046,6.6139,0.9196036614500372,0.0,Hit+Run
21256871.618,E26,P367,0.3188141619899229,0.0025,5331.381,1059.189,1.9292,12.221,0.9483003667190522,0.0,Hit+Run
21332832.841,P33,P275,0.0025,0.0025,1059.189,1059.189,9.2005,12.628,0.43845,0.0,Merge
21754882.319,E0,P294,0.5143912753912756,0.0025,6253.047,1059.189,1.6467,12.369,0.7166142805509894,0.0,Merge
21853144.178,E29,E51,0.12750000000000003,0.016211122211122208,3927.931,1975.141,1.3511,5.9559,0.7340742805190534,0.0,Hit+Run
22110156.939,E0,P207,0.5168912753912756,0.0025,6263.161,1059.189,1.0146,7.6343,0.4912265739253933,0.0,Merge
22130116.415,E0,P11,0.5193912753912755,0.0024999999999999905,6273.242,1059.189,1.449,10.921,0.4823575440818574,0.0,Merge
22332574.968,E76,P549,0.0825,0.0025,3397.388,1059.189,2.2869,8.9230,0.8247660314695346,0.0,Hit+Run
22436717.408,E26,P200,0.3188141619899229,0.0025,5331.381,1059.189,1.7985,11.393,0.4212165524381538,0.0,Merge
22440582.558,E65,P720,0.030000000000000002,0.0025,2424.939,1059.189,4.9115,13.401,0.844590930994765,0.0,Hit+Run
22495993.46,P91,P232,0.0025,0.0025,1059.189,1059.189,3.8919,5.3419,0.939,0.0,Hit+Run
22639968.672,E35,P830,0.03,0.0025,2424.939,1059.189,3.5652,9.7282,0.4304038168332613,0.0,Merge
22733020.373,E3,FRAG0019,0.2274998334998335,0.005739260739260739,4764.173,1397.266,1.3136,7.2207,0.36163689142442107,0.0,Merge
22878403.9,E54,P303,0.03997893522595499,0.0025,2668.522,1059.189,4.4711,13.484,0.666036732947979,0.0,Merge
23474997.224,E0,P127,0.5218912753912754,0.0025,6283.291,1059.189,1.3714,10.354,0.26656455399552903,0.0,Merge
23505632.295,E7,P393,0.04828872278520204,0.0025000000000000022,2841.901,1059.189,3.8174,12.305,0.39811915575173157,0.0,Merge
23553259.372,P98,P523,0.0025000000000000022,0.0025,1059.189,1059.189,22.464,30.834,0.7313000000000001,0.0,Graze+Frag
23709925.305,E98,P392,0.025,0.0025,2281.955,1059.189,4.6036,11.799,0.8909552199726112,0.0,Hit+Run
23746541.05,E26,P704,0.3213141619899229,0.0025,5345.280,1059.189,1.2371,7.8590,0.6640213506505358,0.0,Merge
23768109.716,E0,P231,0.5243912753912754,0.0025,6293.308,1059.189,2.4906,18.836,0.5733952021971822,0.0,Merge
23885450.904,E29,P188,0.12750000000000003,0.0025000000000000022,3927.931,1059.189,1.6935,7.7248,0.14626009984217278,0.0,Merge
23909717.653,E29,P635,0.13000000000000003,0.0025,3953.438,1059.189,5.1438,23.627,0.893040130877683,0.0,Hit+Run
24054391.719,E0,P367,0.5268912753912753,0.0025,6303.293,1059.189,1.0569,8.0069,0.9182067841174575,0.0,Hit+Run
24110434.887,E57,P172,0.05500000000000001,0.0024999999999999905,2967.891,1059.189,3.7036,12.503,0.8266741198214688,0.0,Hit+Run
24203532.18,E7,P683,0.050788722785202044,0.0025,2890.122,1059.189,2.5337,8.3151,0.6840903559295661,0.0,Merge
24216616.278,E84,P287,0.025,0.0025,2281.955,1059.189,2.8115,7.2063,0.7296339298556845,0.0,Hit+Run
24320117.098,E14,E66,0.0325,0.025,2490.510,2281.955,3.9697,12.310,0.6796571330099784,0.022045994005994007,Hit+Run+Frag
24408700.376,E3,P4,0.23323909423909422,0.012500166500166502,4803.903,1811.197,1.3046,7.1040,0.9181379682496388,0.0,Hit+Run
24434387.053,E3,P4,0.23323909423909422,0.012500166500166502,4803.903,1811.197,1.0786,5.8733,0.9362930336662654,0.0,Hit+Run
24450324.401,E37,P255,0.21727517445850233,0.0025,4691.703,1059.189,2.2393,12.367,0.5255523183379457,0.0,Merge
24698877.603,E3,P33,0.23323909423909422,0.005,4803.903,1334.495,2.629,14.632,0.6773392184314398,0.0,Merge
24769358.537,E0,FRAG0018,0.5268912753912753,0.005739260739260739,6303.293,1397.266,1.4891,11.064,0.7464357793933704,0.0,Merge
24797234.628,E0,P525,0.5326305361305361,0.0025,6326.097,1059.189,2.049,15.582,0.9289621775020878,0.0,Hit+Run
24856505.847,E26,P291,0.3238141619899229,0.0025,5359.107,1059.189,1.6888,10.758,0.5801395010926292,0.0,Merge
24911232.179,E44,E79,0.4025414585414585,0.030000000000000002,5762.320,2424.939,1.285,8.3445,0.7092348570489001,0.013073593073593074,Hit+Run+Frag
24971540.207,E74,E51,0.0275,0.016211122211122208,2355.617,1975.141,1.1778,3.3430,0.969495772941677,0.0,Hit+Run
25139681.812,E7,P488,0.053288722785202046,0.0025,2936.785,1059.189,2.9645,9.8962,0.4419904187804933,0.0,Merge
25355128.384,E0,P177,0.5326305361305361,0.0025,6326.097,1059.189,1.5306,11.640,0.6876632882422093,0.0,Merge
25387150.312,E29,P552,0.13000000000000003,0.0025,3953.438,1059.189,2.4051,11.047,0.7359319492378045,0.0,Merge
26077157.488,E0,P239,0.5351305361305361,0.0025,6335.979,1059.189,2.3529,17.923,0.5702679267305619,0.0,Merge
26321687.794,E0,P4,0.537630536130536,0.012500166500166502,6345.830,1811.197,1.1563,8.4838,0.9459977450464035,0.0,Hit+Run
26385173.355,E37,P296,0.21977517445850234,0.0025,4709.629,1059.189,1.6534,9.1693,0.457752104177284,0.0,Merge
26418683.985,E26,P513,0.3263141619899229,0.0025,5372.863,1059.189,1.6994,10.855,0.697998672070153,0.0,Merge
26614258.087,E0,P635,0.537630536130536,0.0025,6345.830,1059.189,1.1781,8.9892,0.7478718468425228,0.0,Merge
26652639.706,P78,P525,0.005,0.0025,1334.495,1059.189,11.573,18.302,0.44444431411571483,0.0,Fragment
26817350.126,E72,P415,0.025,0.0025,2281.955,1059.189,2.5228,6.4663,0.3370535845584389,0.0,Merge
26862876.107,E0,P500,0.540130536130536,0.0025,6355.651,1059.189,1.748,13.359,0.9234963430525196,0.0,Hit+Run
26898651.764,E0,P515,0.540130536130536,0.0025,6355.651,1059.189,2.7557,21.061,0.7920091154450791,0.0,Merge
26969508.175,P121,P547,0.0025000000000000022,0.0025,1059.189,1059.189,6.163,8.4592,0.1334,0.0,Merge
26985479.486,E44,P609,0.4025414585414585,0.0025000000000000022,5762.320,1059.189,1.157,7.9652,0.4858030368246745,0.0,Merge
27115700.5,E0,E22,0.5426305361305359,0.025,6365.442,2281.955,1.7403,12.597,0.6962871354571255,0.0,Merge
27182179.264,E7,E84,0.05578872278520205,0.025,2982.011,2281.955,1.32,4.6200,0.841925009041983,0.0,Hit+Run
27296689.058,E0,P312,0.5676305361305359,0.0025,6461.734,1059.189,2.7141,21.112,0.65056169336391,0.0,Merge
27364169.868,E26,E29,0.3288141619899229,0.13250000000000003,5386.549,3978.620,1.063,6.6654,0.9004261367597182,0.0,Hit+Run
27416795.049,E29,P144,0.13250000000000003,0.0025,3978.620,1059.189,1.0771,4.9814,0.6341707829397425,0.0,Merge
27420364.997,E44,P456,0.4050414585414585,0.0025,5774.224,1059.189,1.2202,8.4189,0.12869326172920242,0.0,Merge
27591925.547,E44,P576,0.4075414585414585,0.0025,5786.080,1059.189,1.8889,13.061,0.32483606497153883,0.0,Merge
27598202.693,P78,P625,0.007499833499833501,0.0025,1527.604,1059.189,4.4025,7.7334,0.35072149662316165,0.0,Fragment
27961532.272,P78,P803,0.01,0.0025,1681.359,1059.189,9.0976,17.358,0.34902685757886437,0.012332534132534132,Fragment
28042522.29,E0,P258,0.5701305361305359,0.0025,6471.206,1059.189,2.5347,19.747,0.3638465612747987,0.0,Merge
28045195.352,E3,P367,0.23823909423909423,0.0025,4837.988,1059.189,3.5763,20.414,0.6338336185346365,0.0,Merge
28222475.267,E44,P675,0.4100414585414585,0.0025,5797.887,1059.189,1.6669,11.551,0.5118858730208347,0.0,Merge
28238783.378,E0,P511,0.5726305361305358,0.0025000000000000022,6480.651,1059.189,3.2755,25.558,0.35609952112738186,0.0,Merge
28360762.254,E57,E13,0.05500000000000001,0.0275,2967.891,2355.617,1.2761,4.4881,0.5840997339425922,0.0,Hit+Run
28596004.913,E84,P477,0.025,0.0025,2281.955,1059.189,4.4594,11.430,0.9802214884666091,0.0,Hit+Run
28731187.95,E3,P693,0.24073909423909423,0.0025,4854.852,1059.189,4.0428,23.164,0.7392227469328665,0.0,Merge
28811702.067,E57,P413,0.05500000000000001,0.0025,2967.891,1059.189,2.5872,8.7342,0.5491262250860091,0.0,Merge
28865433.156,E7,P740,0.05578872278520205,0.0025,2982.011,1059.189,1.7683,5.9999,0.3205447235111536,0.0,Merge
29179925.498,E84,P320,0.025,0.0025,2281.955,1059.189,3.5325,9.0543,0.8657530370542598,0.0,Hit+Run
29350172.146,E29,P23,0.13500000000000004,0.005,4003.487,1334.495,2.1029,9.6216,0.654825,0.0,Merge
29563550.66,E0,FRAG0006,0.5751305361305359,0.00586979686979687,6490.069,1407.780,1.1856,9.0850,0.6159027062346153,0.0,Merge
29682723.195,E37,E88,0.22227517445850234,0.027500000000000004,4727.419,2355.617,1.5404,8.1725,0.9756467598619069,0.0,Hit+Run
29718546.954,E3,FRAG0001,0.24323909423909423,0.00963902763902764,4871.600,1660.880,1.8727,10.409,0.3976341522369911,0.0,Merge
29728729.719,E13,P429,0.0275,0.0025,2355.617,1059.189,4.4944,11.901,0.9710657899694356,0.0,Hit+Run
29758785.087,E44,E88,0.4125414585414585,0.027500000000000004,5809.646,2355.617,1.0051,6.5921,0.755976725516878,0.0,Graze+Merge
29859211.029,P30,P508,0.00836996336996337,0.0025,1584.534,1059.189,4.0048,7.2551,0.8508470612938844,0.0,Hit+Run
30103908.06,E29,P373,0.14000000000000004,0.0025,4052.315,1059.189,2.9526,13.928,0.4268344477281375,0.0,Merge
30450139.981,E26,P449,0.3288141619899229,0.0025000000000000022,5386.549,1059.189,1.2076,7.7350,0.6357822775910058,0.0,Merge
30559406.411,E44,P536,0.44004145854145854,0.0025,5935.970,1059.189,1.1188,7.9503,0.6282904528743439,0.0,Merge
30730725.499,E26,P226,0.3313141619899229,0.0025,5400.166,1059.189,2.0987,13.479,0.8804151702717135,0.0,Hit+Run
31395293.956,E0,P411,0.5810003330003327,0.0025,6512.073,1059.189,1.3995,10.976,0.9761319626805227,0.0,Hit+Run
31626260.394,E3,P859,0.25287812187812186,0.0025,4935.118,1059.189,3.9767,23.190,0.5260068373326794,0.0,Merge
31779093.766,E74,P746,0.0275,0.0025,2355.617,1059.189,5.2175,13.816,0.8032315165450103,0.0,Hit+Run
31818855.132,E69,P539,0.025,0.0025,2281.955,1059.189,7.8708,20.174,0.4338326989088559,0.020960333000333,Fragment
31869576.709,P8,P720,0.01,0.0025,1681.359,1059.189,7.922,15.115,0.8578735365662263,0.0,Hit+Run
32054656.38,E37,P218,0.22227517445850234,0.0025,4727.419,1059.189,1.4789,8.2348,0.7188417500425849,0.0,Merge
32275268.761,E51,P463,0.016211122211122208,0.0025,1975.141,1059.189,4.8243,10.703,0.17269208923925441,0.010642024642024643,Fragment
32289918.436,E0,P565,0.5810003330003327,0.0025,6512.073,1059.189,2.7639,21.677,0.8581257019705326,0.0,Merge
32298404.291,E37,P957,0.22477517445850234,0.0025,4745.077,1059.189,2.1046,11.766,0.9808548625030973,0.0,Hit+Run
32620470.98,E72,P459,0.0275,0.0025,2355.617,1059.189,3.3456,8.8594,0.5240595870141226,0.0,Merge
32772899.658,E29,E7,0.14250000000000004,0.05828872278520205,4076.293,3025.905,1.4546,6.9099,0.5904778007888334,0.0,Hit+Run
32876848.191,E0,P121,0.5835003330003327,0.005000000000000003,6521.400,1334.495,1.7737,13.715,0.9573037738179442,0.0,Hit+Run
32921985.631,P54,P150,0.005,0.0025,1334.495,1059.189,16.602,26.255,0.8179180296527412,0.007124235764235764,Graze+Frag
33365846.786,E26,E29,0.3313141619899229,0.14250000000000004,5400.166,4076.293,1.1226,7.0919,0.7489546610187736,0.006364162504162504,Hit+Run
33579444.451,E51,P263,0.008069097569097563,0.0025,1565.316,1059.189,10.683,19.154,0.8178154791522152,0.0,Graze+Frag
33682747.96,E49,P256,0.043636030636030644,0.0025,2747.528,1059.189,3.2122,9.9909,0.7893142908077012,0.0,Hit+Run
33708832.146,P70,P475,0.0025,0.0025,1059.189,1059.189,15.896,21.819,0.7279,0.0,Graze+Frag
33747548.932,E26,P534,0.3313141619899229,0.0025,5400.166,1059.189,1.3086,8.4046,0.1667864651687464,0.0,Merge
33806775.089,E0,P556,0.5835003330003327,0.0025,6521.400,1059.189,3.4764,27.307,0.8363603907409296,0.0,Merge
33871105.408,E3,P621,0.25537812187812187,0.0025,4951.328,1059.189,4.4503,26.043,0.21220502593498697,0.0,Merge
33918522.577,P123,P453,0.0025,0.0025,1059.189,1059.189,10.238,14.053,0.9847,0.0,Hit+Run
34087548.096,E26,P811,0.3338141619899229,0.0025,5413.715,1059.189,1.9345,12.458,0.8402128911037366,0.0,Hit+Run
34175966.749,E37,P725,0.22477517445850234,0.0025,4745.077,1059.189,1.4459,8.0834,0.5059602220396457,0.0,Merge
34632618.76,E0,P181,0.5860003330003326,0.0025,6530.701,1059.189,1.2299,9.6757,0.4948432292961598,0.0,Merge
34720066.024,E45,P377,0.02185614385614386,0.0025,2181.984,1059.189,4.3209,10.582,0.7776225561220167,0.0,Hit+Run
34766048.415,E26,P377,0.3338141619899229,0.0025,5413.715,1059.189,1.0013,6.4482,0.5784304553925386,0.0,Merge
34881249.837,E74,P491,0.0275,0.0025,2355.617,1059.189,4.0995,10.855,0.7138302759539475,0.0,Hit+Run
35401328.881,E0,P121,0.5885003330003326,0.005000000000000003,6539.975,1334.495,1.8505,14.353,0.8539497489998696,0.0,Hit+Run
35566861.914,P4,P102,0.012500166500166502,0.0025,1811.197,1059.189,8.8251,18.024,0.8237627564930454,0.0,Graze+Frag
35627064.767,E26,P585,0.3363141619899229,0.0025,5427.196,1059.189,1.4545,9.3918,0.726093210125753,0.0,Merge
36158706.926,E0,P500,0.5885003330003326,0.0025,6539.975,1059.189,2.5718,20.263,0.5501067610376141,0.0,Merge
36197819.689,E26,P451,0.3388141619899229,0.0025,5440.611,1059.189,2.4114,15.611,0.9836088974045912,0.0,Hit+Run
36352869.722,E0,P8,0.5910003330003325,0.01,6549.222,1681.359,1.0647,8.1284,0.4571400255325025,0.0,Merge
36438919.428,E0,P340,0.6010003330003325,0.0025,6585.954,1059.189,1.4704,11.671,0.9220162166263081,0.0,Hit+Run
36832482.334,E0,P340,0.6010003330003325,0.0025,6585.954,1059.189,1.0219,8.1116,0.28850157053924186,0.0,Merge
36871685.434,E13,P796,0.0275,0.0025,2355.617,1059.189,9.7144,25.724,0.6985161745564045,0.011102897102897104,Graze+Frag
36907902.008,E72,FRAG0024,0.03,0.006536796536796537,2424.939,1459.202,1.7022,4.6642,0.63411977061463,0.0,Hit+Run
37187525.674,E3,P4,0.25787812187812187,0.015,4967.433,1924.675,1.55,8.7135,0.6321628919237126,0.0,Merge
37506526.829,E0,P264,0.6035003330003325,0.0025,6595.074,1059.189,2.9892,23.762,0.3656719229961188,0.0,Merge
37575613.572,E35,P176,0.0325,0.0025,2490.510,1059.189,3.089,8.6658,0.7432169767551834,0.0,Hit+Run
37625611.077,E7,P587,0.05828872278520205,0.0025,3025.905,1059.189,1.5676,5.4026,0.8966396634637307,0.0,Hit+Run
38441157.963,P172,P746,0.0024999999999999905,0.0025,1059.189,1059.189,15.788,21.671,0.9940499999999994,0.0,Hit+Run
38985915.36,E44,P535,0.44254145854145854,0.0025,5947.190,1059.189,1.4617,10.408,0.7057130558406436,0.0,Merge
39001413.974,E0,P541,0.6060003330003324,0.0025,6604.168,1059.189,2.3364,18.600,0.3297189968452913,0.0,Merge
39045377.669,E26,E29,0.3388141619899229,0.14250000000000004,5440.611,4076.293,1.1154,7.0868,0.48827072513923175,0.02727805527805528,Fragment
39329624.499,E73,P954,0.027500000000000004,0.0025,2355.617,1059.189,5.7642,15.264,0.9821719626045908,0.0,Hit+Run
39440070.351,E7,P341,0.05828872278520205,0.0025,3025.905,1059.189,1.4838,5.1137,0.9267869036974969,0.0,Hit+Run
39687812.728,E26,P254,0.45403610671186767,0.0025,5998.242,1059.189,3.3383,23.988,0.41883983774785455,0.0,Merge
40237072.402,E7,P508,0.05828872278520205,0.0025,3025.905,1059.189,2.9738,10.248,0.5684273256853094,0.0,Merge
40694739.293,E26,P121,0.4565361067118677,0.005000000000000003,6009.230,1334.495,1.2207,8.6459,0.949860417811154,0.0,Hit+Run
40928195.218,E3,P299,0.2728781218781219,0.0025,5061.937,1059.189,3.7152,22.263,0.23766876858328737,0.0,Merge
40982049.522,E76,P866,0.0825,0.0025,3397.388,1059.189,5.0449,19.684,0.2454706184797025,0.0,Merge
41136831.76,E69,P464,0.006539960039960036,0.0025,1459.437,1059.189,11.394,19.286,0.6725183739197051,0.0,Graze+Frag
41145007.057,E26,P323,0.4565361067118677,0.0025,6009.230,1059.189,1.9414,13.977,0.47999572161001935,0.0,Merge
41379136.238,E49,P587,0.043636030636030644,0.0025,2747.528,1059.189,3.9632,12.326,0.5360494913888805,0.0,Merge
41490989.799,E0,P30,0.6085003330003323,0.00836996336996337,6613.237,1584.534,1.4851,11.509,0.828654122391714,0.0,Hit+Run
41533592.402,E49,P397,0.046136030636030646,0.0025,2799.028,1059.189,2.2231,7.0518,0.7690000268445919,0.0,Hit+Run
41608045.122,E44,E49,0.44504145854145855,0.046136030636030646,5958.368,2799.028,1.0904,7.2958,0.971176191287132,0.0,Hit+Run
41618430.957,E26,E69,0.4590361067118677,0.009039627039627041,6020.179,1625.713,1.6641,11.632,0.9398886863149584,0.0,Hit+Run
41774339.21,E3,P354,0.2753781218781219,0.0025,5077.348,1059.189,3.3766,20.300,0.7285223461338824,0.0,Merge
41850045.466,P70,P665,0.005,0.0025,1334.495,1059.189,9.2681,14.657,0.6750848218298032,0.0,Graze+Frag
42096145.629,E0,P378,0.6085003330003323,0.0025,6613.237,1059.189,3.7402,29.819,0.22152077028332395,0.0,Merge
42109890.941,E7,P247,0.06078872278520205,0.0025,3068.561,1059.189,2.8587,10.000,0.9966734936588687,0.0,Hit+Run
42423848.194,E3,P389,0.2778781218781219,0.0025,5092.667,1059.189,2.2263,13.427,0.9374301458920484,0.0,Hit+Run
42423911.004,E3,P389,0.2778781218781219,0.0025,5092.667,1059.189,1.0504,6.3355,0.6101905338546705,0.0,Merge
42435894.462,E0,P247,0.6110003330003323,0.0025,6622.281,1059.189,1.382,11.034,0.8848708001630878,0.0,Hit+Run
42788885.702,E0,P720,0.6110003330003323,0.0025,6622.281,1059.189,2.0747,16.565,0.7141728087052824,0.0,Merge
43086328.403,E44,FRAG0026,0.44504145854145855,0.0069720279720279724,5958.368,1490.894,1.4535,10.115,0.4920739550976198,0.0,Merge
43142048.669,P98,FRAG0029,0.005,0.006986679986679988,1334.495,1491.938,5.9857,11.012,0.5326776334090502,0.006458874458874459,Graze+Frag
43194292.529,E3,P610,0.2803781218781219,0.0025000000000000022,5107.894,1059.189,2.4083,14.572,0.43516312462625373,0.0,Merge
43274562.76,E26,FRAG0011,0.4590361067118677,0.008187812187812189,6020.179,1572.955,1.9435,13.620,0.6804989025022045,0.0,Merge
43618358.082,E44,P208,0.4520134865134865,0.0025000000000000022,5989.321,1059.189,2.0297,14.561,0.9216156049119939,0.0,Hit+Run
43780121.954,E74,P480,0.0275,0.0025,2355.617,1059.189,6.5473,17.337,0.4301744879057613,0.013865947385947385,Fragment
44243805.878,E72,FRAG0002,0.03,0.006531135531135532,2424.939,1458.780,1.676,4.5923,0.6273203251123067,0.0,Hit+Run
44396559.444,E0,P30,0.6135003330003322,0.00836996336996337,6631.301,1584.534,1.482,11.519,0.857179015700347,0.0,Hit+Run
44429946.461,E0,P30,0.6135003330003322,0.00836996336996337,6631.301,1584.534,1.0324,8.0247,0.7769496426677533,0.0,Merge
44540640.86,E7,P123,0.06078872278520205,0.0025,3068.561,1059.189,4.6372,16.222,0.943446207803737,0.0,Hit+Run
44592874.306,E44,P599,0.4520134865134865,0.0025,5989.321,1059.189,1.6752,12.018,0.7461466556087238,0.0,Merge
45064928.365,E0,P633,0.6218702963702956,0.0025,6661.322,1059.189,1.8155,14.586,0.9345939874423227,0.0,Hit+Run
45120954.756,E0,P633,0.6218702963702956,0.0025,6661.322,1059.189,1.0496,8.4329,0.9628941007991435,0.0,Hit+Run
45592893.714,E84,P372,0.025,0.0025,2281.955,1059.189,4.83,12.380,0.8562595318356938,0.0,Hit+Run
46352393.89,E0,P247,0.6218702963702956,0.0025,6661.322,1059.189,1.7424,13.999,0.4589277528808821,0.0,Merge
46367057.21,E37,P632,0.22727517445850234,0.0025,4762.604,1059.189,1.5538,8.7211,0.8962716785452275,0.0,Hit+Run
46417090.614,E0,P751,0.6243702963702955,0.0025,6670.237,1059.189,2.19,17.620,0.7246330207537474,0.0,Merge
46590635.465,E0,FRAG0036,0.6268702963702955,0.00681951381951382,6679.127,1479.943,1.4971,11.787,0.8274548083818686,0.0,Hit+Run
46741150.991,E0,P746,0.6268702963702955,0.0025,6679.127,1059.189,2.1793,17.559,0.05032012930609289,0.0,Merge
46995980.676,E26,P227,0.46722391889967985,0.0025000000000000022,6055.763,1059.189,1.6656,12.091,0.4392691430628211,0.0,Merge
47065154.532,E0,P669,0.6293702963702954,0.0025,6687.994,1059.189,2.8294,22.829,0.23653890229061666,0.0,Merge
47276717.325,E0,FRAG0036,0.6318702963702953,0.00681951381951382,6696.838,1479.943,1.1802,9.3189,0.7052466358591483,0.0,Merge
47458245.67,E26,FRAG0002,0.46972391889967985,0.006531135531135532,6066.544,1458.780,1.1459,8.1444,0.2437798985716646,0.0,Merge
47631442.901,E0,P256,0.6386898101898092,0.0025,6720.844,1059.189,1.8155,14.725,0.9691622172026001,0.0,Hit+Run
47703723.974,E44,P531,0.4545134865134865,0.0025,6000.343,1059.189,1.2733,9.1530,0.7101442352500755,0.0,Merge
47813752.169,E0,P777,0.6386898101898092,0.0025,6720.844,1059.189,3.168,25.694,0.45637614702570073,0.0,Merge
48226998.992,E7,P507,0.06078872278520205,0.0024999999999999905,3068.561,1059.189,7.3171,25.597,0.862341502680904,0.0,Hit+Run
48241148.346,E3,P253,0.2828781218781219,0.0025,5123.030,1059.189,3.6362,22.072,0.5882739737412807,0.0,Merge
48289051.184,E0,P507,0.6411898101898091,0.0024999999999999905,6729.602,1059.189,1.0081,8.1877,0.8128615597315452,0.0,Merge
48313405.011,E44,E51,0.4570134865134865,0.01056943056943057,6011.324,1712.685,1.6883,11.735,0.8537563674870934,0.0,Hit+Run
48518614.698,E3,P522,0.2853781218781219,0.0025,5138.078,1059.189,2.7407,16.688,0.27732980676610014,0.0,Merge
48547324.705,E0,FRAG0039,0.6436898101898091,0.006932733932733933,6738.337,1488.088,2.1167,16.818,0.37343168353193484,0.0,Merge
49674161.983,E0,P256,0.6506225441225431,0.0025,6762.442,1059.189,1.1434,9.3347,0.6425573234502697,0.0,Merge
50042953.672,E0,FRAG0038,0.653122544122543,0.006932733932733933,6771.092,1488.088,1.5235,12.168,0.7443201736645638,0.0,Merge
50535636.636,E3,P54,0.2878781218781219,0.0075001665001665,5153.038,1527.627,1.3064,7.7609,0.7651653577816887,0.0,Merge
50943659.994,E49,P364,0.046136030636030646,0.0025,2799.028,1059.189,3.7872,12.013,0.9757594680245056,0.0,Hit+Run
50978847.957,E3,P176,0.2953782883782884,0.0025,5197.406,1059.189,3.6785,22.676,0.555162350404275,0.0,Merge
51028337.419,E3,P633,0.2978782883782884,0.0025,5212.028,1059.189,2.3197,14.343,0.5930751083213851,0.0,Merge
51094919.946,E26,E72,0.4762550544308154,0.03,6094.532,2424.939,1.2481,8.5957,0.9490747837696419,0.0,Hit+Run
51242961.886,E3,P172,0.3003782883782884,0.0024999999999999905,5226.569,1059.189,2.9559,18.331,0.577139782270681,0.0,Merge
51334723.086,E0,P224,0.660055278055277,0.0025,6794.966,1059.189,1.4169,11.626,0.3175938995612261,0.0,Merge
51339669.079,E0,P78,0.6625552780552769,0.005527972027972028,6803.534,1379.904,2.6727,21.575,0.9692208995871842,0.0,Hit+Run
51414491.562,E0,P78,0.6625552780552769,0.005527972027972028,6803.534,1379.904,1.0062,8.1224,0.6520500527931279,0.0,Merge
51647168.559,E0,P232,0.668083250083249,0.0025,6822.403,1059.189,2.1547,17.756,0.5524337061256279,0.0,Merge
52380226.882,E0,P566,0.6705832500832489,0.0025,6830.902,1059.189,2.6541,21.901,0.5763344114229642,0.0,Merge
52507379.468,E26,P533,0.4762550544308154,0.0025,6094.532,1059.189,1.4554,10.637,0.9000731570984805,0.0,Hit+Run
52591949.505,E3,P252,0.3028782883782884,0.0025,5241.029,1059.189,3.1444,19.558,0.7364637658129439,0.0,Merge
52823566.465,E0,P278,0.6730832500832489,0.0025,6839.380,1059.189,3.5249,29.125,0.5340011834484945,0.0,Merge
53122637.305,E0,E51,0.6755832500832488,0.01056943056943057,6847.838,1712.685,1.3055,10.442,0.4854788026750517,0.0,Merge
53160489.268,E44,P366,0.4570134865134865,0.0025,6011.324,1059.189,1.9556,14.085,0.7606705418178741,0.0,Merge
53574634.207,E44,P242,0.4595134865134865,0.0025000000000000022,6022.266,1059.189,1.4227,10.266,0.8494921882604672,0.0,Merge
53599613.104,E44,P567,0.4620134865134865,0.0025,6033.167,1059.189,1.5444,11.166,0.8031058092416485,0.0,Merge
53682365.292,E7,E68,0.06078872278520205,0.0275,3068.561,2355.617,2.2609,8.1493,0.8963253381587131,0.0,Hit+Run
53933524.911,E26,P208,0.4762550544308154,0.0025000000000000022,6094.532,1059.189,1.9315,14.117,0.964820492583085,0.0,Hit+Run
54249497.588,E35,FRAG0030,0.0325,0.010642024642024643,2490.510,1716.598,3.839,10.983,0.4883216031727844,0.024482184482184484,Fragment
54912918.624,E0,E74,0.6861526806526794,0.016134532134532135,6883.364,1972.026,1.9146,15.233,0.19393830697562559,0.0,Merge
54920903.062,E0,P324,0.7022872127872115,0.0025,6936.900,1059.189,1.366,11.457,0.4374986641602371,0.0,Merge
56015071.536,P155,P409,0.0025,0.0025,1059.189,1059.189,10.155,13.938,0.92185,0.0,Hit+Run
56404763.362,E0,P216,0.7047872127872115,0.0025,6945.121,1059.189,2.8225,23.704,0.5922732984746033,0.0,Merge
57063561.951,E44,P416,0.4645134865134865,0.0025,6044.030,1059.189,1.3523,9.7964,0.8739449551717731,0.0,Hit+Run
57263200.95,E0,P668,0.7072872127872114,0.0025,6953.323,1059.189,2.8601,24.050,0.9663042442191886,0.0,Hit+Run
58066902.29,E44,P620,0.4645134865134865,0.0025,6044.030,1059.189,4.1216,29.857,0.2512666198639126,0.0,Merge
58151649.75,E26,P800,0.4762550544308154,0.0025,6094.532,1059.189,2.4666,18.027,0.9807517448667967,0.0,Hit+Run
58784571.979,E7,P314,0.06078872278520205,0.0025,3068.561,1059.189,3.7782,13.217,0.7852511459326195,0.0,Hit+Run
61612143.022,E7,P561,0.06078872278520205,0.0025,3068.561,1059.189,2.6879,9.4032,0.9319978809578009,0.0,Hit+Run
61732938.03,E0,P123,0.7072872127872114,0.0025,6953.323,1059.189,2.1312,17.920,0.41654785561312124,0.0,Merge
62317163.666,E65,P637,0.030000000000000002,0.0025,2424.939,1059.189,2.9925,8.1655,0.11275132329719977,0.0,Merge
62894214.493,E73,P743,0.027500000000000004,0.0025,2355.617,1059.189,4.1263,10.926,0.9209155570144183,0.0,Hit+Run
63014738.527,E26,P446,0.4762550544308154,0.0025,6094.532,1059.189,1.6114,11.777,0.7776495767150904,0.0,Merge
63382454.086,E0,P674,0.7097872127872114,0.0025,6961.506,1059.189,2.3852,20.081,0.4300657054376589,0.0,Merge
63577956.355,E26,P442,0.4787550544308154,0.0025,6105.177,1059.189,4.2689,31.258,0.9465778017801058,0.0,Hit+Run
64389273.787,E0,P681,0.7122872127872113,0.0025,6969.670,1059.189,3.126,26.351,0.9211166862810646,0.0,Hit+Run
64649721.662,E0,P549,0.7122872127872113,0.0025,6969.670,1059.189,1.9933,16.803,0.9250230335511286,0.0,Hit+Run
64651817.284,E0,P549,0.7122872127872113,0.0025,6969.670,1059.189,1.0515,8.8639,0.7152087812901415,0.0,Merge
66714776.2,E0,P167,0.7147872127872112,0.0025,6977.814,1059.189,1.3191,11.133,0.26141828984333676,0.0,Merge
66773443.322,E3,P236,0.3053782883782884,0.0025,5255.409,1059.189,2.3378,14.584,0.5852475675744978,0.0,Merge
66868194.084,E26,P542,0.4787550544308154,0.0025,6105.177,1059.189,1.0809,7.9148,0.8031595050213807,0.0,Merge
67522817.866,E0,P444,0.7172872127872112,0.0025,6985.940,1059.189,2.2635,19.128,0.7466889773065558,0.0,Merge
67555523.566,E65,FRAG0022,0.0325,0.006490842490842491,2490.510,1455.774,4.3645,12.256,0.23445456048979096,0.02561172161172161,Fragment
67668361.883,E71,FRAG0043,0.025,0.006120546120546121,2281.955,1427.547,6.0517,15.660,0.8470203556278932,0.0,Hit+Run
67722753.499,E0,P243,0.7197872127872111,0.0025,6994.047,1059.189,1.9981,16.906,0.4952052991229004,0.0,Merge
68523046.855,E26,FRAG0031,0.4812550544308154,0.005551448551448552,6115.786,1381.855,1.1569,8.3285,0.700518562357001,0.0,Merge
68556473.311,E26,P422,0.48680650298226397,0.0025,6139.212,1059.189,1.8317,13.492,0.7043751154655523,0.0,Merge
69217182.223,E44,P656,0.4670134865134865,0.0025,6054.853,1059.189,1.9689,14.290,0.6332279330054519,0.0,Merge
69401371.68,E3,FRAG0024,0.3078782883782884,0.006536796536796537,5269.711,1459.202,1.9468,11.889,0.819169107953654,0.0,Hit+Run
69741319.762,E0,P561,0.7222872127872111,0.0025,7002.135,1059.189,1.7551,14.868,0.8572296858406695,0.0,Merge
69929454.287,E0,P409,0.724787212787211,0.0025,7010.204,1059.189,2.3702,20.103,0.8294728064453089,0.0,Merge
71012860.135,E0,P351,0.727287212787211,0.0025,7018.255,1059.189,2.3009,19.539,0.383693290116086,0.0,Merge
71337846.432,E3,P416,0.3078782883782884,0.0025,5269.711,1059.189,3.5305,22.088,0.927064024983076,0.0,Hit+Run
71422944.824,E26,P682,0.48930650298226397,0.0025,6149.703,1059.189,2.2346,16.489,0.6957653362470436,0.0,Merge
71478603.705,E3,P416,0.3078782883782884,0.0025,5269.711,1059.189,1.0256,6.4167,0.8791870881800165,0.0,Graze+Merge
71489288.072,E69,P728,0.009039627039627041,0.0025,1625.713,1059.189,14.028,25.984,0.7996254994178894,0.0060116550116550115,Graze+Frag
71600888.747,E3,P528,0.3103782883782884,0.0025,5283.937,1059.189,2.0164,12.652,0.7732070244816055,0.0,Merge
71927237.476,E0,FRAG0048,0.7297872127872109,0.0060116550116550115,7026.287,1419.030,1.8077,15.074,0.319478114993564,0.0,Merge
72801078.397,E0,P341,0.7357988677988659,0.0025,7045.528,1059.189,1.8273,15.581,0.4376116264621276,0.0,Merge
73095498.418,E0,P370,0.7382988677988659,0.0025,7053.498,1059.189,1.4699,12.549,0.6851189786745568,0.0,Merge
73154752.64,E7,P440,0.06078872278520205,0.0025,3068.561,1059.189,4.3154,15.096,0.42685904382704737,0.0,Merge
73396887.724,E0,FRAG0032,0.7407988677988658,0.005551448551448552,7061.451,1381.855,2.47,20.747,0.7246861544915018,0.0,Merge
73487564.559,E44,P811,0.4695134865134865,0.0025,6065.638,1059.189,2.7246,19.812,0.5323417680318907,0.0,Merge
73671821.062,P155,P471,0.0025,0.0025,1059.189,1059.189,24.165,33.169,0.6946,0.0,Graze+Frag
74232539.599,E56,P443,0.005527472527472516,0.0025,1379.863,1059.189,12.817,20.775,0.7553723745893569,0.007717369297369297,Graze+Frag
74333139.932,E0,FRAG0024,0.7463503163503143,0.006536796536796537,7079.046,1459.202,1.7522,14.700,0.9793307614264523,0.0,Hit+Run
74545833.197,E49,E71,0.046136030636030646,0.025,2799.028,2281.955,4.4631,14.919,0.8886846362492711,0.0,Hit+Run
74586577.008,E26,P668,0.49180650298226397,0.0025,6160.159,1059.189,1.4985,11.078,0.9119905436655787,0.0,Hit+Run
74855393.207,E26,E68,0.49180650298226397,0.0275,6160.159,2355.617,1.5331,10.696,0.8953298615111114,0.012251748251748254,Hit+Run+Frag
75104649.905,E37,P467,0.22727517445850234,0.0025,4762.604,1059.189,3.0476,17.105,0.33311594332203054,0.0,Merge
75836862.191,E57,E69,0.05750000000000001,0.00552797202797203,3012.195,1379.904,3.626,12.272,0.6307497454953774,0.0,Merge
75840698.021,E3,P890,0.3128782883782884,0.0025,5298.085,1059.189,4.0715,25.620,0.8475569533231588,0.0,Hit+Run
76155147.832,E68,P403,0.01524808524808525,0.0025,1935.228,1059.189,5.3443,11.624,0.22277223232215745,0.01348010656010656,Fragment
76196078.841,E57,P434,0.06302797202797204,0.0025,3105.786,1059.189,1.7077,6.0516,0.8182470235275061,0.0,Hit+Run
76245502.146,E0,P461,0.7463503163503143,0.0025,7079.046,1059.189,2.6367,22.596,0.9386553343917685,0.0,Hit+Run
76882122.065,E3,P702,0.3128782883782884,0.0025,5298.085,1059.189,3.0867,19.423,0.558370854205031,0.0,Merge
77464271.542,E26,P681,0.4918066694824305,0.0025,6160.160,1059.189,2.5145,18.589,0.7127486094091943,0.0,Merge
77912864.858,E7,P345,0.06328872278520205,0.0025,3110.063,1059.189,7.745,27.486,0.5566294926092653,0.009966033966033967,Fragment
78183487.239,E0,E7,0.7463503163503143,0.05582268881916808,7079.046,2982.616,1.2014,9.5839,0.8836088371520148,0.007376956376956377,Hit+Run+Frag
80037302.546,E0,FRAG0054,0.7463511603476376,0.007376956376956377,7079.049,1519.216,1.2917,10.804,0.7567877566827647,0.0,Merge
80107496.74,E0,P491,0.7537281167245939,0.0025,7102.295,1059.189,2.4842,21.364,0.8488135041906715,0.0,Merge
81450693.654,E0,E7,0.7562281167245939,0.04844488844488845,7110.139,2844.962,1.3138,10.552,0.7072213162819773,0.0,Merge
81807399.036,E0,P356,0.8046730051694824,0.0025,7258.836,1059.189,2.4161,21.264,0.6124351074945401,0.0,Merge
82008522.815,E44,P424,0.4720134865134865,0.0025,6076.385,1059.189,1.3116,9.5558,0.3334717119351044,0.0,Merge
82778926.793,E26,E57,0.4943066694824305,0.06302797202797204,6170.580,3105.786,1.3103,9.0739,0.6449052289810275,0.0077605727605727605,Fragment
83226178.32,E44,FRAG0055,0.4745134865134865,0.0077605727605727605,6087.094,1545.106,1.0087,7.1637,0.5019008954653237,0.0,Merge
86271073.881,E0,P190,0.8071730051694823,0.0025,7266.345,1059.189,4.1805,36.832,0.8567190441455943,0.0,Merge
87357427.87,E44,P668,0.48227405927405925,0.0025,6120.099,1059.189,2.3141,16.989,0.572004624237047,0.0,Merge
89179166.435,E44,P327,0.48477405927405925,0.0025,6130.656,1059.189,2.3344,17.169,0.6866652432336087,0.0,Merge
90625088.951,E3,P573,0.3153782883782884,0.0025,5312.159,1059.189,2.5608,16.160,0.449228466843116,0.0,Merge
90921195.593,E26,E44,0.5495740687498298,0.48727405927405926,6392.478,6141.177,1.0335,8.3982,0.8008923515121781,0.0,Graze+Merge
94073617.734,E3,P890,0.3178782883782884,0.0025,5326.159,1059.189,4.2915,27.158,0.695240554298458,0.009164548784548783,Merge
94129273.474,E26,P461,1.036848128023889,0.0025,7898.880,1059.189,1.7447,16.790,0.45754597908530353,0.0,Merge
95515988.992,E26,P402,1.039348128023889,0.0025,7905.224,1059.189,2.1262,20.478,0.5908361806799182,0.0,Merge
97412952.305,E0,P517,0.8096730051694823,0.0025,7273.839,1059.189,1.6132,14.228,0.8380641625147021,0.0,Merge
99624549.793,P293,P524,0.0025,0.0025,1059.189,1059.189,9.5971,13.172,0.7328,0.0,Graze+Frag
100960353.051,E0,P486,0.8121730051694822,0.0025,7281.318,1059.189,2.2956,20.269,0.686008547021877,0.0,Merge
101461362.43,NEPTUNE,K899,16.349423909423905,0.02,19807.42,2118.379,1.0065,24.570,0.5257695829509273,0.0,Merge
103385093.624,E0,P482,0.8146730051694822,0.0025,7288.782,1059.189,1.5172,13.411,0.11263249116374371,0.0,Merge
103693295.745,E0,FRAG0035,0.8171730051694821,0.00681951381951382,7296.230,1479.943,3.7222,32.223,0.5054717870332676,0.0,Merge
106084096.182,E37,P659,0.22977517445850235,0.0025,4780.003,1059.189,1.6759,9.4434,0.3174557196551048,0.0,Merge
106427732.899,E45,FRAG0052,0.02185614385614386,0.006110223110223111,2181.984,1426.744,5.3009,13.184,0.6164312343028986,0.015902763902763902,Graze+Frag
106905342.544,E3,P337,0.3203782883782884,0.0025,5340.085,1059.189,2.8835,18.299,0.5069483198068513,0.0,Merge
107331513.699,E26,P652,1.041848128023889,0.0025,7911.557,1059.189,1.7187,16.567,0.9848495128469151,0.0,Hit+Run
107752354.144,E3,P428,0.3228782883782884,0.0025,5353.939,1059.189,4.1838,26.624,0.3633225387788741,0.0,Merge
109373379.838,E3,FRAG0051,0.3253782883782884,0.006110223110223111,5367.722,1426.744,1.9485,12.159,0.6207928172478139,0.0,Merge
109394531.697,E3,FRAG0013,0.33148851148851155,0.007257742257742258,5401.114,1510.988,5.7274,35.821,0.6803646595190618,0.007694638694638695,Fragment
109998388.982,E0,FRAG0049,0.823992518988996,0.006125874125874127,7316.470,1427.961,1.7025,14.820,0.348569414297393,0.0,Merge
111341420.089,E26,P514,1.041848128023889,0.0025,7911.557,1059.189,1.9754,19.042,0.49961247338387876,0.0,Merge
112242409.257,E26,P623,1.0443481280238889,0.0025,7917.880,1059.189,2.195,21.177,0.6143210976909909,0.0,Merge
112684734.01,NEPTUNE,K506,16.369423909423904,0.02,19815.49,2118.379,1.0012,24.451,0.6872313851684663,0.0,Merge
113233671.676,E3,P317,0.3310516150516151,0.0025,5398.740,1059.189,4.8046,30.849,0.6962928664898381,0.0,Merge
114653708.575,E26,P506,1.0468481280238888,0.0025,7924.193,1059.189,1.3956,13.475,0.3236404873537641,0.0,Merge
118903015.237,E26,FRAG0053,1.0493481280238888,0.009966033966033967,7930.496,1679.453,2.221,20.833,0.5815452649432638,0.0,Merge
123371617.979,E3,P537,0.3335516150516151,0.0025,5412.295,1059.189,3.1907,20.542,0.9008943658504396,0.0,Hit+Run
123452106.32,E3,P537,0.3335516150516151,0.0025,5412.295,1059.189,1.2766,8.2188,0.4833985735810937,0.0,Merge
125890169.811,E26,P654,1.0593141619899227,0.0025,7955.523,1059.189,1.1574,11.222,0.18867942271260751,0.0,Merge
126884433.898,E0,P372,0.8301183931148701,0.0025,7334.556,1059.189,3.3946,30.205,0.8485588484654342,0.0,Merge
127811128.894,E3,P603,0.3360516150516151,0.0025,5425.784,1059.189,4.4424,28.676,0.8595112282098618,0.0,Hit+Run
128744203.589,E26,P954,1.0618141619899226,0.0025,7961.777,1059.189,1.5623,15.161,0.7285745495139369,0.0,Merge
132923678.179,E0,P603,0.8326183931148701,0.0025,7341.912,1059.189,2.3999,21.377,0.969442228787751,0.0,Hit+Run
134869245.371,E37,FRAG0045,0.23227517445850235,0.006402930402930403,4797.276,1449.172,2.0505,11.324,0.4206339226918832,0.0,Merge
140342833.893,E26,P603,1.0643141619899226,0.0025,7968.020,1059.189,1.4928,14.498,0.5229801827612046,0.0,Merge
140370289.944,E0,P382,0.8326183931148701,0.0025,7341.912,1059.189,2.7011,24.060,0.6511596544395145,0.0,Merge
142013700.424,P215,P441,0.0025,0.0025,1059.189,1059.189,14.358,19.707,0.4258,0.0,Merge
142501779.489,E26,P238,1.0668141619899225,0.0025,7974.254,1059.189,1.5509,15.075,0.23904814365985427,0.0,Merge
146264445.84,E26,P364,1.0693141619899225,0.0025,7980.479,1059.189,1.7578,17.100,0.9072830325821044,0.0,Hit+Run
165548621.111,E0,P785,0.83511839311487,0.0025,7349.253,1059.189,1.7884,15.947,0.6372571466340634,0.0,Merge
168247490.019,E3,P555,0.3360516150516151,0.0025,5425.784,1059.189,2.0483,13.222,0.6940178757909865,0.0,Merge
171423045.401,E26,P732,1.0693141619899225,0.0025000000000000022,7980.479,1059.189,2.2354,21.746,0.605002493167769,0.0,Merge
191147216.032,E37,P447,0.23867810486143276,0.0025,4840.958,1059.189,2.488,14.211,0.1455532942595468,0.0,Merge
