time_yr,target,projectile,Mt_Mearth,Mp_Mearth,Rt_km,Rp_km,vimp/vesc,vimp_km/s,b,m_frag_Mearth,Regime
8638.295,E12,P123,0.03250000000000001,0.0025,2490.510,1059.189,1.3291,3.7286,0.561078652233664,0.0,Merge
9245.345,E39,P555,0.025,0.0025,2281.955,1059.189,1.2258,3.1419,0.06631793933257228,0.0,Merge
19733.663,E37,P397,0.025,0.0025,2281.955,1059.189,1.4186,3.6361,0.6500660623763367,0.0,Merge
19828.718,E6,P58,0.19,0.0025,4486.541,1059.189,1.2725,6.6980,0.8667712567356353,0.0,Hit+Run
31785.199,E20,P170,0.030000000000000002,0.0025,2424.939,1059.189,3.1593,8.6207,0.9229600606445469,0.0,Hit+Run
34145.047,E42,P375,0.027500000000000004,0.0025,2355.617,1059.189,1.177,3.1168,0.6960328067622081,0.0,Hit+Run
46089.053,E11,P133,0.0425,0.0025,2723.475,1059.189,1.5996,4.9291,0.979112328829732,0.08978095904095905,Hit+Run
57254.522,E61,P544,0.025,0.0025,2281.955,1059.189,1.3025,3.3385,0.6280739135966372,0.0,Merge
62416.267,E19,P295,0.035,0.0025,2552.798,1059.189,1.9234,5.5369,0.6941768256244427,0.0,Merge
67664.152,E52,P389,0.10500000000000001,0.0025,3681.772,1059.189,1.0723,4.5618,0.19585538456118864,0.0,Merge
99590.367,E13,P165,0.05150972590565774,0.0025,2903.734,1059.189,1.3888,4.5806,0.7653314534387164,0.0,Hit+Run
99613.518,E6,P96,0.19,0.0025,4486.541,1059.189,1.1325,5.9611,0.7533483239427139,0.0,Merge
124227.7,E6,P20,0.1925,0.0025,4506.133,1059.189,1.1261,5.9553,0.7088752310764452,0.0,Merge
128124.217,E35,P362,0.027500000000000004,0.0025000000000000022,2355.617,1059.189,1.0488,2.7773,0.3740917652201641,0.0,Merge
128907.366,E0,P16,0.030000000000000002,0.0025,2424.939,1059.189,2.6381,7.1985,0.8091647436131139,0.0,Hit+Run
140892.035,E13,P10,0.05150972590565774,0.0025,2903.734,1059.189,2.3139,7.6318,0.8660811660742582,0.0,Hit+Run
155775.074,E25,FRAG1003,0.027500000000000004,0.005990274094342258,2355.617,1417.346,1.9492,5.1883,0.9185309629131365,0.0,Hit+Run
157428.599,E38,P365,0.052500000000000005,0.0025,2922.224,1059.189,1.0289,3.4165,0.8715851413120927,0.0,Graze+Merge
188083.654,E34,E36,0.12762197931192185,0.052500000000000005,3929.183,2922.224,1.0087,4.6207,0.33910200370054705,0.011558441558441558,Fragment
222907.079,E13,P74,0.05150972590565774,0.0025,2903.734,1059.189,2.9267,9.6530,0.6582070317127803,0.0,Merge
239373.147,E10,P18,0.04,0.0025,2668.991,1059.189,1.8955,5.7177,0.3547266397320499,0.0,Merge
250521.709,E54,P651,0.05,0.0025000000000000022,2875.083,1059.189,1.0518,3.4327,0.499706537556524,0.0,Merge
258680.47,E20,P65,0.030000000000000002,0.0025,2424.939,1059.189,1.6696,4.5557,0.6812407113783897,0.0,Merge
296631.25,E6,P33,0.195,0.0025000000000000022,4525.557,1059.189,1.6126,8.5677,0.3933401817369884,0.0,Merge
306077.754,E15,P170,0.03250000000000001,0.0025,2490.510,1059.189,1.4855,4.1674,0.7742983626423303,0.0,Hit+Run
320334.008,E34,P169,0.16856353775348032,0.0025,4311.036,1059.189,1.1989,6.0453,0.9010248401353772,0.0,Hit+Run
341595.707,E20,P199,0.0325,0.0025,2490.510,1059.189,1.8499,5.1897,0.5753915251929821,0.0,Merge
358609.159,E0,P16,0.030000000000000002,0.0025,2424.939,1059.189,1.6424,4.4815,0.5643830127265388,0.0,Merge
387938.635,E5,P109,0.027500000000000004,0.0025,2355.617,1059.189,1.7802,4.7141,0.2856562787712889,0.0,Merge
392595.093,E6,P68,0.1975,0.0025,4544.815,1059.189,1.4331,7.6489,0.6243843658358578,0.0,Merge
401071.059,P9,P77,0.0025,0.0025,1059.189,1059.189,3.7606,5.1617,0.58185,0.0,Graze+Frag
417581.76,E23,P175,0.03250000000000001,0.0025,2490.510,1059.189,1.7336,4.8634,0.9217069218949163,0.0,Hit+Run
432217.63,E38,E29,0.05500000000000001,0.027500000000000004,2967.891,2355.617,1.0004,3.5185,0.5711655792919591,0.0,Graze+Merge
432762.921,E19,FRAG1003,0.037500000000000006,0.005990274094342258,2612.187,1417.346,1.0266,3.0131,0.6609014582809087,0.0,Graze+Merge
445305.497,E1,P53,0.030000000000000002,0.0025,2424.939,1059.189,1.5301,4.1751,0.9846252905465958,0.0,Hit+Run
450210.901,E42,E50,0.027500000000000004,0.027500000000000004,2355.617,2355.617,1.0148,3.0977,0.81085,0.0,Graze+Merge
474518.443,E37,P434,0.0275,0.0025,2355.617,1059.189,1.2943,3.4274,0.6575406059521675,0.0,Merge
500098.329,E96,E93,0.027500000000000004,0.025,2355.617,2281.955,1.0962,3.2951,0.780655824646803,0.0,Hit+Run
504798.871,E42,P373,0.05500000000000001,0.0025,2967.891,1059.189,1.3142,4.4366,0.46407835718247203,0.0,Merge
511416.921,E6,P22,0.2,0.0025,4563.911,1059.189,1.0452,5.6037,0.8570064269229927,0.0,Hit+Run
523950.159,E10,P193,0.0425,0.0025,2723.475,1059.189,1.0148,3.1271,0.9178413095022738,0.0,Graze+Merge
546947.075,E6,P104,0.2,0.0025,4563.911,1059.189,1.3683,7.3360,0.7462181162164973,0.0,Merge
574559.763,E11,P148,0.0425,0.0025,2723.475,1059.189,1.1259,3.4694,0.577574755634393,0.0,Merge
575852.348,E68,P718,0.027500000000000004,0.0025,2355.617,1059.189,1.1269,2.9841,0.9766533675063771,0.0,Hit+Run
588593.328,P1,P78,0.0025000000000000022,0.0025,1059.189,1059.189,3.3796,4.6388,0.38660000000000005,0.0,Merge
603070.024,E34,P346,0.16856353775348032,0.0025,4311.036,1059.189,1.357,6.8425,0.28947751011476924,0.0,Merge
615446.486,E5,P34,0.030000000000000002,0.0025,2424.939,1059.189,2.1541,5.8778,0.47258116369628794,0.0,Merge
624966.27,E6,P66,0.2025,0.0025,4582.848,1059.189,1.1129,5.9933,0.8493076541913737,0.0,Hit+Run
627435.121,E55,P561,0.025,0.0025,2281.955,1059.189,1.037,2.6579,0.8055819716042122,0.0,Graze+Merge
637958.368,E17,P312,0.12441335660789714,0.0025,3895.975,1059.189,1.6047,7.2556,0.3229895602134721,0.0,Merge
647932.816,P9,P8,0.005,0.0025,1334.495,1059.189,4.1717,6.5973,0.8294584176384352,0.0,Hit+Run
663592.663,NEPTUNE,K365,15.944423909423909,0.035,19642.50,2552.798,1.0046,24.082,0.8890556571010968,0.0,Graze+Merge
697594.127,E25,P204,0.027500000000000004,0.0025,2355.617,1059.189,2.9047,7.6919,0.9529923910227857,0.0,Hit+Run
704870.884,E15,P245,0.03250000000000001,0.0025,2490.510,1059.189,2.0389,5.7199,0.9339149605955112,0.0,Hit+Run
716830.92,E6,P66,0.2025,0.0025,4582.848,1059.189,1.0258,5.5243,0.8781431761154304,0.0,Graze+Merge
719077.606,E6,P8,0.20500000000000002,0.0025,4601.631,1059.189,1.0096,5.4610,0.5907279694232133,0.0,Merge
728926.874,E11,P95,0.045000000000000005,0.0025,2775.862,1059.189,1.3624,4.2837,0.8920277210045625,0.0,Hit+Run
746774.854,E6,P13,0.20750000000000002,0.0025,4620.261,1059.189,1.3597,7.3868,0.3184871614926369,0.0,Merge
757424.204,E8,P25,0.030000000000000002,0.0025,2424.939,1059.189,2.0258,5.5277,0.9819109068375891,0.0,Hit+Run
760182.188,E34,P298,0.17106353775348032,0.0025,4332.244,1059.189,1.1815,5.9891,0.34335354067182244,0.0,Merge
780606.732,E13,P149,0.054009725905657745,0.0025,2949.971,1059.189,1.3721,4.6023,0.3632682207597111,0.0,Merge
817824.002,E19,P214,0.043490274094342266,0.0025,2744.466,1059.189,1.2706,3.9472,0.5658267528054933,0.0,Merge
835138.07,E70,P619,0.027500000000000004,0.0025,2355.617,1059.189,1.044,2.7646,0.9667888787683201,0.0,Hit+Run
849843.03,E6,P102,0.21000000000000002,0.0025,4638.742,1059.189,1.4897,8.1278,0.22819497114683718,0.0,Merge
901766.941,NEPTUNE,K346,15.97942390942391,0.035,19656.86,2552.798,1.0,23.990,0.22400845897215313,0.0,Perfect
928965.852,E18,P344,0.025,0.0025,2281.955,1059.189,2.0738,5.3154,0.5338218473979247,0.0,Merge
933133.582,E1,P25,0.030000000000000002,0.0025,2424.939,1059.189,2.9762,8.1210,0.8963730202127382,0.0,Hit+Run
941238.977,E5,P75,0.0325,0.0025,2490.510,1059.189,2.8227,7.9188,0.5456432010030267,0.0,Merge
965775.913,E6,P15,0.21250000000000002,0.0025000000000000022,4657.077,1059.189,1.1185,6.1285,0.7693269033185225,0.0,Merge
970637.721,E6,P41,0.21500000000000002,0.0024999999999999905,4675.269,1059.189,1.0667,5.8692,0.5667922861499531,0.0,Merge
1042732.218,E18,P161,0.0275,0.0025000000000000022,2355.617,1059.189,2.1933,5.8080,0.22522766244584838,0.0,Merge
1047736.777,E5,P101,0.035,0.0025,2552.798,1059.189,2.2661,6.5234,0.2767660811591649,0.0,Merge
1074006.303,E13,P201,0.05650972590565775,0.0025,2994.802,1059.189,1.2088,4.1203,0.5572234377643767,0.0,Merge
1107793.492,E52,E54,0.10750000000000001,0.052500000000000005,3710.764,2922.224,1.0752,4.7179,0.532979173849269,0.007864801864801865,Fragment
1110511.123,E19,P152,0.04599027409434227,0.0025,2796.077,1059.189,1.803,5.7128,0.9944787126622102,0.0,Hit+Run
1115814.754,E20,P136,0.035,0.0025,2552.798,1059.189,1.246,3.5868,0.6801830350040355,0.0,Merge
1121596.65,E28,P617,0.025,0.0025,2281.955,1059.189,1.8729,4.8005,0.9146548337196786,0.0,Hit+Run
1135185.724,E20,E12,0.037500000000000006,0.03500000000000001,2612.187,2552.798,1.039,3.4778,0.6275841234241559,0.0,Graze+Merge
1147548.092,E34,E16,0.17356353775348032,0.03250000000000001,4353.247,2490.510,1.1227,5.5039,0.9744266515500293,0.0,Hit+Run
1168550.791,E59,E21,0.027500000000000004,0.025,2355.617,2281.955,1.0496,3.1551,0.9247589266393192,0.0,Hit+Run
1177641.101,E6,P51,0.21750000000000003,0.0025,4693.321,1059.189,1.6947,9.3633,0.7011616526566191,0.0,Merge
1184412.932,E6,P108,0.22000000000000003,0.0025,4711.234,1059.189,1.3167,7.3047,0.4446359800929789,0.0,Merge
1227493.643,E13,P119,0.05900972590565775,0.0025,3038.330,1059.189,1.348,4.6661,0.5808206104913246,0.0,Merge
1235472.259,E6,E5,0.22250000000000003,0.037500000000000006,4729.013,2612.187,1.1179,5.9437,0.5016830136441136,0.006532800532800533,Fragment
1238364.941,E6,P113,0.2534671994671995,0.0025,4938.947,1059.189,1.3803,8.0559,0.688867762570497,0.0,Merge
1255411.445,E17,P250,0.12691335660789713,0.0025,3921.898,1059.189,1.0602,4.8280,0.5358756565596935,0.0,Merge
1324256.187,E17,P307,0.12941335660789713,0.0025,3947.482,1059.189,1.0849,4.9752,0.5235270350034279,0.0,Merge
1364519.643,E17,P267,0.13191335660789713,0.0025,3972.739,1059.189,1.0005,4.6198,0.5505226779984727,0.0,Merge
1380840.121,E39,P521,0.0275,0.0025,2355.617,1059.189,1.6203,4.2907,0.8196493369621961,0.0,Hit+Run
1381725.459,E6,FRAG0004,0.2559671994671995,0.006532800532800533,4955.132,1458.904,1.041,5.9498,0.5417858108588339,0.0,Merge
1391942.101,E38,P209,0.08250000000000002,0.0025,3397.388,1059.189,1.0128,3.9517,0.9273757993185033,0.0,Graze+Merge
1408382.485,E76,E80,0.027500000000000004,0.025,2355.617,2281.955,1.0804,3.2477,0.9273494300589944,0.0,Hit+Run
1442643.436,E6,E10,0.2625,0.045000000000000005,4996.934,2775.862,1.0242,5.7554,0.7009905045964674,0.0,Graze+Merge
1446517.249,E25,P60,0.027500000000000004,0.0025,2355.617,1059.189,1.0326,2.7344,0.4553530780413615,0.0,Merge
1453122.461,E13,E19,0.06150972590565775,0.04599027409434227,3080.645,2796.077,1.094,4.1803,0.6448849834611546,0.0,Graze+Merge
1473707.82,E64,P682,0.05500000000000001,0.0025,2967.891,1059.189,1.0693,3.6099,0.7055877706312509,0.0,Merge
1474000.958,E18,P69,0.030000000000000002,0.0025,2424.939,1059.189,3.0049,8.1993,0.9311728113538492,0.0,Hit+Run
1521696.862,E17,P345,0.13441335660789713,0.0024999999999999905,3997.679,1059.189,1.131,5.2577,0.7052446078252435,0.0,Merge
1554403.947,E64,P675,0.05750000000000001,0.0025,3012.195,1059.189,1.1801,4.0474,0.844533428059969,0.0,Hit+Run
1557569.511,E41,P323,0.027500000000000004,0.0025,2355.617,1059.189,1.1722,3.1041,0.922433170666427,0.0,Hit+Run
1607471.517,P1,P91,0.005000000000000003,0.0025,1334.495,1059.189,3.3379,5.2787,0.6008806845884564,0.0,Graze+Frag
1638178.293,E52,P444,0.15213519813519816,0.0025,4166.170,1059.189,1.1132,5.4103,0.37632475980815216,0.0,Merge
1679785.338,E30,P226,0.05750000000000001,0.0025,3012.195,1059.189,1.3523,4.6380,0.4658066108686435,0.0,Merge
1712060.694,E15,P283,0.03250000000000001,0.0025,2490.510,1059.189,2.2827,6.4038,0.3082178966190429,0.0,Merge
1732474.288,E23,P142,0.03250000000000001,0.0025,2490.510,1059.189,1.7157,4.8132,0.9804317977132951,0.0,Hit+Run
1737159.353,E1,P52,0.030000000000000002,0.0025,2424.939,1059.189,3.0947,8.4444,0.8943546323265535,0.0,Hit+Run
1742596.12,E58,P428,0.030000000000000002,0.0025,2424.939,1059.189,2.6225,7.1559,0.5295136220031456,0.0,Merge
1758378.521,E15,FRAG0001,0.03500000000000001,0.005779220779220779,2552.798,1400.501,1.1991,3.4407,0.3184137052970573,0.0,Merge
1788527.891,E6,P106,0.3075,0.0025,5267.552,1059.189,1.5567,9.7353,0.9921086003858102,0.0,Hit+Run
1859384.262,E25,P31,0.030000000000000002,0.0025,2424.939,1059.189,1.6139,4.4038,0.6087875462225966,0.0,Merge
1864399.639,E53,P381,0.025,0.0025,2281.955,1059.189,1.1037,2.8289,0.1727271560989447,0.0,Merge
1869437.351,E17,P313,0.13691335660789714,0.0025,4022.312,1059.189,1.4027,6.5641,0.7738287444196159,0.0,Merge
1876813.429,NEPTUNE,K479,16.014423909423908,0.035,19671.20,2552.798,1.0001,24.011,0.3978674067633551,0.0,Merge
1917419.307,E6,P140,0.3075,0.0025,5267.552,1059.189,1.6384,10.246,0.835166278152909,0.0,Hit+Run
1928770.953,E6,P105,0.3075,0.0025,5267.552,1059.189,1.3839,8.6547,0.7299275008041622,0.0,Merge
1976140.656,E13,P228,0.10750000000000001,0.0025,3710.764,1059.189,1.9435,8.3383,0.9630964752838908,0.0,Hit+Run
1980969.055,E21,P216,0.025,0.0025,2281.955,1059.189,1.9916,5.1047,0.7220527854005707,0.0,Hit+Run
1991041.529,NEPTUNE,K497,16.049423909423908,0.035,19685.52,2552.798,1.0004,24.037,0.5693652980480869,0.0,Merge
1998342.727,E13,E25,0.10750000000000001,0.0325,3710.764,2490.510,1.0801,4.5850,0.6189718830181348,0.0,Graze+Merge
2018047.905,E6,P106,0.31,0.0025,5281.789,1059.189,1.2109,7.5947,0.872360203584393,0.0,Hit+Run
2043054.386,E37,P268,0.03,0.0024999999999999905,2424.939,1059.189,1.9647,5.3610,0.7436715366855432,0.0,Hit+Run
2044796.301,P10,P24,0.0025,0.0025,1059.189,1059.189,3.9755,5.4567,0.465,0.0,Merge
2076300.027,E6,P140,0.31,0.0025,5281.789,1059.189,1.0499,6.5849,0.7306735134003911,0.0,Merge
2081576.139,E13,P10,0.14,0.005,4052.315,1334.495,1.4669,6.7994,0.6206947445358538,0.0,Merge
2254434.795,E52,P409,0.15463519813519816,0.0025,4188.867,1059.189,1.2305,6.0155,0.4481751838521563,0.0,Merge
2262246.774,E23,P157,0.03250000000000001,0.0025,2490.510,1059.189,1.3355,3.7466,0.9752398732084444,0.0,Hit+Run
2266423.196,P2,P52,0.0025,0.0025,1059.189,1059.189,3.3183,4.5546,0.63295,0.0,Hit+Run
2286716.129,E13,P118,0.14500000000000002,0.0025,4099.993,1059.189,1.1033,5.2705,0.3816935200095531,0.0,Merge
2293115.274,E13,P67,0.14750000000000002,0.0025,4123.422,1059.189,1.1552,5.5524,0.5375250981242699,0.0,Merge
2304090.316,E16,P234,0.03250000000000001,0.0025,2490.510,1059.189,1.4568,4.0869,0.4338765018648216,0.0,Merge
2312286.095,NEPTUNE,K679,16.084423909423908,0.035,19699.82,2552.798,0.9998,24.041,0.8021531207181473,0.0,Perfect
2366210.068,E13,P246,0.15000000000000002,0.0025,4146.588,1059.189,1.4076,6.8065,0.4013743499134879,0.0,Merge
2384428.329,E86,P867,0.025,0.0025,2281.955,1059.189,1.3748,3.5238,0.8566693234278621,0.0,Hit+Run
2433213.535,URANUS,K651,15.944423909423909,0.035,19642.50,2552.798,1.0009,23.993,0.7963977561470008,0.0,Merge
2469371.179,E6,P103,0.3125,0.0025,5295.949,1059.189,1.3166,8.2814,0.8514166666666667,0.0,Hit+Run
2493451.135,E6,P23,0.3125,0.0025,5295.949,1059.189,1.412,8.8814,0.7880833333333332,0.0,Merge
2498150.114,E20,FRAG1001,0.07250000000000001,0.005586643392102861,3254.167,1384.769,1.467,5.3773,0.9740186990840742,0.0,Hit+Run
2540265.755,E6,P256,0.315,0.0025,5310.034,1059.189,1.316,8.3012,0.5130601514417354,0.0,Merge
2540727.562,E6,P129,0.3175,0.0025,5324.045,1059.189,1.268,8.0210,0.5672489089428626,0.0,Merge
2542195.001,E17,E59,0.13941335660789714,0.027500000000000004,4046.646,2355.617,1.3059,5.9572,0.187786499283448,0.009662337662337662,Fragment
2576089.859,E52,P731,0.15713519813519816,0.0025,4211.321,1059.189,1.0564,5.1942,0.42444721797477225,0.0,Merge
2586635.668,E6,P198,0.32,0.0025,5337.982,1059.189,1.4616,9.2716,0.9010158178609438,0.0,Hit+Run
2593979.75,E64,P701,0.05750000000000001,0.0025,3012.195,1059.189,1.2615,4.3266,0.6471426977871703,0.0,Merge
2602038.747,E23,P324,0.03250000000000001,0.0025,2490.510,1059.189,1.8259,5.1223,0.6480784682608922,0.0,Merge
2608860.619,E34,P218,0.17356353775348032,0.0025,4353.247,1059.189,1.119,5.7019,0.27354394019945166,0.0,Merge
2643949.404,E17,P403,0.15725101894555948,0.0025,4212.355,1059.189,1.1171,5.4941,0.7349883643869816,0.0,Merge
2649509.724,E38,E16,0.08500000000000002,0.03500000000000001,3431.364,2552.798,1.04,4.1608,0.8803526562182798,0.0,Graze+Merge
2664281.51,E1,P165,0.030000000000000002,0.0025,2424.939,1059.189,2.2848,6.2344,0.6401073582495964,0.0,Merge
2713979.204,NEPTUNE,K868,16.119423909423908,0.035,19714.10,2552.798,1.0,24.064,0.37893175645205834,0.0,Perfect
2716261.539,NEPTUNE,K840,16.154423909423908,0.035,19728.36,2552.798,0.9999,24.080,0.5531268306854683,0.0,Perfect
2739408.298,E62,P290,0.025,0.0025,2281.955,1059.189,1.2329,3.1601,0.36853923855670445,0.0,Merge
2761694.384,E64,P500,0.06000000000000001,0.0025,3055.232,1059.189,1.1604,4.0406,0.8674662483083716,0.0,Hit+Run
2791428.903,E6,P11,0.32,0.0025,5337.982,1059.189,1.3014,8.2554,0.9986439440785123,0.0,Hit+Run
2800265.371,NEPTUNE,K917,16.18942390942391,0.035,19742.59,2552.798,0.9998,24.096,0.7499308801859988,0.0,Perfect
2849876.373,E6,P198,0.32,0.0025,5337.982,1059.189,1.0735,6.8097,0.5543108055241942,0.0,Merge
2872653.051,E41,P405,0.027500000000000004,0.0025,2355.617,1059.189,2.8362,7.5105,0.6819603892617633,0.0,Merge
2877542.184,E13,P133,0.15250000000000002,0.0025,4169.498,1059.189,2.0325,9.8868,0.35541330814779987,0.0,Merge
2878697.975,E30,P185,0.06000000000000001,0.0025,3055.232,1059.189,1.1845,4.1245,0.9199657036716672,0.0,Hit+Run
2885277.116,E55,P173,0.0275,0.0025,2355.617,1059.189,2.5293,6.6978,0.8681439913877494,0.0,Hit+Run
2904807.181,E38,P353,0.12000000000000002,0.0025,3849.351,1059.189,1.0731,4.7894,0.5714574287125613,0.0,Merge
2913051.913,E21,P263,0.025,0.0025000000000000022,2281.955,1059.189,3.8623,9.8996,0.7792870111067453,0.0,Hit+Run
2963659.138,E52,P483,0.15963519813519816,0.0025,4233.537,1059.189,1.167,5.7706,0.8612288932051675,0.0,Hit+Run
2973149.104,E6,P88,0.3225,0.0025,5351.847,1059.189,1.105,7.0290,0.9356287156092488,0.0,Hit+Run
3028006.933,E13,P2,0.15500000000000003,0.0025,4192.159,1059.189,1.4795,7.2389,0.8902656755338207,0.0,Hit+Run
3046764.789,E17,P215,0.1597510189455595,0.0025,4234.561,1059.189,1.1587,5.7311,0.9587004390929549,0.0,Hit+Run
3066592.189,P12,P143,0.0025,0.0025,1059.189,1059.189,6.0675,8.3281,0.53665,0.0,Graze+Frag
3097240.506,E38,P255,0.12250000000000003,0.0025,3875.899,1059.189,1.3407,6.0283,0.7305565213591847,0.0,Merge
3098324.601,E70,P495,0.027500000000000004,0.0025,2355.617,1059.189,2.6434,6.9999,0.7801913820099678,0.0,Hit+Run
3163954.907,E11,P330,0.045000000000000005,0.0025,2775.862,1059.189,1.6096,5.0610,0.44608624184932805,0.0,Merge
3177102.777,E30,P378,0.06000000000000001,0.0025,3055.232,1059.189,1.6339,5.6894,0.7435318904564053,0.0,Hit+Run
3207278.533,E13,P203,0.15500000000000003,0.0025,4192.159,1059.189,1.1437,5.5959,0.5754156195523477,0.0,Merge
3232914.671,E6,P147,0.3225,0.0025,5351.847,1059.189,1.7543,11.159,0.6317664275277297,0.0,Merge
3277694.581,E20,P238,0.07250000000000001,0.0025,3254.167,1059.189,1.1895,4.4314,0.9462935128601506,0.0,Hit+Run
3310901.005,E18,P210,0.030000000000000002,0.0025,2424.939,1059.189,2.0458,5.5823,0.8249638487911783,0.0,Hit+Run
3375710.107,URANUS,K663,15.97942390942391,0.035,19656.86,2552.798,1.0024,24.048,0.5511263034451196,0.0,Merge
3412352.741,E1,P240,0.0325,0.0025,2490.510,1059.189,1.808,5.0721,0.9805721199972098,0.0,Hit+Run
3414643.912,E52,P559,0.15963519813519816,0.0025,4233.537,1059.189,1.2661,6.2607,0.7096519680984719,0.0,Merge
3422201.772,E18,P53,0.030000000000000002,0.0025,2424.939,1059.189,2.0314,5.5430,0.9013841901370581,0.0,Hit+Run
3437892.736,E20,P352,0.07250000000000001,0.0025,3254.167,1059.189,1.765,6.5754,0.3809165228757794,0.0,Merge
3444607.166,E6,P125,0.325,0.0025,5365.641,1059.189,1.7901,11.418,0.9700165071725124,0.0,Hit+Run
3452426.656,E11,P442,0.04750000000000001,0.0025,2826.344,1059.189,1.3376,4.2868,0.6247653325763178,0.0,Merge
3466191.274,E42,P505,0.05750000000000001,0.0025,3012.195,1059.189,1.9456,6.6729,0.9123032589932087,0.0,Hit+Run
3562975.349,P1,P49,0.0075001665001665,0.0025,1527.627,1059.189,8.3067,14.591,0.9521918978140148,0.0,Hit+Run
3635057.074,E18,P12,0.030000000000000002,0.005,2424.939,1334.495,3.5178,9.5896,0.3710198873475511,0.011233433233433236,Fragment
3656312.305,E1,P232,0.0325,0.0025,2490.510,1059.189,2.1525,6.0386,0.9530689523498926,0.0,Hit+Run
3657699.002,E34,P327,0.17606353775348033,0.0025,4374.049,1059.189,1.664,8.5227,0.7586825904255193,0.0,Merge
3682006.605,E72,P564,0.025,0.0025,2281.955,1059.189,2.2889,5.8668,0.10019404428515297,0.0,Merge
3741295.113,E17,P236,0.1597510189455595,0.0025,4234.561,1059.189,1.4225,7.0359,0.9670195751518342,0.0,Hit+Run
3760796.51,E6,P103,0.325,0.0025,5365.641,1059.189,1.5265,9.7370,0.962249693985509,0.0,Hit+Run
3771331.599,E6,P211,0.325,0.0025,5365.641,1059.189,1.1847,7.5568,0.9185718090736518,0.0,Hit+Run
3793110.286,E11,P204,0.05000000000000001,0.0025,2875.083,1059.189,2.013,6.5697,0.962581824026694,0.0,Hit+Run
3816167.803,E0,P125,0.0325,0.0025,2490.510,1059.189,2.6053,7.3089,0.8213063277538165,0.0,Hit+Run
3862028.427,E34,P248,0.17856353775348033,0.0025,4394.654,1059.189,1.2502,6.4357,0.3746924571004773,0.0,Merge
3911777.968,E6,P103,0.325,0.0025,5365.641,1059.189,1.1535,7.3578,0.13069959825441085,0.0,Merge
3975990.274,E11,P154,0.05000000000000001,0.0025000000000000022,2875.083,1059.189,1.6389,5.3488,0.3433198761977991,0.0,Merge
4000507.554,P9,P54,0.005,0.0025,1334.495,1059.189,7.3147,11.567,0.3021686129587524,0.0,Fragment
4029575.638,E28,P376,0.025,0.0025,2281.955,1059.189,3.5199,9.0220,0.6267762402214375,0.0,Merge
4121240.377,E13,P117,0.15750000000000003,0.0025,4214.577,1059.189,1.8156,8.9346,0.7636761155978499,0.0,Merge
4156496.644,E0,P94,0.0325,0.0025,2490.510,1059.189,1.3319,3.7365,0.1468472701169262,0.0,Merge
4196315.643,E41,P316,0.030000000000000002,0.0025,2424.939,1059.189,2.1953,5.9902,0.7676833925729095,0.0,Hit+Run
4228022.039,E6,P126,0.3275,0.0025,5379.364,1059.189,1.4387,9.2021,0.8731732928995631,0.0,Hit+Run
4238818.275,E6,P9,0.3275,0.007499833499833501,5379.364,1527.604,1.0037,6.2451,0.6088903607423483,0.0,Merge
4274279.955,E6,P152,0.33499983349983353,0.0025,5420.117,1059.189,1.4278,9.2065,0.9332298481025587,0.0,Hit+Run
4287972.892,E6,P126,0.33499983349983353,0.0025,5420.117,1059.189,1.0777,6.9490,0.7396574324957712,0.0,Merge
4353290.984,E6,P57,0.33749983349983353,0.0025,5433.567,1059.189,1.4983,9.6868,0.6597850914606742,0.0,Merge
4369682.312,E6,P88,0.33999983349983354,0.0025,5446.950,1059.189,1.3187,8.5481,0.29569956608619336,0.0,Merge
4391114.175,E8,P53,0.030000000000000002,0.0025,2424.939,1059.189,1.857,5.0671,0.992559642926769,0.0,Hit+Run
4505352.41,E17,E20,0.1597510189455595,0.07500000000000001,4234.561,3291.149,1.0378,5.1784,0.43675162307756327,0.014134532134532135,Fragment
4571057.618,E0,P38,0.035,0.0025,2552.798,1059.189,1.5198,4.3750,0.6689455970815873,0.0,Merge
4670194.644,P30,P110,0.0025,0.0025,1059.189,1059.189,10.934,15.008,0.911,0.0,Hit+Run
4683254.041,E6,P30,0.34249983349983354,0.0025,5460.268,1059.189,1.318,8.5659,0.9361955613427195,0.0,Hit+Run
4701019.813,E6,P150,0.34249983349983354,0.0025,5460.268,1059.189,2.4075,15.646,0.6010981878472623,0.0,Merge
4796093.738,P22,P125,0.0025,0.0025,1059.189,1059.189,5.3674,7.3672,0.50145,0.0,Graze+Frag
4822655.372,E82,P774,0.025,0.0025,2281.955,1059.189,1.3209,3.3856,0.23795231785240145,0.0,Merge
4822990.228,E13,P388,0.16000000000000003,0.0025,4236.759,1059.189,1.8819,9.3134,0.8936,0.0,Hit+Run
4872666.825,E13,FRAG0008,0.16000000000000003,0.007067266067266068,4236.759,1497.652,2.2789,10.989,0.7430420523969968,0.0,Hit+Run
4872720.706,E17,E21,0.22061648681102736,0.025,4715.631,2281.955,1.1513,6.0939,0.967913844409068,0.0,Hit+Run
4982937.723,E13,E18,0.16000000000000003,0.023766566766566768,4236.759,2243.792,1.1657,5.5458,0.6699132511562879,0.0,Hit+Run
4987027.595,E6,P50,0.34499983349983354,0.0025,5473.521,1059.189,1.1766,7.6668,0.9808031892729661,0.0,Hit+Run
4999828.299,E17,P239,0.22061648681102736,0.0025,4715.631,1059.189,1.0065,5.5894,0.6662515431899713,0.0,Merge
5026715.212,E13,E18,0.16000000000000003,0.023766566766566768,4236.759,2243.792,1.0815,5.1453,0.8651929311800833,0.0,Hit+Run
5030964.861,E13,E8,0.16000000000000003,0.030000000000000002,4236.759,2424.939,1.1491,5.4827,0.82869214783855,0.0,Hit+Run
5046695.909,E6,P152,0.34499983349983354,0.0025,5473.521,1059.189,1.154,7.5195,0.9834005665895098,0.0,Hit+Run
5075135.969,E1,P240,0.0325,0.0025,2490.510,1059.189,2.4042,6.7447,0.9873777507670817,0.0,Hit+Run
5093347.569,E6,P152,0.34499983349983354,0.0025,5473.521,1059.189,1.0757,7.0093,0.9991524032188722,0.0,Hit+Run
5097477.127,P11,P184,0.0025,0.0025,1059.189,1059.189,5.8468,8.0252,0.8830500000000001,0.0,Hit+Run
5170014.46,E11,P469,0.05250000000000001,0.0025,2922.224,1059.189,1.4965,4.9693,0.6025130463183974,0.0,Merge
5171909.032,NEPTUNE,K871,16.22442390942391,0.035,19756.81,2552.798,1.0002,24.124,0.5671216303453207,0.0,Merge
5202992.264,E13,E1,0.16000000000000003,0.0325,4236.759,2490.510,1.2343,5.8989,0.6840137094962371,0.0,Hit+Run
5247781.713,E63,E77,0.05,0.025,2875.083,2281.955,1.1325,3.8585,0.06082397725793336,0.008097236097236098,Fragment
5285758.672,E8,P262,0.030000000000000002,0.0025,2424.939,1059.189,3.5173,9.5975,0.4235134581873214,0.0,Merge
5319279.808,E0,P110,0.037500000000000006,0.0025,2612.187,1059.189,3.6329,10.713,0.4626888596384827,0.0,Merge
5360631.436,E49,P472,0.025,0.0025,2281.955,1059.189,1.5035,3.8537,0.28897137107735665,0.0,Merge
5381999.927,E6,P46,0.34499983349983354,0.0025,5473.521,1059.189,1.0748,7.0035,0.8894760513686834,0.0,Hit+Run
5436454.753,E6,P159,0.34499983349983354,0.0025000000000000022,5473.521,1059.189,1.1448,7.4596,0.8068626954295798,0.0,Merge
5486776.711,E6,P69,0.34749983349983354,0.0025,5486.710,1059.189,1.0637,6.9490,0.3486871803180894,0.0,Merge
5623476.438,E38,E42,0.12500000000000003,0.05750000000000001,3902.089,3012.195,1.0362,4.7561,0.08386268299080998,0.015603063603063603,Fragment
5656344.241,E23,P139,0.03500000000000001,0.0025,2552.798,1059.189,1.9355,5.5717,0.4765663139060901,0.0,Merge
5683572.085,E13,P46,0.16000000000000003,0.0025,4236.759,1059.189,1.5046,7.4461,0.59192,0.0,Merge
5720681.655,E63,E64,0.06690276390276391,0.06000000000000001,3168.170,3055.232,1.0668,4.3038,0.9427025793526145,0.0,Hit+Run
5743220.621,E18,P98,0.023766566766566768,0.0025,2243.792,1059.189,4.1758,10.520,0.35861469294739967,0.006371961371961372,Fragment
5780805.434,E52,P502,0.16213519813519817,0.0025000000000000022,4255.523,1059.189,1.0395,5.1689,0.9893524427286865,0.0,Hit+Run
5794756.204,E18,P374,0.019894605394605393,0.0025,2114.652,1059.189,2.9111,6.9086,0.2159397823734575,0.0,Merge
5858745.563,E17,P265,0.22311648681102736,0.0025,4733.376,1059.189,1.1909,6.6402,0.5890810534199493,0.0,Merge
5862201.655,E17,P170,0.22561648681102736,0.0025,4750.990,1059.189,1.0022,5.6104,0.7208034411889102,0.0,Merge
5890088.442,E6,P47,0.34999983349983355,0.0025,5499.836,1059.189,1.5383,10.075,0.8118494063923503,0.0,Merge
5938828.979,E17,P169,0.22811648681102736,0.0025,4768.473,1059.189,1.404,7.8908,0.8189843551102897,0.0,Hit+Run
5977664.328,E6,P210,0.35249983349983355,0.0025,5512.900,1059.189,1.2596,8.2708,0.8712980736208392,0.0,Hit+Run
5985866.726,E13,P50,0.16250000000000003,0.0025,4258.712,1059.189,1.7837,8.8766,0.2636317901775792,0.0,Merge
5986473.976,E6,P238,0.35249983349983355,0.0025,5512.900,1059.189,1.6606,10.903,0.9072841016927887,0.0,Hit+Run
5986574.94,E13,P45,0.16500000000000004,0.0025,4280.440,1059.189,1.0518,5.2631,0.47745446486110954,0.0,Merge
6009068.461,E13,P11,0.16750000000000004,0.0025,4301.950,1059.189,1.692,8.5124,0.7960125312821482,0.0,Merge
6026111.552,E6,P263,0.35249983349983355,0.0025000000000000022,5512.900,1059.189,1.5835,10.397,0.7808716441067096,0.0,Merge
6076369.763,E6,P211,0.35499983349983355,0.0025,5525.902,1059.189,1.3,8.5577,0.7584268167513838,0.0,Merge
6177111.774,P29,P216,0.0025,0.0025,1059.189,1059.189,12.010,16.485,0.8606,0.0,Hit+Run
6249105.76,E38,P320,0.16689693639693645,0.0025,4296.781,1059.189,1.08,5.4264,0.5701529008655887,0.0,Merge
6278967.873,E34,P196,0.18106353775348033,0.0025,4415.069,1059.189,2.5311,13.094,0.1605770304141974,0.0,Merge
6359270.233,E13,P339,0.17000000000000004,0.0025,4323.248,1059.189,1.7323,8.7616,0.6076311797381592,0.0,Merge
6367372.198,P40,P53,0.0025,0.0025,1059.189,1059.189,5.2085,7.1491,0.959,0.0,Hit+Run
6398880.397,E6,E8,0.35749983349983355,0.0325,5538.844,2490.510,1.0076,6.2738,0.9247785290521223,0.0,Graze+Merge
6410587.076,E17,P357,0.22811648681102736,0.0025,4768.473,1059.189,1.3819,7.7666,0.9931075150338283,0.0,Hit+Run
6482864.165,P2,P208,0.0025,0.0025,1059.189,1059.189,7.1556,9.8216,0.9778,0.0,Hit+Run
6497824.552,E6,P222,0.3899998334998336,0.0025,5701.843,1059.189,1.4951,10.177,0.6867309924777899,0.0,Merge
6590941.241,E13,P87,0.17250000000000004,0.0025,4344.337,1059.189,1.3432,6.8293,0.9433117932086674,0.0,Hit+Run
6633014.003,E6,FRAG0013,0.3924998334998336,0.006371961371961372,5714.001,1446.832,1.3776,9.1857,0.5171526677300152,0.0,Merge
6647710.743,E13,P2,0.17250000000000004,0.0025,4344.337,1059.189,1.6954,8.6200,0.37706744312184864,0.0,Merge
6680870.577,E13,P187,0.17500000000000004,0.0025,4365.224,1059.189,2.1546,11.011,0.8714491753329031,0.0,Hit+Run
6768470.182,E17,P285,0.22811648681102736,0.0025,4768.473,1059.189,1.4144,7.9492,0.7519698494818228,0.0,Merge
6795379.32,E52,P392,0.16213519813519817,0.0025,4255.523,1059.189,1.2203,6.0679,0.7137494071288049,0.0,Merge
6927366.644,E6,P238,0.39887179487179497,0.0025,5744.756,1059.189,1.2341,8.4683,0.30142478117673044,0.0,Merge
6955536.159,E13,P273,0.17500000000000004,0.0025,4365.224,1059.189,1.5997,8.1755,0.29252172428987927,0.0,Merge
6981974.789,E6,P142,0.401371794871795,0.0025,5756.733,1059.189,1.8463,12.697,0.9192633695717664,0.0,Hit+Run
6989301.277,E34,P433,0.18356353775348033,0.0025,4435.296,1059.189,1.7057,8.8680,0.9346071425891709,0.0,Hit+Run
7042130.231,P29,FRAG0008,0.0025,0.007067266067266068,1059.189,1497.652,6.0675,10.485,0.9191535643272497,0.0,Hit+Run
7067592.231,E6,P40,0.401371794871795,0.0025,5756.733,1059.189,1.1897,8.1819,0.5805785007751123,0.0,Merge
7107478.195,E13,P356,0.17750000000000005,0.0025,4385.912,1059.189,1.9168,9.8461,0.5410398535524023,0.0,Merge
7179577.631,E62,P542,0.0275,0.0025,2355.617,1059.189,2.3163,6.1338,0.6083561271393375,0.0,Merge
7197623.966,E34,P433,0.18356353775348033,0.0025,4435.296,1059.189,1.2633,6.5679,0.7576630368234546,0.0,Merge
7243599.734,E6,P70,0.403871794871795,0.0025,5768.661,1059.189,1.2493,8.6108,0.831945591512975,0.0,Merge
7250177.456,E6,P227,0.406371794871795,0.0025000000000000022,5780.539,1059.189,1.0354,7.1522,0.9728424280028045,0.0,Hit+Run
7301169.221,E6,P79,0.406371794871795,0.0025,5780.539,1059.189,1.6268,11.237,0.7574158491669823,0.0,Merge
7413365.168,E34,P516,0.18606353775348033,0.0025,4455.340,1059.189,1.3624,7.1176,0.5918068641493923,0.0,Merge
7456907.4,E6,P187,0.408871794871795,0.0025,5792.369,1059.189,1.1488,7.9528,0.5200110242478738,0.0,Merge
7513307.307,P1,P182,0.0075001665001665,0.0025,1527.627,1059.189,7.5984,13.347,0.6127476514337767,0.0,Graze+Frag
7627519.37,E17,P166,0.23061648681102737,0.0025,4785.830,1059.189,1.1522,6.5009,0.6105699395726331,0.0,Merge
7629301.26,E6,P142,0.411371794871795,0.0025,5804.150,1059.189,1.2364,8.5779,0.3951835943860105,0.0,Merge
7694471.935,E64,P546,0.06000000000000001,0.0025,3055.232,1059.189,1.3357,4.6510,0.6203400991583751,0.0,Merge
7746363.919,URANUS,K312,16.014423909423908,0.035,19671.20,2552.798,1.0016,24.047,0.7769699881131771,0.0,Merge
7748947.028,E62,P329,0.03,0.0025,2424.939,1059.189,1.3919,3.7980,0.4390341650362569,0.0,Merge
7765540.179,E13,P52,0.18000000000000005,0.0025,4406.407,1059.189,1.8797,9.7041,0.6314219854637172,0.0,Merge
7824384.942,E6,P337,0.413871794871795,0.0025,5815.884,1059.189,1.5245,10.599,0.9791728660902649,0.0,Hit+Run
7855700.382,E6,P127,0.413871794871795,0.0025,5815.884,1059.189,1.6595,11.538,0.3133353171488848,0.0,Merge
7912361.418,E6,P181,0.416371794871795,0.0025,5827.571,1059.189,1.2808,8.9242,0.7165614187909225,0.0,Merge
7965736.359,E17,P254,0.23311648681102737,0.0025,4803.061,1059.189,1.3885,7.8645,0.9558190509884198,0.0,Hit+Run
7973988.266,P30,P153,0.0025,0.0025,1059.189,1059.189,10.427,14.312,0.8846,0.0,Hit+Run
8011760.994,E6,P305,0.418871794871795,0.0025,5839.211,1059.189,1.6692,11.655,0.9072343737071866,0.0,Hit+Run
8032504.269,E52,P325,0.16463519813519817,0.0025,4277.283,1059.189,1.4204,7.1019,0.7951066099624906,0.0,Merge
8044148.994,E34,P455,0.18856353775348034,0.0025,4475.206,1059.189,0.9988,5.2431,0.8729019464277842,0.0,Perfect
8052745.784,E6,E21,0.418871794871795,0.025,5839.211,2281.955,1.3145,8.6823,0.10734839928419332,0.0,Merge
8117058.458,E38,P287,0.16939693639693645,0.0025,4318.129,1059.189,1.4818,7.4851,0.3960526288953242,0.0,Merge
8152286.767,E6,P213,0.443871794871795,0.0025,5953.143,1059.189,1.818,12.958,0.5984271716312743,0.0,Merge
8282544.133,E34,E38,0.19106353775348034,0.17189693639693646,4494.897,4339.268,1.0926,6.2569,0.511912064527639,0.0,Graze+Merge
8387000.744,E6,P216,0.446371794871795,0.0025,5964.299,1059.189,2.0392,14.564,0.48115286637190574,0.02380051948051948,Merge
8392073.887,E6,FRAG0009,0.448871794871795,0.007067266067266068,5975.413,1497.652,1.2418,8.6658,0.9107367892066287,0.0,Hit+Run
8429195.924,E6,FRAG0006,0.448871794871795,0.005616716616716618,5975.413,1387.249,1.5218,10.682,0.1268504455370509,0.0,Merge
8520556.589,E6,FRAG0009,0.45448851148851166,0.007067266067266068,6000.233,1497.652,1.034,7.2480,0.3489119304613942,0.0,Merge
8675639.38,E64,E30,0.06250000000000001,0.06000000000000001,3097.090,3055.232,1.1176,4.4554,0.5337569077448966,0.0,Graze+Merge
8679347.179,E34,P386,0.36296047415041677,0.0025,5566.902,1059.189,1.0986,7.2893,0.8593040232443403,0.007847272727272727,Hit+Run
8761869.374,E6,P59,0.4615557775557777,0.0025,6031.174,1059.189,1.4367,10.384,0.8648208700554052,0.0,Hit+Run
8928974.258,E52,FRAG0011,0.16713519813519817,0.0078015318015318014,4298.825,1547.820,1.0464,5.1137,0.8836397612661065,0.0,Hit+Run
8998950.844,E0,P58,0.04000000000000001,0.0025,2668.991,1059.189,4.2907,12.942,0.791781359321185,0.0,Hit+Run
9000013.055,E0,P58,0.04000000000000001,0.0025,2668.991,1059.189,1.0514,3.1715,0.7743134884645512,0.0,Graze+Merge
9022488.301,E34,P394,0.36296047415041677,0.0025,5566.902,1059.189,1.0802,7.1672,0.853170938213363,0.0,Hit+Run
9028184.914,E17,P230,0.23311648681102737,0.0025000000000000022,4803.061,1059.189,2.4433,13.839,0.16255314565069645,0.0,Merge
9037096.875,E17,E11,0.23561648681102737,0.055000000000000014,4820.170,2967.891,1.2218,6.6681,0.5345593130016885,0.010796869796869796,Fragment
9334565.548,E18,P332,0.02239460539460539,0.0025,2199.758,1059.189,1.6667,4.1155,0.5599044229326974,0.0,Merge
9369722.42,P32,P175,0.0025,0.0025,1059.189,1059.189,9.8173,13.475,0.9649000000000001,0.0,Hit+Run
9460582.463,P42,P254,0.0025,0.0025,1059.189,1059.189,13.905,19.086,0.96405,0.0,Hit+Run
9496943.822,E17,P377,0.2798196170141576,0.0025,5104.500,1059.189,1.1392,6.8882,0.9637257486872179,0.0,Hit+Run
9544903.659,E44,P834,0.025,0.0025,2281.955,1059.189,2.6735,6.8526,0.9327539623737792,0.0,Hit+Run
9587172.869,E17,P189,0.2798196170141576,0.0025,5104.500,1059.189,1.326,8.0177,0.8799163083098471,0.0,Hit+Run
9655475.217,E34,P243,0.36296047415041677,0.0025000000000000022,5566.902,1059.189,1.0502,6.9682,0.7359702037172879,0.0,Merge
9751209.899,E6,P337,0.4615557775557777,0.0025,6031.174,1059.189,1.9135,13.830,0.5885409265184762,0.0,Merge
9779074.494,E6,P22,0.4640557775557777,0.005,6042.044,1334.495,1.1803,8.4088,0.2804561445400622,0.0,Merge
9836779.287,E6,P53,0.4690557775557777,0.0025,6063.667,1059.189,1.2887,9.3680,0.2973580544212024,0.0,Merge
9881947.709,E52,E64,0.16713519813519817,0.12250000000000003,4298.825,3875.899,1.0362,5.5104,0.9258429995129969,0.0,Graze+Merge
9898670.473,E6,P360,0.4715557775557777,0.0025,6074.420,1059.189,1.5642,11.392,0.8837087027391805,0.0,Hit+Run
9901872.988,E6,P360,0.4715557775557777,0.0025,6074.420,1059.189,1.07,7.7929,0.8257201089286792,0.0,Merge
9914293.752,E13,P363,0.18250000000000005,0.0025,4426.714,1059.189,2.0471,10.620,0.6705548218620989,0.0,Merge
9934667.399,E34,P323,0.36546047415041677,0.0025,5579.654,1059.189,1.163,7.7355,0.7065710899010058,0.0,Merge
10004442.909,P1,P156,0.01,0.0025,1681.359,1059.189,8.5904,16.391,0.979348871072493,0.0,Hit+Run
10039720.986,E6,FRAG0008,0.4740557775557777,0.007067266067266068,6085.136,1497.652,1.2671,9.0174,0.6171975273011129,0.0,Merge
10140978.966,E34,P355,0.36796047415041677,0.0025,5592.348,1059.189,1.1362,7.5756,0.7048092409463947,0.0,Merge
10222672.266,E52,E15,0.2896351981351982,0.04077922077922079,5163.501,2686.211,1.0186,5.9042,0.9583414761165084,0.0,Graze+Merge
10287834.192,P42,P206,0.0025,0.0025,1059.189,1059.189,15.210,20.877,0.545,0.0,Graze+Frag
10322309.363,E37,P271,0.03,0.0025,2424.939,1059.189,4.7613,12.992,0.8533604783623249,0.0,Hit+Run
10344154.749,E35,P93,0.030000000000000006,0.0025,2424.939,1059.189,6.0803,16.591,0.9473199144433246,0.0,Hit+Run
10367727.575,E13,P569,0.18500000000000005,0.0025,4446.835,1059.189,1.8324,9.5534,0.9123804767182089,0.0,Hit+Run
10388435.46,E53,P419,0.0275,0.0025,2355.617,1059.189,1.3476,3.5685,0.8026796570351888,0.0,Hit+Run
10509519.292,P1,P232,0.01,0.0025,1681.359,1059.189,6.8734,13.114,0.15718172070962394,0.012157855477855476,Fragment
10561591.543,P30,P241,0.0025,0.0025,1059.189,1059.189,2.9045,3.9866,0.67925,0.0,Hit+Run
10593991.147,E58,P483,0.0325,0.0025,2490.510,1059.189,4.5934,12.886,0.816324886674838,0.0,Hit+Run
10598666.385,E73,P411,0.027500000000000004,0.0025,2355.617,1059.189,3.7377,9.8978,0.5907656052637812,0.0,Merge
10892508.605,E17,P189,0.2798196170141576,0.0025,5104.500,1059.189,1.1026,6.6669,0.8901026335731047,0.0,Hit+Run
11098617.042,E17,P59,0.2798196170141576,0.0025,5104.500,1059.189,2.0876,12.622,0.6032292131509578,0.0,Merge
11280632.138,E17,P176,0.2823196170141576,0.0025,5119.657,1059.189,1.6371,9.9303,0.3457656233742057,0.0,Merge
11314763.059,E34,P282,0.3704604741504168,0.0025,5604.985,1059.189,1.9827,13.251,0.7426578425882433,0.0,Merge
11366003.209,E49,E53,0.0275,0.0275,2355.617,2355.617,1.8808,5.7413,0.889,0.0,Hit+Run
11450582.753,E0,P152,0.04250000000000001,0.0025,2723.475,1059.189,5.924,18.254,0.7644837640645704,0.0,Hit+Run
11451926.663,E34,E55,0.3729604741504168,0.0275,5617.565,2355.617,1.0073,6.3779,0.48184684107063985,0.0,Merge
11480780.5,E6,P144,0.48112304362304376,0.0025,6115.226,1059.189,1.996,14.641,0.6896490927291233,0.0,Merge
11504521.702,E18,P349,0.02489460539460539,0.0025,2278.744,1059.189,3.3391,8.5463,0.9603273676081009,0.0,Hit+Run
11574327.515,E67,P454,0.025,0.0025,2281.955,1059.189,1.8405,4.7174,0.5920122534858254,0.0,Merge
11607418.973,E34,P795,0.4004604741504168,0.0025,5752.373,1059.189,2.3385,16.069,0.7815014068557617,0.0,Merge
11693964.71,E6,P175,0.48362304362304376,0.0025,6125.800,1059.189,1.5988,11.749,0.7582020342229508,0.0,Merge
11731035.925,E34,P291,0.4029604741504168,0.0025,5764.318,1059.189,1.2061,8.3063,0.7235484329563756,0.0,Merge
11959045.046,P49,P336,0.0025,0.0025,1059.189,1059.189,4.2078,5.7755,0.7836,0.0,Hit+Run
12049176.601,E52,P672,0.33041441891441903,0.0025,5395.274,1059.189,1.0842,6.9566,0.237144284892609,0.0,Merge
12118489.627,E37,E28,0.03,0.0275,2424.939,2355.617,1.4911,4.6201,0.40331482470223207,0.009318015318015318,Fragment
12165080.198,P1,FRAG0015,0.005527639027639028,0.0069723609723609725,1379.877,1490.918,2.1177,3.9479,0.9747789406993973,0.0,Hit+Run
12216839.545,E13,FRAG0015,0.18500000000000005,0.0069723609723609725,4446.835,1490.918,1.242,6.3093,0.5053636134966395,0.0,Merge
12281196.025,E0,P116,0.04250000000000001,0.0025,2723.475,1059.189,5.7302,17.657,0.30880305745648357,0.007972693972693973,Fragment
12302963.891,E6,P39,0.48612304362304376,0.0025000000000000022,6136.337,1059.189,1.7628,12.978,0.9151384449345449,0.0,Hit+Run
12308155.348,E17,E18,0.2848196170141576,0.02489460539460539,5134.724,2278.744,1.0151,5.8618,0.5398288413301722,0.0,Merge
12494699.875,E34,P197,0.4054604741504168,0.0025,5776.215,1059.189,1.063,7.3369,0.6222055818763498,0.0,Merge
12578902.361,E6,P208,0.48612304362304376,0.0025,6136.337,1059.189,2.3202,17.081,0.47134192387971574,0.0,Merge
12587578.225,E6,P106,0.48862304362304376,0.0025,6146.838,1059.189,1.4042,10.356,0.8780066537736839,0.0,Hit+Run
12612799.292,E17,P71,0.309714222408763,0.0025,5280.165,1059.189,2.6058,16.338,0.9669349269491694,0.0,Hit+Run
12633384.434,E6,P106,0.48862304362304376,0.0025,6146.838,1059.189,1.1177,8.2438,0.619628906345287,0.0,Merge
12796232.59,E6,P39,0.49112304362304376,0.0025000000000000022,6157.304,1059.189,1.1441,8.4538,0.693161228001101,0.0,Merge
12899372.715,P29,P73,0.0025,0.0025,1059.189,1059.189,10.723,14.719,0.64595,0.0,Graze+Frag
13136731.214,E52,P485,0.33291441891441903,0.0025,5408.847,1059.189,1.0541,6.7817,0.5532580024068693,0.0,Merge
13255038.063,P21,P131,0.0025000000000000022,0.0025,1059.189,1059.189,11.580,15.895,0.8530000000000001,0.0,Graze+Frag
13288230.125,E17,P90,0.309714222408763,0.0025,5280.165,1059.189,1.4466,9.0700,0.6596713430474133,0.0,Merge
13328254.309,E6,P29,0.49362304362304377,0.005,6167.734,1334.495,1.742,12.688,0.796469980268669,0.0,Merge
13343665.736,E6,P92,0.49862304362304377,0.0025,6188.489,1059.189,1.7263,12.824,0.4617664333771847,0.0,Merge
13351794.232,P32,FRAG0017,0.0025,0.007972693972693973,1059.189,1559.057,5.5901,9.9885,0.8261547155863667,0.0,Hit+Run
13682086.863,E67,P649,0.0275,0.0025,2355.617,1059.189,1.7663,4.6773,0.29931480163936786,0.0,Merge
13722340.2,E52,E72,0.33541441891441903,0.0275,5422.352,2355.617,1.0072,6.1467,0.7037652482505374,0.0,Graze+Merge
13729635.176,E17,P124,0.312214222408763,0.0025,5294.334,1059.189,1.5208,9.5626,0.7151303123730357,0.0,Merge
13839552.302,E39,P215,0.0275,0.0025,2355.617,1059.189,4.8417,12.821,0.7525984065188992,0.0,Hit+Run
13841053.003,E6,P184,0.5011230436230437,0.0025,6198.814,1059.189,1.5421,11.476,0.7666096008294336,0.0,Merge
13964368.309,E6,P576,0.5036230436230437,0.0025,6209.105,1059.189,1.5126,11.276,0.37681963556367876,0.0,Merge
13966460.932,P42,P445,0.005,0.0025,1334.495,1059.189,9.862,15.596,0.2580698356800858,0.0,Fragment
13974802.573,E6,P236,0.5061230436230436,0.0025,6219.362,1059.189,1.831,13.674,0.37468857832429997,0.0,Merge
14232122.819,E6,P25,0.5086230436230436,0.0025,6229.586,1059.189,3.4788,26.026,0.9365605969277304,0.0,Hit+Run
14454544.538,E13,P694,0.19197236097236103,0.0025,4502.013,1059.189,3.5448,18.728,0.7943200790354926,0.0,Merge
14507057.641,E34,E58,0.4079604741504168,0.0325,5788.062,2490.510,1.0523,6.8576,0.46172651626571243,0.0,Merge
14587305.496,E52,P292,0.36291441891441906,0.0025,5566.667,1059.189,1.1362,7.5384,0.5082864869541354,0.0,Merge
14650114.149,E0,P120,0.03702730602730604,0.0025,2601.164,1059.189,8.7441,25.671,0.7804870102630849,0.0,Graze+Frag
14656805.476,E13,P111,0.19447236097236104,0.0025000000000000022,4521.471,1059.189,3.0243,16.052,0.2709320555885189,0.0,Merge
15193815.559,E6,FRAG0014,0.5086230436230436,0.010796869796869796,6229.586,1724.883,1.4405,10.399,0.948714477214744,0.0,Hit+Run
15460022.479,E34,P316,0.4404604741504168,0.0025,5937.853,1059.189,1.0443,7.4234,0.897164467128378,0.0,Hit+Run
15525142.888,E34,P562,0.4404604741504168,0.0025,5937.853,1059.189,1.5348,10.910,0.7823457455974763,0.0,Merge
15633940.577,E17,P510,0.314714222408763,0.0025,5308.428,1059.189,1.6408,10.346,0.613573725568181,0.0,Merge
15648982.126,P71,P227,0.0025,0.0025000000000000022,1059.189,1059.189,12.803,17.573,0.7316999999999999,0.0,Graze+Frag
15714987.719,E13,P625,0.19697236097236104,0.0025,4540.764,1059.189,2.4809,13.228,0.28996260170826477,0.0,Merge
15836610.063,E6,P49,0.5086230436230436,0.0025,6229.586,1059.189,1.1635,8.7048,0.7222918054970112,0.0,Merge
15981714.977,E34,P341,0.4429604741504168,0.0025,5949.066,1059.189,1.1018,7.8480,0.6015060345511796,0.0,Merge
16038457.92,E49,P415,0.0275,0.0025,2355.617,1059.189,1.7697,4.6863,0.2278489951174999,0.0,Merge
16065261.042,E6,P25,0.5111230436230435,0.0025,6239.776,1059.189,1.46,10.942,0.8736069114745194,0.0,Hit+Run
16089487.127,E13,P167,0.19947236097236104,0.0025,4559.894,1059.189,3.0489,16.331,0.5602605086978963,0.0,Merge
16134158.268,E6,FRAG0014,0.5111230436230435,0.010796869796869796,6239.776,1724.883,1.4225,10.287,0.945681794380102,0.0,Hit+Run
16187808.135,E17,P618,0.317214222408763,0.0025,5322.447,1059.189,3.0831,19.496,0.5551272852157594,0.0,Merge
16340001.777,E6,P188,0.5111230436230435,0.0025,6239.776,1059.189,1.4069,10.544,0.8913885180492038,0.0,Hit+Run
16896550.514,E6,P25,0.5111230436230435,0.0025,6239.776,1059.189,1.2487,9.3585,0.6297082405246414,0.0,Merge
16969466.025,E17,P626,0.319714222408763,0.0025,5336.393,1059.189,2.1063,13.357,0.9214973112421031,0.0,Hit+Run
16990284.067,E13,P621,0.20197236097236104,0.0025,4578.864,1059.189,1.6898,9.0917,0.9488179884078239,0.0,Hit+Run
17040631.804,E17,P333,0.319714222408763,0.0025,5336.393,1059.189,2.1436,13.593,0.9176591297573934,0.0,Hit+Run
17210926.332,E41,P301,0.030000000000000002,0.0025,2424.939,1059.189,2.8357,7.7377,0.5780245308538544,0.0,Merge
17483161.745,E52,E49,0.36541441891441906,0.03,5579.420,2424.939,1.0037,6.3026,0.2202670574190232,0.0,Merge
17530053.923,E13,P153,0.20197236097236104,0.0025,4578.864,1059.189,1.8758,10.092,0.6562055419271778,0.0,Merge
17681906.389,E52,P563,0.3954144189144191,0.0025,5728.110,1059.189,1.0704,7.3223,0.6528760962751378,0.0,Merge
17701774.258,E34,P268,0.4454604741504168,0.0024999999999999905,5960.237,1059.189,1.3095,9.3461,0.8578517273129316,0.0,Hit+Run
17884908.705,E17,P151,0.319714222408763,0.0025000000000000022,5336.393,1059.189,2.3653,14.999,0.8253758966684973,0.0,Merge
17979208.949,E17,P137,0.322214222408763,0.0025,5350.266,1059.189,1.7917,11.393,0.26812033354237524,0.0,Merge
18057421.62,E23,P228,0.03750000000000001,0.0025,2612.187,1059.189,3.7533,11.068,0.85252005477292,0.0,Hit+Run
18149094.996,E17,P514,0.324714222408763,0.0025,5364.068,1059.189,1.7829,11.369,0.9753142550901416,0.0,Hit+Run
18166331.284,E6,P251,0.5136230436230435,0.0025,6249.932,1059.189,1.7472,13.117,0.5194650995421767,0.0,Merge
18485681.378,E41,FRAG0011,0.0325,0.0078015318015318014,2490.510,1547.820,1.7204,4.8556,0.13573958696344027,0.0,Merge
18501608.474,E23,P514,0.03750000000000001,0.0025,2612.187,1059.189,3.1713,9.3521,0.7380396034184193,0.0,Hit+Run
18602960.866,E17,P85,0.324714222408763,0.0025,5364.068,1059.189,1.2013,7.6603,0.7244499668556365,0.0,Merge
18829116.971,E52,P722,0.3979144189144191,0.0025,5740.156,1059.189,1.1697,8.0196,0.6638116032565328,0.0,Merge
18909390.352,E67,P541,0.03,0.0025,2424.939,1059.189,2.1969,5.9946,0.7431147400272852,0.0,Hit+Run
18940740.067,E1,P443,0.0325,0.0025,2490.510,1059.189,4.2026,11.789,0.6463946008539135,0.0,Merge
19037533.465,E17,P368,0.327214222408763,0.0025,5377.799,1059.189,2.59,16.560,0.4768763315492059,0.0,Merge
19100482.592,P30,P168,0.0025,0.0025,1059.189,1059.189,8.1823,11.230,0.77065,0.0,Graze+Frag
19192337.353,E13,E23,0.20447236097236104,0.03750000000000001,4597.679,2612.187,1.1312,5.8548,0.2527814046530915,0.009567099567099568,Fragment
19337462.631,E17,P30,0.329714222408763,0.005,5391.460,1334.495,1.2839,8.0918,0.818183096923433,0.0,Hit+Run
19500001.918,P71,P86,0.005,0.0025,1334.495,1059.189,13.169,20.827,0.9295308641810478,0.0,Hit+Run
19519070.171,E17,P261,0.329714222408763,0.0025,5391.460,1059.189,1.9129,12.264,0.1690825537373199,0.0,Merge
19609151.553,E0,P76,0.03952713952713953,0.0025,2658.432,1059.189,5.9818,17.968,0.8975087410368969,0.0,Hit+Run
19616226.645,E34,P35,0.4454604741504168,0.0025,5960.237,1059.189,1.6657,11.888,0.845879333612929,0.0,Merge
19693311.312,E13,P299,0.2324052614052615,0.0025,4798.172,1059.189,2.6027,14.725,0.902724748250204,0.0,Hit+Run
19697493.74,E0,P76,0.03952713952713953,0.0025,2658.432,1059.189,1.6804,5.0478,0.92697042546899,0.0,Hit+Run
20102567.809,E13,P299,0.2324052614052615,0.0025,4798.172,1059.189,1.7047,9.6449,0.35945156037403764,0.0,Merge
20200803.925,P42,P76,0.007499833499833501,0.0025,1527.604,1059.189,9.4773,16.647,0.2570028545721501,0.0,Fragment
20255820.175,E6,P84,0.5161230436230434,0.0025,6260.056,1059.189,2.9174,21.940,0.6263266887832598,0.0,Merge
20501411.069,E6,P377,0.5186230436230433,0.0025,6270.147,1059.189,1.5507,11.682,0.638449403400173,0.0,Merge
20832432.956,E34,P401,0.4479604741504168,0.0025,5971.366,1059.189,1.2882,9.2124,0.8455227454010853,0.0,Merge
21006143.148,E34,P452,0.4504604741504168,0.0025,5982.454,1059.189,1.2304,8.8165,0.9912923008479215,0.0,Hit+Run
21120815.656,E34,P358,0.4504604741504168,0.0025,5982.454,1059.189,1.4905,10.680,0.8077825845442268,0.0,Merge
21502818.111,E34,P620,0.4529604741504168,0.0025,5993.501,1059.189,1.1609,8.3348,0.49782316472649496,0.0,Merge
21625097.46,E52,P420,0.4004144189144191,0.0025000000000000022,5752.152,1059.189,1.7589,12.086,0.3054542616456808,0.0,Merge
21676898.287,E52,P252,0.4029144189144191,0.0025,5764.099,1059.189,1.275,8.7805,0.3776959616554809,0.0,Merge
21884337.854,E0,FRAG0017,0.03952713952713953,0.007972693972693973,2658.432,1559.057,3.9972,11.984,0.19559300739909882,0.0264988344988345,Fragment
21976996.858,E1,P387,0.035,0.0025,2552.798,1059.189,1.2217,3.5169,0.43175791363670535,0.0,Merge
21986823.907,E52,P541,0.4054144189144191,0.0025,5775.996,1059.189,1.3495,9.3140,0.17644406249824995,0.0,Merge
22017470.979,E0,FRAG0019,0.021000999000999,0.006624708624708625,2153.147,1465.714,1.2207,3.0132,0.7192108131610463,0.0,Hit+Run
22115460.07,E6,P71,0.5211230436230433,0.005,6280.206,1334.495,1.8044,13.400,0.5791376879506888,0.0,Merge
22374373.322,E6,P42,0.5261230436230433,0.01,6300.228,1681.359,1.9375,14.186,0.018076006497694495,0.0,Merge
22912080.387,E6,P188,0.5361230436230433,0.0025,6339.894,1059.189,1.5673,11.947,0.6816229856970333,0.0,Merge
22913856.039,E13,P122,0.2349052614052615,0.0025,4815.315,1059.189,2.1496,12.208,0.348535239511112,0.0,Merge
23109968.186,E0,FRAG0019,0.021000999000999,0.006624708624708625,2153.147,1465.714,4.3171,10.656,0.6994575049239956,0.006770562770562771,Graze+Frag
23489305.069,P83,P190,0.0025,0.0025,1059.189,1059.189,9.0826,12.466,0.1328,0.0,Merge
23890064.383,E34,P621,0.4554604741504168,0.0025,6004.507,1059.189,1.0917,7.8534,0.9010547298044909,0.0,Hit+Run
23906386.924,E6,FRAG0022,0.5386230436230433,0.006624708624708625,6349.733,1465.714,1.4893,11.113,0.9561833368804464,0.0,Hit+Run
24280422.699,E37,P342,0.048181984681984674,0.0025,2839.806,1059.189,1.794,5.7787,0.6328571700998817,0.0,Merge
24387370.348,E34,P237,0.4554604741504168,0.0025,6004.507,1059.189,1.3003,9.3540,0.9243461445183049,0.0,Hit+Run
24388710.0,E75,FRAG0016,0.025,0.009318015318015318,2281.955,1642.233,1.1228,2.9665,0.38589007076130677,0.0,Merge
24541045.569,P87,P396,0.0025,0.0025,1059.189,1059.189,17.206,23.617,0.9113,0.0,Hit+Run
24796168.631,E13,P162,0.2374052614052615,0.0025,4832.337,1059.189,2.0732,11.819,0.9056028269954126,0.0,Hit+Run
24946268.714,E17,P115,0.332214222408763,0.0025,5405.052,1059.189,1.6885,10.855,0.8899941388993459,0.0,Hit+Run
25072602.612,E13,P348,0.2374052614052615,0.0025,4832.337,1059.189,2.7315,15.572,0.9941043622121547,0.0,Hit+Run
25276192.66,E41,E67,0.0403015318015318,0.03,2675.681,2424.939,1.0783,3.5765,0.4875966572606811,0.0,Merge
25568090.408,E17,P487,0.332214222408763,0.0025,5405.052,1059.189,4.1433,26.636,0.8894924511096619,0.0,Hit+Run
25591336.568,E17,P220,0.332214222408763,0.0025,5405.052,1059.189,2.0728,13.325,0.8968505386916934,0.0,Hit+Run
25713357.208,E34,P605,0.4554604741504168,0.0025,6004.507,1059.189,1.7907,12.881,0.38371330663561054,0.0,Merge
26158584.151,P86,FRAG0023,0.0025,0.006770562770562771,1059.189,1476.393,8.7118,14.882,0.3528985383808141,0.0,Fragment
26177566.923,E6,P220,0.5386230436230433,0.0025,6349.733,1059.189,1.0784,8.2339,0.9693106726686923,0.0,Hit+Run
26202236.378,E6,P437,0.5386230436230433,0.0025,6349.733,1059.189,1.491,11.384,0.48431252088866317,0.0,Merge
26205410.683,E6,P220,0.5411230436230432,0.0025,6359.542,1059.189,1.045,7.9920,0.4999351562444383,0.0,Merge
26441770.723,E6,P386,0.5436230436230431,0.0025,6369.321,1059.189,1.7348,13.289,0.936640775170626,0.0,Hit+Run
26654941.214,E17,P241,0.332214222408763,0.0025,5405.052,1059.189,1.0683,6.8679,0.8537053887788726,0.0,Hit+Run
26712110.069,E6,P95,0.5436230436230431,0.0025,6369.321,1059.189,1.4187,10.867,0.7127695682894009,0.0,Merge
26845845.725,E39,P524,0.0275,0.0025,2355.617,1059.189,3.1762,8.4109,0.4841187549908006,0.0,Merge
26906791.008,E13,P157,0.2374052614052615,0.0025,4832.337,1059.189,1.9821,11.300,0.6391959814124853,0.0,Merge
27148033.731,E6,P21,0.5461230436230431,0.005,6379.069,1334.495,1.1847,8.9466,0.778614532238242,0.0,Merge
27860410.381,E13,P247,0.2399052614052615,0.0025,4849.241,1059.189,2.0315,11.625,0.8829439695774083,0.0,Hit+Run
28435931.411,E52,FRAG0014,0.4079144189144191,0.010796869796869796,5787.844,1724.883,1.1623,7.7523,0.4083147358148285,0.0,Merge
28515919.702,E6,P386,0.5511230436230431,0.0025,6398.478,1059.189,1.5046,11.582,0.7084283400324246,0.0,Merge
29009465.172,E17,P272,0.332214222408763,0.0025,5405.052,1059.189,2.0568,13.222,0.5395652178050995,0.0,Merge
29245719.73,E6,P334,0.553623043623043,0.0025,6408.138,1059.189,1.9805,15.269,0.7770609626672593,0.0,Merge
29395619.879,E6,FRAG0003,0.556123043623043,0.007864801864801865,6417.770,1551.993,1.636,12.295,0.9135729621980092,0.0,Hit+Run
29488365.814,E6,P514,0.556123043623043,0.0025,6417.770,1059.189,2.3441,18.102,0.9298391699200588,0.0,Hit+Run
29893654.104,E17,P497,0.33471422240876303,0.0025,5418.576,1059.189,2.5135,16.202,0.815827146163034,0.0,Merge
29919566.342,E13,P540,0.2399052614052615,0.0025,4849.241,1059.189,1.2088,6.9174,0.8508533307872274,0.0,Hit+Run
29980372.182,E0,FRAG0003,0.020855144855144853,0.007864801864801865,2148.151,1551.993,1.4518,3.6136,0.46467927085685673,0.0,Merge
30003098.412,E17,FRAG0022,0.33721422240876303,0.006624708624708625,5432.034,1465.714,1.8578,11.718,0.20443714119621506,0.0,Merge
30234638.081,E6,P296,0.556123043623043,0.0025,6417.770,1059.189,1.2073,9.3232,0.422560531110168,0.0,Merge
30237405.364,E34,P490,0.4579604741504168,0.0025,6015.473,1059.189,1.3495,9.7268,0.631335914487285,0.0,Merge
30266715.292,E17,P508,0.34383893103347163,0.0025,5467.375,1059.189,1.8558,12.078,0.6746924089168788,0.0,Merge
30908212.92,E6,P305,0.5586230436230429,0.0025,6427.372,1059.189,1.4136,10.933,0.5946117746529651,0.0,Merge
30922898.486,P30,P416,0.005,0.0025,1334.495,1059.189,7.3805,11.671,0.47806196607404106,0.0,Fragment
30960621.144,E13,P191,0.2399052614052615,0.0025,4849.241,1059.189,1.6387,9.3776,0.31089345201331314,0.0,Merge
30983668.259,E6,P514,0.5611230436230429,0.0025,6436.946,1059.189,1.2206,9.4559,0.48765679791225924,0.0,Merge
31130694.232,E6,FRAG0021,0.5636230436230428,0.006624708624708625,6446.491,1465.714,1.2625,9.5757,0.837973175163534,0.0,Hit+Run
31278231.86,E17,P483,0.34633893103347163,0.0025,5480.593,1059.189,1.9826,12.936,0.33094159955222674,0.0,Merge
31290527.439,E41,P375,0.0703015318015318,0.0025,3220.936,1059.189,4.1334,15.230,0.9652740812587406,0.0,Hit+Run
31374615.923,E17,E39,0.34883893103347163,0.03,5493.749,2424.939,1.0561,6.5262,0.6586652917024807,0.0,Merge
31406459.114,P32,P509,0.0025,0.0025,1059.189,1059.189,9.2447,12.689,0.95945,0.0,Hit+Run
31816851.511,E52,P446,0.4187112887112889,0.0025,5838.465,1059.189,1.1844,8.2690,0.2505468434675067,0.0,Merge
32544881.633,E0,P189,0.028719946719946716,0.0025,2389.947,1059.189,4.7215,12.691,0.9937739011556629,0.0,Hit+Run
32603154.076,E6,FRAG0021,0.5636230436230428,0.006624708624708625,6446.491,1465.714,1.7251,13.084,0.9809622779746183,0.0,Hit+Run
32652522.076,E13,P504,0.2424052614052615,0.0025,4866.027,1059.189,1.4359,8.2476,0.8261677560597039,0.0,Hit+Run
32667311.56,E17,P504,0.37883893103347166,0.0025,5646.925,1059.189,0.9991,6.7311,0.6513304002614129,0.0,Perfect
32715318.153,E6,FRAG0021,0.5636230436230428,0.006624708624708625,6446.491,1465.714,1.0685,8.1042,0.2762011729513253,0.0,Merge
32891715.123,P1,P284,0.005527639027639028,0.0025,1379.877,1059.189,5.8464,9.4760,0.5871812507758642,0.0,Graze+Frag
32945564.158,E0,P331,0.028719946719946716,0.0025,2389.947,1059.189,3.5606,9.5706,0.5607734055259226,0.0,Merge
33231898.28,P30,P237,0.0075001665001665,0.0025,1527.627,1059.189,2.5156,4.4189,0.6696169641102153,0.0,Hit+Run
33270060.538,E6,P523,0.5702477522477515,0.0025,6471.650,1059.189,1.9264,15.009,0.5016043569529405,0.0,Merge
33493523.728,E17,P336,0.38133893103347166,0.0025,5659.319,1059.189,1.2627,8.5269,0.13368054579888158,0.0,Merge
33529182.472,E52,P511,0.4212112887112889,0.0025,5850.062,1059.189,1.8889,13.215,0.5602612435614387,0.0,Merge
33575946.784,E6,P194,0.5727477522477514,0.0025,6481.093,1059.189,1.5901,12.408,0.3214639085548301,0.0,Merge
33596569.491,E34,P566,0.4604604741504168,0.0025,6026.400,1059.189,1.2287,8.8733,0.8292520548640545,0.0,Merge
33895615.046,E6,P379,0.5752477522477514,0.0025,6490.510,1059.189,2.3964,18.729,0.832021884766141,0.0,Merge
33970115.291,E17,P424,0.38383893103347166,0.0025,5671.660,1059.189,2.8237,19.112,0.7430368863197957,0.0,Merge
34655946.706,E6,P247,0.5777477522477513,0.0025,6499.899,1059.189,2.7112,21.222,0.9237676035558604,0.0,Hit+Run
34728216.073,E17,P463,0.38633893103347167,0.0025,5683.946,1059.189,1.7203,11.671,0.4398373564627881,0.0,Merge
35355650.626,E6,P247,0.5777477522477513,0.0025,6499.899,1059.189,1.2602,9.8643,0.5424974225853042,0.0,Merge
35559248.554,E75,P162,0.034318015318015316,0.0025,2536.108,1059.189,1.948,5.5694,0.8580435187677827,0.0,Hit+Run
35630742.432,E13,P164,0.2424052614052615,0.0025,4866.027,1059.189,3.0321,17.415,0.9855705010410046,0.0,Hit+Run
35704176.001,E17,E41,0.38883893103347167,0.0703015318015318,5696.180,3220.936,1.3414,8.5995,0.4062715574976968,0.022395351315351315,Fragment
35737806.312,E34,P675,0.4629604741504168,0.0025,6037.287,1059.189,1.1107,8.0366,0.34897529340214056,0.0,Merge
35900172.297,E13,FRAG0024,0.2424052614052615,0.0055987345987345985,4866.027,1385.767,1.0735,6.0406,0.8090852693565693,0.0,Hit+Run
36013111.745,E6,P367,0.5802477522477513,0.0025,6509.260,1059.189,2.2291,17.475,0.8703725694720579,0.0,Hit+Run
36035699.318,E6,P367,0.5802477522477513,0.0025,6509.260,1059.189,1.0225,8.0159,0.9519914991587164,0.0,Hit+Run
36182398.838,E17,P464,0.4367455244400651,0.0025,5921.112,1059.189,1.8253,12.936,0.9731240679807347,0.0,Hit+Run
36431540.692,E13,P439,0.2424052614052615,0.0025,4866.027,1059.189,1.8182,10.443,0.5745397237965894,0.0,Merge
36438945.965,E17,P425,0.4367455244400651,0.0025,5921.112,1059.189,3.1479,22.309,0.9053480803311001,0.0,Hit+Run
36584375.486,E34,P138,0.4654604741504168,0.0025000000000000022,6048.134,1059.189,1.7869,12.954,0.47892707484295693,0.0,Merge
36627680.794,E17,P464,0.4367455244400651,0.0025,5921.112,1059.189,1.1967,8.4812,0.7187308427476261,0.0,Merge
37229097.324,P86,P156,0.00927039627039627,0.0025,1639.431,1059.189,3.7855,7.0632,0.8810066985500393,0.0,Hit+Run
37229584.236,E17,FRAG0026,0.4392455244400651,0.0055987345987345985,5932.389,1385.767,1.3328,9.2837,0.8006689080788175,0.0,Merge
37764389.161,E6,P115,0.5802477522477513,0.0025,6509.260,1059.189,2.0229,15.858,0.6674003101880602,0.0,Merge
37835596.117,E34,P586,0.4679604741504168,0.0025,6058.943,1059.189,1.2877,9.3529,0.851368597956801,0.0,Hit+Run
37931461.691,E6,FRAG0018,0.5827477522477512,0.009567099567099568,6518.595,1656.738,1.9703,14.983,0.6480853886714193,0.0,Merge
38236902.68,E6,P177,0.5923148518148508,0.0025,6554.074,1059.189,1.7984,14.201,0.6864623009866435,0.0,Merge
38383189.795,P156,P343,0.0025,0.0025,1059.189,1059.189,8.2487,11.322,0.8222,0.0,Hit+Run
39671456.689,E6,P425,0.5948148518148507,0.0025,6563.282,1059.189,2.1037,16.637,0.45308124033792896,0.0,Merge
39796577.312,E34,P465,0.4679604741504168,0.0025,6058.943,1059.189,1.2208,8.8670,0.8849909331090643,0.0,Hit+Run
40312722.889,E6,P367,0.5973148518148507,0.0025,6572.465,1059.189,1.1352,8.9914,0.3090886193240396,0.0,Merge
40482740.388,E0,P189,0.031219946719946715,0.0025,2457.373,1059.189,8.3565,23.118,0.6765779038831397,0.009245421245421246,Fragment
40663864.941,E52,P280,0.4237112887112889,0.0025,5861.613,1059.189,1.4331,10.047,0.9983066154147608,0.0,Hit+Run
40953171.761,E34,P626,0.4679604741504168,0.0025,6058.943,1059.189,1.2423,9.0232,0.5697070612002468,0.0,Merge
41283808.776,E13,P264,0.2449052614052615,0.0025000000000000022,4882.698,1059.189,1.9126,11.026,0.59009282856782,0.0,Merge
41555463.587,E6,P573,0.5998148518148506,0.0025,6581.621,1059.189,4.0178,31.870,0.8730058934681053,0.0,Hit+Run
41578199.108,E6,FRAG0027,0.5998148518148506,0.0055987345987345985,6581.621,1385.767,1.8179,14.157,0.6704384365179908,0.0,Merge
41625928.123,E6,P573,0.6054135864135852,0.0025,6602.036,1059.189,1.062,8.4518,0.34004524011535353,0.0,Merge
41775699.076,E0,FRAG0028,0.024474525474525468,0.009245421245421246,2265.854,1637.957,2.9212,7.6703,0.9013936550991295,0.0,Hit+Run
42078585.523,E34,P152,0.4704604741504168,0.0025,6069.714,1059.189,1.886,13.724,0.8621511023234371,0.0,Hit+Run
42088970.681,E0,FRAG0028,0.024474525474525468,0.009245421245421246,2265.854,1637.957,2.5438,6.6794,0.7277897644100443,0.0,Hit+Run
42820583.079,P1,P333,0.008027639027639028,0.0025,1562.631,1059.189,11.729,20.998,0.16712115388278317,0.010486799866799866,Fragment
42847979.724,E6,P586,0.6079135864135852,0.0025,6611.111,1059.189,1.0522,8.3861,0.5797208362817566,0.0,Merge
42931845.67,E13,P215,0.2474052614052615,0.0025,4899.256,1059.189,3.1243,18.077,0.6001509490992407,0.0,Merge
43664970.777,E52,P808,0.4237112887112889,0.0025,5861.613,1059.189,2.5811,18.096,0.5487425605558867,0.0,Merge
43799355.783,P30,P568,0.0075001665001665,0.0025,1527.627,1059.189,4.2319,7.4338,0.8468980405948142,0.0,Hit+Run
44421994.118,E6,FRAG1002,0.6104135864135851,0.007378020688078159,6620.161,1519.289,2.4119,18.773,0.9977272816700041,0.0,Hit+Run
44517298.319,E17,P322,0.4448442590387997,0.0025,5957.488,1059.189,1.9101,13.626,0.9314892512612502,0.0,Hit+Run
44542946.342,E17,P86,0.4448442590387997,0.00927039627039627,5957.488,1639.431,2.1862,15.101,0.8836341448442235,0.0,Hit+Run
44594592.744,P156,P569,0.0025,0.0025,1059.189,1059.189,14.201,19.492,0.86235,0.0,Graze+Frag
44805719.949,E6,P681,0.6104135864135851,0.0025,6620.161,1059.189,2.0269,16.178,0.4385365315427469,0.0,Merge
44822686.255,P30,P328,0.0075001665001665,0.0025,1527.627,1059.189,8.1325,14.285,0.9518966262009492,0.0,Hit+Run
46286699.986,E52,P423,0.4262112887112889,0.0025,5873.119,1059.189,1.8042,12.676,0.9007533036021118,0.0,Hit+Run
46540603.713,E6,P712,0.6129135864135851,0.0025,6629.187,1059.189,2.383,19.047,0.9480272808421836,0.0,Hit+Run
47649491.868,E34,P604,0.4704604741504168,0.0025,6069.714,1059.189,1.5663,11.398,0.7429518584707004,0.0,Merge
48196819.999,E6,P509,0.6129135864135851,0.0025,6629.187,1059.189,3.0592,24.452,0.6033057648069813,0.0,Merge
48238600.177,E52,P164,0.4262112887112889,0.0025,5873.119,1059.189,1.0689,7.5099,0.24060754159424355,0.0,Merge
48251939.407,E17,P328,0.4448442590387997,0.0025,5957.488,1059.189,1.3795,9.8408,0.7145577922354098,0.0,Merge
49041435.86,E6,P375,0.615413586413585,0.0025,6638.187,1059.189,1.5497,12.405,0.9544998974800827,0.0,Hit+Run
49416183.481,E6,FRAG1001,0.615413586413585,0.005586643392102861,6638.187,1384.769,1.7207,13.525,0.8518073920677468,0.0,Hit+Run
49706812.185,E34,P596,0.4729604741504168,0.0025,6080.446,1059.189,1.4706,10.721,0.5499933179413667,0.0,Merge
49775107.815,E6,P375,0.615413586413585,0.0025,6638.187,1059.189,1.1247,9.0029,0.6316188334969395,0.0,Merge
50099169.322,E17,P350,0.4473442590387997,0.0025,5968.627,1059.189,2.6859,19.198,0.9636849081814659,0.0,Hit+Run
50338568.882,E17,P594,0.4473442590387997,0.0025,5968.627,1059.189,3.2395,23.155,0.7319996671909805,0.0,Merge
51051406.294,E13,P254,0.2499052614052615,0.0025,4915.703,1059.189,2.5895,15.036,0.8021583801108729,0.0,Merge
51156149.007,E47,P465,0.025,0.0025,2281.955,1059.189,4.0696,10.431,0.526718793133674,0.0,Merge
51177248.724,E34,P712,0.4754604741504168,0.0025,6091.141,1059.189,1.3661,9.9786,0.622715802275681,0.0,Merge
51473495.188,E34,P527,0.4779604741504168,0.0025,6101.798,1059.189,2.0178,14.766,0.6411968646136391,0.0,Merge
51591586.85,E6,P83,0.617913586413585,0.005,6647.164,1334.495,1.505,11.878,0.913503526105427,0.0,Hit+Run
51686508.592,E6,P83,0.617913586413585,0.005,6647.164,1334.495,1.0689,8.4364,0.05663072274151613,0.0,Merge
52016938.554,E6,P489,0.622913586413585,0.0025,6665.045,1059.189,1.1895,9.5626,0.7173075388561023,0.0,Merge
54933444.739,E6,P452,0.6254135864135849,0.0025,6673.950,1059.189,1.6511,13.292,0.4748404035065107,0.0,Merge
55011811.705,E13,FRAG1002,0.2524052614052615,0.007378020688078159,4932.040,1519.289,1.3997,7.9354,0.8801686590968794,0.0,Hit+Run
55286888.48,E6,P322,0.6279135864135849,0.0025,6682.831,1059.189,2.5853,20.842,0.45524612868657494,0.0,Merge
57008889.259,E13,P260,0.2524052614052615,0.0025,4932.040,1059.189,2.2043,12.845,0.5232322454787853,0.0,Merge
58084455.941,E17,FRAG0025,0.4498442590387997,0.0055987345987345985,5979.725,1385.767,2.5499,17.914,0.6565485546064672,0.0,Merge
60061730.134,E6,P228,0.6304135864135848,0.0025,6691.688,1059.189,3.0165,24.353,0.7021591513687032,0.0,Merge
60578304.467,E13,FRAG1002,0.2549052614052615,0.007378020688078159,4948.270,1519.289,1.3113,7.4606,0.7735833175568412,0.0,Hit+Run
61165536.466,P32,P518,0.0025,0.0025,1059.189,1059.189,4.5495,6.2445,0.98605,0.0,Hit+Run
61217980.54,E6,P240,0.6329135864135848,0.0025,6700.522,1059.189,3.3598,27.162,0.558339997222454,0.0,Merge
61378620.056,E13,P477,0.2549052614052615,0.0025,4948.270,1059.189,2.7791,16.252,0.6331686391302451,0.0,Merge
61378851.617,E13,FRAG1002,0.2574052614052615,0.007378020688078159,4964.394,1519.289,2.4837,14.180,0.874860259173014,0.0,Hit+Run
62221210.699,E13,P93,0.2574052614052615,0.0025,4964.394,1059.189,1.9028,11.166,0.8229232978267567,0.0,Merge
63141407.428,E6,P169,0.6354135864135847,0.0025,6709.333,1059.189,1.4932,12.088,0.4484102983161174,0.0,Merge
63416895.717,E52,P518,0.4287112887112889,0.0025,5884.580,1059.189,1.5859,11.165,0.3163575036091816,0.0,Merge
63867727.556,E17,E0,0.4554429936375343,0.024474525474525468,6004.431,2265.854,1.4219,9.6771,0.9866675238496044,0.0,Hit+Run
64409868.508,E17,P274,0.4554429936375343,0.0025,6004.431,1059.189,3.3398,24.025,0.22560327031063887,0.0,Merge
64945255.247,P30,FRAG0010,0.0075001665001665,0.008097236097236098,1527.627,1567.133,2.8201,5.6563,0.6740343094021639,0.0,Hit+Run
65094189.43,E17,P156,0.4579429936375343,0.005,6015.397,1334.495,2.3951,16.982,0.5476137317994819,0.0,Merge
65364076.953,E34,E0,0.4804604741504168,0.024474525474525468,6112.418,2265.854,1.1738,8.1412,0.39841049330780137,0.0,Merge
66519671.197,E6,FRAG0028,0.6379135864135846,0.009245421245421246,6718.120,1637.957,1.6318,12.830,0.8499677285301914,0.0,Hit+Run
66713459.7,E6,FRAG1002,0.6379135864135846,0.007378020688078159,6718.120,1519.289,1.919,15.174,0.4752281287124669,0.0,Merge
66811739.396,E6,FRAG0028,0.6452916071016628,0.009245421245421246,6743.921,1637.957,1.1807,9.3216,0.6912176473964047,0.0,Merge
67175789.418,E37,P431,0.050681984681984676,0.0025,2888.096,1059.189,2.9461,9.6613,0.31168985055737597,0.0,Merge
67545971.342,E6,P400,0.654537028347084,0.0025,6775.977,1059.189,1.8847,15.419,0.5833183279825365,0.0,Merge
67772861.895,E17,P398,0.46294299363753433,0.0025,6037.211,1059.189,1.53,11.070,0.8465740177915013,0.0,Merge
67897139.649,E6,P348,0.657037028347084,0.0025,6784.593,1059.189,3.01,24.659,0.5882622867678023,0.0,Merge
68441550.931,E6,P162,0.6595370283470839,0.0025,6793.187,1059.189,2.4449,20.056,0.7285974857190216,0.0,Merge
68522139.734,E34,FRAG0012,0.5049349996249423,0.0078015318015318014,6214.492,1547.820,1.3114,9.5223,0.6775461515999475,0.0,Merge
71673142.554,E52,P525,0.4312112887112889,0.0025,5895.996,1059.189,3.3204,23.425,0.8856049509783082,0.0,Hit+Run
72070541.072,E34,P525,0.512736531426474,0.0025,6246.335,1059.189,1.0661,7.9989,0.6892277655690958,0.0,Merge
72253139.222,E52,P600,0.4312112887112889,0.0025,5895.996,1059.189,1.0477,7.3916,0.8270280369239374,0.0,Merge
72293126.653,E17,P496,0.46544299363753433,0.0025,6048.059,1059.189,2.2113,16.030,0.6458014907905936,0.0,Merge
73556885.873,E17,P617,0.46794299363753433,0.0025,6058.868,1059.189,2.9415,21.364,0.5720042369246365,0.0,Merge
74593168.072,E34,P280,0.515236531426474,0.0025,6256.470,1059.189,1.943,14.603,0.992136180795344,0.0,Hit+Run
76886901.929,P30,P522,0.0075001665001665,0.0025,1527.627,1059.189,5.2538,9.2289,0.34121587605863163,0.009532700632700633,Fragment
79919694.894,E52,P422,0.4337112887112889,0.0025,5907.368,1059.189,1.1339,8.0162,0.7183923995738739,0.0,Merge
80279332.5,E6,P319,0.6620370283470839,0.0025,6801.759,1059.189,2.8279,23.229,0.6423684938268095,0.0,Merge
83624803.704,E6,P280,0.6645370283470838,0.0025,6810.310,1059.189,1.5723,12.932,0.9022719759887284,0.0,Hit+Run
84432119.286,E17,E13,0.47044299363753433,0.2599052614052615,6069.638,4980.415,1.1469,8.3303,0.8075601342703079,0.006060685980685981,Hit+Run
87588944.704,E17,P257,0.47044299363753433,0.0025,6069.638,1059.189,2.1562,15.690,0.7134061616286815,0.0,Merge
88159512.633,E34,FRAG0020,0.515236531426474,0.006624708624708625,6256.470,1465.714,1.3428,9.8622,0.6032706817150884,0.0,Merge
89226560.204,E17,P473,0.47294299363753434,0.0025,6080.371,1059.189,3.0933,22.552,0.8431285066066775,0.0,Merge
90064390.914,E17,P87,0.47544299363753434,0.0025,6091.066,1059.189,3.8766,28.316,0.6106181624315037,0.0,Merge
91141265.227,E52,P221,0.4362112887112889,0.0025,5918.697,1059.189,1.6511,11.696,0.6312361324348065,0.0,Merge
91603314.477,E6,P407,0.6645370283470838,0.0025,6810.310,1059.189,4.2567,35.013,0.837626170688174,0.0,Merge
94704563.884,E34,P281,0.5218612400511826,0.0025,6283.170,1059.189,2.5313,19.111,0.8190312313832735,0.0,Merge
108074230.487,E17,P475,0.47794299363753434,0.0025,6101.723,1059.189,2.184,15.982,0.5578615684795726,0.0,Merge
120257326.051,E34,E17,0.5243612400511826,0.48044299363753434,6293.188,6112.344,1.4373,11.556,0.8660942333958825,0.0,Hit+Run
126833212.041,E17,P310,0.48044299363753434,0.0025,6112.344,1059.189,1.553,11.385,0.6535485205770729,0.0,Merge
136555207.791,E6,P384,0.6670370283470838,0.0025,6818.840,1059.189,3.4387,28.322,0.8851994348461761,0.0,Hit+Run
140189577.383,E6,E34,0.6670370283470838,0.5243612400511826,6818.840,6293.188,1.2646,10.769,0.9184508474502576,0.0,Hit+Run
141582896.457,E6,E34,0.6670370283470838,0.5243612400511826,6818.840,6293.188,1.0421,8.8748,0.5628443192318746,0.058068491508491506,Graze+Merge
147081960.13,E6,P1,1.1913982683982662,0.01052780552780553,8273.314,1710.434,2.5094,24.599,0.3894787158229667,0.058068491508491506,Merge
154009158.373,E6,P219,1.2019260739260718,0.0025,8297.611,1059.189,3.2459,32.901,0.7706291983382583,0.0,Merge
155016168.702,E6,P419,1.2044260739260717,0.0025,8303.360,1059.189,3.0715,31.156,0.3040188672738406,0.0,Merge
183849751.269,E13,P540,0.2599052614052615,0.0025,4980.415,1059.189,2.7732,16.331,0.7705304943968233,0.0,Merge
