time_yr,target,projectile,Mt_Mearth,Mp_Mearth,Rt_km,Rp_km,vimp/vesc,vimp_km/s,b,m_frag_Mearth,Regime
13357.534,E7,P460,0.024059999999999998,0.0024355585714285716,2252.988,1050.009,1.293,3.2718,0.7589089929627214,0.0,Hit+Run
13691.298,M0,P99,0.05,0.0024355585714285716,2875.083,1050.009,1.732,5.6557,0.3070589499497747,0.0,Merge
91597.981,M2,P248,0.05,0.0024355585714285716,2875.083,1050.009,1.7671,5.7704,0.7270675422713415,0.0,Merge
281914.886,E0,M2,0.4524555555544456,0.05243555857142857,5991.273,2921.028,1.006,6.7648,0.8011174421081056,0.0,Graze+Merge
330782.039,E8,E7,0.11363999999999999,0.024059999999999998,3780.108,2252.988,3.6752,15.686,0.9178504031408757,0.0,Hit+Run
344385.423,E0,P574,0.5048911141258742,0.0024355585714285716,6214.312,1050.009,2.1226,15.847,0.39291121653944655,0.0,Merge
442826.778,M0,P848,0.05243555857142857,0.0024355585714285716,2921.028,1050.009,8.9962,29.876,0.8613677611705012,0.0,Hit+Run
460866.127,E1,E6,0.23462666666666668,0.08018000000000002,4813.411,3365.238,1.149,6.3688,0.3936702074318498,0.020940059940059944,Fragment
471197.335,E1,FRAG0001,0.29386660672660675,0.006980019980019981,5188.525,1491.463,1.0373,6.2193,0.9337807176939872,0.0,Hit+Run
501226.464,E17,P218,0.040959999999999996,0.0024355585714285716,2690.174,1050.009,3.22,9.7991,0.983375774691374,0.0,Hit+Run
534442.463,E0,P59,0.5073266726973027,0.0024355585714285716,6224.289,1050.009,2.3929,17.896,0.6567150869874525,0.0,Merge
572890.312,E1,FRAG0003,0.29386660672660675,0.006980019980019981,5188.525,1491.463,1.1762,7.0521,0.09545969905555735,0.0,Merge
628322.005,E0,P572,0.5097622312687312,0.0024355585714285716,6234.233,1050.009,2.1376,16.014,0.9582117858211225,0.0,Hit+Run
671772.414,E3,E12,0.40336,0.09854,5766.223,3604.663,1.0573,6.9131,0.8849730811040835,0.0,Hit+Run
682483.317,M1,P536,0.05,0.0024355585714285716,2875.083,1050.009,4.5793,14.953,0.5235823888933658,0.0,Merge
686708.121,E1,P622,0.3008466267066267,0.0024355585714285716,5229.284,1050.009,1.0058,6.2450,0.37466870131332597,0.0,Merge
748636.752,M0,P848,0.05243555857142857,0.0024355585714285716,2921.028,1050.009,1.3763,4.5707,0.37750122547626064,0.0,Merge
784056.837,E12,P466,0.09854,0.0024355585714285716,3604.663,1050.009,1.9214,7.9953,0.382020464987589,0.0,Merge
847747.353,E3,P137,0.40336,0.0024355585714285716,5766.223,1050.009,1.1778,8.1191,0.4780489039897755,0.0,Merge
851670.094,M0,P652,0.05487111714285714,0.0024355585714285716,2965.571,1050.009,2.099,7.0843,0.35256759907172425,0.0,Merge
979488.557,E4,P311,0.0574,0.0024355585714285716,3010.448,1050.009,4.0857,14.012,0.9077034301547727,0.0,Hit+Run
1042238.466,E8,P62,0.11363999999999999,0.0024355585714285716,3780.108,1050.009,4.32,18.920,0.8767602001312286,0.0,Hit+Run
1048682.617,E4,FRAG0002,0.0574,0.006980019980019981,3010.448,1491.463,4.1175,13.911,0.7760982650851193,0.0,Hit+Run
1073091.148,M0,P643,0.05730667571428571,0.0024355585714285716,3008.815,1050.009,6.361,21.803,0.4138689342328491,0.007421631701631702,Fragment
1079655.91,M1,P745,0.05243555857142857,0.0024355585714285716,2921.028,1050.009,6.1229,20.334,0.597367001576912,0.005907092907092908,Fragment
1107265.231,M0,FRAG0004,0.052320655864135854,0.007421578421578421,2918.893,1522.273,1.1518,3.7742,0.640344777740644,0.0,Merge
1116023.424,E0,P121,0.5097622312687312,0.0024355585714285716,6234.233,1050.009,1.876,14.054,0.533366903290214,0.0,Merge
1220527.946,M1,P743,0.04896402423576423,0.0024355585714285716,2855.088,1050.009,3.9135,12.684,0.4466401048056174,0.0,Merge
1439029.599,M0,P472,0.05974223428571428,0.0024355585714285716,3050.851,1050.009,3.6613,12.737,0.6366756605015419,0.0,Merge
1478578.788,M1,P367,0.0513995828071928,0.0024355585714285716,2901.663,1050.009,2.8348,9.3480,0.11829368168021107,0.0,Merge
1718135.844,E8,P391,0.11363999999999999,0.0024355585714285716,3780.108,1050.009,1.8529,8.1152,0.9963433105302747,0.0,Hit+Run
1776276.49,M1,FRAG0005,0.053835141378621366,0.005907092907092908,2946.789,1410.755,4.2849,14.174,0.6960640477395948,0.0,Hit+Run
1779483.415,E10,E9,0.14002,0.07894000000000001,4052.507,3347.800,1.2922,6.2797,0.6318363295546561,0.010633286713286713,Hit+Run
1829015.029,E12,P208,0.10097555857142858,0.0024355585714285716,3634.120,1050.009,2.1061,8.8410,0.7801038369899016,0.0,Hit+Run
1853091.572,E10,P125,0.14002,0.0024355585714285716,4052.507,1050.009,2.1427,10.115,0.7645135790311653,0.0,Merge
1867953.521,M3,P645,0.05,0.0024355585714285716,2875.083,1050.009,3.2984,10.770,0.5782992389917632,0.0,Merge
1963717.256,M1,M3,0.053835141378621366,0.05243555857142857,2946.789,2921.028,2.2967,8.7323,0.10053946086018065,0.05774225774225774,Fragment
1964014.094,P18,P537,0.0024355585714285716,0.0024355585714285716,1050.009,1050.009,1.2642,1.7201,0.3866,0.0,Merge
1964280.878,P18,P510,0.004871117142857143,0.0024355585714285716,1322.929,1050.009,2.1951,3.4413,0.5214917353535368,0.0,Merge
1964398.668,P18,P489,0.007306675714285714,0.0024355585714285716,1514.376,1050.009,1.3028,2.2686,0.4769212643708862,0.0,Merge
1964503.562,P18,P196,0.009742234285714286,0.0024355585714285716,1666.786,1050.009,1.0055,1.9019,0.6267636451091015,0.0,Graze+Merge
1964633.888,P18,P480,0.012177792857142858,0.0024355585714285716,1795.491,1050.009,2.3382,4.7340,0.5586181336588383,0.0,Merge
1964852.56,P18,P517,0.01461335142857143,0.0024355585714285716,1907.994,1050.009,2.8438,6.0996,0.9725726462841402,0.0,Hit+Run
1964859.718,P18,P733,0.01461335142857143,0.0024355585714285716,1907.994,1050.009,1.5118,3.2426,0.7972541390152521,0.0,Hit+Run
1964916.958,P18,P812,0.01461335142857143,0.0024355585714285716,1907.994,1050.009,1.4279,3.0626,0.9283237515135526,0.0,Hit+Run
1965037.137,P18,P829,0.01461335142857143,0.0024355585714285716,1907.994,1050.009,1.2929,2.7731,0.7161096643484895,0.0,Hit+Run
1965113.508,P18,P267,0.01461335142857143,0.0024355585714285716,1907.994,1050.009,1.4278,3.0624,0.9739917070493777,0.0,Hit+Run
1965136.857,P18,P812,0.01461335142857143,0.0024355585714285716,1907.994,1050.009,0.9933,2.1305,0.7278491670427271,0.0,Perfect
1966281.53,P18,P284,0.01704891,0.0024355585714285716,2008.596,1050.009,1.2104,2.7294,0.7955302372110807,0.0,Hit+Run
1967234.194,P18,P161,0.01704891,0.0024355585714285716,2008.596,1050.009,1.3434,3.0293,0.5222760423097016,0.0,Merge
1967638.532,P18,P653,0.019484468571428572,0.0024355585714285716,2100.019,1050.009,1.8094,4.2643,0.4992666666666667,0.0,Merge
1967931.504,P18,P284,0.021920027142857144,0.0024355585714285716,2184.108,1050.009,1.1952,2.9303,0.5725477508063541,0.0,Merge
1968603.91,P18,P267,0.024355585714285716,0.0024355585714285716,2262.177,1050.009,1.5676,3.9831,0.46258640895933273,0.0,Merge
1969085.044,P18,P260,0.02679114428571429,0.0024355585714285716,2335.201,1050.009,1.517,3.9823,0.6138747222375512,0.0,Merge
1970476.624,P18,P698,0.02922670285714286,0.0024355585714285716,2403.922,1050.009,1.1647,3.1505,0.9880356700784247,0.0,Hit+Run
1971730.816,P18,P25,0.02922670285714286,0.0024355585714285716,2403.922,1050.009,1.6882,4.5666,0.5959812230826677,0.0,Merge
1971741.432,P18,P753,0.03166226142857143,0.0024355585714285716,2468.924,1050.009,1.0622,2.9540,0.6562171607279554,0.0,Merge
1974657.468,P18,P698,0.03409782,0.0024355585714285716,2530.673,1050.009,1.0352,2.9542,0.8597700146325946,0.0,Graze+Merge
1974719.872,P18,P496,0.03653337857142857,0.0024355585714285716,2589.547,1050.009,1.285,3.7566,0.7977345062689015,0.0,Hit+Run
1978538.491,P18,P387,0.03653337857142857,0.0024355585714285716,2589.547,1050.009,1.8441,5.3910,0.8437685970248755,0.0,Hit+Run
1979413.646,P18,P138,0.03653337857142857,0.0024355585714285716,2589.547,1050.009,1.0814,3.1613,0.2969092128665828,0.0,Merge
1979725.58,P18,P387,0.03896893714285714,0.0024355585714285716,2645.859,1050.009,1.0659,3.1874,0.9988185827530897,0.0,Hit+Run
1981797.711,P18,P41,0.03896893714285714,0.0024355585714285716,2645.859,1050.009,1.1102,3.3198,0.8748253355248535,0.0,Hit+Run
1985372.135,P18,P607,0.03896893714285714,0.0024355585714285716,2645.859,1050.009,1.7241,5.1556,0.4739233814381776,0.0,Merge
1985501.057,P18,P844,0.041404495714285706,0.0024355585714285716,2699.871,1050.009,1.8102,5.5298,0.9944480833735022,0.0,Hit+Run
1989777.875,P18,P844,0.041404495714285706,0.0024355585714285716,2699.871,1050.009,1.1484,3.5081,0.729996316052993,0.0,Hit+Run
1989968.827,P18,P164,0.041404495714285706,0.0024355585714285716,2699.871,1050.009,1.0214,3.1201,0.9356250248652377,0.0,Graze+Merge
1993688.685,P18,P309,0.043840054285714275,0.0024355585714285716,2751.804,1050.009,1.516,4.7253,0.5684830997054392,0.0,Merge
1997838.45,P18,P829,0.046275612857142844,0.0024355585714285716,2801.848,1050.009,1.2205,3.8777,0.42589370383447905,0.0,Merge
1998568.631,P18,P733,0.04871117142857141,0.0024355585714285716,2850.165,1050.009,1.0524,3.4049,0.3743779748321252,0.0,Merge
2001105.211,P18,P387,0.05114672999999998,0.0024355585714285716,2896.897,1050.009,1.5569,5.1250,0.4880876791347719,0.0,Merge
2019418.068,P18,P521,0.05358228857142855,0.0024355585714285716,2942.168,1050.009,1.7205,5.7579,0.4738802345058432,0.0,Merge
2023338.532,M1,FRAG0007,0.0485284422077922,0.005774225774225774,2846.596,1400.098,1.0081,3.2206,0.6491940551184788,0.0,Merge
2024576.373,P18,P517,0.05601784714285712,0.0024355585714285716,2986.088,1050.009,1.5373,5.2268,0.9835503629110139,0.0,Hit+Run
2025855.331,P18,P517,0.05601784714285712,0.0024355585714285716,2986.088,1050.009,1.0735,3.6499,0.9506272463550187,0.0,Hit+Run
2032634.968,P18,P517,0.05601784714285712,0.0024355585714285716,2986.088,1050.009,1.1334,3.8535,0.9681615803410206,0.0,Hit+Run
2033608.304,M1,FRAG0006,0.05430266798201797,0.005774225774225774,2955.295,1400.098,1.0792,3.5809,0.3917872429145762,0.0,Merge
2034319.613,P18,P517,0.05601784714285712,0.0024355585714285716,2986.088,1050.009,1.0018,3.4061,0.9032031616080682,0.0,Graze+Merge
2059453.316,E0,P755,0.5121977898401597,0.0024355585714285716,6244.146,1050.009,1.6547,12.417,0.995926009978854,0.0,Hit+Run
2162745.732,M0,P635,0.062177792857142845,0.0024355585714285716,3091.758,1050.009,4.8037,16.951,0.4337811209845355,0.0,Merge
2172265.431,M1,FRAG0015,0.06007689375624375,0.005774225774225774,3056.537,1400.098,1.2407,4.2609,0.8069589434195218,0.0,Hit+Run
2198951.68,M1,FRAG0012,0.06007689375624375,0.005774225774225774,3056.537,1400.098,1.2503,4.2938,0.9020163202323261,0.0,Hit+Run
2220606.843,E3,P249,0.40579555857142857,0.0024355585714285716,5777.805,1050.009,1.2863,8.8861,0.9544468542921661,0.0,Hit+Run
2240651.696,E3,P129,0.40579555857142857,0.0024355585714285716,5777.805,1050.009,1.4152,9.7765,0.6469320153438789,0.0,Merge
2250512.488,E15,P592,0.11428,0.0024355585714285716,3787.191,1050.009,1.9465,8.5423,0.2676838681840842,0.0,Merge
2257540.714,E0,M4,0.5121977898401597,0.05,6244.146,2875.083,1.5794,11.079,0.5659920065212906,0.012086580086580088,Fragment
2277507.494,E10,P801,0.14245555857142858,0.0024355585714285716,4075.869,1050.009,1.5717,7.4655,0.697510135197464,0.0,Merge
2278862.684,E0,P276,0.5501112097535797,0.0024355585714285716,6394.560,1050.009,1.3453,10.354,0.9821306106050006,0.0,Hit+Run
2292425.609,E1,FRAG0001,0.3032821852780553,0.006980019980019981,5243.357,1491.463,1.4973,9.0796,0.43567345215727826,0.0,Merge
2316270.926,M1,FRAG0013,0.06007689375624375,0.005774225774225774,3056.537,1400.098,1.4592,5.0112,0.4693886629919435,0.0,Merge
2319886.049,E0,FRAG0016,0.5501112097535797,0.006043290043290044,6394.560,1421.515,1.1999,9.0428,0.5198393159967831,0.0,Merge
2375787.902,E0,FRAG0017,0.5561544997968698,0.006043290043290044,6417.891,1421.515,1.1827,8.9481,0.7806023201440241,0.0,Merge
2388654.168,M0,P385,0.06461335142857141,0.0024355585714285716,3131.611,1050.009,9.0505,32.378,0.719616947120426,0.00626939726939727,Fragment
2401095.188,M0,FRAG0018,0.06077951273060272,0.00626939726939727,3068.406,1439.027,1.1117,3.8306,0.44330018441455843,0.0,Merge
2419204.801,E8,P815,0.11363999999999999,0.0024355585714285716,3780.108,1050.009,1.7864,7.8239,0.92692562798842,0.0,Hit+Run
2449772.101,M0,P705,0.06704890999999999,0.0024355585714285716,3170.475,1050.009,6.7576,24.496,0.12635371073771995,0.007370296370296371,Fragment
2450794.321,E4,P113,0.0574,0.0024355585714285716,3010.448,1050.009,2.8862,9.8986,0.489846978929395,0.0,Merge
2485454.414,E0,P464,0.5621977898401599,0.0024355585714285716,6441.053,1050.009,2.3664,18.355,0.23929115224146003,0.0,Merge
2495922.411,M0,FRAG0019,0.062114172201132196,0.007370296370296371,3090.704,1518.758,1.0618,3.6831,0.7363571894130629,0.0,Graze+Merge
2526797.627,E10,P218,0.14489111714285716,0.0024355585714285716,4098.967,1050.009,1.5278,7.3013,0.654770933135288,0.0,Merge
2546459.8,P18,P496,0.058453405714285686,0.0024355585714285716,3028.752,1050.009,0.9942,3.4319,0.96340584707694,0.0,Perfect
2598861.548,E8,P230,0.11363999999999999,0.0024355585714285716,3780.108,1050.009,2.0407,8.9377,0.8480383405000439,0.0,Hit+Run
2678217.391,E0,FRAG0015,0.5646333484115884,0.005774225774225774,6450.341,1400.098,1.1282,8.5918,0.7314359865346103,0.0,Merge
2799156.913,E9,P670,0.07894000000000001,0.0024355585714285716,3347.800,1050.009,2.2371,8.5974,0.782861863285028,0.0,Hit+Run
2802028.516,E7,P714,0.024059999999999998,0.0024355585714285716,2252.988,1050.009,2.0797,5.2624,0.7960154545995828,0.0,Hit+Run
2802046.418,E10,E11,0.14732667571428573,0.020565714285714288,4121.806,2138.167,1.1619,5.3759,0.6123475926715733,0.0,Merge
2803609.784,M0,P512,0.06948446857142856,0.0024355585714285716,3208.409,1050.009,6.394,23.476,0.8075233918751744,0.0,Hit+Run
2812761.624,M0,P512,0.06948446857142856,0.0024355585714285716,3208.409,1050.009,1.0016,3.6774,0.986387035494475,0.0,Graze+Merge
2833904.481,P18,P383,0.060888964285714255,0.0024355585714285716,3070.247,1050.009,7.52,26.338,0.5023863016483066,0.009852147852147853,Fragment
2836655.7,P18,P844,0.05347237500499497,0.0024355585714285716,2940.155,1050.009,1.0475,3.5031,0.9890745051900885,0.0,Hit+Run
2836657.658,P18,P844,0.05347237500499497,0.0024355585714285716,2940.155,1050.009,1.0454,3.4960,0.41462580948406674,0.0,Merge
2837686.359,P18,FRAG0020,0.05590793357642354,0.009852147852147853,2984.134,1673.031,1.0999,3.6925,0.31326846272840975,0.0,Merge
2877969.78,E0,FRAG0011,0.5704075741858142,0.005774225774225774,6472.254,1400.098,1.2432,9.5022,0.9497476732485788,0.0,Hit+Run
2877984.084,E0,FRAG0011,0.5704075741858142,0.005774225774225774,6472.254,1400.098,1.048,8.0102,0.9990766728979164,0.0,Hit+Run
2905687.467,M1,P711,0.06585111953046952,0.0024355585714285716,3151.482,1050.009,2.2938,8.2618,0.8190194002658346,0.0,Hit+Run
2964894.147,M0,P691,0.07192002714285714,0.0024355585714285716,3245.466,1050.009,4.4975,16.717,0.8982031921467997,0.0,Hit+Run
3048205.766,M0,P646,0.07192002714285714,0.0024355585714285716,3245.466,1050.009,3.9112,14.538,0.24971076295803943,0.0,Merge
3062935.918,M0,FRAG0005,0.07435558571428572,0.005907092907092908,3281.696,1410.755,4.3284,15.993,0.6321482537864554,0.007537462537462538,Fragment
3072596.514,M1,P711,0.06585111953046952,0.0024355585714285716,3151.482,1050.009,1.1879,4.2786,0.8436972446368814,0.0,Hit+Run
3177947.227,P18,P41,0.0657600814285714,0.0024355585714285716,3150.029,1050.009,1.2147,4.3729,0.413625,0.0,Merge
3181025.234,M0,P691,0.07272521608391608,0.0024355585714285716,3257.533,1050.009,1.3325,4.9728,0.8943285591348166,0.0,Hit+Run
3190860.763,M0,P691,0.07272521608391608,0.0024355585714285716,3257.533,1050.009,1.042,3.8887,0.5146208223332002,0.0,Merge
3389290.971,E3,P276,0.40823111714285715,0.0024355585714285716,5789.342,1050.009,1.0799,7.4761,0.9628655890266486,0.0,Hit+Run
3407210.577,P18,P289,0.06819563999999997,0.0024355585714285716,3188.448,1050.009,11.802,43.044,0.22575505130918644,0.022168711288711288,Fragment
3407337.815,P18,FRAG0025,0.04846270040293038,0.005542124542124542,2845.310,1381.081,1.1306,3.6107,0.9467556274395615,0.0,Hit+Run
3407439.812,P18,FRAG0025,0.04846270040293038,0.005542124542124542,2845.310,1381.081,1.0987,3.5088,0.8052438355830615,0.0,Hit+Run
3407716.634,P18,FRAG0023,0.04846270040293038,0.005542124542124542,2845.310,1381.081,1.0558,3.3718,0.6169429403296693,0.0,Merge
3408212.314,P18,FRAG0024,0.05400482494505492,0.005542124542124542,2949.882,1381.081,1.0865,3.5993,0.24172754905186322,0.0,Merge
3410638.396,P18,FRAG0022,0.059546949487179465,0.005542124542124542,3047.523,1381.081,1.1126,3.8108,0.5460432529752179,0.0,Merge
3441563.877,M0,FRAG0021,0.07516077465534465,0.007537462537462538,3293.499,1530.155,1.4667,5.4257,0.6531482050652462,0.0,Merge
3470084.328,M0,P739,0.0826982371928072,0.0024355585714285716,3400.107,1050.009,6.1653,24.092,0.5789198755046469,0.0,Merge
3561553.83,M1,P711,0.06585111953046952,0.0024355585714285716,3151.482,1050.009,3.4497,12.425,0.3127110431091002,0.0,Merge
3701893.057,M0,P818,0.08513379576423577,0.0024355585714285716,3433.163,1050.009,4.1142,16.245,0.777658437748537,0.0,Hit+Run
3784870.281,M0,P338,0.08513379576423577,0.0024355585714285716,3433.163,1050.009,4.1559,16.409,0.3438391320030459,0.0,Merge
3818248.235,M1,P441,0.06828667810189809,0.0024355585714285716,3189.866,1050.009,13.407,48.923,0.9788059786734394,0.0,Hit+Run
4003769.934,E8,P215,0.11363999999999999,0.0024355585714285716,3780.108,1050.009,1.5627,6.8442,0.48114984472077055,0.0,Merge
4018193.435,M1,P818,0.06828667810189809,0.0024355585714285716,3189.866,1050.009,6.9451,25.341,0.39618695493422995,0.007668331668331668,Fragment
4037932.877,E3,P198,0.40823111714285715,0.0024355585714285716,5789.342,1050.009,1.5023,10.400,0.8369100728533165,0.0,Merge
4117273.353,P18,P741,0.065089074029304,0.0024355585714285716,3139.278,1050.009,2.2946,8.2304,0.9060492829285042,0.0,Hit+Run
4117487.034,P18,P741,0.065089074029304,0.0024355585714285716,3139.278,1050.009,1.0222,3.6665,0.9952229366118156,0.0,Graze+Merge
4201034.521,E0,P630,0.5704075741858142,0.0024355585714285716,6472.254,1050.009,1.438,11.211,0.36352452114429107,0.0,Merge
4225801.992,P18,P242,0.06752463260073258,0.0024355585714285716,3177.956,1050.009,10.989,39.937,0.4981193246700557,0.019377622377622382,Fragment
4226057.659,P18,FRAG0029,0.05058256879453877,0.00645920745920746,2886.207,1453.405,0.9543,3.0911,0.9368372824183785,0.0,Perfect
4229471.975,P18,FRAG0027,0.05704177625374623,0.00645920745920746,3004.172,1453.405,1.1402,3.8448,0.5326204707598275,0.0,Merge
4237583.806,P18,FRAG0028,0.06350098371295369,0.00645920745920746,3113.536,1453.405,5.2892,18.495,0.9717738123767266,0.0,Hit+Run
4240344.155,P18,FRAG0028,0.06350098371295369,0.00645920745920746,3113.536,1453.405,1.1819,4.1328,0.9853407401628194,0.0,Hit+Run
4240347.666,P18,FRAG0028,0.06350098371295369,0.00645920745920746,3113.536,1453.405,1.0495,3.6698,0.6418043124536623,0.0,Merge
4292527.946,P18,FRAG0025,0.06996019117216115,0.005542124542124542,3215.714,1381.081,1.8847,6.8242,0.8681485666288994,0.0,Hit+Run
4292775.76,P18,FRAG0025,0.06996019117216115,0.005542124542124542,3215.714,1381.081,1.0842,3.9257,0.8877361249412354,0.0,Hit+Run
4297400.009,P18,FRAG0025,0.06996019117216115,0.005542124542124542,3215.714,1381.081,1.6148,5.8469,0.7320849919235642,0.0,Hit+Run
4305050.481,P18,FRAG0025,0.06996019117216115,0.005542124542124542,3215.714,1381.081,1.4527,5.2600,0.7764368203879254,0.0,Hit+Run
4305719.664,P18,FRAG0025,0.06996019117216115,0.005542124542124542,3215.714,1381.081,1.2715,4.6039,0.9035460827219068,0.0,Hit+Run
4306009.115,P18,FRAG0025,0.06996019117216115,0.005542124542124542,3215.714,1381.081,1.0238,3.7070,0.39671801139020857,0.0,Merge
4320988.313,E1,P170,0.31026220525807524,0.0024355585714285716,5283.278,1050.009,1.8495,11.610,0.9070341226577161,0.0,Hit+Run
4334101.443,P39,P506,0.0024355585714285716,0.0024355585714285716,1050.009,1050.009,4.5081,6.1341,0.899,0.0,Hit+Run
4411228.406,E1,P255,0.31026220525807524,0.0024355585714285716,5283.278,1050.009,2.1099,13.245,0.5773552067427622,0.0,Merge
4428390.795,M0,P441,0.08756935433566435,0.0024355585714285716,3465.595,1050.009,7.2548,28.937,0.4452865962491962,0.006792540792540792,Fragment
4437749.421,E9,P357,0.07894000000000001,0.0024355585714285716,3347.800,1050.009,3.2727,12.577,0.7770764197212725,0.0,Hit+Run
4461170.685,M0,FRAG0030,0.08321237211455212,0.006792540792540792,3407.138,1477.989,1.5545,5.9613,0.6585334955160378,0.0,Merge
4475875.883,M0,FRAG0010,0.09000491290709292,0.005774225774225774,3497.431,1400.098,3.3471,13.224,0.8188832342881814,0.0,Hit+Run
4502136.538,E0,P647,0.5728431327572427,0.0024355585714285716,6481.453,1050.009,1.9834,15.486,0.7754718428785844,0.0,Merge
4508181.661,E0,P78,0.5752786913286713,0.0024355585714285716,6490.626,1050.009,2.735,21.387,0.934175392290293,0.0,Hit+Run
4519091.012,E3,P205,0.4106666757142857,0.0024355585714285716,5800.832,1050.009,2.0151,13.980,0.2054173628934001,0.0,Merge
4531502.74,M0,FRAG0010,0.09000491290709292,0.005774225774225774,3497.431,1400.098,1.4947,5.9055,0.8553748478506877,0.0,Hit+Run
4586830.114,E1,P755,0.3126977638295038,0.0024355585714285716,5297.066,1050.009,2.7123,17.074,0.4052661988074754,0.0,Merge
4636466.903,E0,FRAG0014,0.5752786913286713,0.005774225774225774,6490.626,1400.098,1.5118,11.590,0.9475938114891086,0.0,Hit+Run
4733828.162,P18,P259,0.0755023157142857,0.0024355585714285716,3298.480,1050.009,15.649,59.192,0.9392934357796938,0.0,Hit+Run
4737965.603,P18,P259,0.0755023157142857,0.0024355585714285716,3298.480,1050.009,1.4334,5.4216,0.9285222439941236,0.0,Hit+Run
4738288.182,P18,P259,0.0755023157142857,0.0024355585714285716,3298.480,1050.009,1.0438,3.9480,0.9083452227619991,0.0,Hit+Run
4739803.85,P18,P259,0.0755023157142857,0.0024355585714285716,3298.480,1050.009,1.1972,4.5282,0.4149184441342911,0.0,Merge
4774496.417,E0,P821,0.5752786913286713,0.0024355585714285716,6490.626,1050.009,1.9933,15.587,0.8876086469453148,0.0,Hit+Run
4804685.597,E12,P239,0.10097555857142858,0.0024355585714285716,3634.120,1050.009,2.5408,10.665,0.9369004411228296,0.0,Hit+Run
4933891.112,E10,E19,0.16789239000000003,0.041620000000000004,4305.307,2704.547,1.369,6.6866,0.08272995132308598,0.017572427572427572,Fragment
4936548.248,E0,FRAG0008,0.5752786913286713,0.005774225774225774,6490.626,1400.098,1.418,10.871,0.6045023368605433,0.0,Merge
4954968.106,M0,P396,0.09000491290709292,0.0024355585714285716,3497.431,1050.009,3.2628,13.143,0.9620656559319922,0.0,Hit+Run
4992021.531,E3,P509,0.4131022342857143,0.0024355585714285716,5812.277,1050.009,1.1975,8.3253,0.34624884359783664,0.0,Merge
4999742.638,E1,E4,0.3151333224009324,0.05983555857142857,5310.783,3052.438,1.5553,9.3042,0.9736072005102931,0.0,Hit+Run
5056268.669,E0,P587,0.5810529171028971,0.0024355585714285716,6512.270,1050.009,1.4857,11.659,0.4043968304897211,0.0,Merge
5145579.107,E1,FRAG0011,0.3151333224009324,0.005774225774225774,5310.783,1400.098,3.3596,20.756,0.9009736043244355,0.0,Hit+Run
5200057.804,M1,P599,0.063053905004995,0.0024355585714285716,3106.212,1050.009,6.8138,24.164,0.7008035756286745,0.0,Merge
5211049.028,P18,P520,0.07793787428571428,0.0024355585714285716,3333.573,1050.009,19.660,75.212,0.7777303045416928,0.016815184815184816,Graze+Frag
5211078.892,P18,FRAG0036,0.06355824804195803,0.005605061605061606,3114.472,1386.289,1.104,3.8665,0.9876049812052494,0.0,Hit+Run
5211088.55,P18,FRAG0035,0.06355824804195803,0.005605061605061606,3114.472,1386.289,1.0897,3.8164,0.7667224770007122,0.0,Hit+Run
5211203.679,P18,FRAG0036,0.06355824804195803,0.005605061605061606,3114.472,1386.289,1.0321,3.6147,0.5499227007874241,0.0,Merge
5213141.937,P18,FRAG0034,0.06916330964701964,0.005605061605061606,3203.458,1386.289,1.0135,3.6546,0.5818190729178161,0.0,Merge
5213165.202,P18,FRAG0035,0.07476837125208124,0.005605061605061606,3287.757,1386.289,1.306,4.8384,0.5549178028547843,0.0,Merge
5258045.265,P18,P251,0.08037343285714285,0.0024355585714285716,3367.942,1050.009,12.977,50.198,0.9908017479443146,0.0,Hit+Run
5258462.846,P18,P251,0.08037343285714285,0.0024355585714285716,3367.942,1050.009,1.0431,4.0347,0.8094431760923854,0.0,Graze+Merge
5268452.95,M1,P119,0.06548946357642357,0.0024355585714285716,3145.702,1050.009,6.2044,22.303,0.9813375379564827,0.0,Hit+Run
5289583.558,M1,P119,0.06548946357642357,0.0024355585714285716,3145.702,1050.009,1.7235,6.1955,0.6222110342654786,0.0,Merge
5461834.863,M0,P118,0.09000491290709292,0.0024355585714285716,3497.431,1050.009,2.7206,10.958,0.4965301682546121,0.0,Merge
5482952.275,E10,P656,0.19193996242757247,0.0024355585714285716,4501.759,1050.009,1.7208,9.0968,0.9011190979461876,0.0,Hit+Run
5483959.991,E14,P506,0.044980000000000006,0.0024355585714285716,2775.451,1050.009,7.668,24.118,0.9725605478632172,0.0,Hit+Run
5988704.219,M1,FRAG0026,0.06792502214785215,0.007668331668331668,3184.225,1538.960,1.5432,5.5157,0.7852720056319662,0.0,Hit+Run
6036426.671,E9,E4,0.07894000000000001,0.05983555857142857,3347.800,3052.438,1.7713,7.3689,0.6643566203507493,0.011644875124875123,Hit+Run
6181018.621,M0,P579,0.0924404714785215,0.0024355585714285716,3528.698,1050.009,4.5439,18.479,0.9302053745065406,0.0,Hit+Run
6197030.571,M0,P12,0.0924404714785215,0.0024355585714285716,3528.698,1050.009,3.852,15.665,0.6476757222330545,0.0,Merge
6362923.498,E1,FRAG0002,0.3151333224009324,0.006980019980019981,5310.783,1491.463,1.9516,11.998,0.7804272575479573,0.0,Merge
6438067.752,M1,P702,0.06792502214785215,0.0024355585714285716,3184.225,1050.009,7.5465,27.484,0.8239120150774057,0.0,Hit+Run
6452839.509,M0,M1,0.09487603004995007,0.06792502214785215,3559.420,3184.225,1.2716,5.5819,0.2771046917427133,0.02294771894771895,Fragment
6452969.69,M0,FRAG0038,0.13985333325008326,0.005736929736929738,4050.899,1397.077,1.0636,4.9122,0.6098682168065175,0.0,Merge
6462199.455,M0,FRAG0037,0.145590262987013,0.005736929736929738,4105.549,1397.077,0.9884,4.6308,0.4928038307687233,0.0,Perfect
6542483.363,E0,E14,0.5834884756743256,0.044980000000000006,6521.356,2775.451,4.8856,35.888,0.58003882696556,0.09108757908757911,Fragment
6545426.005,E16,P429,0.04256,0.0024355585714285716,2724.756,1050.009,4.9203,15.177,0.4426289087591504,0.005608058608058608,Fragment
6549591.292,E1,P78,0.32211334238095235,0.0024355585714285716,5349.708,1050.009,1.9526,12.423,0.9957583032082127,0.0,Hit+Run
6549883.665,E0,FRAG0052,0.5373808965867465,0.005692973692973693,6344.848,1393.499,1.0611,7.9418,0.709397240358663,0.0,Merge
6553085.175,E16,FRAG0057,0.03938749996336996,0.005608058608058608,2655.298,1386.536,1.0455,3.1165,0.9586924843812432,0.0,Hit+Run
6575985.711,E3,P78,0.4155377928571429,0.0024355585714285716,5823.678,1050.009,1.1341,7.9011,0.9883926807575624,0.0,Hit+Run
6584913.544,E1,FRAG0041,0.32211334238095235,0.005692973692973693,5349.708,1393.499,1.3677,8.5196,0.3314606462461326,0.0,Merge
6604961.451,E0,FRAG0049,0.5430738702797202,0.005692973692973693,6367.175,1393.499,1.0309,7.7449,0.7524263580181182,0.0,Merge
6627963.239,M0,FRAG0040,0.15132719272394274,0.005736929736929738,4158.782,1397.077,1.0992,5.2215,0.9891205917759102,0.0,Hit+Run
6667195.461,E0,FRAG0046,0.5487668439726939,0.005692973692973693,6389.347,1393.499,1.1319,8.5355,0.5957651786474544,0.0,Merge
6730878.43,P18,P430,0.08280899142857143,0.0024355585714285716,3401.624,1050.009,9.0808,35.502,0.5507844340034133,0.01105094905094905,Fragment
6736018.901,P18,FRAG0058,0.07419360094905095,0.01105094905094905,3279.311,1738.309,1.1302,4.1619,0.8807361845058536,0.0,Hit+Run
6739807.757,P18,FRAG0058,0.07419360094905095,0.01105094905094905,3279.311,1738.309,1.0484,3.8607,0.849038570266811,0.0,Hit+Run
6742928.654,P18,FRAG0058,0.07419360094905095,0.01105094905094905,3279.311,1738.309,1.2928,4.7607,0.5648710925114346,0.0,Merge
6764882.919,E1,FRAG0054,0.327806316073926,0.005692973692973693,5381.040,1393.499,1.0291,6.4509,0.6037500348554484,0.0,Merge
6796578.268,E10,P487,0.19193996242757247,0.0024355585714285716,4501.759,1050.009,1.0773,5.6950,0.7411345770924282,0.0,Merge
6844253.35,P21,P728,0.0024355585714285716,0.0024355585714285716,1050.009,1050.009,7.5546,10.279,0.59755,0.0,Graze+Frag
6852652.155,M0,FRAG0040,0.15132719272394274,0.005736929736929738,4158.782,1397.077,1.7219,8.1795,0.983731104670729,0.0,Hit+Run
6991623.894,E0,FRAG0045,0.5544598176656677,0.005692973692973693,6411.365,1393.499,1.2252,9.2733,0.4297044440560386,0.0,Merge
7041249.974,M0,FRAG0040,0.15132719272394274,0.005736929736929738,4158.782,1397.077,1.0594,5.0324,0.7435995125398738,0.0,Merge
7169703.716,E3,FRAG0043,0.4155377928571429,0.005692973692973693,5823.678,1393.499,1.5076,10.290,0.9043948346507269,0.0,Hit+Run
7222188.265,M0,FRAG0012,0.15706412246087248,0.005774225774225774,4210.685,1400.098,6.3015,30.329,0.6571054310647912,0.010447885447885448,Fragment
7258516.875,E3,P543,0.4155377928571429,0.0024355585714285716,5823.678,1050.009,1.7086,11.903,0.7632804441063672,0.0,Merge
7394573.682,M0,FRAG0059,0.1523904627872128,0.010447885447885448,4168.499,1706.095,1.2971,6.1012,0.9807115783668195,0.0,Hit+Run
7396345.863,M0,FRAG0059,0.1523904627872128,0.010447885447885448,4168.499,1706.095,1.0369,4.8773,0.8283645876459192,0.0,Graze+Merge
7410845.231,E1,FRAG0044,0.3334992897668997,0.005692973692973693,5412.012,1393.499,1.9397,12.234,0.8155181648974901,0.0,Hit+Run
7420538.486,E3,FRAG0044,0.41797335142857145,0.005692973692973693,5835.033,1393.499,1.0494,7.1776,0.7709780582951636,0.0,Merge
7492371.052,E10,P364,0.19437552099900104,0.0024355585714285716,4520.721,1050.009,1.3985,7.4265,0.7193252017320724,0.0,Merge
7502500.94,M0,FRAG0010,0.16283834823509824,0.005774225774225774,4261.666,1400.098,1.6115,7.8570,0.8288841786432631,0.0,Hit+Run
7502514.365,M0,FRAG0010,0.16283834823509824,0.005774225774225774,4261.666,1400.098,1.0502,5.1203,0.9683613292994533,0.0,Hit+Run
7516703.459,E3,P756,0.4236663251215451,0.0024355585714285716,5861.406,1050.009,1.2197,8.5562,0.8107606756054236,0.0,Merge
7521726.205,M0,FRAG0010,0.16283834823509824,0.005774225774225774,4261.666,1400.098,1.0571,5.1539,0.8801437251067632,0.0,Hit+Run
7523051.357,E0,P58,0.5601527913586414,0.0024355585714285716,6433.234,1050.009,2.5084,19.431,0.3964868151188942,0.0,Merge
7650992.118,M0,FRAG0010,0.16283834823509824,0.005774225774225774,4261.666,1400.098,1.3899,6.7765,0.9537587565917894,0.0,Hit+Run
7717799.623,E3,FRAG0042,0.4261018836929737,0.005692973692973693,5872.616,1393.499,1.6885,11.629,0.945131833680793,0.0,Hit+Run
7719246.58,M0,FRAG0010,0.16283834823509824,0.005774225774225774,4261.666,1400.098,1.0743,5.2378,0.6415346762238041,0.0,Merge
7772691.341,E1,FRAG0009,0.3334992897668997,0.005774225774225774,5412.012,1400.098,2.4925,15.715,0.9763233069281105,0.0,Hit+Run
7846314.662,M0,FRAG0039,0.168612574009324,0.005736929736929738,4311.454,1397.077,1.864,9.2034,0.8572258713595885,0.0,Hit+Run
7877304.721,M0,FRAG0039,0.168612574009324,0.005736929736929738,4311.454,1397.077,1.1308,5.5833,0.6770951486113401,0.0,Merge
8049953.327,P92,P187,0.0024355585714285716,0.0024355585714285716,1050.009,1050.009,9.1526,12.453,0.82895,0.0,Hit+Run
8252566.244,M0,P276,0.17434950374625374,0.0024355585714285716,4359.808,1050.009,3.8716,19.773,0.7564239689496963,0.0,Merge
8359300.427,E3,FRAG0043,0.4261018836929737,0.005692973692973693,5872.616,1393.499,1.9576,13.482,0.7136577810331284,0.0,Merge
8410287.279,E0,FRAG0056,0.5625883499300699,0.005692973692973693,6442.544,1393.499,2.1421,16.297,0.162295954072391,0.0,Merge
8439502.777,P45,P544,0.0024355585714285716,0.0024355585714285716,1050.009,1050.009,16.249,22.111,0.87145,0.0,Graze+Frag
8468829.721,E15,P706,0.11671555857142858,0.0024355585714285716,3813.907,1050.009,1.8872,8.3450,0.7143356646106754,0.0,Merge
8482584.44,E0,P305,0.5682813236230436,0.0024355585714285716,6464.202,1050.009,2.8815,22.435,0.8895124493482957,0.0,Hit+Run
8633977.651,E0,FRAG0009,0.5682813236230436,0.005774225774225774,6464.202,1400.098,1.4041,10.717,0.5026333704193866,0.0,Merge
8640962.377,E1,P389,0.3334992897668997,0.0024355585714285716,5412.012,1050.009,3.5812,23.069,0.7468919999386512,0.0,Merge
8650302.882,E3,P225,0.43179485738594736,0.0024355585714285716,5898.655,1050.009,4.8528,34.273,0.744731564220258,0.0,Merge
8771923.419,E3,FRAG0047,0.43423041595737594,0.005692973692973693,5909.724,1393.499,1.6444,11.402,0.6955021598428753,0.0,Merge
8818781.905,P68,P720,0.0024355585714285716,0.0024355585714285716,1050.009,1050.009,18.323,24.931,0.52315,0.0,Graze+Frag
9031414.979,E8,P638,0.11607555857142857,0.0024355585714285716,3806.923,1050.009,1.2576,5.5500,0.8139889282677175,0.0,Hit+Run
9091490.016,E0,P583,0.5740555493972694,0.0024355585714285716,6486.023,1050.009,2.1005,16.413,0.8483605371237741,0.0,Merge
9533250.752,E0,P750,0.576491107968698,0.0024355585714285716,6495.183,1050.009,2.8042,21.945,0.5499889124030664,0.0,Merge
9716170.036,E1,P562,0.33593484833832826,0.0024355585714285716,5425.155,1050.009,1.383,8.9320,0.648991220639212,0.0,Merge
10047408.331,M0,P298,0.17678506231768232,0.0024355585714285716,4380.016,1050.009,8.3856,43.041,0.6901517234389088,0.0,Merge
10301834.761,E15,P628,0.11915111714285716,0.0024355585714285716,3840.253,1050.009,1.807,8.0499,0.765574950919592,0.0,Merge
10505513.266,M0,FRAG0026,0.1792206208891109,0.007668331668331668,4400.038,1538.960,3.0989,15.531,0.5527646622180521,0.0,Merge
10833962.743,E3,P230,0.4399233896503496,0.0024355585714285716,5935.439,1050.009,1.7476,12.424,0.527145278504544,0.0,Merge
10917093.219,E4,P638,0.05983555857142857,0.0024355585714285716,3052.438,1050.009,4.4175,15.376,0.7520886668478306,0.0,Hit+Run
10940116.549,E3,P828,0.4423589482217782,0.0024355585714285716,5946.372,1050.009,1.3199,9.4024,0.8372572099353611,0.0,Merge
10942125.686,P18,P397,0.08524455,0.0024355585714285716,3434.651,1050.009,9.862,38.959,0.8490395250536277,0.0,Hit+Run
10942138.451,P18,P397,0.08524455,0.0024355585714285716,3434.651,1050.009,1.0444,4.1258,0.9425518162398516,0.0,Hit+Run
10963673.141,P18,P397,0.08524455,0.0024355585714285716,3434.651,1050.009,3.0532,12.061,0.8890943393782756,0.0,Hit+Run
10963770.228,P18,P397,0.08524455,0.0024355585714285716,3434.651,1050.009,1.0743,4.2439,0.9950136667415417,0.0,Hit+Run
10982154.382,P18,P397,0.08524455,0.0024355585714285716,3434.651,1050.009,1.2888,5.0912,0.7436563041918387,0.0,Merge
11004964.624,E3,P202,0.44479450679320676,0.0024355585714285716,5957.266,1050.009,2.6947,19.233,0.43034812765474356,0.0,Merge
11035159.871,E10,E12,0.19681107957042962,0.10097555857142858,4539.524,3634.120,1.7827,9.6134,0.5520532876786273,0.03831768231768233,Fragment
11049263.855,E3,P368,0.44723006536463533,0.0024355585714285716,5968.119,1050.009,1.1662,8.3399,0.9060013287488323,0.0,Hit+Run
11256783.429,E5,FRAG0060,0.0735,0.006386280386280387,3269.060,1447.915,3.1105,11.436,0.692279256244765,0.0,Merge
11577918.634,M0,FRAG0055,0.18688895255744256,0.005692973692973693,4461.919,1393.499,2.5495,13.062,0.2719632849458709,0.0,Merge
11710474.745,M0,P579,0.19258192625041626,0.0024355585714285716,4506.773,1050.009,3.5656,18.871,0.940725264255961,0.0,Hit+Run
11711756.66,M0,P579,0.19258192625041626,0.0024355585714285716,4506.773,1050.009,1.0219,5.4086,0.9657863994102925,0.0,Hit+Run
11919712.906,E13,FRAG0048,0.02222,0.005692973692973693,2194.026,1393.499,7.2698,18.116,0.33929950658420843,0.02722001998001998,Fragment
11983117.522,E0,P79,0.5789266665401265,0.0024355585714285716,6504.317,1050.009,2.6061,20.425,0.7870451314222552,0.0,Merge
12010326.002,E3,FRAG0051,0.44723006536463533,0.005692973692973693,5968.119,1393.499,1.1974,8.3911,0.7799005542013022,0.0,Merge
12401596.018,E8,FRAG0069,0.11607555857142857,0.0055964035964035964,3806.923,1385.575,2.5301,10.942,0.6965003258035718,0.0,Merge
12728510.481,E3,P224,0.452923039057609,0.0024355585714285716,5993.336,1050.009,2.6877,19.307,0.6259380263253412,0.0,Merge
12809930.408,E3,P208,0.4553585976290376,0.0024355585714285716,6004.060,1050.009,1.4478,10.420,0.9341353287819284,0.0,Hit+Run
12988049.206,P18,P724,0.08768010857142858,0.0024355585714285716,3467.056,1050.009,11.971,47.772,0.8110659065198006,0.0,Graze+Frag
13189124.614,M0,P649,0.19258192625041626,0.0024355585714285716,4506.773,1050.009,8.1043,42.894,0.7724344699348024,0.0,Merge
13192597.771,E1,P2,0.33837040690975684,0.0024355585714285716,5438.235,1050.009,2.7526,17.823,0.9214811862816216,0.0,Hit+Run
13304650.397,E0,P762,0.581362225111555,0.0024355585714285716,6513.425,1050.009,2.4515,19.242,0.45306305893296606,0.0,Merge
13321027.132,E1,P2,0.33837040690975684,0.0024355585714285716,5438.235,1050.009,1.0585,6.8539,0.6825196743579447,0.0,Merge
13534870.178,E3,P311,0.4553585976290376,0.0024355585714285716,6004.060,1050.009,1.5473,11.136,0.8805129818905739,0.0,Hit+Run
13702713.884,E1,P776,0.3408059654811854,0.0024355585714285716,5451.251,1050.009,1.8745,12.168,0.9124463109154898,0.0,Hit+Run
13730040.971,M0,P579,0.19501748482184483,0.0024355585714285716,4525.692,1050.009,1.9531,10.383,0.7145229134739088,0.0,Merge
14046574.79,E3,P352,0.4553585976290376,0.0024355585714285716,6004.060,1050.009,1.1723,8.4374,0.31135007131519765,0.0,Merge
14095619.455,E0,P170,0.5837977836829835,0.0024355585714285716,6522.508,1050.009,2.4263,19.072,0.9760698235219397,0.0,Hit+Run
14289830.872,E0,P305,0.5837977836829835,0.0024355585714285716,6522.508,1050.009,2.2032,17.319,0.5291208017909703,0.0,Merge
14376378.788,P55,P616,0.0024355585714285716,0.0024355585714285716,1050.009,1050.009,2.0964,2.8525,0.0732,0.0,Merge
14469776.44,E0,P396,0.586233342254412,0.0024355585714285716,6531.566,1050.009,3.343,26.317,0.9723807776512766,0.0,Hit+Run
14939915.389,M0,P159,0.1974530433932734,0.0024355585714285716,4544.454,1050.009,3.7666,20.115,0.9285546720511665,0.0,Hit+Run
14998178.891,M0,P159,0.1974530433932734,0.0024355585714285716,4544.454,1050.009,1.0215,5.4551,0.6199570691185812,0.0,Merge
15312971.414,E3,E1,0.45779415620046615,0.3408059654811854,6014.745,5451.251,1.07,7.9781,0.9976317600539825,0.0,Hit+Run
15608980.939,E0,P231,0.586233342254412,0.0024355585714285716,6531.566,1050.009,6.4075,50.443,0.5879772133844213,0.0,Merge
16087790.02,E10,E15,0.25946895582417584,0.12158667571428573,4977.626,3866.243,1.1184,6.5588,0.8667636559645174,0.0,Hit+Run
16523275.531,P115,P752,0.0024355585714285716,0.0024355585714285716,1050.009,1050.009,7.3352,9.9809,0.79205,0.0,Graze+Frag
16868378.419,E1,FRAG0031,0.3408059654811854,0.005857475857475858,5451.251,1406.794,1.9614,12.458,0.3800271018330943,0.0,Merge
17083008.148,E0,P45,0.5886689008258406,0.004871128871128871,6540.599,1322.930,1.618,12.558,0.8370038880349409,0.0,Hit+Run
17592180.903,E3,P605,0.45779415620046615,0.0024355585714285716,6014.745,1050.009,1.8213,13.133,0.6574306192657494,0.0,Merge
17686518.325,P45,P439,0.004871128871128871,0.0024355585714285716,1322.930,1050.009,6.8041,10.667,0.8325807506442507,0.0,Hit+Run
17893056.252,E1,E15,0.3466634413386613,0.12158667571428573,5482.305,3866.243,1.216,7.6887,0.6625529474001606,0.01272887778887779,Hit+Run
17911248.247,E5,P152,0.07988628038628039,0.0024355585714285716,3361.124,1050.009,2.5405,9.8052,0.1168852390373513,0.0,Merge
17955872.358,M0,P380,0.19988860196470198,0.0024355585714285716,4563.063,1050.009,3.202,17.175,0.5930360485405218,0.0,Merge
18302356.137,M0,P45,0.20232416053613056,0.004871128871128871,4581.521,1322.930,3.1206,16.515,0.5784659262037526,0.0,Merge
18381652.187,M0,P702,0.20719528940725943,0.0024355585714285716,4617.998,1050.009,3.1998,17.385,0.664834378045494,0.0,Merge
18746243.598,E10,P402,0.25946895582417584,0.0024355585714285716,4977.626,1050.009,2.3399,13.780,0.6184421692411322,0.0,Merge
19185477.149,E7,FRAG0067,0.024059999999999998,0.0055964035964035964,2252.988,1385.575,2.7828,7.0979,0.37362359525250605,0.008577422577422578,Fragment
19246049.067,E9,P425,0.07894000000000001,0.0024355585714285716,3347.800,1050.009,1.788,6.8715,0.8576158840693433,0.0,Hit+Run
20127732.468,E10,P368,0.2619045143956044,0.0024355585714285716,4993.152,1050.009,1.59,9.3951,0.6893389435202133,0.0,Merge
20133417.068,E3,FRAG0014,0.4602297147718947,0.005774225774225774,6025.393,1400.098,2.0683,14.638,0.9556412367005273,0.0,Hit+Run
20134886.081,E1,P311,0.3466634413386613,0.0024355585714285716,5482.305,1050.009,1.0708,6.9936,0.845553592893081,0.0,Hit+Run
20204425.249,E1,P133,0.3466634413386613,0.0024355585714285716,5482.305,1050.009,2.0743,13.547,0.6037630319873771,0.0,Merge
20208517.654,E0,E15,0.5886689008258406,0.12158667571428573,6540.599,3866.243,1.3185,9.7316,0.7896980265965837,0.006668331668331668,Hit+Run+Frag
20215827.014,E0,E15,0.5886688299533797,0.11491841491841492,6540.599,3794.230,1.0353,7.6318,0.2963095259741662,0.025102897102897103,Fragment
20215857.916,E0,FRAG0075,0.6784843477688974,0.006275724275724276,6857.626,1439.511,1.0429,8.4645,0.15951547376735484,0.0,Merge
20306929.997,E0,FRAG0073,0.6847600720446217,0.006275724275724276,6878.704,1439.511,1.016,8.2734,0.48591269821813293,0.0,Merge
20368609.951,E0,FRAG0072,0.6910357963203461,0.006275724275724276,6899.654,1439.511,1.0442,8.5308,0.9441226889594856,0.0,Hit+Run
20780403.194,E3,P439,0.4602297147718947,0.0024355585714285716,6025.393,1050.009,1.2533,9.0546,0.9601758088941122,0.0,Hit+Run
21038109.448,E3,P22,0.4602297147718947,0.0024355585714285716,6025.393,1050.009,2.3083,16.676,0.9247493666324761,0.0,Hit+Run
21148039.582,E10,P404,0.264340072967033,0.0024355585714285716,5008.582,1050.009,2.1275,12.612,0.4355007114989233,0.0,Merge
21274167.128,E0,FRAG0071,0.6910357963203461,0.006668331668331668,6899.654,1468.924,1.2681,10.344,0.8374156273780079,0.0,Hit+Run
21365363.544,E1,P656,0.34909899991008986,0.0024355585714285716,5495.114,1050.009,1.5098,9.8855,0.6539439751607529,0.0,Merge
21444730.159,E1,P22,0.35153455848151843,0.0024355585714285716,5507.863,1050.009,1.3286,8.7207,0.3304110039196063,0.0,Merge
21493589.075,E1,P450,0.353970117052947,0.0024355585714285716,5520.554,1050.009,2.2733,14.958,0.682070203412234,0.0,Merge
21713548.82,E0,P785,0.6910357963203461,0.0024355585714285716,6899.654,1050.009,1.6446,13.723,0.7556959566621374,0.0,Merge
22046195.785,E1,P572,0.3564056756243756,0.0024355585714285716,5533.187,1050.009,2.0446,13.486,0.5956634395953451,0.0,Merge
22083621.588,E1,P549,0.35884123419580416,0.0024355585714285716,5545.762,1050.009,3.7603,24.863,0.49960670804580504,0.0,Merge
22097084.322,E0,P68,0.6934713548917746,0.004871128871128871,6907.751,1322.930,1.5048,12.383,0.5281516104006392,0.0,Merge
22417849.613,E0,P776,0.6983424837629034,0.0024355585714285716,6923.887,1050.009,2.8429,23.810,0.5171708654331226,0.0,Merge
22631585.71,E0,P39,0.7007780423343319,0.0024355585714285716,6931.927,1050.009,3.806,31.916,0.43014415387807414,0.0,Merge
23389311.695,E0,FRAG0074,0.7032136009057605,0.006275724275724276,6939.948,1439.511,1.7668,14.524,0.9238677234494006,0.0,Hit+Run
23530112.89,P92,P541,0.0024355585714285716,0.0024355585714285716,1050.009,1050.009,16.114,21.926,0.357,0.0,Merge
23563141.713,E1,P736,0.36127679276723274,0.0024355585714285716,5558.281,1050.009,1.5738,10.431,0.5759902168456691,0.0,Merge
23565466.197,E1,P588,0.3637123513386613,0.0024355585714285716,5570.744,1050.009,2.0499,13.619,0.3664324430729871,0.0,Merge
23581981.541,E0,FRAG0074,0.7032136009057605,0.006275724275724276,6939.948,1439.511,1.0512,8.6418,0.6836041406859124,0.0,Merge
23905816.033,E0,P249,0.7094893251814848,0.0024355585714285716,6960.532,1050.009,3.3394,28.126,0.45409837801572617,0.0,Merge
24347848.868,M0,P376,0.209630847978688,0.0024355585714285716,4636.023,1050.009,4.2013,22.923,0.7488854232486254,0.0,Merge
24608978.575,E1,E4,0.3661479099100899,0.05983555857142857,5583.151,3052.438,2.5438,15.962,0.632239773560015,0.031222111222111226,Fragment
24874289.476,E0,FRAG0076,0.7119248837529133,0.006244422244422245,6968.488,1437.114,1.3745,11.350,0.30475106432947435,0.0,Merge
25612245.486,E5,FRAG0079,0.08232183895770896,0.006244422244422245,3394.940,1437.114,2.4249,9.2751,0.6605726465063222,0.0,Merge
25703175.776,P172,FRAG0064,0.0024355585714285716,0.006386280386280387,1050.009,1447.915,20.629,34.636,0.8216215789219962,0.0,Graze+Frag
25982283.359,E1,P439,0.39476135725940725,0.0024355585714285716,5724.954,1050.009,2.105,14.399,0.6149182788967194,0.0,Merge
26072990.132,E0,P172,0.7181693059973355,0.008821844821844822,6988.803,1612.551,1.717,14.102,0.8441306817655114,0.0,Hit+Run
26225629.0,E8,P658,0.12167196216783216,0.0024355585714285716,3867.147,1050.009,2.4828,11.144,0.5891371601243884,0.0,Merge
26522029.192,E0,P172,0.7181693059973355,0.008821844821844822,6988.803,1612.551,1.0985,9.0227,0.7767724822098651,0.0,Merge
26598518.399,E3,P638,0.4602297147718947,0.0024355585714285716,6025.393,1050.009,2.0603,14.884,0.6733578821220174,0.0,Merge
26645458.859,E0,P396,0.7269911508191803,0.0024355585714285716,7017.302,1050.009,2.3288,19.784,0.4187428601726434,0.0,Merge
27399057.411,M0,FRAG0071,0.21206640655011658,0.006668331668331668,4653.908,1468.924,2.7344,14.601,0.610580823229003,0.0,Merge
27574460.185,E3,P6,0.4626652733433233,0.0024355585714285716,6036.003,1050.009,2.2382,16.200,0.5079398961928183,0.0,Merge
27768585.414,M0,FRAG0061,0.21873473821844824,0.006386280386280387,4702.185,1447.915,2.951,15.951,0.8809380994681772,0.0,Hit+Run
28026012.258,E1,P821,0.39719691583083583,0.0024355585714285716,5736.704,1050.009,3.1919,21.883,0.8943110061913618,0.0,Hit+Run
28070983.154,M0,FRAG0061,0.21873473821844824,0.006386280386280387,4702.185,1447.915,1.7402,9.4063,0.4243366127450429,0.0,Merge
28620617.205,E3,E1,0.4651008319147519,0.39719691583083583,6046.576,5736.704,1.1203,8.5622,0.8335589201226528,0.0,Hit+Run
29305076.396,E1,P570,0.39719691583083583,0.0024355585714285716,5736.704,1050.009,1.069,7.3288,0.8894083560629026,0.0,Hit+Run
29710805.962,E1,P765,0.39719691583083583,0.0024355585714285716,5736.704,1050.009,1.8473,12.664,0.9424922229710477,0.0,Hit+Run
30080262.385,E1,P271,0.39719691583083583,0.0024355585714285716,5736.704,1050.009,1.8429,12.634,0.7804511833804201,0.0,Merge
30161986.863,E0,E13,0.7294267093906088,0.005527359307359307,7025.130,1379.853,3.1496,26.313,0.658299002473833,0.0,Merge
32173021.795,E0,FRAG0014,0.7349540686979681,0.005774225774225774,7042.830,1400.098,2.8319,23.698,0.25191908474202596,0.0,Merge
32507720.798,E8,E5,0.12410752073926073,0.08856626120213121,3892.780,3478.697,1.3139,6.3052,0.9972920042102532,0.0,Hit+Run
32511171.532,E0,P92,0.7407282944721939,0.004871117142857143,7061.226,1322.929,1.9838,16.713,0.9762065104388279,0.0,Hit+Run
32534241.821,E0,P92,0.7407282944721939,0.004871117142857143,7061.226,1322.929,1.0727,9.0377,0.5219180178750251,0.0,Merge
32584573.597,E0,FRAG0057,0.745599411615051,0.005608058608058608,7076.671,1386.536,2.4164,20.339,0.32108885852059,0.0,Merge
33219708.601,E0,P498,0.7512074702231096,0.0024355585714285716,7094.369,1050.009,5.4257,46.630,0.8525216163647003,0.0,Merge
34304759.498,M0,FRAG0066,0.22512101860472863,0.0055964035964035964,4747.509,1385.575,5.7491,31.503,0.21132433528051925,0.008903762903762904,Fragment
34306618.183,M0,FRAG0081,0.22181365929736932,0.008903762903762904,4724.145,1617.527,1.0458,5.6356,0.6904818962247949,0.0,Merge
36688762.977,E1,FRAG0078,0.3996324744022644,0.006244422244422245,5748.406,1437.114,1.9598,13.159,0.8967184219475148,0.0,Hit+Run
36855406.904,E0,P738,0.7536430287945382,0.0024355585714285716,7102.028,1050.009,2.0512,17.648,0.4579880786140306,0.0,Merge
37071532.696,E0,P264,0.7560785873659667,0.0024355585714285716,7109.670,1050.009,1.4142,12.181,0.6518324620453969,0.0,Merge
37165838.137,P49,P210,0.0024355585714285716,0.0024355585714285716,1050.009,1050.009,12.146,16.527,0.1449,0.0,Merge
37210859.046,M0,P617,0.23071742220113223,0.0024355585714285716,4786.528,1050.009,10.805,61.013,0.578496532403409,0.006393273393273393,Fragment
37319652.784,E0,P821,0.7585141459373952,0.0024355585714285716,7117.296,1050.009,1.8536,15.984,0.9815871321431363,0.0,Hit+Run
37380467.454,M0,FRAG0082,0.2267597073792874,0.006393273393273393,4759.001,1448.443,2.4431,13.377,0.3847867765035287,0.0,Merge
37417159.372,E0,P821,0.7585141459373952,0.0024355585714285716,7117.296,1050.009,1.2457,10.742,0.6161934136527092,0.0,Merge
37953291.752,P134,P357,0.0024355585714285716,0.0024355585714285716,1050.009,1050.009,23.450,31.909,0.4774,0.0,Merge
38020181.425,E0,P49,0.7609497045088237,0.004871117142857143,7124.906,1322.929,2.1467,18.260,0.6063203956996791,0.0,Merge
39070488.435,E3,FRAG0072,0.4651008319147519,0.006275724275724276,6046.576,1439.511,2.2327,15.828,0.5920502923754339,0.0,Merge
40288367.652,M0,P30,0.2331529807725608,0.0024355585714285716,4803.312,1050.009,3.8572,21.862,0.9327908120922696,0.0,Hit+Run
40303107.736,M0,P30,0.2331529807725608,0.0024355585714285716,4803.312,1050.009,1.0107,5.7286,0.9038231727266873,0.0,Graze+Merge
41042353.759,E5,E16,0.08856626120213121,0.03938749996336996,3478.697,2655.298,3.8903,15.874,0.5787435695669078,0.06501831501831502,Graze+Frag
42006456.26,E3,FRAG0062,0.47137655619047614,0.006386280386280387,6073.651,1447.915,1.5577,11.091,0.4627771974033152,0.0,Merge
42586943.098,E0,FRAG0086,0.7658208216516809,0.005910755910755911,7140.077,1411.047,2.6955,22.878,0.44020511757638275,0.0,Merge
43101166.45,E0,FRAG0088,0.7717315775624368,0.005910755910755911,7158.399,1411.047,1.4186,12.073,0.4947717410037397,0.0,Merge
44394409.961,E8,FRAG0083,0.12410752073926073,0.005910755910755911,3892.780,1411.047,2.3492,10.391,0.9033540419889267,0.0,Hit+Run
44577036.501,E10,P311,0.26677563153846157,0.0024355585714285716,5023.918,1050.009,1.2052,7.1684,0.5513637720324717,0.0,Merge
44609179.283,M0,P253,0.23558853934398938,0.0024355585714285716,4819.980,1050.009,6.9212,39.375,0.6568978983696101,0.0,Merge
45524440.667,E1,FRAG0084,0.3996324744022644,0.005910755910755911,5748.406,1411.047,2.3457,15.772,0.9732891089507908,0.0,Hit+Run
46374538.318,E1,FRAG0065,0.3996324744022644,0.006386280386280387,5748.406,1447.915,4.7474,31.858,0.522972950752548,0.0,Merge
46594970.197,P24,FRAG0093,0.0024355585714285716,0.005910755910755911,1050.009,1411.047,11.631,19.137,0.7056790234760105,0.0,Graze+Frag
48016007.682,E1,FRAG0087,0.40601875478854477,0.005910755910755911,5778.865,1411.047,3.9746,26.878,0.7698281678297064,0.0,Merge
48992750.245,P24,P26,0.008346320346320346,0.0024355585714285716,1583.041,1050.009,10.633,19.223,0.7116031906611692,0.0,Graze+Frag
53270858.019,E3,FRAG0050,0.4777628365767565,0.005692973692973693,6100.957,1393.499,2.6468,18.992,0.30950660233597727,0.0,Merge
54770485.615,E0,E1,0.7776423334731928,0.41192951069930067,7176.628,5806.772,1.7173,14.686,0.5121267044049579,0.166893106893107,Fragment
54770590.459,E0,FRAG0103,1.0226787372793864,0.005563103563103564,7862.734,1382.821,1.0473,9.8675,0.4690993337852764,0.0,Merge
54774673.173,E0,FRAG0116,1.02824184084249,0.005563103563103564,7876.965,1382.821,1.0314,9.7365,0.9432159738808699,0.0,Hit+Run
54774719.323,E0,FRAG0097,1.02824184084249,0.005563103563103564,7876.965,1382.821,1.0585,9.9923,0.6996709402209736,0.0,Merge
54781491.993,E0,FRAG0122,1.0338049444055937,0.005563103563103564,7891.145,1382.821,1.1661,11.029,0.18609010113618718,0.0,Merge
54784994.067,E0,FRAG0112,1.0393680479686973,0.005563103563103564,7905.274,1382.821,1.0592,10.037,0.9404012962233697,0.0,Hit+Run
54786437.287,E0,FRAG0116,1.0393680479686973,0.005563103563103564,7905.274,1382.821,1.0123,9.5928,0.8161379337031308,0.0,Merge
54791627.208,E0,FRAG0120,1.044931151531801,0.005563103563103564,7919.353,1382.821,1.0644,10.105,0.5973882634541737,0.0,Merge
54795085.719,E0,FRAG0102,1.0504942550949046,0.005563103563103564,7933.382,1382.821,1.0296,9.7937,0.8192936805854882,0.0,Merge
54795966.824,E0,FRAG0115,1.0560573586580082,0.005563103563103564,7947.362,1382.821,1.0626,10.126,0.6887578071048461,0.0,Merge
54804396.13,E0,FRAG0105,1.0616204622211118,0.005563103563103564,7961.293,1382.821,1.0682,10.199,0.21811493583722324,0.0,Merge
54813768.268,E0,FRAG0121,1.0671835657842155,0.005563103563103564,7975.175,1382.821,1.0076,9.6383,0.44401235118951177,0.0,Merge
54850770.048,E0,FRAG0119,1.072746669347319,0.005563103563103564,7989.009,1382.821,1.0434,9.9992,0.26715755546720427,0.0,Merge
54891249.189,E0,FRAG0107,1.0783097729104227,0.005563103563103564,8002.795,1382.821,1.0437,10.020,0.7592136774575637,0.0,Merge
54905571.815,E0,FRAG0098,1.0838728764735264,0.005563103563103564,8016.533,1382.821,1.0153,9.7657,0.21842287780735103,0.0,Merge
54966723.068,E0,FRAG0118,1.08943598003663,0.005563103563103564,8030.225,1382.821,1.1362,10.948,0.6931398525858539,0.0,Merge
55058368.519,E0,FRAG0108,1.0949990835997336,0.005563103563103564,8043.871,1382.821,1.0492,10.128,0.690155389830588,0.0,Merge
55098026.381,E0,FRAG0110,1.1005621871628373,0.005563103563103564,8057.470,1382.821,1.0294,9.9552,0.920349718888902,0.0,Hit+Run
55318365.35,E0,FRAG0123,1.1005621871628373,0.005563103563103564,8057.470,1382.821,1.0797,10.441,0.24257014755469344,0.0,Merge
55417717.289,E0,FRAG0100,1.106125290725941,0.005563103563103564,8071.023,1382.821,1.0496,10.168,0.349772840676421,0.0,Merge
55423500.903,E8,FRAG0104,0.12410752073926073,0.005563103563103564,3892.780,1382.821,4.3099,19.090,0.5851416906726553,0.00683982683982684,Fragment
55720085.347,E0,FRAG0101,1.1116883942890445,0.005563103563103564,8084.531,1382.821,1.2085,11.729,0.9518845430628821,0.0,Hit+Run
55765454.554,E0,FRAG0110,1.1116883942890445,0.005563103563103564,8084.531,1382.821,1.4618,14.187,0.8874122339202897,0.0,Hit+Run
55859716.311,E0,FRAG0110,1.1116883942890445,0.005563103563103564,8084.531,1382.821,1.0543,10.232,0.726274157957281,0.0,Merge
55931017.154,E3,FRAG0113,0.48345581026973017,0.005563103563103564,6125.094,1382.821,1.8463,13.312,0.46852436636268663,0.0,Merge
56100594.176,E0,FRAG0096,1.1172514978521482,0.005563103563103564,8097.994,1382.821,1.1634,11.311,0.5659566643250185,0.0,Merge
56614990.514,M0,P436,0.23802409791541795,0.0024355585714285716,4836.533,1050.009,9.342,53.344,0.6780052630272728,0.0,Merge
56768664.671,E0,FRAG0114,1.1228146014152518,0.005563103563103564,8111.413,1382.821,1.5429,15.027,0.7271384963680981,0.0,Merge
57791432.39,E3,FRAG0111,0.48901891383283375,0.005563103563103564,6148.498,1382.821,2.2264,16.119,0.62053843029346,0.0,Merge
58000429.62,M0,P765,0.24045965648684653,0.0024355585714285716,4852.973,1050.009,4.3027,24.658,0.8212178392656458,0.0,Merge
58238144.554,P208,FRAG0090,0.0024355585714285716,0.005910755910755911,1050.009,1411.047,24.445,40.219,0.9152921457455173,0.0,Hit+Run
59067198.512,M0,FRAG0101,0.2428952150582751,0.005563103563103564,4869.303,1382.821,3.73,21.007,0.8513322014711217,0.0,Hit+Run
59433950.294,E0,FRAG0124,1.1283777049783554,0.00683982683982684,8124.787,1481.410,2.5351,24.621,0.7711876126537844,0.0,Merge
59474922.558,E3,E8,0.4945820173959373,0.12283079746253747,6171.725,3879.385,1.3157,9.2128,0.7303936462592248,0.0,Hit+Run
60162320.787,E0,P457,1.1352175318181823,0.0024355585714285716,8141.171,1050.009,2.6633,26.472,0.9271239272579376,0.0,Hit+Run
60166318.911,E0,P457,1.1352175318181823,0.0024355585714285716,8141.171,1050.009,1.0247,10.185,0.1646625948956249,0.0,Merge
60428033.594,E0,FRAG0106,1.137653090389611,0.005563103563103564,8146.989,1382.821,3.0479,29.824,0.5927842925241988,0.0,Merge
63312932.062,E0,P365,1.1432161939527146,0.0024355585714285716,8160.247,1050.009,4.202,41.870,0.8268996887044842,0.0,Merge
64349718.722,E0,FRAG0099,1.1456517525241432,0.005563103563103564,8166.037,1382.821,1.763,17.294,0.4806137510083682,0.0,Merge
65402232.042,E8,FRAG0090,0.12283079746253747,0.005910755910755911,3879.385,1411.047,6.3636,28.046,0.809837992063996,0.0,Hit+Run
65814115.224,P18,P570,0.09011655011655013,0.0024355585714285716,3498.877,1050.009,20.101,81.008,0.46281087819612915,0.050892294372294374,Fragment
65814487.9,P18,FRAG0128,0.04166000079587081,0.005654678654678656,2705.413,1390.368,1.1106,3.3724,0.8963480621134065,0.0,Hit+Run
65814719.268,P18,FRAG0126,0.04166000079587081,0.005654678654678656,2705.413,1390.368,1.6534,5.0207,0.4867493640172212,0.0,Merge
65815096.39,P18,FRAG0129,0.047314679450549464,0.005654678654678656,2822.663,1390.368,1.4693,4.6546,0.9188829783761862,0.0,Hit+Run
65817201.49,P18,FRAG0131,0.047314679450549464,0.005654678654678656,2822.663,1390.368,2.2686,7.1867,0.546639899421896,0.0,Merge
65819063.723,P18,FRAG0125,0.05296935810522812,0.005654678654678656,2930.907,1390.368,1.7243,5.6741,0.6654315745186621,0.0,Merge
65822391.183,P18,FRAG0130,0.058624036759906774,0.005654678654678656,3031.696,1390.368,4.7283,16.105,0.4387737265823228,0.016700299700299702,Fragment
65822591.664,P18,FRAG0136,0.047578415714285734,0.005566766566766567,2827.898,1383.125,0.9711,3.0821,0.9432543039451112,0.0,Perfect
65822949.482,P18,FRAG0135,0.0531451822810523,0.005566766566766567,2934.146,1383.125,1.8328,6.0385,0.9799582056952304,0.0,Hit+Run
65823035.767,P18,FRAG0135,0.0531451822810523,0.005566766566766567,2934.146,1383.125,1.0538,3.4719,0.540645504286397,0.0,Merge
65833862.175,P18,FRAG0127,0.058711948847818864,0.005654678654678656,3033.211,1390.368,6.7002,22.834,0.5296281972597711,0.02763902763902764,Fragment
65835193.831,P18,FRAG0137,0.036727599863469886,0.00690975690975691,2594.127,1486.442,1.6524,4.8277,0.7372523455572301,0.0,Hit+Run
65835244.744,P18,FRAG0137,0.036727599863469886,0.00690975690975691,2594.127,1486.442,1.0841,3.1673,0.11373152075553028,0.0,Merge
65839109.312,P18,FRAG0140,0.0436373567732268,0.00690975690975691,2747.556,1486.442,11.307,34.905,0.5865651826237734,0.045018981018981025,Fragment
65839114.319,P18,FRAG0148,0.005528132664002684,0.005627372627372628,1379.918,1388.126,1.3387,2.4010,0.7089414377896961,0.0,Hit+Run
65840754.272,P18,FRAG0141,0.005528132664002684,0.005627372627372628,1379.918,1388.126,4.4954,8.0627,0.47214572514634784,0.010474638694638695,Fragment
65842813.43,P18,FRAG0147,0.005528132664002684,0.005627372627372628,1379.918,1388.126,13.502,24.217,0.9181192925794833,0.0,Hit+Run
65842961.404,P18,FRAG0147,0.005528132664002684,0.005627372627372628,1379.918,1388.126,0.9752,1.7490,0.1589273119804199,0.0,Perfect
65842984.439,P18,FRAG0149,0.011155505291375312,0.005627372627372628,1743.774,1388.126,4.1546,8.5924,0.8613916248129185,0.0,Hit+Run
65844662.448,P18,FRAG0128,0.011155505291375312,0.005654678654678656,1743.774,1390.368,13.951,28.866,0.1811016985547038,0.016787945387945386,Fragment
65845806.672,P18,FRAG0150,0.005528132664002684,0.0056410256410256415,1379.918,1389.248,1.7021,3.0540,0.4053795413606744,0.0,Merge
65846039.211,P18,FRAG0151,0.011169158305028326,0.0056410256410256415,1744.485,1389.248,1.1179,2.3132,0.954649716873965,0.0,Hit+Run
65850646.02,P18,FRAG0151,0.011169158305028326,0.0056410256410256415,1744.485,1389.248,2.1042,4.3541,0.5093617650823243,0.0,Merge
65880094.692,P18,FRAG0144,0.016810183946053967,0.005627372627372628,1999.177,1388.126,10.753,24.725,0.9914723142774668,0.0,Hit+Run
65883717.968,P18,FRAG0138,0.016810183946053967,0.00690975690975691,1999.177,1486.442,4.4152,10.290,0.9807705644738772,0.0,Hit+Run
65887935.075,P18,FRAG0144,0.016810183946053967,0.005627372627372628,1999.177,1388.126,4.9154,11.302,0.19258135374054255,0.021372707292707294,Fragment
65892827.253,P18,FRAG0138,0.005528465664335687,0.00690975690975691,1379.945,1486.442,1.5224,2.8333,0.9122969830174383,0.0,Hit+Run
65894788.2,P18,FRAG0146,0.005528465664335687,0.005627372627372628,1379.945,1388.126,6.2546,11.218,0.3503614790206993,0.010983749583749584,Fragment
65894910.494,P18,FRAG0155,0.005528465664335687,0.005627372627372628,1379.945,1388.126,1.0532,1.8889,0.2936794924460642,0.0,Merge
65915939.27,P18,FRAG0133,0.011155838291708315,0.005654678654678656,1743.791,1390.368,14.891,30.812,0.8060313019316314,0.011282051282051283,Graze+Frag
65916433.988,P18,FRAG0156,0.005528465664335687,0.0056410256410256415,1379.945,1389.248,1.5771,2.8298,0.8326933460552837,0.0,Hit+Run
65921765.923,P18,FRAG0154,0.005528465664335687,0.005636363636363636,1379.945,1388.865,3.4182,6.1324,0.23543909252316472,0.010327599067599069,Fragment
65931801.546,P18,FRAG0153,0.005528465664335688,0.005636363636363636,1379.945,1388.865,1.7148,3.0764,0.4697817286459253,0.0,Merge
65934012.928,P18,FRAG0156,0.011164829300699324,0.0056410256410256415,1744.259,1389.248,5.5379,11.458,0.23908015902590346,0.011277389277389279,Fragment
65939204.12,P18,FRAG0129,0.005528465664335685,0.005654678654678656,1379.945,1390.368,11.734,21.063,0.8529788534274034,0.00597998001998002,Graze+Frag
65943547.614,P18,FRAG0139,0.005528465664335686,0.00690975690975691,1379.945,1486.442,3.3375,6.2114,0.5707753578181926,0.006146366966366967,Hit+Run
65947968.815,P18,FRAG0138,0.005528465664335686,0.00690975690975691,1379.945,1486.442,1.2268,2.2831,0.30050436770421374,0.0,Merge
65948416.115,P18,FRAG0143,0.012438222574092595,0.005627372627372628,1808.200,1388.126,4.4148,9.3771,0.963860094263264,0.0,Hit+Run
65949924.401,P18,FRAG0161,0.012438222574092595,0.005654678654678656,1808.200,1390.368,5.2983,11.258,0.9729080331383837,0.0,Hit+Run
65950874.255,P18,FRAG0159,0.012438222574092595,0.005638694638694639,1808.200,1389.056,4.9829,10.585,0.9363202502252798,0.0,Hit+Run
65951359.567,P18,FRAG0139,0.012438222574092595,0.00690975690975691,1808.200,1486.442,5.0155,10.858,0.9608924522132163,0.0,Hit+Run
65951365.046,P18,FRAG0139,0.012438222574092595,0.00690975690975691,1808.200,1486.442,1.0636,2.3027,0.327267631514017,0.0,Merge
65957784.551,P18,FRAG0157,0.019347979483849503,0.0056410256410256415,2095.104,1389.248,1.8929,4.5289,0.8124021696055438,0.0,Hit+Run
65960902.918,P18,FRAG0158,0.019347979483849503,0.005636363636363636,2095.104,1388.865,4.3835,10.487,0.8901865688646353,0.0,Hit+Run
65963529.728,P18,FRAG0145,0.019347979483849503,0.005627372627372628,2095.104,1388.126,1.8976,4.5396,0.5402521016398734,0.0,Merge
65964959.133,P18,FRAG0160,0.02497535211122213,0.005638694638694639,2281.205,1389.056,2.2264,5.7447,0.8428669046757589,0.0,Hit+Run
65966443.268,P18,FRAG0159,0.02497535211122213,0.005638694638694639,2281.205,1389.056,1.616,4.1697,0.3189730075065257,0.0,Merge
65966580.164,P18,FRAG0143,0.03061404674991677,0.005627372627372628,2441.372,1388.126,1.7653,4.8518,0.4563987615441419,0.0,Merge
65967411.806,P18,FRAG0142,0.0362414193772894,0.005627372627372628,2582.630,1388.126,4.9654,14.405,0.416524229063061,0.02306759906759907,Fragment
65967767.266,P18,FRAG0164,0.018801192937062953,0.0057668997668997675,2075.179,1399.505,0.9955,2.3649,0.7505365054781924,0.0,Perfect
65969817.812,P18,FRAG0161,0.02456809270396272,0.005654678654678656,2268.737,1390.368,2.0352,5.2256,0.30790450303391625,0.0,Merge
65975209.577,P18,FRAG0165,0.030222771358641376,0.0057668997668997675,2430.927,1399.505,1.1911,3.2618,0.9117168070029009,0.0,Hit+Run
65976029.542,P18,FRAG0152,0.030222771358641376,0.005636363636363636,2430.927,1388.865,1.3396,3.6670,0.8511252535122216,0.0,Hit+Run
65976033.993,P18,FRAG0152,0.030222771358641376,0.005636363636363636,2430.927,1388.865,1.0371,2.8389,0.9302937756723236,0.0,Hit+Run
65985546.172,P18,FRAG0152,0.030222771358641376,0.005636363636363636,2430.927,1388.865,2.0454,5.5990,0.727153966399779,0.0,Hit+Run
65986033.857,P18,FRAG0149,0.030222771358641376,0.005627372627372628,2430.927,1388.126,8.4109,23.023,0.7328960812678711,0.01607059607059607,Graze+Frag
65989672.056,P18,FRAG0162,0.019779547915417937,0.0057668997668997675,2110.567,1399.505,2.1675,5.2242,0.5910668760597103,0.0,Merge
65992882.989,P18,FRAG0165,0.025546447682317706,0.0057668997668997675,2298.462,1399.505,2.1276,5.5313,0.867617973539324,0.0,Hit+Run
65996056.309,P18,FRAG0152,0.025546447682317706,0.005636363636363636,2298.462,1388.865,2.2863,5.9400,0.8069771375865774,0.0,Hit+Run
65996107.348,P18,FRAG0152,0.025546447682317706,0.005636363636363636,2298.462,1388.865,1.0349,2.6887,0.5777746862575301,0.0,Merge
65998020.802,P18,FRAG0158,0.031182811318681343,0.005636363636363636,2456.399,1388.865,2.3306,6.4431,0.5791464782595914,0.0,Merge
65998867.886,P18,FRAG0157,0.03681917495504498,0.0056410256410256415,2596.282,1389.248,1.5624,4.5561,0.8279637051244736,0.0,Hit+Run
65998908.922,P18,FRAG0157,0.03681917495504498,0.0056410256410256415,2596.282,1389.248,1.0566,3.0811,0.5558626511272331,0.0,Merge
66002990.57,P18,FRAG0165,0.04246020059607062,0.0057668997668997675,2722.625,1399.505,1.4868,4.5435,0.8004475411338368,0.0,Hit+Run
66002993.256,P18,FRAG0165,0.04246020059607062,0.0057668997668997675,2722.625,1399.505,1.0478,3.2019,0.7588366862023807,0.0,Graze+Merge
66028848.037,P18,FRAG0160,0.048227100362970385,0.005638694638694639,2840.692,1389.056,1.4999,4.7821,0.9383571447916608,0.0,Hit+Run
66029743.442,P18,FRAG0160,0.048227100362970385,0.005638694638694639,2840.692,1389.056,1.0501,3.3480,0.8491688905486515,0.0,Hit+Run
66043277.189,P18,FRAG0163,0.048227100362970385,0.0057668997668997675,2840.692,1399.505,4.3745,13.946,0.05955796333465143,0.017471528471528473,Fragment
66043581.044,P18,FRAG0170,0.036522471658341674,0.005823842823842824,2589.289,1404.096,1.0855,3.1580,0.9018517951898362,0.0,Hit+Run
66043586.131,P18,FRAG0170,0.036522471658341674,0.005823842823842824,2589.289,1404.096,1.0533,3.0644,0.7630953898619011,0.0,Graze+Merge
66043947.928,P18,FRAG0168,0.0423463144821845,0.005823842823842824,2720.188,1404.096,1.0779,3.2911,0.7646868286571349,0.0,Hit+Run
66044064.572,P18,FRAG0168,0.0423463144821845,0.005823842823842824,2720.188,1404.096,1.0878,3.3213,0.2818273951053939,0.0,Merge
66051187.54,P18,FRAG0169,0.04817015730602732,0.005823842823842824,2839.574,1404.096,1.1919,3.7983,0.6633100999386321,0.0,Merge
66052052.577,P18,FRAG0166,0.05399400012987014,0.008035298035298035,2949.685,1563.127,1.3869,4.5938,0.8977532609631745,0.0,Hit+Run
66052199.405,P18,FRAG0166,0.05399400012987014,0.008035298035298035,2949.685,1563.127,1.0312,3.4156,0.8385348805894843,0.0,Graze+Merge
66232882.912,P18,FRAG0134,0.06202929816516818,0.005566766566766567,3089.295,1383.125,4.193,14.563,0.9318129695507631,0.0,Hit+Run
66233376.156,P18,FRAG0134,0.06202929816516818,0.005566766566766567,3089.295,1383.125,1.0523,3.6549,0.9863126310018787,0.0,Hit+Run
66233436.113,P18,FRAG0134,0.06202929816516818,0.005566766566766567,3089.295,1383.125,1.0434,3.6240,0.6376253166733205,0.0,Merge
66236241.649,P18,FRAG0167,0.06759606473193475,0.008035298035298035,3179.076,1563.127,3.5084,12.517,0.6023359638725337,0.008701964701964701,Fragment
66236273.828,P18,FRAG0160,0.06692939806526808,0.005638694638694639,3168.590,1389.056,1.9882,7.0879,0.5167607691540316,0.0,Merge
66236554.676,P18,FRAG0171,0.07256809270396272,0.008701964701964701,3255.185,1605.214,1.0549,3.8538,0.7198324661313904,0.0,Graze+Merge
66372019.92,P18,FRAG0132,0.08127005740592742,0.005654678654678656,3380.420,1390.368,6.9915,26.662,0.9895837981112108,0.0,Hit+Run
66382211.998,P18,FRAG0132,0.08127005740592742,0.005654678654678656,3380.420,1390.368,1.0179,3.8818,0.3219017037676665,0.0,Merge
66946120.455,P18,FRAG0148,0.08692473606060608,0.005627372627372628,3457.071,1388.126,4.1499,16.204,0.9352618984963129,0.0,Hit+Run
66949297.958,P18,FRAG0148,0.08692473606060608,0.005627372627372628,3457.071,1388.126,1.0367,4.0480,0.5208583963246174,0.0,Merge
69133799.417,E0,FRAG0112,1.1512148560872468,0.005563103563103564,8179.234,1382.821,3.5505,34.889,0.9434890659953575,0.0,Hit+Run
69160929.113,E0,FRAG0112,1.1512148560872468,0.005563103563103564,8179.234,1382.821,1.0454,10.272,0.9417782970633622,0.0,Hit+Run
72238588.748,P18,FRAG0112,0.09255210868797871,0.005563103563103564,3530.118,1382.821,13.537,54.048,0.7377915125286747,0.03173659673659674,Graze+Frag
72239012.421,P18,FRAG0173,0.06637861551448554,0.006347319347319348,3159.875,1444.964,1.1448,4.0646,0.5242624210568632,0.0,Merge
72239037.079,P18,FRAG0172,0.07272593486180488,0.006347319347319348,3257.544,1444.964,1.0485,3.8412,0.7928234000412052,0.0,Graze+Merge
72239131.353,P18,FRAG0176,0.07907325420912423,0.006347319347319348,3349.683,1444.964,1.2124,4.5719,0.946154089214932,0.0,Hit+Run
72240178.613,P18,FRAG0174,0.07907325420912423,0.006347319347319348,3349.683,1444.964,1.1647,4.3921,0.589154355338516,0.0,Merge
72244209.792,P18,FRAG0175,0.08542057355644357,0.006347319347319348,3437.014,1444.964,1.4723,5.7029,0.7607647449365265,0.0,Hit+Run
72246593.421,P18,FRAG0175,0.08542057355644357,0.006347319347319348,3437.014,1444.964,1.1446,4.4336,0.5948974731365582,0.0,Merge
72249971.91,P18,FRAG0176,0.09176789290376292,0.006347319347319348,3520.119,1444.964,2.783,11.052,0.7676069822749014,0.0,Hit+Run
72274193.334,P18,FRAG0176,0.09176789290376292,0.006347319347319348,3520.119,1444.964,1.369,5.4370,0.3098219740040011,0.0,Merge
73501380.183,E0,E8,1.1512148560872468,0.12283079746253747,8179.234,3879.385,1.2136,11.144,0.7752169811813098,0.030214785214785215,Hit+Run+Frag
73523317.636,E0,E8,1.1512168157209466,0.09261405261405262,8179.238,3530.905,1.0216,9.4067,0.6049488636666052,0.007518481518481519,Fragment
73616037.68,E0,FRAG0181,1.2363123868165178,0.006042957042957043,8375.998,1421.489,1.1201,11.268,0.6194698530497785,0.0,Merge
73855033.712,E0,FRAG0182,1.2423553438594748,0.007518481518481519,8389.623,1528.870,1.2829,12.866,0.6982546457142813,0.0,Merge
74287835.043,M0,FRAG0179,0.2428952150582751,0.006042957042957043,4869.303,1421.489,3.04,17.085,0.8563165814275739,0.0,Hit+Run
76796808.037,E0,FRAG0177,1.2498738253779562,0.006042957042957043,8406.513,1421.489,1.0225,10.326,0.536227273120302,0.0,Merge
77097185.701,E0,FRAG0095,1.2559167824209132,0.005563103563103564,8420.039,1382.821,3.2574,33.013,0.9188048226736262,0.0,Hit+Run
77121927.926,E0,FRAG0095,1.2559167824209132,0.005563103563103564,8420.039,1382.821,1.0355,10.494,0.6320916789805754,0.0,Merge
77861054.491,P470,P663,0.0024355585714285716,0.0024355585714285716,1050.009,1050.009,1.9262,2.6209,0.7803000000000001,0.0,Hit+Run
78669916.148,E0,FRAG0178,1.2614798859840168,0.006042957042957043,8432.453,1421.489,1.616,16.374,0.938323388657307,0.0,Hit+Run
78683920.242,E0,FRAG0178,1.2614798859840168,0.006042957042957043,8432.453,1421.489,1.0523,10.662,0.873543561460446,0.0,Hit+Run
79021111.758,E0,FRAG0178,1.2614798859840168,0.006042957042957043,8432.453,1421.489,1.0324,10.461,0.7692283575595562,0.0,Merge
81378997.443,E0,FRAG0117,1.2675228430269738,0.005563103563103564,8445.897,1382.821,2.7315,27.774,0.3468167198496916,0.0,Merge
83590838.985,E0,P208,1.2730859465900775,0.0024355585714285716,8458.235,1050.009,2.7389,28.341,0.9509487161689708,0.0,Hit+Run
83620362.975,M0,FRAG0179,0.2428952150582751,0.006042957042957043,4869.303,1421.489,4.382,24.627,0.6076960571985793,0.0,Merge
83662445.541,E0,P208,1.2730859465900775,0.0024355585714285716,8458.235,1050.009,1.091,11.289,0.7945625755679371,0.0,Merge
92258556.9,M0,FRAG0077,0.24893817210123215,0.006244422244422245,4909.354,1437.114,7.3494,41.635,0.6213208714561473,0.014671328671328672,Fragment
92268836.817,M0,FRAG0184,0.2405112656743257,0.007335664335664336,4853.320,1516.376,1.057,5.8906,0.987168190578661,0.0,Hit+Run
92288912.192,M0,FRAG0184,0.2405112656743257,0.007335664335664336,4853.320,1516.376,1.2205,6.8018,0.8209892909451274,0.0,Hit+Run
92414141.736,M0,FRAG0184,0.2405112656743257,0.007335664335664336,4853.320,1516.376,1.4514,8.0886,0.9948637746515574,0.0,Hit+Run
92419707.923,M0,FRAG0184,0.2405112656743257,0.007335664335664336,4853.320,1516.376,1.029,5.7346,0.5082895183197165,0.0,Merge
93061178.43,E0,FRAG0090,1.275521505161506,0.005910755910755911,8463.625,1411.047,2.2717,23.120,0.5256621374675,0.0,Merge
93139155.539,E0,FRAG0183,1.281432261072262,0.007335664335664336,8476.679,1516.376,1.7858,18.118,0.4629786621826347,0.0,Merge
123293703.58,E0,P395,1.2887679254079263,0.0024355585714285716,8492.823,1050.009,1.8406,19.128,0.7339572286951779,0.0,Merge
157785137.733,E3,FRAG0092,0.4945820173959373,0.005910755910755911,6171.725,1411.047,2.2536,16.357,0.8573771107211895,0.0,Hit+Run
160193039.391,E0,FRAG0092,1.291203483979355,0.005910755910755911,8498.170,1411.047,1.4707,15.033,0.5487798783144976,0.0,Merge
161014282.692,E10,FRAG0011,0.26921119010989014,0.005774225774225774,5039.160,1400.098,3.3851,19.763,0.41679595839573597,0.0,Merge
