time_yr,target,projectile,Mt_Mearth,Mp_Mearth,Rt_km,Rp_km,vimp/vesc,vimp_km/s,b,m_frag_Mearth,Regime
22821.203,E0,P302,0.25108966658419013,0.0025,4923.456,1059.189,1.776,10.330,0.6774576206659169,0.0,Merge
113431.486,E57,P666,0.06,0.0025000000000000022,3055.232,1059.189,1.3467,4.6893,0.8400655424681226,0.0,Hit+Run
164818.783,E30,P561,0.30735377226908667,0.0025,5266.717,1059.189,1.304,8.1536,0.9615271967565826,0.0,Hit+Run
261173.074,E0,P189,0.25358966658419013,0.0025,4939.743,1059.189,1.387,8.0964,0.5872752293658162,0.0,Merge
281139.625,E27,P216,0.17794764252757597,0.0025000000000000022,4389.596,1059.189,2.3462,12.062,0.8136660325074271,0.0,Hit+Run
330477.536,E44,P357,0.21488884016897403,0.0025,4674.463,1059.189,1.1996,6.5992,0.6456106432427451,0.0,Merge
437251.538,E44,P276,0.21738884016897403,0.0025,4692.521,1059.189,1.4033,7.7519,0.7798689705790603,0.0,Merge
518528.687,NEPTUNE,K302,16.01442390942391,0.035,19671.20,2552.798,1.0028,24.076,0.6673904887643375,0.0,Merge
575913.955,E54,E93,0.025,0.025,2281.955,2281.955,1.5171,4.4862,0.6001,0.0,Hit+Run
696931.051,E27,P280,0.17794764252757597,0.0025,4389.596,1059.189,2.203,11.326,0.9109837124350483,0.0,Hit+Run
697222.48,E72,P413,0.027500000000000004,0.0025,2355.617,1059.189,1.34,3.5484,0.5456510903358838,0.0,Merge
821496.43,E16,P208,0.15559078306824486,0.0024999999999999996,4197.478,1059.189,2.4,11.758,0.6794482995517616,0.0,Merge
923815.351,E16,P116,0.15809078306824487,0.0025000000000000022,4219.840,1059.189,2.1829,10.756,0.9562731696208645,0.0,Hit+Run
1005893.184,E0,P78,0.25608966658419013,0.0025,4955.922,1059.189,1.8655,10.927,0.7812332363031005,0.0,Merge
1025370.614,E0,P137,0.25858966658419014,0.0024999999999999905,4971.997,1059.189,2.7006,15.874,0.7412835686453092,0.0,Merge
1100079.781,E2,E27,0.27858015576613077,0.17794764252757597,5096.952,4389.596,1.1954,7.4088,0.49870519618535436,0.034865134865134866,Fragment
1115699.839,E56,E80,0.030000000000000002,0.025,2424.939,2281.955,1.0188,3.1114,0.5605254018016409,0.0,Graze+Merge
1147994.205,E0,FRAG1013,0.26108966658419014,0.007260665372441432,4987.969,1511.190,1.0582,6.0750,0.7040852729494453,0.0,Merge
1292466.075,E21,P66,0.03250000000000001,0.0025,2490.510,1059.189,6.1372,17.217,0.9474560609932975,0.0,Hit+Run
1296008.639,E87,P577,0.030000000000000002,0.0025,2424.939,1059.189,4.2656,11.639,0.029301424140815494,0.0056919813519813525,Fragment
1307693.023,E2,E0,0.42166266342857184,0.26835033195663155,5852.151,5033.783,1.6297,11.592,0.4492625468549849,0.11272135198135198,Fragment
1310872.46,E2,FRAG0024,0.5772923826645907,0.005636030636030636,6498.190,1388.838,1.0618,8.1555,0.6541010209693503,0.0,Merge
1328480.504,NEPTUNE,K910,16.04942390942391,0.035,19685.52,2552.798,1.0007,24.044,0.58441382116192,0.0,Merge
1359933.438,E2,P12,0.5829284133006214,0.0075,6519.269,1527.616,1.0959,8.3868,0.4806682603734103,0.0,Merge
1390783.952,NEPTUNE,K932,16.08442390942391,0.035,19699.82,2552.798,1.0012,24.074,0.5821607904031052,0.0,Merge
1402444.277,E87,E93,0.02680802530802531,0.025,2335.691,2281.955,1.1223,3.3585,0.7445142891007716,0.0,Hit+Run
1441775.383,E21,P455,0.03250000000000001,0.0025,2490.510,1059.189,5.1293,14.389,0.6310293107652338,0.0,Merge
1477247.6,P108,P561,0.0025,0.0025,1059.189,1059.189,7.5303,10.336,0.75555,0.0,Graze+Frag
1546357.17,P39,P126,0.0025000000000000022,0.0025,1059.189,1059.189,9.6543,13.251,0.9482500000000001,0.0,Hit+Run
1565938.257,E2,FRAG0016,0.5904284133006213,0.005636030636030636,6547.109,1388.838,1.2459,9.6468,0.40952704081338914,0.0,Merge
1670968.825,P46,P92,0.0025,0.0024999999999999905,1059.189,1059.189,23.389,32.104,0.8274000000000006,0.0,Graze+Frag
1681695.629,E30,P662,0.30735377226908667,0.0025,5266.717,1059.189,1.7665,11.045,0.8342282891593173,0.0,Hit+Run
1798174.06,E16,P39,0.15809078306824487,0.0025000000000000022,4219.840,1059.189,1.6235,8.0000,0.865066307919167,0.0,Hit+Run
1808494.459,P116,FRAG0009,0.0025000000000000022,0.005636030636030636,1059.189,1388.838,8.3731,13.637,0.3534486710205841,0.008053459873459875,Fragment
2021717.504,E2,P428,0.596064443936652,0.0025,6567.875,1059.189,1.1699,9.2593,0.7922372656548662,0.0,Merge
2366477.56,P76,P216,0.0025000000000000022,0.0025000000000000022,1059.189,1059.189,6.2013,8.5118,0.8078,0.0,Hit+Run
2464606.687,E2,P51,0.598564443936652,0.0025,6577.045,1059.189,1.5037,11.918,0.6662972075291775,0.0,Merge
2512339.869,P54,FRAG0005,0.0025,0.0058108558108558115,1059.189,1403.052,6.0801,9.9798,0.7466511243687866,0.0,Hit+Run
2572281.855,P46,P173,0.005,0.0025,1334.495,1059.189,5.4552,8.6271,0.42075028081175364,0.007231475191475192,Fragment
2594203.678,E30,P177,0.30735377226908667,0.0024999999999999905,5266.717,1059.189,1.4335,8.9633,0.6115176431013163,0.0,Merge
2717336.233,E16,P223,0.15809078306824487,0.0025,4219.840,1059.189,1.5848,7.8093,0.7244590601248764,0.0,Merge
2746857.491,E58,P260,0.025,0.0025,2281.955,1059.189,2.7664,7.0907,0.5618242728627596,0.0,Merge
2798910.539,E30,FRAG0018,0.30985377226908667,0.005636030636030636,5280.958,1388.838,1.4269,8.7677,0.49477835504466755,0.0,Merge
2800908.987,P122,FRAG1011,0.0025,0.007928534346505178,1059.189,1556.174,6.7029,11.958,0.8931596399554949,0.0,Hit+Run
2845420.563,E2,P76,0.6010644439366519,0.0025000000000000022,6586.189,1059.189,1.7999,14.287,0.5863097526191936,0.0,Merge
2890886.04,E30,P111,0.3154898029051173,0.0025,5312.785,1059.189,1.1523,7.2726,0.7195466991237273,0.0,Merge
2920020.146,E30,P451,0.3179898029051173,0.0025,5326.781,1059.189,1.7684,11.192,0.7373780069660164,0.0,Merge
2962311.129,P112,P158,0.0025,0.0025,1059.189,1059.189,5.1788,7.1083,0.40485,0.0,Merge
2962614.749,P105,FRAG0010,0.0024999999999999905,0.005636030636030636,1059.189,1388.838,14.966,24.376,0.5905089315814576,0.0,Graze+Frag
3032025.689,E14,P258,0.027500000000000017,0.0025000000000000022,2355.617,1059.189,2.0629,5.4627,0.5905586579475981,0.0,Merge
3040941.727,E29,P216,0.037500000000000006,0.0025000000000000022,2612.187,1059.189,7.9326,23.393,0.7400318051822017,0.0,Graze+Frag
3161263.083,E21,P232,0.03500000000000001,0.0025000000000000022,2552.798,1059.189,4.5386,13.065,0.92712396645708,0.0,Hit+Run
3162042.086,E2,FRAG0025,0.6035644439366519,0.005636030636030636,6595.307,1388.838,1.605,12.525,0.27391834804437476,0.0,Merge
3291048.52,E30,P139,0.3204898029051173,0.0025,5340.705,1059.189,1.5727,9.9818,0.9750284597277347,0.0,Hit+Run
3392833.449,E2,P117,0.6092004745726826,0.0025,6615.773,1059.189,1.2268,9.7850,0.45427090540081816,0.0,Merge
3403513.128,E2,P125,0.6117004745726825,0.0024999999999999905,6624.810,1059.189,1.3638,10.893,0.769302193166936,0.0,Merge
3491946.582,P42,P174,0.0025,0.0025,1059.189,1059.189,9.8599,13.533,0.32715,0.0,Merge
3502180.253,E2,FRAG0021,0.6142004745726825,0.005636030636030636,6633.823,1388.838,1.5269,11.990,0.9725001671432827,0.0,Hit+Run
3745488.153,P121,P598,0.0025,0.0025,1059.189,1059.189,8.8372,12.129,0.52005,0.0,Graze+Frag
3842930.053,E2,P66,0.6142004745726825,0.0025,6633.823,1059.189,1.4654,11.722,0.9950286647175208,0.0,Hit+Run
3966987.366,P46,P380,0.007499833499833501,0.0025,1527.604,1059.189,7.975,14.008,0.2313734338726296,0.009886480186480187,Fragment
3969055.927,E2,FRAG0011,0.6142004745726825,0.005636030636030636,6633.823,1388.838,2.0598,16.175,0.7234422210982553,0.0,Merge
3973306.852,E22,P629,0.025,0.0025,2281.955,1059.189,6.457,16.550,0.19717805443165418,0.014745920745920746,Fragment
3994752.861,E14,P329,0.03000000000000002,0.0025,2424.939,1059.189,2.8172,7.6872,0.9192016832013071,0.0,Hit+Run
4216973.397,E16,P224,0.16059078306824487,0.0025,4241.968,1059.189,3.6708,18.190,0.7817119535922923,0.0,Merge
4221110.944,E2,P116,0.6198365052087131,0.008136197136197136,6654.052,1569.643,2.2484,17.553,0.8016876243748853,0.0,Merge
4236480.31,P77,FRAG0003,0.0025000000000000022,0.0058108558108558115,1059.189,1403.052,19.268,31.627,0.1116728881063185,0.0,Fragment
4243017.743,E2,P280,0.6279727023449103,0.0025,6683.040,1059.189,1.5421,12.432,0.8505042402559667,0.0,Merge
4247199.584,P105,P21,0.008136197136197136,0.0025,1569.643,1059.189,7.3357,13.182,0.197815072825325,0.0,Fragment
4305607.414,P3,P230,0.007499999999999996,0.0024999999999999905,1527.616,1059.189,8.0124,14.074,0.6846146876983269,0.009120879120879121,Graze+Frag
4343403.457,NEPTUNE,K523,16.11942390942391,0.035,19714.10,2552.798,1.0014,24.097,0.6416164577121651,0.0,Merge
4374681.397,E2,P274,0.6304727023449103,0.0025,6691.897,1059.189,1.6882,13.629,0.7088962765888331,0.0,Merge
4482366.66,E30,FRAG0013,0.3204898029051173,0.005636030636030636,5340.705,1388.838,2.6891,16.724,0.9902799588904028,0.0,Hit+Run
4640070.904,E2,FRAG0023,0.6329727023449102,0.005636030636030636,6700.730,1388.838,2.0834,16.538,0.2822905746700197,0.0,Merge
4769950.958,E2,P15,0.6386087329809409,0.007500000000000003,6720.560,1527.616,1.2975,10.259,0.7905940876831272,0.0,Merge
4782692.702,E21,P67,0.03500000000000001,0.0025,2552.798,1059.189,5.2503,15.114,0.45840265638364236,0.00755011655011655,Fragment
4833089.291,P46,P219,0.01,0.0024999999999999988,1681.359,1059.189,10.456,19.951,0.5276201397746939,0.012291075591075592,Fragment
4927012.999,P112,P206,0.005,0.0025,1334.495,1059.189,6.4716,10.234,0.8789092589104672,0.0,Hit+Run
5021760.754,E48,FRAG0001,0.035,0.0058108558108558115,2552.798,1403.052,4.0976,11.758,0.8067173142789807,0.0,Hit+Run
5174951.366,E16,P250,0.16309078306824487,0.0025,4263.867,1059.189,1.1388,5.6746,0.34612008703571323,0.0,Merge
5206292.051,E2,E30,0.6461087329809408,0.3204898029051173,6746.767,5340.705,2.3155,18.499,0.8761468289419776,0.0,Hit+Run
5207320.888,E2,E30,0.6461087329809408,0.3204898029051173,6746.767,5340.705,1.0555,8.4327,0.6517657209374703,0.026234965034965037,Graze+Merge
5319448.055,E16,E14,0.16559078306824487,0.03000000000000002,4285.543,2424.939,2.7694,13.357,0.7429869321182709,0.026234965034965037,Hit+Run+Frag
5457213.633,E2,P182,0.9665985358860582,0.0025,7716.302,1059.189,1.9405,18.218,0.9898295427411923,0.0,Hit+Run
5607831.049,E2,P178,0.9665985358860582,0.0025000000000000022,7716.302,1059.189,1.5768,14.804,0.8174864758696692,0.0,Merge
5676035.206,E2,FRAG0013,0.9690985358860582,0.005636030636030636,7722.949,1388.838,1.5003,13.863,0.8100301556285725,0.0,Merge
5776393.263,E2,P261,0.9747345665220889,0.002500000000000014,7737.891,1059.189,1.6935,15.946,0.4200078417080631,0.0,Merge
5788952.665,P46,P346,0.0055279720279720265,0.0025,1379.904,1059.189,11.636,18.861,0.2881337496586745,0.0,Fragment
5795708.642,E2,E48,0.977234566522089,0.035,7744.501,2552.798,1.4809,13.117,0.5597809565395322,0.0,Merge
5905594.116,E44,E16,0.21988884016897403,0.16559011706757892,4710.441,4285.537,2.6192,15.318,0.582680214880551,0.11344655344655342,Hit+Run+Frag
5905594.117,E16,FRAG0036,0.052147852147852156,0.005672327672327672,2915.676,1391.813,0.81,2.6513,0.05300011921026935,0.0,Perfect
5905594.117,E16,FRAG0055,0.057820179820179826,0.005672327672327672,3017.776,1391.813,0.8938,3.0301,0.044894455159953044,0.0,Perfect
5962405.689,E2,FRAG0021,1.0122345665220889,0.005636030636030636,7835.876,1388.838,1.673,15.700,0.7690014544045254,0.0,Merge
6137253.943,E2,P320,1.0178705971581195,0.0025000000000000022,7850.392,1059.189,2.1519,20.574,0.628060832969934,0.0,Merge
6211499.242,E44,FRAG0037,0.21988455164214737,0.005672327672327672,4710.410,1391.813,1.8377,9.9819,0.8467929995478521,0.0,Hit+Run
6558774.431,E2,FRAG0040,1.0203705971581194,0.005672327672327672,7856.814,1391.813,1.2497,11.759,0.7841839549504805,0.0,Merge
6604014.525,E2,P141,1.026042924830447,0.0024999999999999905,7871.346,1059.189,2.3043,22.093,0.47833405787499994,0.0,Merge
6686848.078,P73,P326,0.0025000000000000022,0.0024999999999999996,1059.189,1059.189,35.994,49.405,0.7756500000000001,0.0,Graze+Frag
6701381.858,E65,P609,0.030000000000000002,0.0025,2424.939,1059.189,6.1482,16.776,0.3630314211840703,0.011825081585081587,Fragment
6777849.092,P77,P304,0.00831068931068931,0.0025,1580.785,1059.189,15.651,28.296,0.8897389564092367,0.0,Hit+Run
6906615.696,P148,P282,0.0025000000000000022,0.0025,1059.189,1059.189,16.653,22.858,0.31155000000000005,0.0,Merge
6914467.605,P142,FRAG0052,0.0025,0.005672327672327672,1059.189,1391.813,9.0905,14.830,0.6071644085001453,0.0,Graze+Frag
7009204.739,E2,FRAG0032,1.028542924830447,0.006118215118215118,7877.734,1427.366,1.4564,13.720,0.9549691810054884,0.0,Hit+Run
7010171.362,E2,FRAG0032,1.028542924830447,0.006118215118215118,7877.734,1427.366,1.0489,9.8816,0.7334129445966796,0.0,Merge
7141028.899,E44,P492,0.21988455164214737,0.0025,4710.410,1059.189,1.8485,10.253,0.20957471577050005,0.0,Merge
7207470.294,E2,P286,1.034661139948662,0.0025,7893.323,1059.189,1.2413,11.936,0.873488279966926,0.0,Merge
7400105.494,P14,FRAG0019,0.0025,0.005636030636030636,1059.189,1388.838,12.762,20.787,0.1635495135827895,0.0,Fragment
7426229.035,P138,P199,0.0025,0.0025,1059.189,1059.189,17.372,23.845,0.8681,0.0,Graze+Frag
7517043.276,E86,P663,0.027500000000000004,0.0025,2355.617,1059.189,5.111,13.534,0.6725097951560721,0.0,Merge
7657977.383,E44,FRAG0043,0.22238455164214738,0.005672327672327672,4728.195,1391.813,1.7431,9.5066,0.5337754182086,0.0,Merge
7708491.171,P131,P364,0.0025000000000000022,0.0025,1059.189,1059.189,17.711,24.311,0.36005000000000004,0.0,Merge
7713831.71,E2,P136,1.037161139948662,0.0024999999999999905,7899.675,1059.189,1.3053,12.562,0.7269327275904396,0.0,Merge
8024829.403,P105,P344,0.010636030636030637,0.0024999999999999905,1716.275,1059.189,20.792,40.412,0.4157328126455257,0.007608391608391609,Fragment
8036609.742,E44,P334,0.22805687931447505,0.0025,4768.058,1059.189,4.8988,27.529,0.6836353227961084,0.0,Merge
8124533.101,E2,P39,1.039661139948662,0.0025000000000000022,7906.017,1059.189,1.9418,18.704,0.9666900030479991,0.0,Hit+Run
8156244.916,P28,FRAG0006,0.005,0.0058108558108558115,1334.495,1403.052,15.062,26.741,0.8960341506579987,0.0,Hit+Run
8502722.164,E2,P3,1.039661139948662,0.01,7906.017,1681.359,1.9551,18.276,0.32168731112740895,0.0,Merge
8595620.769,E44,E58,0.23055687931447505,0.0275,4785.418,2355.617,1.7533,9.4165,0.9193505720889935,0.0,Hit+Run
8651172.901,P170,P580,0.0025,0.0025000000000000022,1059.189,1059.189,16.073,22.062,0.30429999999999996,0.0,Merge
8652690.669,E2,P297,1.049661139948662,0.0025,7931.285,1059.189,1.2452,12.035,0.5286067751787104,0.0,Merge
8700114.344,E2,FRAG0051,1.052161139948662,0.005672327672327672,7937.576,1391.813,1.3451,12.796,0.4972157741108552,0.0,Merge
8700325.272,E2,P202,1.0578334676209895,0.0025,7951.815,1059.189,2.0159,19.537,0.9207545497147889,0.0,Hit+Run
8763170.623,E44,P771,0.23055687931447505,0.0025,4785.418,1059.189,4.0407,22.796,0.7674376666640256,0.0,Merge
8864033.31,P66,P329,0.0025,0.0025,1059.189,1059.189,7.0178,9.6325,0.6546,0.0,Graze+Frag
9062602.806,P108,P213,0.005,0.0025,1334.495,1059.189,5.6029,8.8606,0.964765285470703,0.0,Hit+Run
9338229.588,E2,P202,1.0578334676209895,0.0025,7951.815,1059.189,1.0855,10.520,0.3776911513110308,0.0,Merge
9418711.052,E2,P479,1.0603334676209895,0.0025000000000000022,7958.074,1059.189,1.3651,13.240,0.9957671219360072,0.0,Hit+Run
9437751.629,E2,P310,1.0603334676209895,0.0025,7958.074,1059.189,2.3679,22.967,0.8091986830657848,0.0,Merge
9460622.25,E2,P46,1.0628334676209894,0.008027639027639028,7964.324,1562.631,1.1813,11.189,0.7986932957134796,0.0,Merge
9528572.745,E2,P108,1.0708611066486284,0.005,7984.325,1334.495,1.6002,15.361,0.26157971233390015,0.0,Merge
9568779.245,E2,P373,1.0758611066486283,0.0025,7996.732,1059.189,1.1834,11.537,0.30111629258368416,0.0,Merge
9608895.334,P180,P452,0.0025,0.0025,1059.189,1059.189,8.7625,12.027,0.6053,0.0,Graze+Frag
9671881.122,E2,P156,1.0783611066486283,0.0025,8002.922,1059.189,2.5501,24.881,0.8142355921655994,0.0,Merge
9734011.894,E2,P322,1.0808611066486282,0.0025,8009.101,1059.189,1.7064,16.663,0.9390166597653231,0.0,Hit+Run
9784477.751,E2,P39,1.0808611066486282,0.0025000000000000022,8009.101,1059.189,1.3982,13.653,0.6260111065102155,0.0,Merge
9823594.574,P130,FRAG0046,0.0025,0.005672327672327672,1059.189,1391.813,20.806,33.943,0.8406958293923008,0.0,Graze+Frag
10001272.561,P54,P516,0.0025,0.0025,1059.189,1059.189,8.7765,12.046,0.96995,0.0,Hit+Run
10108012.865,E2,P71,1.0833611066486282,0.0025000000000000022,8015.272,1059.189,1.4266,13.942,0.6235942206425319,0.0,Merge
10167862.101,P130,FRAG0058,0.008172161172161173,0.007608391608391609,1571.952,1534.940,6.5898,13.268,0.46360795777912467,0.010252747252747253,Fragment
10168295.693,P130,FRAG0059,0.005527805527805529,0.010252747252747253,1379.890,1695.406,1.0424,2.1096,0.6420470776272683,0.0,Graze+Merge
10185721.282,E44,E58,0.23305687931447505,0.0275,4802.652,2355.617,1.9847,10.697,0.9701555844015454,0.0,Hit+Run
10303009.275,E16,FRAG0038,0.0634925074925075,0.005672327672327672,3113.398,1391.813,2.9096,10.185,0.6299757225020488,0.0,Merge
10335404.089,E16,P209,0.06916483516483517,0.0025,3203.482,1059.189,2.0006,7.3287,0.8451590735338739,0.0,Hit+Run
10541478.027,P131,FRAG0015,0.005000000000000003,0.005636030636030636,1334.495,1388.838,5.1544,9.1007,0.5303026901380713,0.010073320013320014,Graze+Frag
10906427.31,E2,FRAG0048,1.0858611066486281,0.005672327672327672,8021.432,1391.813,1.0721,10.314,0.7537205857370104,0.0,Merge
10934931.656,E44,P456,0.23305687931447505,0.0025,4802.652,1059.189,2.5366,14.366,0.669784021226656,0.0,Merge
11069929.086,P138,FRAG0014,0.005,0.005636030636030636,1334.495,1388.838,10.999,19.420,0.912569487935807,0.0,Hit+Run
11268055.632,E2,FRAG0042,1.0915334343209557,0.005672327672327672,8035.375,1391.813,1.0015,9.6529,0.6919473110927868,0.0,Merge
11669565.338,E44,P148,0.23555687931447505,0.005000000000000003,4819.764,1334.495,2.6681,14.903,0.25123741399731986,0.0,Merge
11695812.289,E2,E14,1.0972057619932833,0.005527805527805528,8049.270,1379.890,1.6327,15.774,0.9637788577138489,0.0,Hit+Run
11716614.067,E2,E14,1.0972057619932833,0.005527805527805528,8049.270,1379.890,1.0428,10.075,0.8132791122621645,0.0,Merge
11880905.321,P73,P516,0.005,0.0025,1334.495,1059.189,9.4107,14.882,0.8814180389073571,0.0,Hit+Run
12221941.706,P131,P295,0.010636030636030637,0.0025,1716.275,1059.189,18.504,35.967,0.9468542060431779,0.0,Hit+Run
12302321.081,E2,FRAG0008,1.102733567521089,0.005636030636030636,8062.765,1388.838,2.1345,20.651,0.48786383769039904,0.0,Merge
12388979.245,E2,P120,1.1083695981571196,0.0025,8076.478,1059.189,2.19,21.575,0.6904508146105144,0.0,Merge
12480039.799,P140,P377,0.0025,0.0025,1059.189,1059.189,24.916,34.199,0.3109,0.0,Merge
12514930.335,E2,P268,1.1108695981571195,0.0025000000000000022,8082.546,1059.189,2.2113,21.802,0.6543497171123015,0.0,Merge
12586710.269,P60,P416,0.0025,0.0025,1059.189,1059.189,18.771,25.765,0.8961,0.0,Graze+Frag
12848647.075,P138,P126,0.005,0.0025,1334.495,1059.189,23.175,36.650,0.9146454361995005,0.0,Graze+Frag
12930178.137,P60,P317,0.005,0.0025,1334.495,1059.189,10.519,16.635,0.5892845459361647,0.007412787212787213,Graze+Frag
13224563.964,E44,FRAG0004,0.24055687931447506,0.0058108558108558115,4853.627,1403.052,3.4921,19.577,0.9921083287041935,0.0,Hit+Run
13283326.739,P42,FRAG0014,0.005,0.005636030636030636,1334.495,1388.838,11.940,21.082,0.8050584823764899,0.0099201998001998,Graze+Frag
13308074.275,P54,P378,0.0025,0.0025,1059.189,1059.189,7.5596,10.376,0.9324999999999999,0.0,Hit+Run
13315262.852,P123,P502,0.0025,0.0025000000000000022,1059.189,1059.189,28.127,38.607,0.29989999999999994,0.0,Merge
13330452.873,E2,P28,1.1133695981571194,0.005,8088.605,1334.495,1.3499,13.138,0.9677380699577665,0.0,Hit+Run
13454643.292,E2,P140,1.1133695981571194,0.005,8088.605,1334.495,2.0324,19.781,0.3738246669031464,0.0,Merge
13470347.797,E2,P192,1.1183695981571193,0.0025,8100.695,1059.189,1.7257,17.055,0.9827080118993201,0.0,Hit+Run
13826916.597,E2,P172,1.1183695981571193,0.0025,8100.695,1059.189,1.44,14.231,0.8717200209945645,0.0,Merge
13926624.191,P60,P632,0.007499833499833501,0.0025,1527.604,1059.189,10.847,19.055,0.7100058181344119,0.0,Graze+Frag
13932981.413,E2,FRAG0026,1.1208695981571193,0.005636030636030636,8106.727,1388.838,1.1274,10.970,0.8798626228843061,0.0,Hit+Run
14013596.393,E2,P363,1.1208695981571193,0.002500000000000014,8106.727,1059.189,1.0204,10.092,0.7929911935722029,0.0,Merge
14097676.731,E2,FRAG0026,1.1233695981571192,0.005636030636030636,8112.749,1388.838,1.0723,10.442,0.4426259602370715,0.0,Merge
14241901.718,P131,P337,0.010636030636030637,0.0025,1716.275,1059.189,8.0396,15.626,0.9503789376095612,0.0,Hit+Run
14299522.085,E2,P522,1.1290056287931498,0.0025,8126.294,1059.189,1.4842,14.717,0.5107307984022404,0.0,Merge
14739670.889,P131,P142,0.010636030636030637,0.008172161172161173,1716.275,1571.952,4.9783,10.637,0.530453097859269,0.013280719280719281,Graze+Frag
14859365.565,E58,FRAG0061,0.0275,0.0066403596403596405,2355.617,1466.868,7.7993,20.824,0.9599986217189694,0.0,Hit+Run
14912041.729,P14,P226,0.008136197136197136,0.0025,1569.643,1059.189,9.1718,16.482,0.7511360145314182,0.00738017316017316,Graze+Frag
15033344.735,E2,P264,1.1315056287931498,0.0025,8132.288,1059.189,2.5155,24.962,0.22959623575616322,0.0,Merge
15134398.785,P77,P115,0.00831068931068931,0.0025000000000000022,1580.785,1059.189,3.9086,7.0665,0.3490334731078431,0.0,Fragment
15356530.986,P145,P237,0.002499999999999968,0.0025,1059.189,1059.189,19.999,27.451,0.8273499999999984,0.0,Graze+Frag
15511554.078,P159,P378,0.0025,0.0025,1059.189,1059.189,34.602,47.494,0.1949,0.0,Merge
15722813.764,P54,FRAG0006,0.0025,0.0058108558108558115,1059.189,1403.052,9.4295,15.477,0.4454440509787858,0.0,Graze+Frag
15729708.723,E44,P590,0.24055687931447506,0.0025,4853.627,1059.189,7.2041,41.266,0.7429653099640187,0.0,Merge
15811179.296,P73,P86,0.005,0.0024999999999999905,1334.495,1059.189,13.037,20.617,0.8805260282417966,0.0,Hit+Run
16257180.791,E2,P28,1.1340056287931497,0.005,8138.273,1334.495,1.0913,10.691,0.810840239376828,0.0,Merge
16450329.634,P101,P367,0.0025,0.0025,1059.189,1059.189,8.1997,11.254,0.54185,0.0,Graze+Frag
16530969.014,E2,P183,1.1390056287931496,0.0025,8150.216,1059.189,3.0392,30.230,0.8250745442209358,0.0,Merge
16660407.155,E2,P542,1.1415056287931495,0.002500000000000014,8156.175,1059.189,2.0492,20.398,0.330216861515325,0.0,Merge
16780108.142,E2,FRAG0004,1.1440056287931495,0.0058108558108558115,8162.125,1403.052,1.0366,10.153,0.9732929559700878,0.0,Hit+Run
16934942.246,E2,P66,1.1440056287931495,0.005,8162.125,1334.495,1.1992,11.784,0.3347662054898246,0.0,Merge
17267988.444,E2,P375,1.1490056287931494,0.0025,8173.998,1059.189,2.0557,20.510,0.7035355843059677,0.0,Merge
17527884.646,P161,P185,0.0025,0.0025,1059.189,1059.189,11.106,15.245,0.8152,0.0,Graze+Frag
17657280.651,E2,P60,1.1515056287931493,0.01,8179.922,1681.359,2.3059,22.358,0.8285035205710082,0.0,Merge
17662893.871,E44,FRAG1001,0.24305687931447506,0.005576169311827479,4870.383,1383.903,1.7273,9.7300,0.27808348439459846,0.0,Merge
17714986.593,E2,P121,1.1615056287931493,0.005,8203.533,1334.495,1.4822,14.644,0.3332836541766633,0.0,Merge
17828357.125,E2,P112,1.1665056287931492,0.005,8215.288,1334.495,1.8233,18.042,0.5217471226773773,0.0,Merge
17953662.506,P145,FRAG0031,0.005,0.0069720279720279724,1334.495,1490.894,17.586,32.342,0.7136795024558978,0.006444222444222445,Graze+Frag
18048143.055,E44,P441,0.24863304862630253,0.0025,4907.347,1059.189,2.8203,16.347,0.6982018141735058,0.0,Merge
18284693.459,E58,P466,0.0275,0.0025,2355.617,1059.189,12.473,33.031,0.7161756788706884,0.01601065601065601,Graze+Frag
18360157.435,E44,E58,0.25113304862630254,0.01398934398934399,4923.740,1880.440,1.3807,7.7000,0.5910646857219003,0.0,Merge
18366255.164,E2,FRAG0001,1.1715056287931491,0.0058108558108558115,8227.009,1403.052,1.1289,11.151,0.8176552587542006,0.0,Merge
18463810.782,E2,P14,1.177316484604005,0.010636030636030637,8240.589,1716.275,1.1264,10.992,0.9698983159349777,0.0,Hit+Run
18700193.539,E2,P914,1.177316484604005,0.0025,8240.589,1059.189,4.049,40.745,0.5584239388107071,0.0,Merge
18821565.673,E2,P14,1.179816484604005,0.010636030636030637,8246.417,1716.275,1.011,9.8736,0.20933285482560243,0.0,Merge
19193957.167,E2,P161,1.1904525152400356,0.005,8271.124,1334.495,1.8535,18.473,0.5162122798952694,0.0,Merge
19205197.326,P86,FRAG0060,0.0024999999999999905,0.0066403596403596405,1059.189,1466.868,20.170,34.279,0.7205345288836772,0.0,Graze+Frag
19206883.032,E2,P232,1.1954525152400355,0.0025000000000000022,8282.687,1059.189,1.4584,14.754,0.6517537442506471,0.0,Merge
19881493.792,E2,P192,1.1979525152400354,0.0025,8288.457,1059.189,1.1333,11.474,0.2667160941063572,0.0,Merge
20682018.327,E29,P339,0.04,0.0025,2668.991,1059.189,3.2879,9.9179,0.32014884619207407,0.0,Merge
21055226.931,E2,FRAG0034,1.2004525152400354,0.006118215118215118,8294.219,1427.366,1.4149,14.082,0.8607688306079417,0.0,Hit+Run
21328053.671,E2,FRAG0041,1.2004525152400354,0.005672327672327672,8294.219,1391.813,1.6077,16.028,0.6888135049017167,0.0,Merge
21989625.119,E2,FRAG0034,1.206124842912363,0.006118215118215118,8307.262,1427.366,1.0969,10.936,0.5319069522857257,0.0,Merge
22212143.816,E2,P131,1.212243058030578,0.0055274725274725295,8321.285,1379.863,1.3986,13.999,0.41498569128356927,0.0,Merge
22358887.037,E44,P191,0.2651223926156465,0.0025,5013.518,1059.189,2.8941,17.164,0.8333424330767195,0.0,Hit+Run
22463948.369,E2,P287,1.2177705305580506,0.0025,8333.913,1059.189,3.6992,37.669,0.7501592978525664,0.0,Merge
22594701.431,E16,E47,0.06916483516483517,0.037500000000000006,3203.482,2612.187,2.5967,9.9355,0.8350679382576023,0.0,Hit+Run
23023045.291,P138,FRAG0017,0.007499833499833501,0.005636030636030636,1527.604,1388.838,8.1005,15.359,0.3549203895707134,0.01304009324009324,Fragment
23906504.192,E2,FRAG0065,1.2202705305580506,0.007608391608391609,8339.612,1534.940,1.9038,18.966,0.3118100677735742,0.0,Merge
23943962.595,E2,FRAG0062,1.2278789221664421,0.006444222444222445,8356.909,1452.281,1.1489,11.514,0.699959569541619,0.0,Merge
24132021.738,P188,P347,0.0025,0.0025,1059.189,1059.189,9.9571,13.667,0.69955,0.0,Graze+Frag
24381331.136,E16,FRAG0064,0.06916483516483517,0.008005328005328004,3203.482,1561.182,2.1031,7.5618,0.9065182211762424,0.0,Hit+Run
24443131.518,E47,P150,0.037500000000000006,0.0025,2612.187,1059.189,5.4104,15.955,0.85123935363906,0.0,Hit+Run
24462187.589,E2,FRAG0012,1.2343231446106646,0.005636030636030636,8371.503,1388.838,1.6611,16.727,0.4451494114030295,0.0,Merge
24805096.013,P130,P86,0.015780552780552782,0.00914019314019314,1957.497,1631.720,13.116,30.877,0.8556511095285322,0.01292107892107892,Graze+Frag
24985669.556,P206,P187,0.0025,0.0024999999999999905,1059.189,1059.189,13.254,18.193,0.5046500000000004,0.0,Graze+Frag
25006274.36,E16,E47,0.06916483516483517,0.037500000000000006,3203.482,2612.187,1.0043,3.8426,0.5502304508743528,0.0,Merge
25047415.575,P150,P391,0.0025,0.0025,1059.189,1059.189,8.8265,12.115,0.2605,0.0,Merge
25071903.349,E2,P337,1.2399591752466952,0.0025,8384.226,1059.189,2.3107,23.679,0.9261928746624105,0.0,Hit+Run
25593163.983,E2,P337,1.2399591752466952,0.0025,8384.226,1059.189,1.1027,11.300,0.4599002195888887,0.0,Merge
25940201.742,E2,FRAG0063,1.2424591752466951,0.008005328005328004,8389.857,1561.182,1.275,12.769,0.4680123934363032,0.0,Merge
27111462.645,P73,FRAG0050,0.005,0.005672327672327672,1334.495,1391.813,8.1068,14.330,0.5127387624736697,0.0,Graze+Frag
27204254.496,E2,FRAG0067,1.2504645032520232,0.00646053946053946,8407.837,1453.505,1.8482,18.642,0.772972323772242,0.0,Merge
27508168.838,E2,P322,1.2569250427125627,0.0025,8422.292,1059.189,1.7795,18.323,0.6605313796509807,0.0,Merge
27534933.274,E2,P194,1.2594250427125626,0.0025,8427.872,1059.189,1.7072,17.591,0.7113052692657904,0.0,Merge
27679542.502,P42,P240,0.010636030636030637,0.0025,1716.275,1059.189,6.2642,12.175,0.30065341887290564,0.007608391608391609,Fragment
28186150.6,P73,P607,0.010672327672327672,0.0025,1718.225,1059.189,18.348,35.699,0.6665866618461566,0.013048937728937728,Graze+Frag
28228723.166,E44,P639,0.2651223926156465,0.0025,5013.518,1059.189,2.177,12.911,0.41807470587482726,0.0,Merge
28747618.389,P209,P154,0.0025,0.0025,1059.189,1059.189,19.610,26.917,0.8666,0.0,Graze+Frag
29352574.067,E2,P211,1.2619250427125626,0.0025,8433.445,1059.189,1.6429,16.940,0.4214663628592981,0.0,Merge
29569446.315,E2,P77,1.2644250427125625,0.01081085581085581,8439.010,1725.628,1.2366,12.374,0.8020873552077923,0.0,Merge
29723947.875,E2,FRAG0066,1.2752358985234182,0.00646053946053946,8462.993,1453.505,1.5395,15.636,0.8473661946535129,0.0,Merge
29794144.962,E44,FRAG0045,0.2676223926156465,0.005672327672327672,5029.228,1391.813,1.1663,6.7979,0.7754877288375791,0.0,Merge
29818237.377,P206,P191,0.005,0.0025,1334.495,1059.189,10.838,17.141,0.15242232247771753,0.0,Fragment
29939875.579,E2,P105,1.2816964379839577,0.005527639027639019,8477.261,1379.877,1.5735,16.064,0.1914387616219517,0.0,Merge
30561255.37,P130,P623,0.011999666999667001,0.0025,1786.694,1059.189,12.156,24.514,0.9480035530605838,0.0,Hit+Run
31873629.15,E2,P257,1.2872240770115968,0.0025,8489.430,1059.189,1.5581,16.178,0.8283502792040404,0.0,Merge
32134971.051,E44,P335,0.2732947202879742,0.0025,5064.511,1059.189,1.3019,7.8058,0.5688342394620864,0.0,Merge
33752855.003,E2,P127,1.2897240770115967,0.0025,8494.923,1059.189,1.5673,16.284,0.3829516522624592,0.0,Merge
34042443.618,E2,P73,1.2922240770115967,0.005527972027972027,8500.408,1379.904,2.2465,23.002,0.35187822110868605,0.0,Merge
35673035.935,E2,E21,1.2977520490395686,0.02994988344988346,8512.512,2423.588,1.58,15.553,0.601614858253045,0.0,Merge
37088242.009,E16,P278,0.10666483516483517,0.0025,3701.129,1059.189,2.9883,12.785,0.9756797697412324,0.0,Hit+Run
37628284.829,P54,P464,0.00831068931068931,0.0025,1580.785,1059.189,13.167,23.805,0.9104570181171305,0.0,Hit+Run
38795888.291,E44,P145,0.2757947202879742,0.005527805527805527,5079.907,1379.890,3.2795,19.335,0.8637685080697377,0.0,Hit+Run
40133889.898,E72,P562,0.030000000000000002,0.0025,2424.939,1059.189,6.9883,19.068,0.4344405926056302,0.014983116883116885,Fragment
40933182.465,E2,FRAG0064,1.3277019324894521,0.008005328005328004,8577.499,1561.182,3.9058,40.052,0.9713124065597629,0.0,Hit+Run
40936977.795,E2,P530,1.3277019324894521,0.0025,8577.499,1059.189,2.2769,23.899,0.27824144007874274,0.0,Merge
41448969.042,E29,E50,0.0425,0.030000000000000002,2723.475,2424.939,2.2656,7.5957,0.6033165131092995,0.01171828171828172,Hit+Run+Frag
42419417.645,E41,P581,0.025,0.0025,2281.955,1059.189,1.4331,3.6732,0.8316720363055949,0.0,Hit+Run
43132667.589,E2,P209,1.330201932489452,0.005,8582.880,1334.495,2.0732,21.491,0.8283113076969388,0.0,Merge
44365734.978,E83,P436,0.025,0.0025,2281.955,1059.189,5.2972,13.577,0.9875977371256386,0.0,Hit+Run
45157547.258,E50,P436,0.018282051282051282,0.0025,2055.900,1059.189,9.998,23.071,0.8623312134437334,0.0,Hit+Run
47510477.888,E51,P536,0.035,0.0025,2552.798,1059.189,3.9342,11.325,0.37182491138364826,0.0,Merge
49245399.376,E16,P305,0.10666483516483517,0.0025,3701.129,1059.189,3.6236,15.503,0.6817862698908972,0.0,Merge
49272784.045,E44,FRAG0039,0.2757947202879742,0.005672327672327672,5079.907,1391.813,2.9081,17.134,0.7291300653788014,0.0,Merge
52655325.495,E2,FRAG0064,1.335201932489452,0.008005328005328004,8593.620,1561.182,1.2543,12.888,0.9957961407679509,0.0,Hit+Run
52795357.216,E2,FRAG0064,1.335201932489452,0.008005328005328004,8593.620,1561.182,1.1792,12.116,0.8306058571970287,0.0,Merge
55060856.259,E2,P214,1.34320726049478,0.0025,8610.760,1059.189,2.3064,24.308,0.9265297047239638,0.0,Hit+Run
61611183.413,E55,FRAG0054,0.027500000000000004,0.005672327672327672,2355.617,1391.813,9.7047,25.796,0.28437652835599075,0.03271355311355312,Fragment
65538621.019,E16,FRAG0053,0.10916483516483518,0.005672327672327672,3729.822,1391.813,1.9054,8.0608,0.6209044776440792,0.0,Merge
67012103.512,E44,P509,0.28146704796030186,0.0025,5114.498,1059.189,4.7522,28.794,0.6595998008101621,0.0,Merge
67868655.192,E2,P54,1.34320726049478,0.00831068931068931,8610.760,1580.785,2.6741,27.512,0.42700867016016014,0.0,Merge
68620314.959,E50,P436,0.018282051282051282,0.0025,2055.900,1059.189,6.8743,15.863,0.7234712047887806,0.0,Graze+Frag
71347291.367,E2,FRAG0047,1.3515179498054692,0.005672327672327672,8628.483,1391.813,2.2291,23.177,0.9063083757990626,0.0,Hit+Run
72107938.003,E44,E72,0.28396704796030187,0.01751698301698302,5129.596,2026.812,4.7769,27.700,0.38914178698072416,0.04024009324009325,Fragment
72137098.316,E44,FRAG0082,0.2612439377371916,0.005748584748584749,4988.951,1398.022,1.1687,6.7509,0.7404174595782073,0.0,Merge
72970529.747,E44,FRAG0047,0.2669925224857764,0.005672327672327672,5025.279,1391.813,1.1055,6.4381,0.8295467748036184,0.0,Hit+Run
73283873.114,E2,FRAG0080,1.3515179498054692,0.005748584748584749,8628.483,1398.022,1.2786,13.290,0.23700024132770617,0.0,Merge
73709279.738,E2,FRAG0084,1.357266534554054,0.005748584748584749,8640.699,1398.022,1.4289,14.875,0.7583953727927689,0.0,Merge
74436651.936,E2,FRAG0085,1.3630151193026387,0.005748584748584749,8652.881,1398.022,1.4493,15.110,0.9548306122637032,0.0,Hit+Run
75709861.073,E2,FRAG0079,1.3630151193026387,0.005748584748584749,8652.881,1398.022,1.0983,11.450,0.07171345235016362,0.0,Merge
76090306.794,E2,FRAG0081,1.3687637040512235,0.005748584748584749,8665.028,1398.022,1.4799,15.452,0.9088632880403207,0.0,Hit+Run
82920915.286,E50,E55,0.020781884781884783,0.005528305028305029,2145.633,1379.932,9.4681,23.108,0.5759720417779407,0.025579920079920083,Fragment
88724608.777,E2,FRAG0085,1.3687637040512235,0.005748584748584749,8665.028,1398.022,1.5021,15.684,0.9706883795432053,0.0,Hit+Run
91810673.973,E16,FRAG0085,0.11483716283716285,0.005748584748584749,3793.336,1398.022,1.352,5.8215,0.7857969327370311,0.0,Hit+Run
95408352.056,E51,E65,0.037500000000000006,0.02067515817515818,2612.187,2141.953,1.361,4.2535,0.573026730616338,0.0,Hit+Run
106278157.509,E2,P354,1.3687637040512235,0.0025,8665.028,1059.189,2.1819,23.148,0.33121336389137307,0.0,Merge
112699669.456,E2,FRAG0085,1.3712637040512234,0.005748584748584749,8670.301,1398.022,1.8666,19.502,0.9110068254350622,0.0,Hit+Run
114212176.884,E41,FRAG0087,0.025,0.006927405927405928,2281.955,1487.706,5.0741,13.193,0.7631009861682714,0.005533333333333333,Hit+Run
116148978.431,E2,FRAG0083,1.3712637040512234,0.005748584748584749,8670.301,1398.022,1.6234,16.961,0.9815347193788483,0.0,Hit+Run
116385796.186,E2,P503,1.3712637040512234,0.0025,8670.301,1059.189,2.312,24.544,0.5067891223501849,0.0,Merge
116665756.937,E2,FRAG0085,1.3737637040512234,0.005748584748584749,8675.566,1398.022,1.2304,12.863,0.6875972737207999,0.0,Merge
125774484.588,E51,P429,0.037500000000000006,0.0025,2612.187,1059.189,4.9239,14.520,0.7266555933396623,0.0,Hit+Run
130109605.467,E29,P523,0.04249966699966701,0.0025,2723.468,1059.189,3.9369,12.131,0.837489983074116,0.0,Hit+Run
133450021.249,E2,FRAG0083,1.3795122887998081,0.005748584748584749,8687.651,1398.022,2.8656,30.004,0.6101192167701452,0.0,Merge
152087056.473,E44,FRAG0030,0.2669925224857764,0.00755011655011655,5025.279,1531.011,1.8017,10.416,0.9250672333692033,0.0,Hit+Run
156526711.31,E2,FRAG0030,1.385260873548393,0.00755011655011655,8699.702,1531.011,1.3041,13.594,0.5370819808586904,0.0,Merge
160604770.563,E16,E50,0.11483716283716285,0.0055279720279720265,3793.336,1379.904,1.9775,8.5220,0.892672016921432,0.0,Hit+Run
162539848.792,E44,FRAG1016,0.2669925224857764,0.008161853918111169,5025.279,1571.291,1.9255,11.110,0.9612414626512666,0.0,Hit+Run
164998189.785,P290,FRAG1016,0.0025,0.008161853918111169,1059.189,1571.291,14.004,25.189,0.9816853124523861,0.0,Hit+Run
175265818.964,E44,FRAG1016,0.2669925224857764,0.008161853918111169,5025.279,1571.291,1.7381,10.029,0.7380335465339571,0.0,Merge
191902089.464,E44,FRAG0077,0.27515437640388757,0.005528804528804529,5075.973,1379.974,4.8592,28.625,0.6877307971242759,0.0,Merge
