time_yr,target,projectile,Mt_Mearth,Mp_Mearth,Rt_km,Rp_km,vimp/vesc,vimp_km/s,b,m_frag_Mearth,Regime
17327.198,E1,P26,0.035,0.0025,2552.798,1059.189,1.129,3.2500,0.9735579080611584,0.0,Hit+Run
67533.793,P10,P81,0.0025,0.0025,1059.189,1059.189,3.1799,4.3646,0.9619,0.0,Hit+Run
67550.131,E42,P464,0.21750000000000005,0.0025,4693.321,1059.189,1.1686,6.4566,0.47867295975522267,0.0,Merge
104233.899,E20,P62,0.035,0.0025,2552.798,1059.189,3.0584,8.8042,0.8196968869468831,0.0,Hit+Run
120089.799,E11,P124,0.1575,0.0025000000000000022,4214.577,1059.189,1.9261,9.4784,0.886506817740367,0.0,Hit+Run
130645.899,E87,P892,0.027500000000000004,0.0025,2355.617,1059.189,1.0422,2.7598,0.4781172828214932,0.0,Merge
140506.828,E1,P50,0.035,0.0025,2552.798,1059.189,2.6608,7.6597,0.8401928429060654,0.0,Hit+Run
143127.813,E17,E39,0.2644133566078973,0.025,5009.045,2281.955,1.0135,5.7048,0.638514087075607,0.0,Merge
171632.073,E6,P9,0.26750000000000007,0.0025,5028.461,1059.189,1.374,8.1752,0.5617694555206904,0.0,Merge
220114.884,E53,P479,0.025,0.0025,2281.955,1059.189,1.2518,3.2085,0.41313822350435603,0.0,Merge
269604.412,E23,E19,0.09110243922608773,0.06750000000000003,3511.590,3177.569,1.2009,5.2243,0.7852985825512916,0.0,Hit+Run
270214.389,E0,P80,0.04,0.0025,2668.991,1059.189,2.6296,7.9321,0.8811968130094454,0.0,Hit+Run
327878.107,E11,E36,0.1575,0.037500000000000006,4214.577,2612.187,1.0694,5.1063,0.85998372572024,0.0,Hit+Run
337332.299,E11,P30,0.1575,0.0025,4214.577,1059.189,1.7395,8.5601,0.5678822182333948,0.0,Merge
359620.129,E1,P108,0.035,0.0025,2552.798,1059.189,4.3716,12.584,0.8125586402162714,0.0,Hit+Run
372928.167,E6,P124,0.2700000000000001,0.0025000000000000022,5044.077,1059.189,1.0921,6.5196,0.9004230149437586,0.0,Hit+Run
373425.19,E19,P169,0.06750000000000003,0.0025,3177.569,1059.189,1.1307,4.1061,0.9620999999999998,0.0,Hit+Run
459022.665,E9,P62,0.027500000000000004,0.0025,2355.617,1059.189,3.1129,8.2432,0.8839409698563863,0.0,Hit+Run
463633.877,E17,FRAG1004,0.2894133566078973,0.007094618479360786,5162.182,1499.581,1.0399,6.1982,0.6657916674440914,0.0,Merge
465325.193,E9,P62,0.027500000000000004,0.0025,2355.617,1059.189,1.0115,2.6785,0.09105681912052675,0.0,Merge
470084.586,E36,P133,0.037500000000000006,0.0025,2612.187,1059.189,1.9915,5.8729,0.2785524966145871,0.0,Merge
470791.601,E17,P314,0.29650797508725807,0.0025,5204.024,1059.189,1.0315,6.3675,0.5851938249609454,0.0,Merge
531787.437,E36,P22,0.04000000000000001,0.002500000000000014,2668.991,1059.189,1.7221,5.1947,0.6777390713104569,0.0,Merge
587098.268,E17,P393,0.29900797508725807,0.0025,5218.609,1059.189,1.3627,8.4372,0.19551706784884842,0.0,Merge
592264.542,E20,P119,0.035,0.0025000000000000022,2552.798,1059.189,4.71,13.558,0.9209045039591212,0.0,Hit+Run
628917.8,E58,P545,0.15999999999999998,0.0025,4236.759,1059.189,1.0107,5.0018,0.37135999999999997,0.0,Merge
629483.877,E19,E21,0.06750000000000003,0.030000000000000002,3177.569,2424.939,1.1546,4.3032,0.5634257100537967,0.0,Merge
639553.085,E36,P108,0.042500000000000024,0.0025,2723.475,1059.189,2.915,8.9826,0.15774947514272689,0.0,Merge
705550.983,P10,P12,0.0025,0.0025,1059.189,1059.189,7.4905,10.281,0.3598,0.0,Merge
720510.435,E36,P83,0.045000000000000026,0.0025000000000000022,2775.862,1059.189,2.6029,8.1841,0.31037121613660856,0.0,Merge
721640.809,E54,E78,0.052500000000000005,0.027500000000000004,2922.224,2355.617,1.8387,6.3956,0.9989457417517608,0.0,Hit+Run
786153.806,E6,P330,0.2700000000000001,0.0025,5044.077,1059.189,1.7547,10.475,0.7968681698107133,0.0,Merge
803636.974,P1,P53,0.0025000000000000022,0.002500000000000014,1059.189,1059.189,10.965,15.051,0.25819999999999976,0.0,Merge
819143.57,E6,E36,0.2725000000000001,0.04750000000000003,5059.598,2826.344,1.2301,7.0007,0.8537091635807966,0.0,Hit+Run
865041.37,E41,P496,0.052500000000000005,0.0025,2922.224,1059.189,1.8567,6.1654,0.9968732117305974,0.0,Hit+Run
909640.568,E6,P21,0.2725000000000001,0.002500000000000014,5059.598,1059.189,1.1426,6.8436,0.9085927375088063,0.0,Hit+Run
910638.056,E17,P93,0.3015079750872581,0.0025,5233.113,1059.189,1.2882,7.9997,0.9940107328757594,0.0,Hit+Run
931905.477,E17,P276,0.3015079750872581,0.0025,5233.113,1059.189,1.1746,7.2943,0.784263822876373,0.0,Merge
941389.683,E6,P168,0.2725000000000001,0.0025,5059.598,1059.189,1.8922,11.333,0.7313063497022102,0.0,Merge
963853.362,P1,P222,0.005000000000000017,0.0025,1334.495,1059.189,2.616,4.1370,0.7734847483744893,0.0,Hit+Run
965051.431,E17,P397,0.3040079750872581,0.0025,5247.537,1059.189,1.1417,7.1109,0.9842366034736362,0.0,Hit+Run
1074703.369,E19,P169,0.09750000000000003,0.0025,3591.937,1059.189,1.855,7.6846,0.5278481920946082,0.0,Merge
1144532.98,E6,P162,0.2750000000000001,0.0025,5075.023,1059.189,1.9986,12.009,0.44965427418248943,0.0,Merge
1194173.583,E6,P319,0.2775000000000001,0.0025,5090.356,1059.189,1.4644,8.8282,0.7020243437853003,0.0,Merge
1237159.945,E0,P80,0.04,0.0025,2668.991,1059.189,7.0925,21.394,0.6972114519375244,0.0,Merge
1251500.008,E11,P50,0.16,0.0025,4236.759,1059.189,1.3138,6.5019,0.69936,0.0,Merge
1296338.704,E19,P349,0.10000000000000003,0.0025,3622.378,1059.189,1.3872,5.7991,0.9216174289812648,0.0,Hit+Run
1345817.41,E70,P828,0.025,0.0025,2281.955,1059.189,1.2519,3.2088,0.8337892928651313,0.0,Hit+Run
1410538.395,P1,P274,0.005000000000000017,0.0025000000000000022,1334.495,1059.189,8.6819,13.729,0.7724812363757333,0.0,Graze+Frag
1422438.939,ICE1,K893,7.9547119547119545,0.02,15578.84,2118.379,1.0005,18.974,0.5340772645726123,0.0,Merge
1480234.518,E11,P238,0.1625,0.002500000000000014,4258.712,1059.189,2.1204,10.552,0.7233056892113897,0.0,Merge
1501570.017,E9,P243,0.030000000000000002,0.0025,2424.939,1059.189,10.754,29.344,0.6637712162255519,0.01675624375624376,Fragment
1516757.256,E9,P41,0.015743756243756242,0.0024999999999999905,1955.975,1059.189,2.2743,4.9981,0.797591940985162,0.0,Hit+Run
1548432.351,E6,FRAG0001,0.2800000000000001,0.005585414585414586,5105.596,1384.668,2.1446,12.709,0.4063857801298735,0.0,Merge
1585057.959,E81,P638,0.025,0.0025,2281.955,1059.189,2.158,5.5313,0.9585025340816883,0.0,Hit+Run
1642344.171,E42,P384,0.22000000000000006,0.0025,4711.234,1059.189,1.1181,6.2029,0.8956402316599301,0.0,Hit+Run
1645029.542,E58,P602,0.16249999999999998,0.0025,4258.712,1059.189,1.1143,5.5453,0.4936289048160991,0.0,Merge
1647196.105,E6,P70,0.28558541458541464,0.0025,5139.322,1059.189,2.694,16.408,0.6006159102245598,0.0,Merge
1665151.615,E6,P124,0.28808541458541465,0.0025000000000000022,5154.275,1059.189,1.5737,9.6150,0.909748985636547,0.0,Hit+Run
1672363.689,E6,P13,0.28808541458541465,0.0025,5154.275,1059.189,2.1892,13.375,0.6058909994610505,0.0,Merge
1686327.038,E36,P143,0.04750000000000003,0.0025,2826.344,1059.189,4.6987,15.058,0.5290392669493025,0.0,Merge
1831461.888,E47,P730,0.027500000000000004,0.0025,2355.617,1059.189,1.6247,4.3023,0.9778950514034751,0.0,Hit+Run
1858845.611,E82,E84,0.027500000000000004,0.025,2355.617,2281.955,1.0518,3.1617,0.18951310311388003,0.005675950715950715,Fragment
1902800.747,E6,P49,0.29058541458541465,0.0025000000000000022,5169.141,1059.189,1.0204,6.2537,0.8682832549786098,0.0,Graze+Merge
1915777.828,E67,P596,0.025,0.0025000000000000022,2281.955,1059.189,2.1644,5.5477,0.8649334538699229,0.0,Hit+Run
1923654.354,E33,P47,0.03250000000000001,0.0025,2490.510,1059.189,1.866,5.2348,0.7717725615318626,0.0,Hit+Run
1925349.105,E20,P119,0.035,0.0025000000000000022,2552.798,1059.189,6.3714,18.341,0.7903664672121913,0.0,Hit+Run
1928420.589,E6,P138,0.29308541458541465,0.002500000000000014,5183.923,1059.189,2.904,17.852,0.8176384285213621,0.0,Merge
1978487.154,E20,P119,0.035,0.0025000000000000022,2552.798,1059.189,0.9974,2.8712,0.6445624770611809,0.0,Perfect
2047219.465,E33,P397,0.03250000000000001,0.0025,2490.510,1059.189,2.3455,6.5800,0.4705707791085638,0.0,Merge
2052973.405,E6,P445,0.29558541458541465,0.0025,5198.621,1059.189,1.4675,9.0488,0.8773457261196289,0.0,Hit+Run
2070195.128,E20,P530,0.037500000000000006,0.0025,2612.187,1059.189,6.435,18.976,0.5244471143157398,0.009789210789210788,Fragment
2098829.813,E17,P281,0.3040079750872581,0.0025,5247.537,1059.189,1.3263,8.2607,0.8151632432353717,0.0,Merge
2129618.162,E23,P124,0.09110243922608773,0.0025000000000000022,3511.590,1059.189,2.3189,9.3753,0.9669437890701503,0.0,Hit+Run
2138285.086,E6,P189,0.29558541458541465,0.0025,5198.621,1059.189,2.8497,17.571,0.7981760947407814,0.0,Merge
2150008.421,E33,P521,0.03500000000000001,0.0025,2552.798,1059.189,3.6419,10.484,0.40532519802038064,0.0,Merge
2197301.031,E15,P264,0.037500000000000006,0.0025000000000000022,2612.187,1059.189,3.38,9.9675,0.7957423045051192,0.0,Hit+Run
2302623.415,E23,P21,0.09110243922608773,0.002500000000000014,3511.590,1059.189,4.3003,17.386,0.7438383732541866,0.0,Merge
2562496.651,E11,P52,0.165,0.0025,4280.440,1059.189,3.266,16.342,0.4497178555861021,0.0,Merge
2572526.087,E15,P153,0.037500000000000006,0.0025,2612.187,1059.189,3.279,9.6697,0.6875942087569271,0.0,Merge
2685558.189,E6,P116,0.29808541458541465,0.0025,5213.236,1059.189,2.002,12.381,0.9173242864546106,0.0,Hit+Run
2705668.129,E82,E47,0.04682434232434233,0.027500000000000004,2812.879,2355.617,2.2756,7.7096,0.7418473775478848,0.00678021978021978,Hit+Run+Frag
2740663.898,E42,P350,0.22000000000000006,0.0025000000000000022,4711.234,1059.189,1.2519,6.9452,0.6626268113174104,0.0,Merge
2766156.994,E11,P329,0.1675,0.0025,4301.950,1059.189,3.5108,17.662,0.6295078939423844,0.0,Merge
2889239.728,E23,P136,0.09360243922608774,0.0025,3543.422,1059.189,3.7101,15.146,0.799743029745693,0.0,Hit+Run
2904968.394,P10,P98,0.005,0.0025000000000000022,1334.495,1059.189,7.4444,11.772,0.6150971045708329,0.007201625041625042,Graze+Frag
3026218.486,E17,P160,0.3065079750872581,0.0025,5261.882,1059.189,1.251,7.8145,0.959880885779095,0.0,Hit+Run
3044940.506,E17,P477,0.3065079750872581,0.0025,5261.882,1059.189,1.6235,10.141,0.7551018571591511,0.0,Merge
3104578.58,E19,P620,0.10000000000000003,0.0025,3622.378,1059.189,1.9796,8.2756,0.7555699936195156,0.0,Merge
3126724.257,P16,P26,0.0025000000000000022,0.0025,1059.189,1059.189,2.2467,3.0837,0.8075000000000001,0.0,Hit+Run
3233531.333,E17,P631,0.3090079750872581,0.0025000000000000022,5276.149,1059.189,1.9368,12.133,0.9830517974754508,0.0,Hit+Run
3329908.1,E19,E51,0.10250000000000004,0.030000000000000002,3652.317,2424.939,1.6917,7.0572,0.9058589698801188,0.0,Hit+Run
3381363.372,E11,P248,0.17,0.0025,4323.248,1059.189,2.7102,13.707,0.9787962400911048,0.0,Hit+Run
3390328.053,E15,P124,0.04000000000000001,0.0025000000000000022,2668.991,1059.189,2.5773,7.7744,0.9357481146190966,0.0,Hit+Run
3440600.742,E36,P210,0.05000000000000003,0.0025,2875.083,1059.189,1.598,5.2153,0.7544560242371388,0.0,Hit+Run
3472601.652,E20,P78,0.03021078921078922,0.0025,2430.605,1059.189,6.87,18.791,0.29663484362731607,0.014693459873459875,Fragment
3516504.534,E1,P57,0.035,0.0025,2552.798,1059.189,8.1465,23.451,0.7301507621183178,0.005756243756243756,Graze+Frag
3542710.774,E6,P368,0.29808541458541465,0.0025,5213.236,1059.189,2.7291,16.878,0.5928489748374323,0.0,Merge
3612665.238,E19,E18,0.10250000000000004,0.035,3652.317,2552.798,1.245,5.2360,0.4709959219142288,0.008908424908424908,Fragment
3615722.647,E23,P127,0.09360243922608774,0.0025,3543.422,1059.189,8.161,33.316,0.35360220789583824,0.008523476523476523,Fragment
3640635.004,E23,P38,0.08757896270261122,0.0025000000000000022,3465.722,1059.189,4.151,16.546,0.8036802147118571,0.0,Hit+Run
3716936.612,E53,P234,0.0275,0.0025,2355.617,1059.189,1.8729,4.9596,0.16266059051985007,0.0,Merge
3774407.519,P23,P269,0.0025,0.0025,1059.189,1059.189,16.385,22.491,0.4943,0.0,Merge
3802794.177,P10,P45,0.0075001665001665,0.0025,1527.627,1059.189,8.9385,15.701,0.9947110100954639,0.0,Hit+Run
3842729.378,E9,P230,0.015743756243756242,0.0025000000000000022,1955.975,1059.189,9.9666,21.903,0.9291508231582324,0.0,Hit+Run
3852462.486,P16,P69,0.0025000000000000022,0.0025,1059.189,1059.189,9.292,12.754,0.9529000000000001,0.0,Hit+Run
3951885.911,E37,FRAG1001,0.052500000000000005,0.005586643392102861,2922.224,1384.769,2.4015,7.8793,0.6335000874215497,0.0,Merge
4032521.522,P15,P42,0.0025000000000000022,0.0025,1059.189,1059.189,27.168,37.291,0.8620500000000001,0.0,Graze+Frag
4083743.574,E23,E20,0.08757896270261122,0.01801748251748253,3465.722,2045.935,2.4672,9.6481,0.7499051689037104,0.01248951048951049,Hit+Run+Frag
4089832.824,E23,E9,0.08757912920277773,0.015743756243756242,3465.724,1955.975,3.561,13.888,0.8662234676602818,0.010215784215784215,Hit+Run+Frag
4100934.478,E23,E20,0.08757929570294423,0.005527805527805528,3465.726,1379.890,1.0787,4.2244,0.6387711075378878,0.0,Merge
4152167.577,E33,P567,0.03750000000000001,0.0025,2612.187,1059.189,11.383,33.570,0.5360445745834734,0.029778554778554782,Fragment
4245519.65,E23,FRAG0013,0.09310710123074976,0.006244755244755245,3537.160,1437.139,1.0084,4.0263,0.8678106554227674,0.0,Graze+Merge
4308601.668,E17,P171,0.3090079750872581,0.0025,5276.149,1059.189,1.4141,8.8590,0.8254004036580137,0.0,Merge
4319083.996,E36,P118,0.05000000000000003,0.0025000000000000022,2875.083,1059.189,6.1543,20.085,0.6980399015413743,0.0,Merge
4415728.727,P15,FRAG0005,0.005,0.009789210789210788,1334.495,1669.461,15.156,30.045,0.8423790989807726,0.009261405261405262,Graze+Frag
4451111.492,E17,E50,0.3115079750872581,0.025,5290.339,2281.955,1.5289,9.1058,0.7905158484026225,0.019472527472527472,Hit+Run+Frag
4469878.388,P66,P210,0.0025,0.0025,1059.189,1059.189,4.6978,6.4481,0.47175,0.0,Merge
4509267.012,E23,P41,0.09935185647550501,0.0024999999999999905,3614.535,1059.189,7.4784,31.190,0.8719786504980661,0.0,Hit+Run
4583566.136,E58,E35,0.16499999999999998,0.027500000000000004,4280.440,2355.617,1.4229,6.8468,0.619549029550283,0.0,Merge
4660735.011,E23,P136,0.09935185647550501,0.0025,3614.535,1059.189,3.0923,12.897,0.6656425937771046,0.0,Merge
4664404.569,E38,P54,0.05500000000000001,0.0025000000000000022,2967.891,1059.189,3.4765,11.736,0.8643339642744213,0.0,Hit+Run
4701011.783,E6,P177,0.30058541458541466,0.0025,5227.770,1059.189,1.8082,11.216,0.22210056751051,0.0,Merge
4712243.162,E6,P435,0.30308541458541466,0.0025,5242.223,1059.189,1.3723,8.5379,0.95204046019938,0.0,Hit+Run
4729298.972,P45,P140,0.0025,0.0025,1059.189,1059.189,21.835,29.970,0.68835,0.0,Graze+Frag
4729406.054,E11,P285,0.17,0.0025,4323.248,1059.189,1.984,10.034,0.8279527033365426,0.0,Hit+Run
4738119.198,P59,P256,0.0025,0.0025,1059.189,1059.189,4.9732,6.8261,0.5690000000000001,0.0,Graze+Frag
4752108.398,E23,E0,0.10185185647550501,0.0425,3644.602,2723.475,1.412,6.0061,0.36445577767290893,0.017552447552447555,Fragment
4764249.443,E11,P38,0.17,0.0025000000000000022,4323.248,1059.189,2.165,10.950,0.6001612921352975,0.0,Merge
4781709.549,E23,FRAG0025,0.12679940892305747,0.0058508158508158515,3920.723,1406.261,1.0714,4.7766,0.6192803301117903,0.0,Merge
4821263.31,E17,P34,0.3115076420869251,0.0024999999999999905,5290.338,1059.189,1.4007,8.8003,0.7294543704733748,0.0,Merge
4827289.546,E11,P32,0.17250000000000001,0.0025000000000000022,4344.337,1059.189,1.8437,9.3740,0.693755856438898,0.0,Merge
4853916.496,E6,P10,0.30308541458541466,0.0075001665001665,5242.223,1527.627,2.3233,14.059,0.9831901921647827,0.0,Hit+Run
5020312.085,P1,P355,0.0075001665001665,0.0025,1527.627,1059.189,13.114,23.037,0.6881600214107363,0.009791954711954712,Graze+Frag
5129824.019,E37,P438,0.058086643392102864,0.0025,3022.404,1059.189,3.7465,12.896,0.5512993039508904,0.0,Merge
5273771.323,E6,P261,0.30308541458541466,0.0025,5242.223,1059.189,2.0515,12.763,0.26438173562684636,0.0,Merge
5378297.727,E11,P254,0.17500000000000002,0.0025,4365.224,1059.189,2.3756,12.140,0.8312928230851314,0.0,Hit+Run
5438287.583,P86,P181,0.0025,0.0025,1059.189,1059.189,5.0597,6.9448,0.6619,0.0,Graze+Frag
5453026.655,E15,P341,0.04000000000000001,0.0024999999999999905,2668.991,1059.189,1.8537,5.5916,0.9545761885342391,0.0,Hit+Run
5510573.189,E6,P16,0.30558541458541466,0.0025000000000000022,5256.597,1059.189,2.16,13.478,0.7043711487160877,0.0,Merge
5656001.195,P86,P60,0.005,0.0025,1334.495,1059.189,5.0676,8.0141,0.6334390738814291,0.0,Graze+Frag
5717852.461,E17,P287,0.3140076420869251,0.0025,5304.452,1059.189,2.3807,15.000,0.6025776551883157,0.0,Merge
5723771.684,E23,P58,0.1326502247738733,0.0025,3980.123,1059.189,4.7582,22.015,0.8909108897219884,0.0,Hit+Run
5763370.909,P25,P264,0.0025000000000000022,0.0025000000000000022,1059.189,1059.189,15.755,21.625,0.7272,0.0,Graze+Frag
5860192.288,E23,P41,0.1326502247738733,0.0024999999999999905,3980.123,1059.189,3.784,17.507,0.18781791629068165,0.0,Merge
5912716.588,P26,P124,0.0025,0.0025000000000000022,1059.189,1059.189,10.782,14.799,0.9376999999999998,0.0,Hit+Run
5947558.504,E15,P144,0.04000000000000001,0.0025,2668.991,1059.189,2.9744,8.9722,0.8317999650951942,0.0,Hit+Run
6024211.756,E1,P105,0.03174375624375625,0.0025,2471.041,1059.189,4.8713,13.554,0.3326937545469595,0.007135864135864136,Fragment
6133531.953,E41,P391,0.052500000000000005,0.0025,2922.224,1059.189,5.3563,17.786,0.8420796906335698,0.0,Hit+Run
6144023.834,E19,P346,0.12859157509157512,0.0025,3939.109,1059.189,2.3237,10.631,0.9304977738982319,0.0,Hit+Run
6252034.694,E1,P10,0.027107892107892113,0.0075001665001665,2344.367,1527.627,3.7334,9.9720,0.3246517411770519,0.02276792540792541,Fragment
6286019.747,P45,P341,0.005,0.0024999999999999905,1334.495,1059.189,4.1047,6.4913,0.9501586108221438,0.0,Hit+Run
6344316.55,E17,P241,0.3165076420869251,0.0025,5318.492,1059.189,2.9271,18.495,0.9756058721803753,0.0,Hit+Run
6352789.452,E15,P163,0.04000000000000001,0.0025,2668.991,1059.189,5.8321,17.592,0.5770840449808383,0.006719280719280719,Fragment
6390101.225,P74,P122,0.0025000000000000022,0.0025000000000000022,1059.189,1059.189,9.0238,12.385,0.68795,0.0,Graze+Frag
6396148.091,E1,P45,0.011840159840159847,0.005,1778.742,1334.495,7.0952,14.743,0.48741697715665994,0.01642919080919081,Fragment
6574040.992,E23,E9,0.1351502247738733,0.005527805527805528,4004.971,1379.890,2.3186,10.587,0.6338949710270051,0.0,Merge
6592825.475,P59,FRAG0011,0.005,0.008523476523476523,1334.495,1594.163,4.276,8.2092,0.3556943281230725,0.007995670995670995,Fragment
6709398.819,E37,P241,0.06058664339210287,0.0025,3065.157,1059.189,2.8196,9.8522,0.195755208213114,0.0,Merge
6901136.718,E23,P25,0.14067803030167883,0.005,4058.846,1334.495,3.1012,14.399,0.6867165561009395,0.0,Merge
6938636.978,E6,E36,0.30808541458541466,0.05250000000000003,5270.893,2922.224,1.1503,6.8178,0.808475061441082,0.0,Hit+Run
6966509.432,E6,P139,0.30808541458541466,0.0025,5270.893,1059.189,3.0233,18.920,0.6743823612222684,0.0,Merge
7077877.743,E6,P240,0.31058541458541467,0.0025,5285.112,1059.189,2.1989,13.800,0.13028880483781466,0.0,Merge
7215362.198,E6,P349,0.31308541458541467,0.0025,5299.254,1059.189,2.9052,18.285,0.4187101890438569,0.0,Merge
7329757.768,E36,P207,0.05250000000000003,0.0025,2922.224,1059.189,6.0417,20.062,0.498143019291383,0.007424575424575425,Fragment
7362016.838,E23,FRAG0012,0.14567803030167883,0.006244755244755245,4106.374,1437.139,6.0818,28.445,0.2879306682190263,0.017515957375957375,Fragment
7375541.437,E23,FRAG0037,0.13440730103094956,0.005838494838494838,3997.619,1405.273,1.0561,4.8072,0.8533307472708053,0.0,Hit+Run
7382033.427,E23,FRAG0037,0.13440730103094956,0.005838494838494838,3997.619,1405.273,1.0901,4.9619,0.8762677568653556,0.0,Hit+Run
7411543.625,E11,P271,0.17500000000000002,0.0025000000000000022,4365.224,1059.189,1.0721,5.4791,0.9551417732040102,0.0,Hit+Run
7467826.727,E23,FRAG0038,0.13440730103094956,0.005838494838494838,3997.619,1405.273,1.3131,5.9770,0.6408304519303255,0.0,Merge
7513929.582,E6,FRAG0007,0.31558541458541467,0.0073466533466533465,5313.322,1517.133,2.5513,15.672,0.9325308987577671,0.0,Hit+Run
7722913.072,E6,P229,0.31558541458541467,0.0025,5313.322,1059.189,2.1121,13.331,0.5208671721806589,0.0,Merge
7736140.664,P20,P215,0.0025,0.0025,1059.189,1059.189,25.605,35.145,0.8661,0.0,Graze+Frag
7739602.533,E6,P300,0.31808541458541467,0.0025,5327.315,1059.189,3.4953,22.124,0.46537333424427496,0.0,Merge
7751834.202,E6,E36,0.3205854145854147,0.04757542457542461,5341.236,2827.839,1.1909,7.1427,0.4110667261504848,0.011145521145521146,Fragment
7830268.049,E6,FRAG0040,0.35701531801531816,0.005572760572760573,5536.340,1383.621,1.0443,6.7536,0.43050884096698505,0.0,Merge
7960136.875,E15,FRAG0018,0.03578071928071929,0.005955710955710956,2571.640,1414.615,7.0654,20.425,0.29159729859156014,0.0362077922077922,Fragment
7962304.834,P20,FRAG0033,0.005,0.005656010656010656,1334.495,1390.477,2.1145,3.7357,0.643845450404043,0.0,Hit+Run
8154961.701,E11,P344,0.17500000000000002,0.002500000000000014,4365.224,1059.189,3.5671,18.230,0.5875381317855317,0.0,Merge
8180163.086,E23,FRAG0047,0.14024579586944438,0.006034632034632034,4054.685,1420.836,1.6475,7.6078,0.892315998848555,0.0,Hit+Run
8196295.714,E23,FRAG0045,0.14024579586944438,0.006034632034632034,4054.685,1420.836,2.0677,9.5482,0.6520941648016908,0.0,Merge
8347369.25,E23,P230,0.14628042790407642,0.0025000000000000022,4112.026,1059.189,4.6183,22.131,0.23163473063321238,0.0,Merge
8366038.663,E38,FRAG0036,0.05500000000000001,0.007424575424575425,2967.891,1522.478,4.4675,14.881,0.28037327475512924,0.025192141192141193,Fragment
8406948.522,P86,P69,0.007499833499833501,0.0025,1527.604,1059.189,10.637,18.685,0.8941360802106905,0.0,Hit+Run
8457072.451,E23,FRAG0014,0.14878042790407642,0.010215784215784215,4135.320,1693.366,2.8143,13.132,0.9586454699046196,0.0,Hit+Run
8547881.757,P59,FRAG0024,0.005527805527805527,0.0058508158508158515,1379.890,1406.261,16.253,29.345,0.5770363088183743,0.011354112554112554,Graze+Frag
8631412.721,E6,P129,0.36258807858807873,0.0025,5564.998,1059.189,3.0542,20.257,0.7171116437726658,0.0,Merge
8684974.438,P20,P137,0.005,0.0025,1334.495,1059.189,5.5262,8.7393,0.521993491352915,0.0,Fragment
8721177.187,P75,P58,0.0025,0.0025,1059.189,1059.189,22.851,31.365,0.88905,0.0,Graze+Frag
8757349.227,E6,P298,0.36508807858807873,0.0025,5577.758,1059.189,2.8382,18.871,0.15547586967658303,0.0,Merge
8867158.429,E6,P268,0.36758807858807874,0.002499999999999968,5590.461,1059.189,1.5084,10.053,0.9306714663825886,0.0,Hit+Run
8968163.771,P59,FRAG0008,0.005527805527805528,0.0073466533466533465,1379.890,1517.133,15.292,28.802,0.8200685148537888,0.01232755910755911,Graze+Frag
8985209.795,E23,FRAG0052,0.14878042790407642,0.0058508158508158515,4135.320,1406.261,2.4344,11.488,0.5006488371077883,0.0,Merge
9051406.881,E23,FRAG0044,0.15463124375489226,0.006034632034632034,4188.831,1420.836,3.4356,16.426,0.8171318513391371,0.0,Hit+Run
9061181.247,E23,FRAG0043,0.15463124375489226,0.006034632034632034,4188.831,1420.836,1.1092,5.3034,0.8065284772287324,0.0,Hit+Run
9080783.165,E23,FRAG0043,0.15463124375489226,0.006034632034632034,4188.831,1420.836,1.0342,4.9448,0.7662057869497292,0.0,Graze+Merge
9145630.911,E19,P103,0.12859157509157512,0.0025,3939.109,1059.189,2.5727,11.771,0.6925734256811774,0.0,Merge
9533934.927,P164,P175,0.0024999999999999905,0.0025,1059.189,1059.189,11.538,15.838,0.5559499999999997,0.0,Graze+Frag
9643084.634,E23,FRAG0002,0.1606658757895243,0.005585414585414586,4242.629,1384.668,2.0282,9.8491,0.6679884347354552,0.0,Merge
9687910.251,E23,FRAG0026,0.16625129037493888,0.0058508158508158515,4291.233,1406.261,2.4064,11.816,0.9547297565279425,0.0,Hit+Run
9756977.872,E6,P23,0.36758807858807874,0.005,5590.461,1334.495,2.9579,19.384,0.6600418122760286,0.0,Merge
9758923.045,P86,P166,0.007499833499833501,0.0025,1527.604,1059.189,8.5623,15.040,0.8507904700875384,0.0,Hit+Run
9969152.331,E23,FRAG0026,0.16625129037493888,0.0058508158508158515,4291.233,1406.261,1.1656,5.7234,0.6071376275932268,0.0,Merge
10036995.976,E6,P147,0.37258807858807874,0.0025,5615.694,1059.189,2.9725,19.907,0.7491087626496422,0.0,Merge
10172125.521,P90,FRAG0051,0.0025,0.006298035298035298,1059.189,1441.215,12.330,20.663,0.6877688204467812,0.0,Graze+Frag
10175090.851,P117,FRAG0014,0.0025,0.010215784215784215,1059.189,1693.366,9.1269,17.526,0.09427653810669036,0.012547012987012987,Fragment
10273024.559,E6,FRAG0039,0.37508807858807874,0.005838494838494838,5628.227,1405.273,1.3942,9.1667,0.7935611597707023,0.0,Merge
10371678.148,P104,P245,0.0025,0.0025,1059.189,1059.189,5.0993,6.9992,0.8307,0.0,Hit+Run
10462951.061,E6,P265,0.3809265734265736,0.0025,5657.279,1059.189,1.558,10.517,0.701804015062387,0.0,Merge
10583862.493,P20,FRAG0007,0.007499833499833501,0.0073466533466533465,1527.604,1517.133,8.1101,16.000,0.6153591564855558,0.00931868131868132,Graze+Frag
10633752.446,P164,P248,0.005,0.0025,1334.495,1059.189,18.266,28.887,0.48051499540433346,0.00749072927072927,Fragment
10637064.916,E23,P369,0.17210210622575473,0.0025,4340.994,1059.189,4.2885,21.786,0.9439732859062133,0.0,Hit+Run
10775295.394,E11,FRAG0035,0.17750000000000002,0.007995670995670995,4385.912,1560.554,1.7473,8.7189,0.33382244395034116,0.0,Merge
10889273.76,E17,FRAG0016,0.3165076420869251,0.005955710955710956,5318.492,1414.615,1.6107,9.9587,0.5314457830133992,0.0,Merge
10989352.109,P116,P196,0.0025,0.0025,1059.189,1059.189,13.128,18.020,0.75095,0.0,Graze+Frag
11139532.418,P54,FRAG0030,0.0025000000000000022,0.005691974691974692,1059.189,1393.418,10.978,17.925,0.7893154121745444,0.00760957708957709,Graze+Frag
11310901.953,E51,P109,0.030000000000000002,0.0025,2424.939,1059.189,9.1157,24.873,0.5840796945124076,0.01783116883116883,Fragment
11356520.985,P102,FRAG0055,0.0025,0.00931868131868132,1059.189,1642.272,14.921,27.883,0.3131152011865418,0.011780859140859141,Fragment
11378202.703,NEPTUNE,K664,16.029423909423908,0.02,19677.34,2118.379,1.0062,24.394,0.5236283774807827,0.0,Merge
11426821.76,E23,FRAG0020,0.17210210622575473,0.009261405261405262,4340.994,1638.901,4.556,22.416,0.366885760004762,0.017441558441558445,Fragment
11575875.327,E23,FRAG0028,0.16392195304560153,0.005691974691974692,4271.098,1393.418,2.2166,10.836,0.5937823368512578,0.0,Merge
11576829.73,E37,P208,0.06308664339210286,0.0025,3106.750,1059.189,1.3518,4.7920,0.7705089768071927,0.0,Hit+Run
11619882.135,P74,P222,0.005,0.0025,1334.495,1059.189,11.569,18.296,0.8517029336108599,0.0,Graze+Frag
11646691.802,E37,P249,0.06308664339210286,0.0025,3106.750,1059.189,3.2507,11.523,0.21768444669959308,0.0,Merge
11692907.42,E23,P74,0.16961392773757622,0.0075001665001665,4319.972,1527.627,1.2135,5.9667,0.6283153187667398,0.0,Merge
11735844.768,E23,FRAG0047,0.17711409423774271,0.006034632034632034,4382.731,1420.836,2.1249,10.664,0.9790138012494761,0.0,Hit+Run
11773061.615,E23,FRAG0061,0.17711409423774271,0.0058138528138528146,4382.731,1403.293,2.0678,10.387,0.6605882563445675,0.0,Merge
12003040.593,E42,P501,0.22250000000000006,0.0025,4729.013,1059.189,2.7707,15.433,0.2708384331379246,0.0,Merge
12006147.907,E23,FRAG0047,0.18292794705159554,0.006034632034632034,4430.171,1420.836,1.0742,5.4539,0.7302087720915554,0.0,Merge
12107736.091,P170,P372,0.0025,0.0025,1059.189,1059.189,9.0616,12.437,0.277,0.0,Merge
12126834.552,P86,FRAG0041,0.007499833499833501,0.005572760572760573,1527.604,1383.621,7.4367,14.079,0.3922349250808087,0.007544788544788545,Fragment
12193082.585,E41,P254,0.052500000000000005,0.0025,2922.224,1059.189,4.0227,13.357,0.5000513320218348,0.0,Merge
12215117.288,P90,P152,0.0087978687978688,0.0024999999999999905,1611.089,1059.189,12.1,22.236,0.8221730044956664,0.0,Graze+Frag
12319314.747,P113,P299,0.0024999999999999905,0.0025,1059.189,1059.189,29.305,40.224,0.9831499999999994,0.0,Hit+Run
12364601.877,E19,P266,0.13109157509157512,0.002500000000000014,3964.472,1059.189,3.5677,16.437,0.6839648173949151,0.0,Merge
12603084.485,P102,P113,0.005527639027639028,0.0024999999999999905,1379.877,1059.189,4.8724,7.8973,0.35053232775867194,0.0,Fragment
12628557.605,E51,P164,0.014668831168831171,0.007499833499833501,1910.406,1527.604,4.4248,10.038,0.25660927649552395,0.02118918414918415,Fragment
12640240.052,P90,P445,0.011298035298035298,0.0025,1751.169,1059.189,6.2011,12.275,0.7622532410118458,0.0,Graze+Frag
12925702.605,E6,P102,0.3834265734265736,0.008027639027639028,5669.628,1562.631,1.1854,7.7915,0.7007603651434493,0.0,Merge
13168758.783,E6,FRAG0066,0.39145421245421264,0.005547119547119547,5708.922,1381.496,1.0243,6.8476,0.9666752744559343,0.0,Hit+Run
13212561.39,P90,P86,0.013797868797868798,0.005527805527805528,1871.821,1379.890,8.8261,19.223,0.6665356583116115,0.018451262071262072,Graze+Frag
13233539.222,E33,P253,0.010221445221445233,0.0025,1693.679,1059.189,13.776,26.458,0.6916545144604799,0.012376756576756576,Graze+Frag
13411204.538,E11,P326,0.18549567099567102,0.0025,4450.803,1059.189,2.003,10.452,0.17560904535624705,0.0,Merge
13674214.582,E6,P124,0.39145421245421264,0.0025000000000000022,5708.922,1059.189,1.7771,12.113,0.959568911095669,0.0,Hit+Run
13817635.414,E6,P124,0.39145421245421264,0.0025000000000000022,5708.922,1059.189,1.0789,7.3540,0.9268409981644876,0.0,Hit+Run
13962535.974,E6,P90,0.39145421245421264,0.005527472527472526,5708.922,1379.863,1.2427,8.3085,0.5635003316806979,0.0,Merge
14055154.734,P26,P47,0.0025,0.0025,1059.189,1059.189,18.977,26.048,0.3646,0.0,Merge
14143332.688,E6,P92,0.3969816849816852,0.0025,5735.668,1059.189,3.38,23.154,0.7482269906784799,0.0,Merge
14274750.492,E11,FRAG0021,0.18799567099567102,0.006490842490842491,4470.709,1455.774,3.1248,15.992,0.8474493163978494,0.0,Hit+Run
14313916.559,E6,E50,0.3994816849816852,0.005527805527805528,5747.683,1379.890,6.341,42.704,0.7878538089990291,0.0,Merge
14335726.977,E11,P239,0.18799567099567102,0.0025000000000000022,4470.709,1059.189,3.6445,19.110,0.9106507734724835,0.0,Hit+Run
14424410.003,E23,P369,0.18896257908622757,0.0025,4478.361,1059.189,3.2936,17.302,0.7423295303015737,0.0,Merge
14539982.702,E6,P26,0.4050094905094907,0.005,5774.072,1334.495,4.0755,27.653,0.5152224894919217,0.0,Merge
14880261.334,E23,FRAG0031,0.19146257908622757,0.005691974691974692,4498.024,1393.418,4.1781,21.593,0.5926165713066033,0.0,Merge
14898864.446,E23,FRAG0065,0.19715455377820226,0.005547119547119547,4542.163,1381.496,3.0502,15.941,0.6636509803051074,0.0,Merge
14946897.944,E1,P268,0.0055281385281385365,0.002499999999999968,1379.918,1059.189,6.6878,10.840,0.9552074296053615,0.0,Hit+Run
15067498.978,E37,P272,0.06558664339210286,0.0025,3147.257,1059.189,1.8581,6.6788,0.4900700019235827,0.0,Merge
15138226.912,P188,P611,0.0025000000000000022,0.0025,1059.189,1059.189,19.742,27.098,0.3138000000000001,0.0,Merge
15337447.821,P75,FRAG0069,0.005,0.007193473193473194,1334.495,1506.514,8.7135,16.127,0.950630928119753,0.0,Hit+Run
15371937.707,E6,FRAG0056,0.4100094905094907,0.005943722943722944,5797.736,1413.665,1.129,7.6606,0.46533667667360673,0.0,Merge
15477095.357,P104,FRAG0022,0.0025,0.006490842490842491,1059.189,1455.774,4.5232,7.6407,0.3830404578259078,0.0,Fragment
15555317.701,E23,FRAG0060,0.2027016733253218,0.0058138528138528146,4584.369,1403.293,2.9116,15.350,0.780795448026732,0.0,Hit+Run
15555747.559,E23,FRAG0060,0.2027016733253218,0.0058138528138528146,4584.369,1403.293,1.0427,5.4973,0.4891647497002148,0.0,Merge
15942924.856,E19,P624,0.13359157509157513,0.0025000000000000022,3989.516,1059.189,3.6945,17.137,0.3685519171702247,0.0,Merge
15972881.692,E23,FRAG0054,0.20851552613917462,0.0071878121878121886,4627.786,1506.119,2.4913,13.199,0.37104341220621406,0.0,Merge
15975208.457,E23,P106,0.21570333832698682,0.0025000000000000022,4680.362,1059.189,5.9625,32.845,0.545785864210077,0.0,Merge
15999200.855,E23,FRAG0066,0.21820333832698682,0.005547119547119547,4698.374,1381.496,3.6566,19.818,0.9129568642522625,0.0,Hit+Run
16020128.753,E23,FRAG0053,0.21820333832698682,0.0073466533466533465,4698.374,1517.133,4.8228,25.956,0.8222050834467327,0.0,Hit+Run
16055119.676,E23,FRAG0053,0.21820333832698682,0.0073466533466533465,4698.374,1517.133,1.0422,5.6090,0.9386154749616696,0.0,Hit+Run
16055196.381,E23,FRAG0053,0.21820333832698682,0.0073466533466533465,4698.374,1517.133,1.0482,5.6413,0.7966552702441039,0.0,Graze+Merge
16499803.912,P54,P214,0.008191808191808191,0.0025,1573.211,1059.189,15.378,27.689,0.9593811794172485,0.0,Hit+Run
16609962.153,E23,P268,0.22554999167364018,0.002499999999999968,4750.523,1059.189,3.5396,19.812,0.4363992123636082,0.0,Merge
16656658.812,E23,FRAG0066,0.22804999167364015,0.005547119547119547,4768.010,1381.496,1.5673,8.6302,0.7918633752964077,0.0,Hit+Run
16834091.509,E23,P59,0.22804999167364015,0.005527805527805529,4768.010,1379.890,2.3844,13.130,0.9659486444995097,0.0,Hit+Run
16901563.316,E23,P59,0.22804999167364015,0.005527805527805529,4768.010,1379.890,1.0092,5.5575,0.23731857504363704,0.0,Merge
17018434.432,P116,P486,0.005,0.0025,1334.495,1059.189,11.804,18.667,0.4630092860927009,0.0,Fragment
17253191.832,E23,FRAG0066,0.23357779720144567,0.005547119547119547,4806.228,1381.496,1.4835,8.2393,0.9987271204137846,0.0,Hit+Run
17280845.087,P208,FRAG0059,0.0025,0.006291042291042292,1059.189,1440.681,8.3283,13.953,0.5329270007754093,0.00861950715950716,Graze+Frag
17427253.254,E42,P358,0.22500000000000006,0.0025,4746.658,1059.189,5.0097,28.017,0.210850017025839,0.0,Merge
17826545.63,E23,FRAG0029,0.23357779720144567,0.005691974691974692,4806.228,1393.418,4.4,24.421,0.8149346989491203,0.0,Hit+Run
17890292.583,E11,E33,0.18799567099567102,0.0055279720279720395,4470.709,1379.904,1.0383,5.3351,0.4004112513252663,0.0,Merge
18012609.861,E17,P435,0.32246335304263607,0.0025,5351.645,1059.189,4.026,25.608,0.4854253150751468,0.0,Merge
18058385.63,E17,P299,0.32496335304263607,0.0025,5365.439,1059.189,1.3441,8.5732,0.5092659496343191,0.0,Merge
18173433.724,P20,FRAG0068,0.005527805527805529,0.0068991008991009,1379.890,1485.677,16.069,29.897,0.6467105156825501,0.0068991008991009,Graze+Frag
18220954.647,P117,FRAG0037,0.005527972027972027,0.005838494838494838,1379.904,1405.273,16.388,29.578,0.9748886854603743,0.0,Hit+Run
18239416.323,P117,FRAG0037,0.005527972027972027,0.005838494838494838,1379.904,1405.273,1.0644,1.9210,0.965029314194093,0.0,Hit+Run
18418501.536,E6,P346,0.4159532134532136,0.0025,5825.618,1059.189,3.8176,26.590,0.3316083347341937,0.0,Merge
18564839.199,E6,FRAG0070,0.4184532134532136,0.0068991008991009,5837.266,1485.677,1.3326,9.0737,0.9215505757604183,0.0,Hit+Run
18609369.408,P198,P396,0.0025,0.0025,1059.189,1059.189,9.1239,12.523,0.9832499999999998,0.0,Hit+Run
18687303.314,E23,P239,0.23357779720144567,0.0025000000000000022,4806.228,1059.189,2.2902,12.981,0.5705606289555607,0.0,Merge
18853500.125,E42,FRAG0021,0.22750000000000006,0.006490842490842491,4764.174,1455.774,1.5741,8.6257,0.2964995116009929,0.0,Merge
19323869.884,E23,FRAG0032,0.23607779720144567,0.006719280719280719,4823.314,1472.656,6.1476,34.107,0.8876747532296112,0.0,Hit+Run
19468190.985,P204,P484,0.0025,0.0025,1059.189,1059.189,18.98,26.051,0.9226,0.0,Hit+Run
19762310.123,E6,FRAG0063,0.4184532134532136,0.007544788544788545,5837.266,1530.651,2.7654,18.786,0.9305029943213567,0.0,Hit+Run
20144087.483,E23,FRAG0029,0.23607779720144567,0.005691974691974692,4823.314,1393.418,2.6785,14.923,0.9045752051664961,0.0,Hit+Run
20246908.861,P117,FRAG0033,0.005527972027972027,0.005656010656010656,1379.904,1390.477,13.050,23.426,0.938853347689906,0.0,Hit+Run
20285264.459,E23,P208,0.23607779720144567,0.008790875790875792,4823.314,1610.662,4.1475,22.859,0.507746740237444,0.010215384615384616,Fragment
20745342.381,P15,P117,0.005527805527805525,0.005527972027972027,1379.890,1379.904,11.633,20.802,0.5388972947194568,0.011002544122544122,Graze+Frag
20745512.719,E23,FRAG0033,0.23465355477720323,0.005656010656010656,4813.595,1390.477,2.1812,12.128,0.6230289701740952,0.0,Merge
20791549.356,E17,P391,0.3274633530426361,0.0025,5379.163,1059.189,3.2419,20.734,0.9725909413006565,0.0,Hit+Run
20880586.629,E11,FRAG0044,0.19352364302364305,0.006034632034632034,4514.107,1420.836,4.5278,23.456,0.8259335233743508,0.0,Hit+Run
20904755.434,E23,FRAG0072,0.24030956543321388,0.005527805527805528,4851.963,1379.890,2.8123,15.780,0.9195744478675816,0.0,Hit+Run
21136326.667,E11,P296,0.19352364302364305,0.0025,4514.107,1059.189,1.8305,9.6989,0.6584105653560708,0.0,Merge
21495887.788,E19,P374,0.13609157509157513,0.0025,4014.248,1059.189,3.8579,18.014,0.32377065551874007,0.0,Merge
22043635.822,E23,P251,0.24030956543321388,0.0025,4851.963,1059.189,4.7198,27.025,0.5779358533752965,0.0,Merge
22187236.597,E23,E1,0.2428095654332139,0.0055281385281385365,4868.731,1379.918,4.7258,26.617,0.2708378588253879,0.0,Merge
22384210.59,E53,P339,0.03,0.0025,2424.939,1059.189,5.2975,14.455,0.24060575594964173,0.008779220779220779,Fragment
22539179.423,P75,P284,0.005,0.0025,1334.495,1059.189,16.235,25.674,0.39683324484140214,0.00749072927072927,Fragment
22752856.444,E19,FRAG0044,0.13859157509157513,0.006034632034632034,4038.680,1420.836,3.0586,14.064,0.7433752694259993,0.0,Hit+Run
22754045.083,E6,FRAG0027,0.4184532134532136,0.007135864135864136,5837.266,1502.482,2.3225,15.800,0.5321319622789953,0.0,Merge
22943131.478,P116,P245,0.0075001665001665,0.0025,1527.627,1059.189,10.042,17.640,0.7083565997444249,0.0,Graze+Frag
23037742.92,E42,P391,0.23399084249084257,0.0025,4809.059,1059.189,1.2106,6.8661,0.8508919892513945,0.0,Hit+Run
23159681.288,E6,P293,0.42558907758907777,0.0025000000000000022,5870.260,1059.189,1.9194,13.478,0.8918759466240234,0.0,Hit+Run
23293515.276,P204,P313,0.0025,0.0025,1059.189,1059.189,20.171,27.687,0.62415,0.0,Graze+Frag
23318374.059,E11,FRAG0032,0.19602364302364306,0.006719280719280719,4533.462,1472.656,4.2026,21.814,0.6320756334334114,0.0058578155178155185,Fragment
23531218.222,E51,FRAG0072,0.005527306027306032,0.005527805527805528,1379.849,1379.890,5.8003,10.371,0.6310404958055278,0.010283376623376623,Graze+Frag
23844587.963,E11,FRAG0046,0.1968851148851149,0.006034632034632034,4540.093,1420.836,3.776,19.683,0.8376536621637718,0.0,Hit+Run
23939853.069,E11,E19,0.1968851148851149,0.13859157509157513,4540.093,4038.680,1.6522,9.2307,0.8089190019704598,0.006330442890442891,Hit+Run
24006568.272,P54,P149,0.008191808191808191,0.0025,1573.211,1059.189,10.418,18.759,0.37376003837759125,0.010615044955044955,Fragment
24406443.953,P197,P124,0.0025,0.0025000000000000022,1059.189,1059.189,22.085,30.313,0.3030499999999999,0.0,Merge
24627549.45,E23,P54,0.24833770396135244,0.010691974691974693,4905.403,1719.279,1.9517,10.903,0.5863070699379112,0.0,Merge
24840977.674,E42,FRAG1003,0.23399084249084257,0.008897560773912279,4809.059,1617.151,2.6515,14.563,0.9545212386420906,0.0,Hit+Run
25102003.647,E6,P156,0.42558907758907777,0.0025,5870.260,1059.189,5.0884,35.731,0.7781888721208471,0.0,Merge
25122550.326,E19,FRAG0071,0.13859157509157513,0.010215118215118217,4038.680,1693.330,7.1712,32.644,0.8877752649851095,0.0,Hit+Run
25131007.849,E19,FRAG0071,0.13859157509157513,0.010215118215118217,4038.680,1693.330,1.0102,4.5985,0.967956872251225,0.0,Graze+Merge
25226262.737,E6,P1,0.42808907758907777,0.01,5881.732,1681.359,2.4384,16.580,0.9990191420363886,0.0,Hit+Run
25403754.412,E23,P351,0.25902967865332716,0.0025,4974.816,1059.189,4.8914,28.770,0.44413833913473516,0.0,Merge
25667114.415,E19,E51,0.14880669330669336,0.011055611055611056,4135.563,1738.553,3.1799,14.820,0.7431052341130409,0.0,Hit+Run
25767386.169,E23,P258,0.26152967865332716,0.0025,4990.769,1059.189,1.4538,8.5804,0.8374649831170048,0.0,Hit+Run
26005058.835,E19,P345,0.14880669330669336,0.0025000000000000022,4135.563,1059.189,6.2863,30.310,0.8925120766876057,0.0,Hit+Run
26278492.794,E11,FRAG0070,0.1968851148851149,0.0068991008991009,4540.093,1485.677,2.8978,15.055,0.5174667275270071,0.0,Merge
26295206.05,E19,P1,0.14880669330669336,0.01,4135.563,1681.359,4.5788,21.374,0.48636350745299256,0.02140959040959041,Fragment
26475678.523,E6,FRAG0067,0.42808907758907777,0.0068991008991009,5881.732,1485.677,1.9881,13.648,0.9587320365305757,0.0,Hit+Run
26536785.643,E6,FRAG0067,0.42808907758907777,0.0068991008991009,5881.732,1485.677,1.0332,7.0928,0.6067419000443314,0.0,Merge
26631542.852,P170,P257,0.005,0.0025,1334.495,1059.189,39.810,62.958,0.5013099940452218,0.0,Fragment
26908114.068,E51,FRAG0066,0.011055611055611056,0.005547119547119547,1738.553,1381.496,9.0297,18.609,0.37690349604491746,0.016488891108891107,Fragment
27193400.761,E38,FRAG0076,0.03723243423243424,0.0071365301365301365,2605.959,1502.529,9.496,27.880,0.868084723063597,0.0,Hit+Run
27210962.022,P170,P93,0.007499833499833501,0.0025,1527.604,1059.189,14.270,25.067,0.7722486969761047,0.009502850482850484,Graze+Frag
27254103.351,E6,E38,0.43498817848817867,0.03723243423243424,5913.160,2605.959,1.9511,12.978,0.37210948429243945,0.01806707958707959,Fragment
27513123.095,E19,FRAG0076,0.13739710289710294,0.0071365301365301365,4027.044,1502.529,1.9144,8.7443,0.6718327148161134,0.0,Merge
27528418.453,E23,E51,0.26152967865332716,0.005527805527805529,4990.769,1379.890,3.7158,21.494,0.995543541524466,0.0,Hit+Run
27571732.794,E23,E51,0.26152967865332716,0.005527805527805529,4990.769,1379.890,1.4193,8.2099,0.34453891215176286,0.0,Merge
27710730.397,E19,P285,0.1445336330336331,0.0025,4095.593,1059.189,6.5691,31.344,0.9718604015350607,0.0,Hit+Run
27982791.154,E6,FRAG0042,0.4541536796536798,0.006034632034632034,5998.759,1420.836,2.2953,16.150,0.6791418272784809,0.0,Merge
28187093.41,E19,FRAG0078,0.1445336330336331,0.005537462537462538,4095.593,1380.694,4.6289,21.649,0.11823946775705124,0.008213786213786215,Fragment
28399215.675,E19,P484,0.14185730935730942,0.0025,4070.156,1059.189,7.11,33.698,0.7473219817770987,0.0,Merge
28418354.974,E23,FRAG0083,0.2670574841811327,0.008213786213786215,5025.687,1574.617,2.5828,14.902,0.3026694723855942,0.0,Merge
28746824.44,E6,FRAG0023,0.46018831168831187,0.006490842490842491,6025.212,1455.774,3.8987,27.511,0.4797787968781937,0.0,Merge
28954947.815,P116,P176,0.01,0.0025,1681.359,1059.189,10.050,19.177,0.6900167107030214,0.0069723609723609725,Graze+Frag
29132353.287,P170,P258,0.01,0.0025,1681.359,1059.189,16.879,32.206,0.5158407133983287,0.012453040293040294,Fragment
29146065.245,E23,P170,0.2752712703949189,0.005527639027639028,5076.692,1379.877,4.1644,24.536,0.5591260029395806,0.0,Merge
29330963.224,E19,FRAG0046,0.14435730935730942,0.006034632034632034,4093.927,1420.836,4.8394,22.578,0.9637287346408127,0.0,Hit+Run
29447584.874,E23,FRAG0046,0.2807989094225579,0.006034632034632034,5110.448,1420.836,1.4425,8.5406,0.213767199656458,0.0,Merge
29486022.246,E6,P321,0.46667915417915434,0.0025,6053.408,1059.189,3.0554,22.170,0.8092944067653308,0.0,Merge
30121601.513,P116,FRAG0073,0.005527639027639028,0.008779220779220779,1379.877,1609.950,15.125,29.560,0.12276537832671129,0.008779220779220779,Fragment
30169468.597,E19,FRAG0029,0.14435730935730942,0.005691974691974692,4093.927,1393.418,6.4344,30.060,0.4927772301327941,0.01670060606060606,Fragment
30349841.493,P188,P341,0.005000000000000003,0.0024999999999999905,1334.495,1059.189,19.031,30.097,0.5057700473730266,0.00749072927072927,Fragment
30564338.592,E23,FRAG0077,0.28683354145719,0.0071365301365301365,5146.798,1502.529,5.5697,33.086,0.9620455256523853,0.0,Hit+Run
30582530.761,E23,FRAG0077,0.28683354145719,0.0071365301365301365,5146.798,1502.529,1.0604,6.2992,0.727590951897371,0.0,Merge
30656738.244,P142,FRAG0086,0.0025000000000000022,0.008779220779220779,1059.189,1609.950,12.855,23.610,0.6215518782187152,0.005751248751248751,Graze+Frag
30706756.41,E11,P142,0.2037842157842158,0.00552797202797203,4592.516,1379.904,1.2283,6.4965,0.4037776728578938,0.0,Merge
30934514.24,P116,P191,0.005527639027639027,0.0025,1379.877,1059.189,17.496,28.358,0.9728460148705809,0.0,Hit+Run
30952599.482,E6,P457,0.46917915417915435,0.0025,6064.198,1059.189,4.7133,34.265,0.36129517146517715,0.0,Merge
31039026.634,P191,FRAG0090,0.0025,0.005751248751248751,1059.189,1398.238,9.6644,15.821,0.4409289525422951,0.0,Graze+Frag
31066192.368,E6,FRAG0085,0.47167915417915435,0.0069723609723609725,6074.950,1490.918,1.7883,12.708,0.9617634192862319,0.0,Hit+Run
31513251.097,E23,E19,0.29397007159372013,0.1333489843489844,5189.134,3987.099,1.2235,7.4594,0.46393386691722655,0.03267732267732268,Fragment
31515687.801,E23,FRAG0091,0.3946417332653819,0.006535464535464536,5724.376,1459.103,1.0539,7.0365,0.6687423038069041,0.0,Merge
31692362.583,E23,P104,0.40117719780084643,0.008990675990675991,5755.803,1622.773,1.7437,11.615,0.17746582279536902,0.0,Merge
31733925.962,E23,FRAG0092,0.4101678737915224,0.006535464535464536,5798.483,1459.103,1.3596,9.2041,0.8936308988986448,0.0,Hit+Run
31739554.908,E23,FRAG0092,0.4101678737915224,0.006535464535464536,5798.483,1459.103,1.0324,6.9891,0.6910958672752147,0.0,Merge
31942232.852,E23,FRAG0095,0.41670333832698697,0.006535464535464536,5829.118,1459.103,1.0031,6.8294,0.4064582686550819,0.0,Merge
33622400.497,E23,P285,0.4232388028624515,0.0025,5859.434,1059.189,2.1463,15.042,0.7905033933792055,0.0,Merge
33768281.45,E23,FRAG0089,0.4257388028624515,0.005566766566766567,5870.948,1383.125,3.6299,25.006,0.39309217968660165,0.0,Merge
34082075.82,E23,FRAG0094,0.4313055694292181,0.006535464535464536,5896.426,1459.103,4.2945,29.602,0.547674841651178,0.0,Merge
34750195.52,P66,P364,0.005,0.0025,1334.495,1059.189,19.489,30.821,0.1010202078747711,0.0,Fragment
34752558.588,P69,P345,0.0025,0.0025000000000000022,1059.189,1059.189,8.8707,12.175,0.5630999999999999,0.0,Graze+Frag
35395386.065,P173,FRAG0044,0.0025,0.006034632034632034,1059.189,1420.836,29.986,49.698,0.7182768713524873,0.008522770562770563,Graze+Frag
35595369.12,P116,FRAG0082,0.005527639027639027,0.006022311022311023,1379.877,1419.868,3.7715,6.8438,0.09039015014881427,0.01099038295038295,Fragment
35602074.603,P66,P507,0.007499833499833501,0.0025,1527.604,1059.189,12.513,21.981,0.4621563280978049,0.00994949716949717,Fragment
36358306.687,P75,FRAG0088,0.007499833499833501,0.005566766566766567,1527.604,1383.125,11.706,22.159,0.8717234576531192,0.0,Hit+Run
36401389.462,E17,E41,0.3274633530426361,0.05500000000000001,5379.163,2967.891,3.3466,20.239,0.557374823612072,0.07083716283716285,Fragment
36430797.109,E17,FRAG0084,0.3116261902054732,0.0069723609723609725,5291.009,1490.918,2.2976,14.069,0.7805531347868556,0.0,Hit+Run
37220816.441,P191,FRAG0085,0.008251415251415251,0.0069723609723609725,1577.018,1490.918,7.4237,14.774,0.2629788821177702,0.015107492507492508,Fragment
37587461.987,P204,FRAG0109,0.005,0.009695637695637697,1334.495,1664.125,14.259,28.202,0.8214038655899075,0.013875897435897438,Graze+Frag
37863741.849,P263,FRAG0080,0.0025,0.006022311022311023,1059.189,1419.868,9.3255,15.447,0.7626072101285895,0.007843403263403263,Graze+Frag
38153305.593,P263,P471,0.008522477522477522,0.0025,1594.100,1059.189,22.536,41.039,0.9012622012412479,0.0,Graze+Frag
38301124.119,E6,FRAG0088,0.47167915417915435,0.005566766566766567,6074.950,1383.125,2.5229,18.030,0.13578492337406087,0.0,Merge
38817096.592,P194,FRAG0057,0.0025,0.005943722943722944,1059.189,1413.665,14.239,23.508,0.4985293884883794,0.0,Graze+Frag
39579224.305,E23,FRAG0079,0.43784103396468266,0.005537462537462538,5926.059,1380.694,3.9585,27.549,0.7713788550610546,0.0,Merge
40682836.873,E23,P69,0.44337849650214517,0.005,5950.937,1334.495,2.9628,20.766,0.7826018103531366,0.0,Merge
41154309.623,E11,FRAG0105,0.20931218781218783,0.005903096903096904,4633.672,1410.437,2.9916,15.948,0.9840625281950869,0.0,Hit+Run
41831626.049,E6,P173,0.4772459207459209,0.008534798534798535,6098.756,1594.868,1.1082,7.8673,0.8124408518463988,0.0,Hit+Run
42275354.382,P66,FRAG0110,0.01,0.009167832167832169,1681.359,1633.363,10.12,21.742,0.30895979096281045,0.019105201465201466,Fragment
43005669.373,P194,FRAG0081,0.008443556443556443,0.006022311022311023,1589.164,1419.868,18.009,35.278,0.6848278619533164,0.014405461205461205,Graze+Frag
43128957.238,E6,P291,0.4772459207459209,0.0025,6098.756,1059.189,2.6536,19.409,0.772446764088821,0.0,Merge
43426304.346,P173,FRAG0093,0.008534798534798535,0.006535464535464536,1594.868,1459.103,6.8971,13.688,0.9813180712381768,0.0,Hit+Run
43823129.784,E6,P178,0.47974592074592093,0.0025,6109.386,1059.189,5.0933,37.322,0.9306520101660793,0.0,Hit+Run
45002962.541,P263,FRAG0093,0.011022311022311023,0.006535464535464536,1736.806,1459.103,15.934,33.367,0.707350172732011,0.017405954045954047,Graze+Frag
45297897.035,E42,P361,0.23399084249084257,0.0025,4809.059,1059.189,4.5149,25.606,0.3488632570782227,0.0,Merge
45431563.24,E6,P206,0.47974592074592093,0.0025,6109.386,1059.189,4.177,30.608,0.6604049841370832,0.0,Merge
46551321.879,E23,FRAG0115,0.4483784965021452,0.0060149850149850154,5973.223,1419.292,3.0324,21.240,0.44440522793265635,0.0,Merge
47192025.523,E6,FRAG0099,0.48224592074592093,0.005903096903096904,6119.980,1410.437,1.9999,14.385,0.07233041648980996,0.0,Merge
47295975.572,E23,P267,0.4543934815171302,0.0025,5999.815,1059.189,3.7571,27.005,0.6782616582424434,0.0,Merge
47614421.307,E23,P436,0.4568934815171302,0.0025,6010.798,1059.189,4.0455,29.134,0.6957064282329112,0.0,Merge
47805208.884,E23,FRAG0111,0.4593934815171302,0.006820179820179821,6021.741,1479.991,2.7114,19.096,0.4579480106158371,0.0,Merge
48157482.817,E23,FRAG0075,0.46621366133731,0.0071365301365301365,6051.395,1502.529,3.1872,22.540,0.33838164612851696,0.0,Merge
48768068.399,E23,P191,0.47335019147384017,0.005528138528138528,6082.116,1379.918,4.5292,32.416,0.6841737417427883,0.0,Merge
48808827.792,E23,P271,0.4788783300019787,0.0025000000000000022,6105.701,1059.189,2.8724,21.034,0.45855237437961593,0.0,Merge
49186763.539,E17,FRAG0102,0.3116261902054732,0.005903096903096904,5291.009,1410.437,2.8459,17.501,0.953597219393959,0.0,Hit+Run
49368557.788,E6,P263,0.48814901764901786,0.005527805527805529,6144.850,1379.890,2.2345,16.170,0.8750894417680388,0.0,Hit+Run
50317780.376,E23,P263,0.4813783300019787,0.005527805527805529,6116.308,1379.890,2.2265,16.031,0.6702793085246531,0.0,Merge
50427875.012,P204,FRAG0113,0.005527805527805529,0.008938061938061938,1379.890,1619.602,17.846,35.015,0.8249002461711251,0.008938061938061938,Graze+Frag
50467014.177,P204,FRAG0116,0.005527805527805529,0.008938061938061938,1379.890,1619.602,4.4147,8.6617,0.4397535805671622,0.013507192807192807,Fragment
50530773.343,E6,FRAG0117,0.48814901764901786,0.008938061938061938,6144.850,1619.602,1.4048,10.042,0.39253841175406345,0.0,Merge
50728310.032,P204,P478,0.005527805527805529,0.0025,1379.890,1059.189,16.796,27.225,0.7939060043392137,0.0,Graze+Frag
50890433.663,P277,P437,0.0025,0.0025,1059.189,1059.189,13.016,17.866,0.8587,0.0,Graze+Frag
51158452.366,E23,FRAG0114,0.48690613552978423,0.0060149850149850154,6139.630,1419.292,4.0009,28.865,0.8319734522999918,0.0,Hit+Run
51191983.218,E23,FRAG0114,0.48690613552978423,0.0060149850149850154,6139.630,1419.292,1.0423,7.5198,0.8324607939688191,0.0,Graze+Merge
51229833.362,E37,P66,0.06808664339210287,0.005527472527472526,3186.748,1379.863,5.4942,19.708,0.18953240636141194,0.020504495504495505,Fragment
51385998.774,E23,P204,0.4929211205447693,0.008027639027639028,6164.809,1562.631,1.1434,8.2249,0.3022794273270519,0.0,Merge
52016257.222,E23,E11,0.5009487595724083,0.20931218781218783,6198.095,4633.672,1.6889,12.218,0.4434662945660296,0.1042957042957043,Fragment
52047491.468,E23,FRAG0131,0.6059652430888918,0.005794205794205794,6604.040,1401.711,1.0141,7.9200,0.19632905811586998,0.0,Merge
52067919.919,E23,FRAG0129,0.6117594488830975,0.005794205794205794,6625.023,1401.711,1.0064,7.8867,0.6372679458425301,0.0,Merge
52181085.568,E23,FRAG0128,0.6175536546773033,0.005794205794205794,6645.873,1401.711,1.2829,10.087,0.22297197974758567,0.0,Merge
52222358.46,E23,FRAG0136,0.623347860471509,0.005794205794205794,6666.594,1401.711,1.2338,9.7338,0.44172365112964296,0.0,Merge
52500180.047,E6,FRAG0133,0.4970870795870798,0.005794205794205794,6182.128,1401.711,1.4141,10.287,0.11909652934324247,0.0,Merge
53077068.93,E6,FRAG0123,0.5028812853812856,0.005794205794205794,6206.055,1401.711,1.6025,11.707,0.9729481620418827,0.0,Hit+Run
53339416.143,E6,FRAG0121,0.5028812853812856,0.005794205794205794,6206.055,1401.711,1.3892,10.148,0.21299301174573285,0.0,Merge
53533424.95,E6,P194,0.5086754911754914,0.005527805527805529,6229.800,1379.890,2.2915,16.829,0.9554658226444399,0.0,Hit+Run
53846803.992,E23,FRAG0123,0.6291420662657148,0.005794205794205794,6687.186,1401.711,1.0948,8.6658,0.5912642298493569,0.0,Merge
53909354.534,E6,FRAG0135,0.5086754911754914,0.005794205794205794,6229.800,1401.711,1.6348,11.992,0.398122137560974,0.0,Merge
54212962.359,P116,FRAG0119,0.005527639027639028,0.006834831834831835,1379.877,1481.050,4.995,9.2766,0.29455167573343644,0.006834831834831835,Fragment
54219396.987,P75,FRAG0124,0.007499833499833501,0.005794205794205794,1527.604,1401.711,19.509,37.131,0.7023930251061898,0.013242963702963705,Graze+Frag
54725648.521,E6,FRAG0118,0.5144696969696971,0.006834831834831835,6253.365,1481.050,1.4109,10.348,0.8161925334949321,0.0,Hit+Run
55124484.25,E6,E37,0.5144696969696971,0.05310962041507989,6253.365,2933.492,1.2025,8.4444,0.9141613041045771,0.0,Hit+Run
55847243.754,E6,FRAG0137,0.5144696969696971,0.005794205794205794,6253.365,1401.711,1.8659,13.743,0.6326006234998092,0.0,Merge
56010223.488,E23,FRAG0134,0.6349362720599205,0.005794205794205794,6707.652,1401.711,1.8257,14.498,0.507786815821681,0.0,Merge
56292863.468,E23,P396,0.6407304778541263,0.0025,6727.994,1059.189,3.7247,30.244,0.5427540842042798,0.0,Merge
56688863.59,E17,P541,0.3116261902054732,0.0025,5291.009,1059.189,2.7601,17.343,0.5798264258588339,0.0,Merge
57813108.912,E23,FRAG0127,0.6432304778541262,0.005794205794205794,6736.733,1401.711,2.8796,22.974,0.12813828875971994,0.0,Merge
59849561.747,P116,P194,0.005527639027639027,0.005527805527805529,1379.877,1379.890,21.025,37.596,0.5833470714920403,0.0,Graze+Frag
61023020.817,E23,FRAG0125,0.649024683648332,0.005794205794205794,6756.901,1401.711,1.8182,14.552,0.5551374161636332,0.0,Merge
61275654.392,E23,FRAG0118,0.6548188894425377,0.006834831834831835,6776.949,1481.050,2.6908,21.518,0.7452346846660332,0.0,Merge
61332202.462,E17,P188,0.3141261902054732,0.007499833499833501,5305.120,1527.604,2.1289,13.049,0.9168063703204423,0.0,Hit+Run
61349275.162,E17,P188,0.3141261902054732,0.007499833499833501,5305.120,1527.604,1.0195,6.2491,0.41709720709361586,0.0,Merge
62042271.331,E23,E37,0.6616537212773695,0.05310962041507989,6800.446,2933.492,1.4485,11.089,0.27575027667563545,0.013583749583749584,Fragment
62272302.81,P357,FRAG0140,0.0025,0.0077662337662337665,1059.189,1545.482,18.658,33.095,0.8748668339258193,0.008355278055278055,Graze+Frag
62419349.252,E23,FRAG0142,0.7011795921086998,0.006791874791874792,6933.251,1477.940,1.1449,9.3843,0.9925261084398174,0.0,Hit+Run
62521690.085,E23,FRAG0142,0.7011795921086998,0.006791874791874792,6933.251,1477.940,1.1311,9.2712,0.8406096880549173,0.0,Hit+Run
63021746.44,E23,FRAG0142,0.7011795921086998,0.006791874791874792,6933.251,1477.940,1.1664,9.5605,0.10171723426748067,0.0,Merge
63265636.917,E23,FRAG0141,0.7079714669005747,0.006791874791874792,6955.565,1477.940,1.2083,9.9382,0.9754361797800987,0.0,Hit+Run
63269969.234,E23,FRAG0141,0.7079714669005747,0.006791874791874792,6955.565,1477.940,1.0499,8.6353,0.6212869487007255,0.0,Merge
63604374.117,E23,P75,0.7147633416924495,0.005527805527805529,6977.737,1379.890,4.8151,39.936,0.24662781457043798,0.0,Merge
63768718.765,E17,P151,0.32162602370530674,0.0025000000000000022,5347.008,1059.189,1.6601,10.549,0.8529408042163292,0.0,Hit+Run
64241592.713,E23,P357,0.720291147220255,0.010266400266400267,6995.679,1696.159,1.4041,11.500,0.36838264279012306,0.0,Merge
67107659.652,P20,FRAG0098,0.005527805527805529,0.005903096903096904,1379.890,1410.437,6.4545,11.671,0.6938204945864908,0.005903096903096904,Graze+Frag
67838037.871,E23,P178,0.7305575474866552,0.0025,7028.759,1059.189,4.6808,39.813,0.8890289139443717,0.0,Hit+Run
68453728.538,E23,P178,0.7305575474866552,0.0025,7028.759,1059.189,1.7095,14.540,0.07795297515230709,0.0,Merge
69010710.394,E17,P386,0.32162602370530674,0.0025,5347.008,1059.189,3.9616,25.175,0.7556192485145736,0.0,Merge
69232618.739,E23,FRAG0100,0.7330575474866552,0.005903096903096904,7036.767,1410.437,1.7782,14.859,0.775466789488836,0.0,Merge
69572660.449,P295,FRAG0101,0.0025,0.005903096903096904,1059.189,1410.437,14.532,23.950,0.8530553404683643,0.0,Graze+Frag
69932205.265,P173,P373,0.008534798534798535,0.0025,1594.868,1059.189,11.66,21.241,0.6421398036855466,0.010793040293040292,Graze+Frag
71144015.294,E23,P404,0.7389606443897521,0.0025,7055.605,1059.189,3.4419,29.394,0.3728305478958046,0.0,Merge
71742250.851,E6,P448,0.5202639027639029,0.0025,6276.753,1059.189,3.6736,27.706,0.797348921682728,0.0,Merge
72009274.616,E23,P173,0.741460644389752,0.011034632034632036,7063.553,1737.453,1.7939,14.819,0.9754614509023556,0.0,Hit+Run
72023216.493,E23,P173,0.741460644389752,0.011034632034632036,7063.553,1737.453,1.0814,8.9336,0.875379138143162,0.0,Hit+Run
72166074.456,E23,P173,0.741460644389752,0.011034632034632036,7063.553,1737.453,1.2131,10.021,0.9971312379472491,0.0,Hit+Run
79445350.781,E6,FRAG0143,0.5227639027639028,0.005903096903096904,6286.791,1410.437,2.6166,19.373,0.876302191851781,0.0,Hit+Run
82221423.412,E23,P173,0.741460644389752,0.011034632034632036,7063.553,1737.453,2.906,24.007,0.3767332606990009,0.0,Merge
82979140.221,E23,FRAG0139,0.7524952764243841,0.006834831834831835,7098.421,1481.050,1.7046,14.327,0.9487483779092988,0.0,Hit+Run
83383751.627,E17,FRAG0074,0.32412602370530674,0.005857808857808858,5360.827,1406.821,3.9724,24.782,0.7524400574807383,0.0,Merge
86049057.15,E23,E6,0.7524952764243841,0.5227639027639028,7098.421,6286.791,1.7789,15.512,0.8167429968083738,0.0,Hit+Run
87507040.588,E23,E6,0.7524952764243841,0.5227639027639028,7098.421,6286.791,1.1202,9.7687,0.39121570595775434,0.11527298701298702,Fragment
87509321.193,E23,FRAG0158,1.1599877839168917,0.0057635697635697635,8199.958,1399.236,1.0248,10.089,0.43181528753335346,0.0,Merge
87516400.217,E23,FRAG0160,1.1657513536804616,0.0057635697635697635,8213.517,1399.236,1.1177,11.023,0.917668129484576,0.0,Hit+Run
87519589.84,E23,FRAG0160,1.1657513536804616,0.0057635697635697635,8213.517,1399.236,1.063,10.484,0.7850591036968607,0.0,Merge
87525561.197,E23,FRAG0149,1.1715149234440314,0.0057635697635697635,8227.030,1399.236,1.0919,10.788,0.9084865128768799,0.0,Hit+Run
87531045.274,E23,FRAG0150,1.1715149234440314,0.0057635697635697635,8227.030,1399.236,1.0132,10.010,0.44612413896682157,0.0,Merge
87540502.283,E23,FRAG0159,1.1772784932076013,0.0057635697635697635,8240.500,1399.236,0.9973,9.8707,0.4184476311516766,0.0,Perfect
87558661.389,E23,FRAG0163,1.183042062971171,0.0057635697635697635,8253.926,1399.236,1.0351,10.262,0.6453054278343554,0.0,Merge
87671408.022,E23,FRAG0161,1.188805632734741,0.0057635697635697635,8267.308,1399.236,1.0111,10.042,0.7940137267163278,0.0,Merge
87914023.662,E23,FRAG0153,1.1945692024983108,0.0057635697635697635,8280.647,1399.236,1.4274,14.200,0.2887996045742621,0.0,Merge
87940628.828,E23,FRAG0157,1.2003327722618806,0.0057635697635697635,8293.943,1399.236,1.4177,14.128,0.6168361721102127,0.0,Merge
88020183.33,E23,FRAG0156,1.2060963420254505,0.0057635697635697635,8307.197,1399.236,1.5878,15.850,0.7786472833795769,0.0,Merge
88135903.204,E23,FRAG0151,1.2118599117890203,0.0057635697635697635,8320.408,1399.236,1.2969,12.968,0.49307926903612104,0.0,Merge
88281680.45,E23,FRAG0147,1.2176234815525901,0.0057635697635697635,8333.578,1399.236,1.0854,10.872,0.6644385093764246,0.0,Merge
88412780.527,E23,FRAG0144,1.22338705131616,0.0057635697635697635,8346.706,1399.236,1.2858,12.900,0.7892848278424479,0.0,Merge
89503160.277,E23,FRAG0162,1.2291506210797298,0.0057635697635697635,8359.793,1399.236,1.4199,14.270,0.6026331415004994,0.0,Merge
91165528.49,E23,FRAG0154,1.2349141908432997,0.0057635697635697635,8372.839,1399.236,1.315,13.237,0.30785283834007154,0.0,Merge
102345673.761,E23,FRAG0145,1.2406777606068695,0.0057635697635697635,8385.845,1399.236,1.0352,10.438,0.8506612894098402,0.0,Merge
111555475.157,E17,FRAG0122,0.3299838325631156,0.005794205794205794,5392.929,1401.711,4.5753,28.735,0.34335610362791047,0.0,Merge
