time_yr,target,projectile,Mt_Mearth,Mp_Mearth,Rt_km,Rp_km,vimp/vesc,vimp_km/s,b,m_frag_Mearth,Regime
2232.611,M0,P666,0.05,0.0024355585714285716,2875.083,1050.009,3.8185,12.469,0.4346583513840561,0.0,Merge
21181.567,E3,P299,0.40336,0.0024355585714285716,5766.223,1050.009,1.072,7.3898,0.19769957328333132,0.0,Merge
22950.625,E19,P733,0.041620000000000004,0.0024355585714285716,2704.547,1050.009,1.407,4.3059,0.5323291990368973,0.0,Merge
36806.817,E10,E8,0.14002,0.11363999999999999,4052.507,3780.108,0.9999,5.0837,0.44138438000684826,0.0,Perfect
55815.335,E12,P99,0.09854,0.0024355585714285716,3604.663,1050.009,1.6283,6.7757,0.3892999954373829,0.0,Merge
189721.421,M0,P242,0.05243555857142857,0.0024355585714285716,2921.028,1050.009,6.6275,22.010,0.774054052160306,0.0,Hit+Run
217580.41,E3,P448,0.40579555857142857,0.0024355585714285716,5777.805,1050.009,1.1678,8.0674,0.5799117202291174,0.0,Merge
228808.279,M0,P64,0.05243555857142857,0.0024355585714285716,2921.028,1050.009,2.7631,9.1764,0.18110054893268776,0.0,Merge
230679.298,M0,P589,0.05487111714285714,0.0024355585714285716,2965.571,1050.009,1.9529,6.5912,0.7047659400799046,0.0,Merge
237403.855,M0,P242,0.05730667571428571,0.0024355585714285716,3008.815,1050.009,1.1448,3.9239,0.7554609186399721,0.0,Hit+Run
251646.139,M0,P204,0.05730667571428571,0.0024355585714285716,3008.815,1050.009,2.4342,8.3436,0.8793324911105239,0.0,Hit+Run
256273.499,M0,P204,0.05730667571428571,0.0024355585714285716,3008.815,1050.009,1.0581,3.6268,0.729292956292812,0.0,Merge
296446.536,E0,M3,0.4524555555544456,0.05,5991.273,2875.083,1.0495,7.0585,0.8301356756560662,0.0,Hit+Run
326323.849,M0,P242,0.05974223428571428,0.0024355585714285716,3050.851,1050.009,1.2715,4.4233,0.7833089541272182,0.0,Hit+Run
390285.101,M1,P469,0.05,0.0024355585714285716,2875.083,1050.009,2.5089,8.1927,0.4279927110106235,0.0,Merge
398300.355,E15,P33,0.11428,0.0024355585714285716,3787.191,1050.009,1.205,5.2882,0.9702855157664099,0.0,Hit+Run
482151.86,E0,M3,0.4524555555544456,0.05,5991.273,2875.083,1.2526,8.4245,0.8169589188996208,0.010784215784215786,Hit+Run+Frag
526888.675,E0,M3,0.4524538905527806,0.03921744921744922,5991.266,2651.471,1.3269,8.9414,0.673665304895569,0.0,Merge
570315.382,E3,P94,0.40823111714285715,0.0024355585714285716,5789.342,1050.009,1.4526,10.056,0.7484534099493299,0.0,Merge
665443.746,E1,M2,0.23462666666666668,0.05,4813.411,2875.083,1.2078,6.5655,0.6317508481345853,0.0,Hit+Run
744272.984,E0,E6,0.49167133977022986,0.08018000000000002,6159.594,3365.238,1.1653,8.0669,0.45281088841179856,0.017106899766899768,Fragment
787403.652,E4,P475,0.0574,0.0024355585714285716,3010.448,1050.009,1.9165,6.5729,0.5579821951600767,0.0,Merge
881734.944,M0,P447,0.05974223428571428,0.0024355585714285716,3050.851,1050.009,4.2411,14.754,0.16813355839372338,0.0,Merge
909878.964,E0,FRAG0004,0.5547444466633368,0.005702297702297702,6412.462,1394.260,1.2337,9.3389,0.7224236117916129,0.0,Merge
952569.679,E1,E4,0.23462666666666668,0.05983555857142857,4813.411,3052.438,1.1334,6.1955,0.9555409324618772,0.0,Hit+Run
1088477.799,E0,P401,0.5604467443656345,0.0024355585714285716,6434.359,1050.009,1.7866,13.842,0.7453653582506873,0.0,Merge
1091593.66,M2,P701,0.05,0.0024355585714285716,2875.083,1050.009,3.6249,11.836,0.5692163883730199,0.0,Merge
1114382.854,M2,P512,0.05243555857142857,0.0024355585714285716,2921.028,1050.009,2.8571,9.4886,0.8593081286074973,0.0,Hit+Run
1346816.177,M1,P141,0.05243555857142857,0.0024355585714285716,2921.028,1050.009,7.0236,23.325,0.9259519536818333,0.0,Hit+Run
1358761.257,M1,P141,0.05243555857142857,0.0024355585714285716,2921.028,1050.009,1.0535,3.4987,0.7369806660262384,0.0,Graze+Merge
1414145.087,E0,P122,0.562882302937063,0.0024355585714285716,6443.666,1050.009,1.7687,13.724,0.6875604812437279,0.0,Merge
1470504.535,E0,P97,0.5653178615084915,0.0024355585714285716,6452.946,1050.009,1.592,12.372,0.8207493945399106,0.0,Merge
1498796.449,E0,P147,0.56775342007992,0.0024355585714285716,6462.200,1050.009,1.7706,13.781,0.5720504537321722,0.0,Merge
1556307.398,M2,FRAG0002,0.05243555857142857,0.005702297702297702,2921.028,1394.260,2.177,7.1390,0.941503325449638,0.0,Hit+Run
1602416.751,E15,P16,0.11428,0.0024355585714285716,3787.191,1050.009,1.1005,4.8296,0.4739077081363736,0.0,Merge
1732406.318,M0,P61,0.062177792857142845,0.0024355585714285716,3091.758,1050.009,5.0564,17.842,0.742153141426304,0.0,Merge
1747914.488,M1,P421,0.05487111714285714,0.0024355585714285716,2965.571,1050.009,5.1751,17.466,0.8950076944177265,0.0,Hit+Run
1829860.522,M1,P155,0.05487111714285714,0.0024355585714285716,2965.571,1050.009,2.4282,8.1954,0.5034464438357654,0.0,Merge
1848253.484,E0,FRAG0002,0.5701889786513485,0.005702297702297702,6471.428,1394.260,1.2987,9.9281,0.761447250861893,0.0,Merge
1874847.416,M0,P242,0.06461335142857141,0.0024355585714285716,3131.611,1050.009,6.9577,24.891,0.7366169520112927,0.0,Merge
1896458.049,E0,FRAG0001,0.5758912763536462,0.010784215784215786,6492.929,1724.209,1.0309,7.7823,0.04235306467263801,0.0,Merge
2003094.53,P2,P305,0.0024355585714285716,0.0024355585714285716,1050.009,1050.009,28.881,39.298,0.70605,0.0,Graze+Frag
2115057.613,E4,P549,0.05983555857142857,0.0024355585714285716,3052.438,1050.009,3.4069,11.858,0.8427887148184979,0.0,Hit+Run
2229909.086,M0,P577,0.06704890999999999,0.0024355585714285716,3170.475,1050.009,7.906,28.660,0.9096415477544894,0.0,Hit+Run
2238185.151,M1,P565,0.05730667571428571,0.0024355585714285716,3008.815,1050.009,4.6105,15.803,0.30882643381946073,0.0,Merge
2243180.368,M0,P563,0.06704890999999999,0.0024355585714285716,3170.475,1050.009,6.4718,23.460,0.610058552259824,0.005614718614718616,Fragment
2314940.966,M0,P39,0.06386974995670995,0.0024355585714285716,3119.552,1050.009,2.2751,8.1056,0.2982964262932248,0.0,Merge
2321128.692,M0,P160,0.06630530852813853,0.0024355585714285716,3158.711,1050.009,5.0221,18.133,0.3649007360901335,0.0,Merge
2329743.6,E0,P661,0.586675492137862,0.0024355585714285716,6533.208,1050.009,1.3204,10.397,0.824058281969722,0.0,Merge
2348145.466,M0,FRAG0005,0.0687408670995671,0.005614718614718616,3196.923,1387.085,1.0646,3.8306,0.7874431095918273,0.0,Hit+Run
2385770.642,M0,P577,0.0687408670995671,0.0024355585714285716,3196.923,1050.009,1.2097,4.4245,0.7230263959887252,0.0,Merge
2395703.059,M0,FRAG0005,0.07117642567099568,0.005614718614718616,3234.242,1387.085,1.1194,4.0767,0.4917855377127105,0.0,Merge
2506042.943,E15,E13,0.11671555857142858,0.02222,3813.907,2194.026,1.8487,7.9426,0.5096269035894508,0.01057908757908758,Fragment
2569706.684,E3,P29,0.4106666757142857,0.0024355585714285716,5800.832,1050.009,1.1762,8.1600,0.21811835400387408,0.0,Merge
2652960.576,E10,P245,0.25366,0.0024355585714285716,4940.199,1050.009,1.3326,7.7846,0.6932531894358145,0.0,Merge
2665773.947,M4,P549,0.05,0.0024355585714285716,2875.083,1050.009,1.508,4.9243,0.37679180308722354,0.0,Merge
2744170.254,E5,P18,0.0735,0.0024355585714285716,3269.060,1050.009,2.344,8.7809,0.0933245183451517,0.0,Merge
2752130.417,M0,P351,0.07679114428571429,0.0024355585714285716,3317.143,1050.009,3.1015,11.802,0.5578256468272793,0.0,Merge
2777555.89,E0,P421,0.5891110507092905,0.0024355585714285716,6542.236,1050.009,1.9641,15.489,0.9123676552000552,0.0,Hit+Run
2793599.725,E0,P82,0.5891110507092905,0.0024355585714285716,6542.236,1050.009,1.8485,14.577,0.85153165552389,0.0,Merge
2802411.132,E3,P688,0.4131022342857143,0.0024355585714285716,5812.277,1050.009,1.3955,9.7019,0.6975796173854655,0.0,Merge
3131673.472,M0,P580,0.07922670285714287,0.0024355585714285716,3351.848,1050.009,6.3264,24.344,0.5671370034758499,0.0,Merge
3148024.076,E3,P409,0.4155377928571429,0.0024355585714285716,5823.678,1050.009,1.0893,7.5889,0.9413707419764507,0.0,Hit+Run
3216097.019,E5,P466,0.07593555857142857,0.0024355585714285716,3304.777,1050.009,1.792,6.7918,0.6995390789951236,0.0,Merge
3240722.529,E3,P834,0.4155377928571429,0.0024355585714285716,5823.678,1050.009,2.0719,14.434,0.7485384308668834,0.0,Merge
3299377.266,M0,P2,0.08166226142857144,0.004871128871128871,3385.849,1322.930,2.4205,9.2704,0.47478888090043775,0.0,Merge
3327670.092,P5,P656,0.0024355585714285716,0.0024355585714285716,1050.009,1050.009,10.254,13.952,0.40345000000000003,0.0,Merge
3333645.553,E1,M4,0.23462666666666668,0.05243555857142857,4813.411,2921.028,1.1255,6.1259,0.8582619518883104,0.0,Hit+Run
3420577.622,P5,P617,0.004871117142857143,0.0024355585714285716,1322.929,1050.009,6.1185,9.5922,0.8143499869904974,0.0,Hit+Run
3424339.051,P5,P617,0.004871117142857143,0.0024355585714285716,1322.929,1050.009,1.0445,1.6375,0.5646985019666425,0.0,Graze+Merge
3453698.321,E3,P657,0.41797335142857145,0.0024355585714285716,5835.033,1050.009,2.1252,14.836,0.8324086954419596,0.0,Merge
3454974.984,P5,P161,0.007306675714285714,0.0024355585714285716,1514.376,1050.009,10.634,18.518,0.7720148203467802,0.0,Graze+Frag
3496912.121,E0,P156,0.591546609280719,0.0024355585714285716,6551.240,1050.009,2.403,18.978,0.8202355163493839,0.0,Merge
3512036.412,P5,P426,0.009742257742257742,0.0024355585714285716,1666.788,1050.009,8.997,17.018,0.8287319835801404,0.0,Graze+Frag
3558530.152,P5,P10,0.012177822177822178,0.0024355585714285716,1795.493,1050.009,6.4402,13.039,0.4242167428919891,0.01367910755910756,Fragment
3562115.285,P5,FRAG0007,0.005527799663669664,0.009085581085581086,1379.890,1628.463,0.9943,1.9578,0.05683121689157399,0.0,Perfect
3755880.457,M0,P258,0.08653339029970031,0.0024355585714285716,3451.875,1050.009,8.7278,34.664,0.8958849329449527,0.0,Hit+Run
3881642.097,M0,P816,0.08653339029970031,0.0024355585714285716,3451.875,1050.009,5.8149,23.095,0.592323785261876,0.0,Merge
3914447.068,P5,P185,0.01461338074925075,0.0024355585714285716,1907.995,1050.009,11.968,25.671,0.8860101499513136,0.0,Hit+Run
3920885.555,P5,P185,0.01461338074925075,0.0024355585714285716,1907.995,1050.009,1.0478,2.2474,0.547564077092072,0.0,Merge
3920982.866,M0,P768,0.08896894887112888,0.0024355585714285716,3483.961,1050.009,3.1144,12.493,0.5292827145733247,0.0,Merge
3935119.539,P5,P329,0.017048939320679322,0.0024355585714285716,2008.597,1050.009,8.2926,18.699,0.6534854670976583,0.011674991674991675,Fragment
3950331.927,P5,FRAG0009,0.00780950621711622,0.005837495837495837,1548.347,1405.193,1.1924,2.2899,0.773193191213042,0.0,Hit+Run
3950823.729,P5,FRAG0009,0.00780950621711622,0.005837495837495837,1548.347,1405.193,1.0946,2.1021,0.14264415711510522,0.0,Merge
3952400.039,P5,P496,0.013647002054612056,0.0024355585714285716,1864.974,1050.009,12.657,26.562,0.7072226208197812,0.010554778554778555,Graze+Frag
4050059.541,P5,FRAG0008,0.005527782071262073,0.005837495837495837,1379.889,1405.193,2.3308,4.2066,0.5066545202043825,0.0,Hit+Run
4050227.301,P5,FRAG0008,0.005527782071262073,0.005837495837495837,1379.889,1405.193,0.9944,1.7946,0.8883547376554449,0.0,Perfect
4207832.825,E1,P248,0.23462666666666668,0.0024355585714285716,4813.411,1050.009,2.1191,12.038,0.7403074407839023,0.0,Merge
4283145.631,M1,P602,0.05974223428571428,0.0024355585714285716,3050.851,1050.009,5.6818,19.766,0.4812637120570781,0.0057252747252747255,Fragment
4284316.367,M1,FRAG0011,0.05645251813186812,0.0057252747252747255,2993.792,1396.130,1.0078,3.3886,0.5483032702951995,0.0,Merge
4294960.562,M0,P838,0.09140450744255746,0.0024355585714285716,3515.467,1050.009,8.323,33.712,0.962898660531782,0.0,Hit+Run
4328758.681,P5,FRAG0010,0.01136527790875791,0.010554778554778555,1754.636,1711.894,2.427,5.4525,0.8561275457865803,0.0,Hit+Run
4359808.374,P5,P306,0.01136527790875791,0.0024355585714285716,1754.636,1050.009,32.343,64.100,0.36673712986155554,0.013795744255744254,Fragment
4360597.672,P5,FRAG0012,0.005527776207126208,0.008273060273060273,1379.888,1578.395,1.0797,2.0834,0.9621441866026702,0.0,Hit+Run
4362377.757,P5,FRAG0012,0.005527776207126208,0.008273060273060273,1379.888,1578.395,1.0355,1.9982,0.9317317170402064,0.0,Graze+Merge
4406336.205,M0,P47,0.09140450744255746,0.0024355585714285716,3515.467,1050.009,6.1974,25.102,0.8950606981224658,0.0,Hit+Run
4408173.094,M0,P47,0.09140450744255746,0.0024355585714285716,3515.467,1050.009,1.0588,4.2886,0.7462945875948845,0.0,Merge
4454377.342,P5,P371,0.013800836480186481,0.0024355585714285716,1871.956,1050.009,26.591,56.002,0.8362398195225654,0.01070862470862471,Graze+Frag
4463720.258,P5,FRAG0013,0.005527770342990344,0.01070862470862471,1379.888,1720.171,1.7502,3.5785,0.8345936667971297,0.0,Hit+Run
4470951.784,M1,P145,0.062177792857142845,0.0024355585714285716,3091.758,1050.009,5.6504,19.939,0.8964511240583872,0.0,Hit+Run
4484975.814,P5,FRAG0013,0.005527770342990344,0.01070862470862471,1379.888,1720.171,2.4915,5.0942,0.8292077556673988,0.0,Hit+Run
4485979.25,P5,FRAG0013,0.005527770342990344,0.01070862470862471,1379.888,1720.171,0.9931,2.0305,0.4564670961602435,0.0,Perfect
4514075.766,M0,P542,0.09384006601398603,0.0024355585714285716,3546.418,1050.009,4.8447,19.809,0.7125352936620478,0.0,Merge
4548219.902,P5,P571,0.016236395051615053,0.0024355585714285716,1976.167,1050.009,6.7247,14.923,0.6310174124130794,0.008811521811521813,Fragment
4552280.424,M0,P87,0.09627562458541461,0.0024355585714285716,3576.838,1050.009,7.5741,31.255,0.5625568703355702,0.00678954378954379,Fragment
4571837.609,P5,FRAG0014,0.009860431811521813,0.008811521811521813,1673.500,1611.922,2.725,5.8039,0.7755179347958656,0.0,Hit+Run
4572363.927,P5,FRAG0014,0.009860431811521813,0.008811521811521813,1673.500,1611.922,1.0416,2.2184,0.6847479538562117,0.0,Graze+Merge
4593641.632,M0,FRAG0015,0.0919216393672994,0.00678954378954379,3522.084,1477.771,1.26,5.0018,0.6663975363936845,0.0,Merge
4644554.981,E3,P228,0.42040891,0.0024355585714285716,5846.345,1050.009,2.1742,15.210,0.3914882893454742,0.0,Merge
4736298.856,P5,FRAG0010,0.018671953623043625,0.010554778554778555,2070.413,1711.894,6.7445,16.750,0.7968965883736033,0.0,Hit+Run
4736427.79,M0,P259,0.09871118315684319,0.0024355585714285716,3606.749,1050.009,8.1078,33.759,0.3982577668301703,0.007657675657675658,Fragment
4747639.477,M0,FRAG0016,0.09348906607059611,0.007657675657675658,3541.991,1538.247,1.158,4.6163,0.5543513637265688,0.0,Merge
4758926.936,P5,FRAG0010,0.018671953623043625,0.010554778554778555,2070.413,1711.894,1.2249,3.0420,0.9018868106912685,0.0,Hit+Run
4760838.294,P5,FRAG0010,0.018671953623043625,0.010554778554778555,2070.413,1711.894,1.1087,2.7534,0.959089512631811,0.0,Hit+Run
4761215.442,P5,FRAG0010,0.018671953623043625,0.010554778554778555,2070.413,1711.894,1.0764,2.6732,0.8893514817492741,0.0,Hit+Run
4763508.06,P5,P225,0.018671953623043625,0.0024355585714285716,2070.413,1050.009,14.301,33.230,0.541419300887246,0.020705501165501166,Fragment
4776196.278,P5,FRAG0018,0.005527758614718617,0.00778987678987679,1379.887,1547.048,1.6693,3.1812,0.9146489363955932,0.0,Hit+Run
4830443.864,P5,FRAG0018,0.005527758614718617,0.00778987678987679,1379.887,1547.048,2.4979,4.7603,0.5313647833675961,0.0,Hit+Run
4830863.549,P5,FRAG0018,0.005527758614718617,0.00778987678987679,1379.887,1547.048,1.0742,2.0471,0.05812907265479958,0.0,Merge
4846681.127,E3,P703,0.4228444685714286,0.0024355585714285716,5857.613,1050.009,1.9412,13.608,0.9991048907070585,0.0,Hit+Run
4848603.506,P5,FRAG0017,0.013317635404595407,0.00778987678987679,1849.848,1547.048,2.6672,5.9400,0.968572303374841,0.0,Hit+Run
4849466.594,P5,FRAG0017,0.013317635404595407,0.00778987678987679,1849.848,1547.048,1.0564,2.3526,0.38310503509738036,0.0,Merge
4897576.461,P5,FRAG0010,0.021107512194472197,0.010554778554778555,2156.781,1711.894,2.8432,7.2669,0.59055837262685,0.0,Hit+Run
4907311.026,P5,FRAG0010,0.021107512194472197,0.010554778554778555,2156.781,1711.894,1.291,3.2996,0.671897432917851,0.0,Hit+Run
4910807.726,P5,FRAG0010,0.021107512194472197,0.010554778554778555,2156.781,1711.894,1.133,2.8958,0.9311343282935569,0.0,Hit+Run
4926950.945,P5,FRAG0010,0.021107512194472197,0.010554778554778555,2156.781,1711.894,1.2493,3.1931,0.902869144217109,0.0,Hit+Run
4956294.164,P5,P43,0.021107512194472197,0.0024355585714285716,2156.781,1050.009,14.205,34.387,0.8158235964732453,0.007345347985347985,Graze+Frag
4969857.681,P5,FRAG0019,0.016198082420912426,0.007344988344988345,1974.611,1517.018,1.8629,4.3217,0.7497193535795915,0.0,Hit+Run
4970582.462,P5,FRAG0019,0.016198082420912426,0.007344988344988345,1974.611,1517.018,1.1385,2.6412,0.5799481006984016,0.0,Graze+Merge
5029302.448,P5,FRAG0010,0.023543070765900773,0.010554778554778555,2236.736,1711.894,1.9175,5.0342,0.559774609278804,0.0,Merge
5135022.674,E3,E1,0.4228444685714286,0.23706222523809525,5857.613,4830.009,1.189,8.3471,0.9501419695593804,0.0,Hit+Run
5254785.546,E5,P300,0.07837111714285715,0.0024355585714285716,3339.739,1050.009,4.4081,16.897,0.6383907343695727,0.0,Merge
5266272.071,E3,E1,0.4228444685714286,0.23706222523809525,5857.613,4830.009,0.9956,6.9894,0.6026079231255991,0.0,Perfect
5316529.254,M1,P196,0.062177792857142845,0.0024355585714285716,3091.758,1050.009,6.8174,24.057,0.9865515909364347,0.02207805527805528,Hit+Run
5369031.0,E3,P777,0.6599066938095238,0.0024355585714285716,6794.456,1050.009,2.1278,17.468,0.950595694484564,0.0,Hit+Run
5431032.247,M0,M1,0.10114674172827176,0.062177792857142845,3636.172,3091.758,2.2494,9.9016,0.4670648540329355,0.04790675990675991,Fragment
5432502.282,M0,FRAG0021,0.11541777467865469,0.005988344988344989,3799.718,1417.194,1.1012,4.7461,0.9011098551043542,0.0,Hit+Run
5432670.089,M0,FRAG0026,0.11541777467865469,0.005988344988344989,3799.718,1417.194,1.0709,4.6155,0.3517183551809671,0.0,Merge
5432702.345,M0,FRAG0021,0.12140611966699968,0.005988344988344989,3864.328,1417.194,1.048,4.5984,0.544801001012277,0.0,Merge
5432892.906,M0,FRAG0020,0.12739446465534468,0.005988344988344989,3926.847,1417.194,1.0824,4.8312,0.37320923952111273,0.0,Merge
5435826.401,M0,FRAG0023,0.13338280964368968,0.005988344988344989,3987.436,1417.194,1.1462,5.2002,0.820560543407733,0.0,Hit+Run
5457781.601,M0,FRAG0023,0.13338280964368968,0.005988344988344989,3987.436,1417.194,1.0782,4.8917,0.9490082961565968,0.0,Hit+Run
5567033.229,P5,P394,0.03409784932067933,0.0024355585714285716,2530.673,1050.009,15.55,44.376,0.4731032438718551,0.03516900432900433,Fragment
5567312.229,P5,FRAG0030,0.005527746886446895,0.006201132201132201,1379.886,1433.785,1.3255,2.4178,0.7248925699567217,0.0,Hit+Run
5568207.433,P5,FRAG0029,0.005527746886446895,0.006201132201132201,1379.886,1433.785,1.4543,2.6527,0.5789430206575401,0.0,Hit+Run
5630447.642,P5,FRAG0030,0.005527746886446895,0.006201132201132201,1379.886,1433.785,2.8242,5.1516,0.9756943156274257,0.0,Hit+Run
5632651.172,P5,FRAG0030,0.005527746886446895,0.006201132201132201,1379.886,1433.785,1.0327,1.8837,0.211960333357212,0.0,Merge
5670394.394,P5,FRAG0031,0.011728879087579096,0.006201132201132201,1773.152,1433.785,1.7738,3.7472,0.6436440888852093,0.0,Hit+Run
5678468.637,P5,FRAG0028,0.011728879087579096,0.006201132201132201,1773.152,1433.785,1.8035,3.8099,0.7936489349590496,0.0,Hit+Run
5679545.598,P5,FRAG0028,0.011728879087579096,0.006201132201132201,1773.152,1433.785,1.0303,2.1765,0.9395622371296593,0.0,Graze+Merge
5689099.579,M0,FRAG0024,0.13338280964368968,0.005988344988344989,3987.436,1417.194,1.2407,5.6289,0.9071023090449628,0.0,Hit+Run
5706735.035,M0,FRAG0024,0.13338280964368968,0.005988344988344989,3987.436,1417.194,1.1091,5.0318,0.13803891177089267,0.0,Merge
5751666.328,M0,FRAG0023,0.13937115463203467,0.005988344988344989,4046.238,1417.194,1.118,5.1521,0.43377156850957727,0.0,Merge
5759608.094,P5,FRAG0029,0.017930011288711297,0.006201132201132201,2042.619,1433.785,3.2253,7.5919,0.6100703537657466,0.0,Hit+Run
5764145.764,P5,FRAG0029,0.017930011288711297,0.006201132201132201,2042.619,1433.785,1.222,2.8764,0.6087777073453626,0.0,Hit+Run
5788905.319,P5,FRAG0029,0.017930011288711297,0.006201132201132201,2042.619,1433.785,0.9928,2.3369,0.9044411976804523,0.0,Perfect
5803620.523,P5,FRAG0032,0.0241311434898435,0.006201132201132201,2255.207,1433.785,3.1435,8.0532,0.9608950430893805,0.0,Hit+Run
5827576.601,P5,FRAG0032,0.0241311434898435,0.006201132201132201,2255.207,1433.785,1.535,3.9324,0.5203065092081509,0.0,Merge
5856659.423,M0,P843,0.14535949962037967,0.0024355585714285716,4103.379,1050.009,2.7148,12.989,0.7577898637772418,0.0,Merge
5896793.459,P5,FRAG0031,0.0303322756909757,0.006201132201132201,2433.859,1433.785,3.2553,8.9386,0.6874333480798674,0.0,Hit+Run
5898106.191,P5,FRAG0031,0.0303322756909757,0.006201132201132201,2433.859,1433.785,1.0234,2.8101,0.8658992008036409,0.0,Graze+Merge
5985018.654,P55,P75,0.0024355585714285716,0.0024355585714285716,1050.009,1050.009,9.7709,13.295,0.8016,0.0,Graze+Frag
6077772.655,E4,P840,0.05983555857142857,0.0024355585714285716,3052.438,1050.009,8.7678,30.518,0.8603483631540825,0.0,Hit+Run
6195888.231,M0,FRAG0022,0.14779505819180824,0.005988344988344989,4126.170,1417.194,0.9961,4.6873,0.4236061698876911,0.0,Perfect
6210424.566,M0,FRAG0025,0.15378340318015324,0.005988344988344989,4181.162,1417.194,1.3753,6.5640,0.8648583989211315,0.0,Hit+Run
6247058.645,M0,FRAG0025,0.15378340318015324,0.005988344988344989,4181.162,1417.194,0.9954,4.7508,0.5210809196263155,0.0,Perfect
6317291.856,M0,P145,0.15977174816849823,0.0024355585714285716,4234.744,1050.009,4.1182,20.383,0.6275886479031583,0.0,Merge
6355628.889,E15,P456,0.12835647099234102,0.0024355585714285716,3936.707,1050.009,2.0158,9.2233,0.21749034820896138,0.0,Merge
6372356.374,E9,P554,0.07894000000000001,0.0024355585714285716,3347.800,1050.009,3.994,15.349,0.5633956291494061,0.0,Merge
6391522.596,M0,FRAG0027,0.1622073067399268,0.005988344988344989,4256.153,1417.194,0.9877,4.8047,0.8406006671835599,0.0,Perfect
6400192.238,E12,P200,0.10097555857142858,0.0024355585714285716,3634.120,1050.009,2.3664,9.9337,0.46821746954093046,0.0,Merge
6452820.417,P15,P406,0.0024355585714285716,0.0024355585714285716,1050.009,1050.009,18.557,25.250,0.99865,0.0,Hit+Run
6473096.217,E3,P724,0.6599066938095238,0.0024355585714285716,6794.456,1050.009,2.2244,18.261,0.6214600553919588,0.0,Merge
6672691.073,E10,P604,0.25609555857142857,0.0024355585714285716,4955.960,1050.009,1.2882,7.5510,0.3489653787036066,0.0,Merge
6752414.025,E0,M4,0.5939821678521475,0.05243555857142857,6560.218,2921.028,2.1687,15.998,0.8685610911175077,0.04633233433233434,Hit+Run+Frag
6800319.282,E0,FRAG0003,0.5939821619880117,0.005702297702297702,6560.218,1394.260,2.2311,17.307,0.74538203924893,0.0,Merge
6800923.849,E0,FRAG0036,0.5996844596903094,0.005791541791541792,6581.144,1401.496,1.1954,9.3013,0.9900604107375236,0.0,Hit+Run
6828469.141,E0,FRAG0037,0.5996844596903094,0.005791541791541792,6581.144,1401.496,1.0579,8.2314,0.509004328078397,0.0,Merge
6833701.284,E0,FRAG0038,0.6054760014818512,0.005791541791541792,6602.263,1401.496,1.1477,8.9609,0.8125218335675005,0.0,Merge
6956365.518,E0,M2,0.611267543273393,0.05243555857142857,6623.247,2921.028,1.5412,11.482,0.9196915135091437,0.0,Hit+Run
6986067.714,P5,P392,0.0365334078921079,0.0024355585714285716,2589.547,1050.009,13.716,40.098,0.647892523611929,0.027218115218115218,Fragment
6986215.779,P5,FRAG0042,0.011750851245421249,0.0068045288045288045,1774.258,1478.858,1.2442,2.6548,0.7950880496593593,0.0,Hit+Run
6987901.276,P96,P281,0.0024355585714285716,0.0024355585714285716,1050.009,1050.009,7.3828,10.045,0.5964,0.0,Graze+Frag
6988346.073,P5,FRAG0041,0.011750851245421249,0.0068045288045288045,1774.258,1478.858,0.9663,2.0618,0.4393764115829194,0.0,Perfect
6989276.502,P5,FRAG0043,0.018555380049950054,0.0068045288045288045,2066.095,1478.858,1.2622,3.0161,0.5764744416717463,0.0,Merge
6990480.599,P101,P708,0.0024355585714285716,0.0024355585714285716,1050.009,1050.009,18.282,24.876,0.93455,0.0,Hit+Run
6991224.417,P96,P708,0.004871128871128871,0.0024355585714285716,1322.930,1050.009,1.2798,2.0063,0.6778725958941639,0.0,Hit+Run
6991352.839,P101,P333,0.0024355585714285716,0.0024355585714285716,1050.009,1050.009,3.7167,5.0572,0.15445,0.0,Merge
6993616.108,P101,P717,0.004871117142857143,0.0024355585714285716,1322.929,1050.009,3.2513,5.0971,0.5056027953732335,0.0,Merge
6993835.91,P101,P742,0.007306675714285714,0.0024355585714285716,1514.376,1050.009,4.5952,8.0020,0.4961729152110186,0.0,Fragment
6993917.969,P101,P599,0.009742257742257742,0.0024355585714285716,1666.788,1050.009,3.9476,7.4670,0.537865953512518,0.0,Merge
6996224.469,P96,P271,0.004871128871128871,0.0024355585714285716,1322.930,1050.009,5.6989,8.9343,0.894408261857889,0.0,Hit+Run
6996816.284,P101,P290,0.012177816313686314,0.0024355585714285716,1795.492,1050.009,5.5597,11.256,0.737757231014695,0.0,Graze+Frag
6998242.523,P96,P532,0.004871128871128871,0.0024355585714285716,1322.930,1050.009,6.9051,10.825,0.8776830559389607,0.0,Hit+Run
6998873.918,P96,P532,0.004871128871128871,0.0024355585714285716,1322.930,1050.009,2.1352,3.3474,0.6137035558518757,0.0,Hit+Run
6999042.52,P96,P708,0.004871128871128871,0.0024355585714285716,1322.930,1050.009,2.2735,3.5642,0.7862519302488193,0.0,Hit+Run
7000317.046,P5,FRAG0042,0.02535990885447886,0.0068045288045288045,2292.854,1478.858,1.5852,4.1358,0.8771504530327918,0.0,Hit+Run
7000813.002,P101,P504,0.014613386613386613,0.0024355585714285716,1907.996,1050.009,3.6995,7.9350,0.3202563048472795,0.006302251082251082,Fragment
7001059.25,P101,FRAG0045,0.010746913882783881,0.006302031302031302,1722.219,1441.520,0.9874,2.0478,0.8985237979230413,0.0,Perfect
7001512.617,P96,P271,0.004871128871128871,0.0024355585714285716,1322.930,1050.009,4.6316,7.2611,0.8564420444219217,0.0,Hit+Run
7002135.931,P101,P502,0.017048945184815183,0.0024355585714285716,2008.598,1050.009,1.9884,4.4837,0.9472945667683372,0.0,Hit+Run
7002506.211,P96,P509,0.004871128871128871,0.0024355585714285716,1322.930,1050.009,7.5955,11.907,0.5706640259538336,0.007107099567099567,Graze+Frag
7002982.235,P101,P708,0.017048945184815183,0.0024355585714285716,2008.598,1050.009,1.9222,4.3344,0.6427812283901896,0.0,Merge
7003011.451,P96,P387,0.0073066933066933066,0.0024355585714285716,1514.377,1050.009,5.8727,10.226,0.5772544441826837,0.0,Fragment
7003288.542,P101,P354,0.019484503756243755,0.0024355585714285716,2100.020,1050.009,5.3348,12.573,0.9243335187942401,0.0,Hit+Run
7003288.556,P101,P354,0.019484503756243755,0.0024355585714285716,2100.020,1050.009,1.0482,2.4703,0.6400667950914893,0.0,Merge
7003705.566,P5,FRAG0042,0.02535990885447886,0.0068045288045288045,2292.854,1478.858,0.9773,2.5497,0.7905843538492935,0.0,Perfect
7004412.761,P101,P591,0.021920062327672327,0.0024355585714285716,2184.109,1050.009,1.8752,4.5975,0.9992236367678881,0.0,Hit+Run
7004442.132,P101,P96,0.021920062327672327,0.009742257742257742,2184.109,1666.788,2.5784,6.6053,0.9823366386316545,0.0,Hit+Run
7005442.108,P96,P591,0.009742257742257742,0.0024355585714285716,1666.788,1050.009,2.1635,4.0923,0.2750987721626703,0.0,Merge
7005813.343,P101,P96,0.021920062327672327,0.012177816313686314,2184.109,1795.492,1.1327,2.9622,0.9584150186321244,0.0,Hit+Run
7007024.259,P96,P336,0.012177816313686314,0.0024355585714285716,1795.492,1050.009,2.3611,4.7804,0.8300084345507439,0.0,Hit+Run
7007073.157,P101,P336,0.021920062327672327,0.0024355585714285716,2184.109,1050.009,1.0304,2.5262,0.7814285415680745,0.0,Graze+Merge
7007082.344,P101,P96,0.0243556208991009,0.012177816313686314,2262.178,1795.492,0.9735,2.6097,0.6514464929224957,0.0,Perfect
7008503.162,P101,P532,0.03653343721278721,0.0024355585714285716,2589.548,1050.009,1.3815,4.0387,0.45977177802659225,0.0,Merge
7008867.071,P101,P123,0.03896899578421578,0.0024355585714285716,2645.860,1050.009,2.7079,8.0975,0.2253642020207398,0.0,Merge
7023389.081,P101,P671,0.04140455435564435,0.0024355585714285716,2699.872,1050.009,6.7088,20.494,0.9830723954049944,0.0,Hit+Run
7023500.617,P101,P671,0.04140455435564435,0.0024355585714285716,2699.872,1050.009,1.0516,3.2124,0.4354490879895566,0.0,Merge
7025292.633,P101,P365,0.04384011292707292,0.0024355585714285716,2751.805,1050.009,2.776,8.6528,0.6416607205865027,0.0,Merge
7036543.227,P101,P638,0.04627567149850149,0.0024355585714285716,2801.849,1050.009,3.5678,11.335,0.868372266749979,0.0,Hit+Run
7047449.777,P101,P759,0.04627567149850149,0.0024355585714285716,2801.849,1050.009,1.254,3.9841,0.3706112162080033,0.0,Merge
7049230.758,P101,P638,0.048711230069930056,0.0024355585714285716,2850.166,1050.009,1.1529,3.7300,0.7016938713056139,0.0,Merge
7049558.548,P101,P414,0.051146788641358625,0.0024355585714285716,2896.898,1050.009,3.133,10.313,0.9591474345007913,0.0,Hit+Run
7050177.031,P101,P414,0.051146788641358625,0.0024355585714285716,2896.898,1050.009,1.0596,3.4880,0.7307370567714937,0.0,Merge
7051094.516,P101,P502,0.05358234721278719,0.0024355585714285716,2942.170,1050.009,1.8832,6.3024,0.3880217222498209,0.0,Merge
7071830.036,E3,P55,0.6623422523809523,0.004871128871128871,6802.804,1322.930,1.3713,11.101,0.39448510977262213,0.0,Merge
7083635.136,P101,P769,0.05601790578421576,0.0024355585714285716,2986.089,1050.009,3.1822,10.819,0.8042119313512657,0.0,Hit+Run
7083812.784,P101,P769,0.05601790578421576,0.0024355585714285716,2986.089,1050.009,1.0128,3.4435,0.7843840750861195,0.0,Graze+Merge
7107635.576,P101,P271,0.05845346435564433,0.0024355585714285716,3028.753,1050.009,2.8918,9.9823,0.636528104830988,0.0,Merge
7116572.898,P101,P621,0.0608890229270729,0.0024355585714285716,3070.248,1050.009,1.9372,6.7850,0.7479163040897728,0.0,Hit+Run
7116578.058,P101,P621,0.0608890229270729,0.0024355585714285716,3070.248,1050.009,1.0459,3.6632,0.7818955642935125,0.0,Graze+Merge
7180956.13,P101,P650,0.06332458149850147,0.0024355585714285716,3110.651,1050.009,3.3741,11.984,0.4587481470770104,0.0,Merge
7243451.215,P15,P48,0.0024355585714285716,0.0024355585714285716,1050.009,1050.009,16.384,22.293,0.4167,0.0,Merge
7276389.738,P101,P709,0.06576014006993004,0.0024355585714285716,3150.030,1050.009,1.929,6.9445,0.9048750672432658,0.0,Hit+Run
7279777.357,M0,P196,0.1681956517282718,0.0024355585714285716,4307.898,1050.009,4.9695,25.055,0.1262321062732491,0.0,Merge
7280304.29,P101,P709,0.06576014006993004,0.0024355585714285716,3150.030,1050.009,1.0632,3.8275,0.45225003360769944,0.0,Merge
7355501.268,P5,FRAG0044,0.032164437659007665,0.0068045288045288045,2481.908,1478.858,1.2775,3.5800,0.34790124885969625,0.0,Merge
7373689.709,M0,FRAG0040,0.17063121029970038,0.005791541791541792,4328.592,1401.496,3.7463,18.571,0.6609122014799701,0.0,Merge
7427256.03,E4,P771,0.05983555857142857,0.0024355585714285716,3052.438,1050.009,5.4674,19.030,0.24814164067446726,0.0,Merge
7832775.204,E3,P548,0.6672133812520812,0.0024355585714285716,6819.440,1050.009,1.9018,15.673,0.9328641027612146,0.0,Hit+Run
7872617.091,P15,P512,0.004871117142857143,0.0024355585714285716,1322.929,1050.009,18.712,29.336,0.9608069881422764,0.0,Hit+Run
8356425.964,M0,P460,0.17642275209124217,0.0024355585714285716,4377.021,1050.009,4.9548,25.413,0.32656086096467635,0.0,Merge
8380117.977,P15,P422,0.004871117142857143,0.0024355585714285716,1322.929,1050.009,19.284,30.232,0.1288397905069514,0.0,Fragment
8437706.805,E5,P40,0.08080667571428572,0.0024355585714285716,3373.983,1050.009,6.3214,24.498,0.9399730680669364,0.0,Hit+Run
8566741.541,E0,P458,0.611267543273393,0.0024355585714285716,6623.247,1050.009,3.4414,27.496,0.9276378606342539,0.0,Hit+Run
8885965.247,E0,P683,0.611267543273393,0.0024355585714285716,6623.247,1050.009,2.5347,20.252,0.4977842693102952,0.0,Merge
9123781.933,M0,P490,0.17885831066267074,0.0024355585714285716,4397.071,1050.009,7.4523,38.411,0.8396852436063583,0.0,Hit+Run
9283318.449,M0,P490,0.17885831066267074,0.0024355585714285716,4397.071,1050.009,1.3542,6.9799,0.8664047029058878,0.0,Hit+Run
9349400.242,E4,P169,0.06227111714285714,0.0024355585714285716,3093.304,1050.009,3.0746,10.855,0.4980417436782869,0.0,Merge
9479407.381,E0,P172,0.6137031018448216,0.0024355585714285716,6632.032,1050.009,2.1215,16.974,0.7101639956481922,0.0,Merge
9535730.909,M0,P829,0.17885831066267074,0.0024355585714285716,4397.071,1050.009,7.4215,38.252,0.5674050737655348,0.0,Merge
9663095.009,E3,FRAG0039,0.6672133812520812,0.005791541791541792,6819.440,1401.496,2.0392,16.484,0.8991179372809952,0.0,Hit+Run
9787120.736,E0,P421,0.6161386604162501,0.0024355585714285716,6640.793,1050.009,2.0326,16.286,0.7287703900880118,0.0,Merge
9831133.851,M0,P343,0.18129386923409932,0.0024355585714285716,4416.940,1050.009,6.1675,31.943,0.4073608248764395,0.0,Merge
10332001.484,E15,P263,0.1307920295637696,0.0024355585714285716,3961.450,1050.009,2.8978,13.348,0.34559710561727464,0.0,Merge
10559392.144,E5,E16,0.08080667571428572,0.04256,3373.983,2724.756,2.1857,8.7826,0.8522451054921828,0.0,Hit+Run
10562532.941,E5,E16,0.08080667571428572,0.04256,3373.983,2724.756,1.0714,4.3051,0.9570261655247821,0.0,Hit+Run
10674896.715,E0,P512,0.6185742189876786,0.0024355585714285716,6649.532,1050.009,1.5006,12.040,0.7667280334488401,0.0,Merge
10796198.975,E0,P479,0.6210097775591071,0.0024355585714285716,6658.248,1050.009,2.3043,18.514,0.9958533212959634,0.0,Hit+Run
10936820.384,E0,FRAG0036,0.6210097775591071,0.005791541791541792,6658.248,1401.496,2.2475,17.707,0.6326362562259404,0.0,Merge
10943577.835,E0,P479,0.626801319350649,0.0024355585714285716,6678.882,1050.009,1.2439,10.027,0.8534294542680912,0.0,Merge
11181672.451,E15,P376,0.13322758813519817,0.0024355585714285716,3985.889,1050.009,1.6872,7.8237,0.05453400970915554,0.0,Merge
11275530.338,E0,P598,0.6292368779220775,0.0024355585714285716,6687.522,1050.009,3.1613,25.519,0.40492293020881814,0.0,Merge
11364394.514,M0,P406,0.1837294278055279,0.0024355585714285716,4436.632,1050.009,5.3759,27.977,0.7574383992208602,0.0,Merge
11373972.678,E3,P458,0.6672133812520812,0.0024355585714285716,6819.440,1050.009,1.7726,14.608,0.36837949845219903,0.0,Merge
11449948.621,E3,E16,0.6696489398235097,0.04256,6827.728,2724.756,1.2945,9.9863,0.6200537745398377,0.0,Merge
11779884.915,M4,P838,0.006103230103230104,0.0024355585714285716,1426.200,1050.009,16.257,26.971,0.9348996942514862,0.0,Hit+Run
12139605.099,E3,M2,0.7122089398235097,0.05243555857142857,6969.415,2921.028,1.0446,8.2059,0.3249194238787904,0.0065603996003996004,Fragment
12211350.395,M4,P628,0.006103230103230104,0.0024355585714285716,1426.200,1050.009,28.407,47.129,0.5956587381683632,0.008532720612720613,Graze+Frag
12343180.502,M0,P490,0.18616498637695647,0.0024355585714285716,4456.150,1050.009,2.0258,10.592,0.6433147246273111,0.0,Merge
12343960.334,E10,P232,0.25853111714285715,0.0024355585714285716,4971.622,1050.009,1.9304,11.353,0.9135563124240982,0.0,Hit+Run
12350546.499,M4,P838,0.008538794538794539,0.0024355585714285716,1595.117,1050.009,3.7431,6.8116,0.660268469037881,0.0,Graze+Frag
12422523.292,M0,P15,0.18860054494838505,0.0073066933066933066,4475.499,1514.377,3.5314,18.043,0.7314117528750548,0.0,Merge
12495892.186,E3,P567,0.7580843918348318,0.0024355585714285716,7115.952,1050.009,2.0497,17.672,0.7576964500086357,0.0,Merge
12507135.047,M0,P258,0.19590723825507836,0.0024355585714285716,4532.564,1050.009,3.7622,20.035,0.2439798479419259,0.0,Merge
12668414.398,E0,FRAG0046,0.631672436493506,0.0065601065601065605,6696.139,1460.934,1.407,11.119,0.9705496728368967,0.0,Hit+Run
12938909.239,E0,P558,0.631672436493506,0.0024355585714285716,6696.139,1050.009,2.1808,17.628,0.9684405418614114,0.0,Hit+Run
12952576.411,E0,P558,0.631672436493506,0.0024355585714285716,6696.139,1050.009,1.034,8.3582,0.48002770052275434,0.0,Merge
12983689.39,E3,FRAG0039,0.7605199504062603,0.005791541791541792,7123.565,1401.496,1.9614,16.614,0.22477715337376242,0.0,Merge
13016855.434,E0,FRAG0046,0.6341079950649345,0.0065601065601065605,6704.734,1460.934,1.3956,11.044,0.48452413735369043,0.0,Merge
13113099.128,P19,P474,0.0024355585714285716,0.0024355585714285716,1050.009,1050.009,18.454,25.110,0.5059,0.0,Graze+Frag
13241522.526,M0,P389,0.19834279682650693,0.0024355585714285716,4551.270,1050.009,6.1549,32.922,0.7495691684664444,0.0,Merge
13291075.336,P101,P5,0.06819569864135862,0.03896896646353647,3188.449,2645.859,9.4704,36.262,0.9192674806376975,0.00818048618048618,Hit+Run+Frag
13291609.544,P101,P5,0.0681956341358641,0.030788544788544793,3188.448,2446.002,1.3256,4.9639,0.7072424225864584,0.0,Hit+Run
13294986.16,P101,FRAG0047,0.0681956341358641,0.00818048618048618,3188.448,1572.486,1.7259,6.1759,0.8710925434980948,0.0,Hit+Run
13294990.825,P101,FRAG0047,0.0681956341358641,0.00818048618048618,3188.448,1572.486,1.0571,3.7827,0.7374183129436089,0.0,Graze+Merge
13509694.639,P101,P95,0.07637612031635028,0.0024355585714285716,3311.156,1050.009,12.718,48.305,0.788315217803187,0.006320013320013321,Graze+Frag
13511826.977,P101,FRAG0048,0.07249166556776554,0.006320013320013321,3254.042,1442.889,1.2377,4.5296,0.21234370476073716,0.0,Merge
14387197.653,M0,M4,0.2007783553979355,0.010974358974358975,4569.824,1734.284,6.5052,33.683,0.9530935296264769,0.0,Hit+Run
14402849.603,M0,M4,0.2007783553979355,0.010974358974358975,4569.824,1734.284,1.0338,5.3529,0.8899550702178475,0.0,Hit+Run
14404945.285,M0,M4,0.2007783553979355,0.010974358974358975,4569.824,1734.284,1.0607,5.4922,0.9017708783505761,0.0,Hit+Run
14408370.108,M0,M4,0.2007783553979355,0.010974358974358975,4569.824,1734.284,1.0902,5.6450,0.7446858708436872,0.0,Hit+Run
14451585.645,M0,M4,0.2007783553979355,0.010974358974358975,4569.824,1734.284,1.1658,6.0364,0.45719203615410636,0.0,Merge
14452823.954,E0,E5,0.6406681016250411,0.08080667571428572,6727.776,3373.983,1.1033,8.3303,0.6598066352863708,0.006441891441891442,Fragment
14595823.758,M0,P162,0.21175271437229448,0.0024355585714285716,4651.612,1050.009,4.9209,26.946,0.4093070056944966,0.0,Merge
15429877.818,E3,P515,0.7663114921978021,0.0024355585714285716,7141.601,1050.009,1.3268,11.483,0.9925658082542382,0.0,Hit+Run
15791896.271,E0,FRAG0034,0.7150328858974353,0.005791541791541792,6978.614,1401.496,1.7444,14.454,0.9030441011650093,0.0,Hit+Run
15796028.437,E0,P19,0.7150328858974353,0.004871128871128871,6978.614,1322.930,2.0044,16.676,0.5832363321059734,0.0,Merge
15967326.356,E0,FRAG0034,0.7199040147685641,0.005791541791541792,6994.425,1401.496,1.0781,8.9548,0.850235500813424,0.0,Hit+Run
16092687.741,E4,P312,0.0647066757142857,0.0024355585714285716,3133.118,1050.009,3.5198,12.598,0.5697562016360862,0.0,Merge
16193210.807,E0,P700,0.7199040147685641,0.0024355585714285716,6994.425,1050.009,2.1918,18.555,0.254842760609467,0.0,Merge
16248337.908,P33,P607,0.0024355585714285716,0.0024355585714285716,1050.009,1050.009,9.8733,13.434,0.77595,0.0,Graze+Frag
17525597.795,P101,P186,0.07881167888777886,0.0024355585714285716,3345.985,1050.009,15.348,58.951,0.6168310955263583,0.028409923409923408,Fragment
17527499.944,P101,FRAG0051,0.05283731404928403,0.005681984681984682,2928.469,1392.602,1.1703,3.8477,0.9205447607442555,0.0,Hit+Run
17529279.205,P101,FRAG0052,0.05283731404928403,0.005681984681984682,2928.469,1392.602,1.0648,3.5008,0.6306168739398732,0.0,Merge
17530165.517,P101,FRAG0053,0.05851929873126871,0.005681984681984682,3029.890,1392.602,1.1202,3.8132,0.8668000703547611,0.0,Hit+Run
17530326.194,P101,FRAG0050,0.05851929873126871,0.005681984681984682,3029.890,1392.602,1.1916,4.0562,0.5594601149634033,0.0,Merge
17531107.006,P101,FRAG0051,0.06420128341325339,0.005681984681984682,3124.940,1392.602,1.4789,5.1967,0.5615500817161839,0.0,Merge
17531211.797,P101,FRAG0053,0.06988326809523807,0.005681984681984682,3214.535,1392.602,0.9677,3.5014,0.9156302497687092,0.0,Perfect
17537750.804,P101,FRAG0054,0.07556525277722274,0.005681984681984682,3299.396,1392.602,1.1883,4.4178,0.32375159731130476,0.0,Merge
17831395.204,E0,P515,0.7223395733399927,0.0024355585714285716,7002.304,1050.009,1.6131,13.672,0.27696807155445974,0.0,Merge
18703764.772,P81,P175,0.0024355585714285716,0.0024355585714285716,1050.009,1050.009,13.947,18.978,0.6968,0.0,Graze+Frag
19649412.989,E3,E10,0.7663114921978021,0.25853111714285715,7141.601,4971.622,1.1826,9.7183,0.7297705917708271,0.0,Hit+Run
19665715.404,E0,P818,0.7247751319114212,0.0024355585714285716,7010.165,1050.009,5.9158,50.202,0.8921676596206124,0.0,Hit+Run
19717663.261,E0,P818,0.7247751319114212,0.0024355585714285716,7010.165,1050.009,1.0231,8.6822,0.2822269502309307,0.0,Merge
19771769.92,E3,P32,0.7663114921978021,0.0024355585714285716,7141.601,1050.009,1.0245,8.8669,0.8413052305360912,0.0,Merge
19933561.351,E0,P799,0.7272106904828497,0.0024355585714285716,7018.009,1050.009,3.6954,31.397,0.8103572051367081,0.0,Merge
20101800.609,P101,P5,0.08124723745920742,0.030788544788544793,3380.103,2446.002,6.3438,24.853,0.9834379413062266,0.0,Hit+Run
20102066.186,P101,P5,0.08124723745920742,0.030788544788544793,3380.103,2446.002,1.022,4.0040,0.9824516605556982,0.0,Graze+Merge
20519202.98,E17,P446,0.040959999999999996,0.0024355585714285716,2690.174,1050.009,3.3136,10.084,0.8335533830382047,0.0,Hit+Run
21218035.52,E3,E10,0.7687470507692307,0.25853111714285715,7149.159,4971.622,1.0895,8.9611,0.6439137102583704,0.02439807525807526,Graze+Merge
21731342.961,E3,P660,1.0272781679120877,0.0024355585714285716,7874.503,1050.009,2.0345,19.524,0.7798168882950371,0.02439807525807526,Merge
22431233.158,P33,P294,0.004871128871128871,0.0024355585714285716,1322.930,1050.009,15.223,23.866,0.769526724329891,0.0,Graze+Frag
22722085.438,E17,P194,0.040959999999999996,0.0024355585714285716,2690.174,1050.009,2.6699,8.1250,0.5477184409212121,0.0,Merge
24078953.659,E12,P569,0.10341111714285715,0.0024355585714285716,3663.106,1050.009,4.9237,20.846,0.857734909657794,0.0,Hit+Run
25173206.547,E0,P459,0.7296462490542782,0.0024355585714285716,7025.835,1050.009,2.8465,24.213,0.7340033313071747,0.0,Merge
25619076.731,M0,P678,0.21418827294372306,0.0024355585714285716,4669.378,1050.009,6.9083,37.984,0.601695800363577,0.0,Merge
26120715.746,E0,P390,0.7320818076257067,0.0024355585714285716,7033.644,1050.009,3.3903,28.873,0.8480933174967138,0.0,Merge
26171228.139,E12,P446,0.10341111714285715,0.0024355585714285716,3663.106,1050.009,4.1464,17.555,0.9313372075416224,0.0,Hit+Run
26416190.542,E3,P777,1.0297137264835163,0.0024355585714285716,7880.722,1050.009,2.1473,20.624,0.36753099009211976,0.0,Merge
26801747.589,E12,E9,0.10341111714285715,0.08137555857142859,3663.106,3381.882,1.9832,9.0744,0.5712791517871361,0.011554445554445554,Hit+Run+Frag
27419190.73,E12,P81,0.10341205033966039,0.004871128871128871,3663.117,1322.930,1.7259,7.1858,0.7952841105753777,0.0,Hit+Run
27585080.979,E3,E12,1.032149285054945,0.10341205033966039,7886.930,3663.117,1.0061,8.9127,0.8271341056192744,0.0,Graze+Merge
27839278.436,M0,P690,0.21662383151515163,0.0024355585714285716,4687.010,1050.009,4.1515,22.919,0.5329137357925238,0.0,Merge
27856995.212,E3,P569,1.1355613353946055,0.0024355585714285716,8141.992,1050.009,1.0403,10.341,0.5410278249396907,0.0,Merge
28493638.373,E3,E9,1.137996893966034,0.06982017982017982,8147.809,3213.568,1.324,12.196,0.9922484502017217,0.0,Hit+Run
29090278.214,M0,P548,0.2190593900865802,0.0024355585714285716,4704.510,1050.009,5.1799,28.711,0.28352046087054666,0.0,Merge
29299953.909,E3,P81,1.137996893966034,0.004871128871128871,8147.809,1322.930,1.1563,11.348,0.4282642692552706,0.0,Merge
29623001.218,E3,P388,1.142868022837163,0.0024355585714285716,8159.418,1050.009,2.2169,22.087,0.9950501340609437,0.0,Hit+Run
29680423.977,E0,P8,0.7345173661971353,0.0024355585714285716,7041.435,1050.009,2.5814,22.009,0.6950543798717694,0.0,Merge
30423996.941,E3,P653,1.142868022837163,0.0024355585714285716,8159.418,1050.009,1.62,16.140,0.6422507721314025,0.0,Merge
30445511.329,P101,FRAG0049,0.11203578224775221,0.006441891441891442,3762.236,1452.106,12.465,53.086,0.39575205004176256,0.09554645354645352,Fragment
30445516.739,P101,FRAG0069,0.02293122014319013,0.005620379620379621,2217.189,1387.551,1.2903,3.2443,0.9342389749697144,0.0,Hit+Run
30445693.674,P101,FRAG0061,0.02293122014319013,0.005620379620379621,2217.189,1387.551,1.0375,2.6086,0.9485702463613758,0.0,Hit+Run
30446089.608,P101,FRAG0069,0.02293122014319013,0.005620379620379621,2217.189,1387.551,1.9582,4.9237,0.7762259440462043,0.0,Hit+Run
30446265.223,P101,FRAG0062,0.02293122014319013,0.005620379620379621,2217.189,1387.551,1.2109,3.0446,0.8464061185435672,0.0,Hit+Run
30446300.864,P101,FRAG0058,0.02293122014319013,0.005620379620379621,2217.189,1387.551,1.1668,2.9338,0.21460002525968355,0.0,Merge
30446691.458,P101,FRAG0057,0.02855159976356975,0.005620379620379621,2385.268,1387.551,1.0282,2.7646,0.27666137993897044,0.0,Merge
30447107.975,P101,FRAG0061,0.03417197938394937,0.005620379620379621,2532.506,1387.551,1.2128,3.4522,0.8680167073646992,0.0,Hit+Run
30447244.798,P101,FRAG0067,0.03417197938394937,0.005620379620379621,2532.506,1387.551,1.0166,2.8937,0.7491457084400902,0.0,Graze+Merge
30448183.793,P101,FRAG0065,0.039792359004328995,0.005620379620379621,2664.365,1387.551,1.4221,4.2534,0.8849399079486762,0.0,Hit+Run
30450080.906,P101,FRAG0061,0.039792359004328995,0.005620379620379621,2664.365,1387.551,1.6859,5.0425,0.5616192416250292,0.0,Merge
30450560.611,P101,FRAG0068,0.04541273862470861,0.005620379620379621,2784.323,1387.551,2.0317,6.3485,0.2798422609137957,0.0,Merge
30451069.827,P101,FRAG0066,0.05103311824508823,0.005620379620379621,2894.751,1387.551,1.1278,3.6649,0.9554302194061289,0.0,Hit+Run
30451509.657,P101,FRAG0072,0.05103311824508823,0.005620379620379621,2894.751,1387.551,1.6311,5.3004,0.9899052025600219,0.0,Hit+Run
30451514.511,P101,FRAG0072,0.05103311824508823,0.005620379620379621,2894.751,1387.551,1.0513,3.4163,0.6559710520105473,0.0,Merge
30453426.881,P101,FRAG0062,0.05665349786546785,0.005620379620379621,2997.340,1387.551,1.7904,6.0281,0.09733906889307692,0.0,Merge
30458479.091,P101,FRAG0069,0.062273877485847465,0.005620379620379621,3093.350,1387.551,13.673,47.552,0.8872953667057374,0.0,Hit+Run
30459475.433,P101,FRAG0071,0.062273877485847465,0.005620379620379621,3093.350,1387.551,3.0549,10.624,0.3833463916063923,0.0069320679320679325,Fragment
30469114.843,P101,FRAG0073,0.06096218917415915,0.005620379620379621,3071.477,1387.551,1.3527,4.6700,0.9949346230325131,0.0,Hit+Run
30469259.246,P101,FRAG0060,0.06096218917415915,0.005620379620379621,3071.477,1387.551,9.0382,31.203,0.26953608279744007,0.06018674658674659,Fragment
30469341.621,P101,FRAG0084,0.006396088608058598,0.006018648018648019,1448.656,1419.580,1.0716,1.9918,0.8354337938045838,0.0,Hit+Run
30469360.146,P101,FRAG0078,0.006396088608058598,0.006018648018648019,1448.656,1419.580,1.9569,3.6373,0.9918535059992998,0.0,Hit+Run
30469389.301,P101,FRAG0083,0.006396088608058598,0.006018648018648019,1448.656,1419.580,1.1007,2.0459,0.9238712868794782,0.0,Hit+Run
30470076.204,P101,FRAG0078,0.006396088608058598,0.006018648018648019,1448.656,1419.580,1.3333,2.4782,0.3494568901114754,0.0,Merge
30470736.593,P101,FRAG0082,0.012414736626706616,0.006018648018648019,1807.061,1419.580,1.3113,2.8001,0.994862112236604,0.0,Hit+Run
30470956.859,P101,FRAG0079,0.012414736626706616,0.006018648018648019,1807.061,1419.580,1.1926,2.5467,0.4706049498493686,0.0,Merge
30471191.491,P101,FRAG0074,0.018433384645354635,0.0069320679320679325,2061.557,1488.040,2.2311,5.3285,0.8465539982628708,0.0,Hit+Run
30471349.076,P101,FRAG0080,0.018433384645354635,0.006018648018648019,2061.557,1419.580,1.2358,2.9261,0.6872572624538565,0.0,Hit+Run
30471913.254,P101,FRAG0080,0.018433384645354635,0.006018648018648019,2061.557,1419.580,1.1307,2.6773,0.7750816933215057,0.0,Hit+Run
30471921.189,P101,FRAG0080,0.018433384645354635,0.006018648018648019,2061.557,1419.580,1.0489,2.4836,0.6154224447583349,0.0,Graze+Merge
30472597.014,P101,FRAG0069,0.024452032664002653,0.005620379620379621,2265.159,1387.551,3.7308,9.5639,0.928212230004883,0.0,Hit+Run
30481004.774,P101,FRAG0074,0.024452032664002653,0.0069320679320679325,2265.159,1488.040,1.5055,3.8894,0.8845903035994591,0.0,Hit+Run
30483677.01,P101,FRAG0069,0.024452032664002653,0.005620379620379621,2265.159,1387.551,1.3522,3.4663,0.10070929058845068,0.0,Merge
30486681.135,P101,FRAG0077,0.030072412284382274,0.006018648018648019,2426.889,1419.580,2.0316,5.5598,0.97417027522936,0.0,Hit+Run
30486703.252,P101,FRAG0077,0.030072412284382274,0.006018648018648019,2426.889,1419.580,1.0718,2.9331,0.7933430725863971,0.0,Hit+Run
30487028.58,P101,FRAG0066,0.030072412284382274,0.005620379620379621,2426.889,1387.551,2.9813,8.1477,0.9026934135269697,0.0,Hit+Run
30487214.052,P101,FRAG0066,0.030072412284382274,0.005620379620379621,2426.889,1387.551,1.1434,3.1248,0.974715470484436,0.0,Hit+Run
30488302.082,P101,FRAG0084,0.030072412284382274,0.006018648018648019,2426.889,1419.580,1.3092,3.5828,0.9820570164472142,0.0,Hit+Run
30488508.939,P101,FRAG0084,0.030072412284382274,0.006018648018648019,2426.889,1419.580,1.011,2.7667,0.9196571199315512,0.0,Graze+Merge
30495020.054,P101,FRAG0075,0.03609106030303029,0.006018648018648019,2579.053,1419.580,1.3792,3.9987,0.6833601105805778,0.0,Hit+Run
30495095.431,P101,FRAG0075,0.03609106030303029,0.006018648018648019,2579.053,1419.580,1.024,2.9688,0.3131395315591038,0.0,Merge
30495301.768,P101,FRAG0065,0.042109708321678305,0.005620379620379621,2715.113,1387.551,3.9534,12.047,0.8126151715350785,0.0,Hit+Run
30495520.099,P101,FRAG0065,0.042109708321678305,0.005620379620379621,2715.113,1387.551,1.0106,3.0796,0.5601412828302715,0.0,Merge
30501068.457,P101,FRAG0063,0.04773008794205792,0.005620379620379621,2830.900,1387.551,2.1248,6.7509,0.7757634939909064,0.0,Hit+Run
30503838.615,P101,FRAG0081,0.04773008794205792,0.006018648018648019,2830.900,1419.580,2.1904,6.9589,0.5152321286414963,0.0,Merge
30504338.845,P101,FRAG0074,0.05374873596070594,0.0069320679320679325,2945.212,1488.040,2.1465,7.0950,0.31323897380107446,0.0,Merge
30505062.23,P101,FRAG0077,0.06068080389277387,0.006018648018648019,3066.744,1419.580,1.369,4.7160,0.8526927457461735,0.0,Hit+Run
30509315.864,P101,FRAG0073,0.06068080389277387,0.005620379620379621,3066.744,1387.551,1.4133,4.8715,0.5938927155448386,0.0,Merge
30510833.105,P101,FRAG0070,0.06630118351315349,0.005620379620379621,3158.645,1387.551,1.0227,3.6342,0.5839003163959351,0.0,Merge
30516678.754,P101,FRAG0076,0.07192156313353311,0.006018648018648019,3245.489,1419.580,1.4127,5.1589,0.8699728538567869,0.0,Hit+Run
30516966.898,P101,FRAG0076,0.07192156313353311,0.006018648018648019,3245.489,1419.580,1.0418,3.8044,0.6409484128414698,0.0,Merge
30517296.487,P101,FRAG0082,0.07794021115218112,0.006018648018648019,3333.606,1419.580,1.5276,5.7359,0.9690432522919274,0.0,Hit+Run
30522522.195,P101,FRAG0063,0.07794021115218112,0.005620379620379621,3333.606,1387.551,2.1493,8.0785,0.6837866309443779,0.0,Merge
30536101.594,P101,FRAG0066,0.08356059077256074,0.005620379620379621,3411.884,1387.551,1.6156,6.2220,0.13151517462982903,0.0,Merge
30546640.608,P101,FRAG0083,0.08918097039294036,0.006018648018648019,3486.726,1419.580,5.9585,23.449,0.6353318833102762,0.013600399600399602,Fragment
30548475.84,P101,FRAG0085,0.08159921881118877,0.006800199800199801,3384.978,1478.544,1.0265,3.9098,0.5069613560837057,0.0,Merge
30548587.738,P101,FRAG0086,0.08839941861138857,0.006800199800199801,3476.511,1478.544,1.1733,4.5947,0.8811506303349711,0.0,Hit+Run
30548681.289,P101,FRAG0059,0.08839941861138857,0.005620379620379621,3476.511,1387.551,5.53,21.721,0.9821160904027411,0.0,Hit+Run
30549255.772,P101,FRAG0059,0.08839941861138857,0.005620379620379621,3476.511,1387.551,1.0547,4.1428,0.9690364568576056,0.0,Hit+Run
30549540.065,P101,FRAG0086,0.08839941861138857,0.006800199800199801,3476.511,1478.544,0.9961,3.9007,0.26099851459878115,0.0,Perfect
30549878.283,P101,FRAG0064,0.09519961841158837,0.005620379620379621,3563.463,1387.551,11.001,44.353,0.30473961978088093,0.06625274725274725,Fragment
30549881.717,P101,FRAG0092,0.03456725077922074,0.006022977022977023,2542.233,1419.921,1.1905,3.4043,0.8036403789717509,0.0,Hit+Run
30550793.031,P101,FRAG0093,0.03456725077922074,0.006022977022977023,2542.233,1419.921,1.7064,4.8795,0.6028104878594491,0.0,Merge
30550906.623,P101,FRAG0087,0.04059022780219776,0.006022977022977023,2682.055,1419.921,0.9973,3.0035,0.9717438422586071,0.0,Perfect
30551220.232,P101,FRAG0088,0.04661320482517478,0.006022977022977023,2808.644,1419.921,1.2484,3.9351,0.7688864844564881,0.0,Hit+Run
30551586.771,P101,FRAG0091,0.04661320482517478,0.006022977022977023,2808.644,1419.921,1.4035,4.4240,0.9951155243717265,0.0,Hit+Run
30551605.474,P101,FRAG0091,0.04661320482517478,0.006022977022977023,2808.644,1419.921,1.0454,3.2952,0.55587517177059,0.0,Merge
30557865.725,P101,FRAG0095,0.0526361818481518,0.006022977022977023,2924.749,1419.921,2.073,6.8052,0.4359519623562458,0.0,Merge
30559870.569,P101,FRAG0088,0.058659158871128825,0.006022977022977023,3032.302,1419.921,5.3349,18.167,0.6058851357435617,0.014285714285714287,Fragment
30559885.29,P101,FRAG0099,0.050396421608391556,0.0071428571428571435,2882.662,1502.972,1.0999,3.5593,0.8089346741536388,0.0,Hit+Run
30559970.652,P101,FRAG0098,0.050396421608391556,0.0071428571428571435,2882.662,1502.972,1.1315,3.6616,0.8337804779100438,0.0,Hit+Run
30560227.266,P101,FRAG0099,0.050396421608391556,0.0071428571428571435,2882.662,1502.972,1.1158,3.6108,0.5420066078712038,0.0,Merge
30565166.373,P101,FRAG0059,0.0575392787512487,0.005620379620379621,3012.881,1387.551,1.9133,6.4760,0.6807757408365082,0.0,Merge
30565335.177,P101,FRAG0090,0.06315965837162832,0.006022977022977023,3107.948,1419.921,1.7743,6.1963,0.4049784274856231,0.0,Merge
30565646.884,P101,FRAG0089,0.06918263539460534,0.006022977022977023,3203.756,1419.921,1.7361,6.2555,0.5776725900513274,0.0,Merge
30566278.105,P101,FRAG0098,0.07520561241758236,0.0071428571428571435,3294.154,1502.972,1.5751,5.8304,0.8916710151629171,0.0,Hit+Run
30566446.559,P101,FRAG0098,0.07520561241758236,0.0071428571428571435,3294.154,1502.972,1.032,3.8200,0.609371473897245,0.0,Merge
30570144.202,P101,FRAG0082,0.08234846956043951,0.006018648018648019,3395.306,1419.580,1.402,5.3660,0.4465831625742006,0.0,Merge
30573426.867,P101,FRAG0094,0.08836711757908752,0.006022977022977023,3476.087,1419.921,3.6624,14.366,0.8294032483514043,0.0,Hit+Run
30584136.178,P101,FRAG0094,0.08836711757908752,0.006022977022977023,3476.087,1419.921,1.1384,4.4657,0.8745582274604177,0.0,Hit+Run
30594011.201,P101,FRAG0094,0.08836711757908752,0.006022977022977023,3476.087,1419.921,1.1908,4.6713,0.7652916978239847,0.0,Hit+Run
30594573.811,P101,FRAG0094,0.08836711757908752,0.006022977022977023,3476.087,1419.921,1.0237,4.0158,0.7787103944460027,0.0,Graze+Merge
30621473.154,P101,FRAG0096,0.09439009460206454,0.006022977022977023,3553.333,1419.921,3.0219,12.131,0.6221051782572945,0.0,Merge
30622196.564,P101,FRAG0092,0.10041307162504157,0.006022977022977023,3627.359,1419.921,3.5308,14.485,0.5884519051731838,0.005604395604395605,Fragment
30628388.769,P101,FRAG0097,0.10083165304362299,0.006022977022977023,3632.392,1419.921,1.6871,6.9318,0.08390219591986971,0.0,Merge
30711997.996,P101,FRAG0100,0.10685463006660001,0.005604395604395605,3703.323,1386.234,1.2877,5.4079,0.165900007067842,0.0,Merge
30979541.254,E3,P212,1.1453035814085917,0.0024355585714285716,8165.210,1050.009,1.6094,16.046,0.12085817487633363,0.0,Merge
31334554.079,P7,FRAG0034,0.0024355585714285716,0.005791541791541792,1050.009,1401.496,28.145,46.064,0.346461711471253,0.0,Fragment
31959821.683,P101,FRAG0077,0.11245902567099561,0.006018648018648019,3766.968,1419.580,1.7782,7.5930,0.910702142477613,0.0,Hit+Run
31959845.906,P101,FRAG0077,0.11245902567099561,0.006018648018648019,3766.968,1419.580,1.0497,4.4823,0.9002434848081994,0.0,Hit+Run
31961699.694,P101,FRAG0077,0.11245902567099561,0.006018648018648019,3766.968,1419.580,1.0058,4.2948,0.9332899378608601,0.0,Graze+Merge
32871074.091,E0,P7,0.7369529247685638,0.008227106227106228,7049.209,1575.467,2.2376,18.582,0.5263606682170563,0.0,Merge
35379585.159,E3,P3,1.1477391399800203,0.0024355585714285716,8170.994,1050.009,2.345,23.398,0.7714634467756994,0.0,Merge
35858365.811,E0,P409,0.74518003099567,0.0024355585714285716,7075.344,1050.009,2.8651,24.553,0.9622919632749962,0.0,Hit+Run
35929810.186,E0,P409,0.74518003099567,0.0024355585714285716,7075.344,1050.009,1.0588,9.0738,0.906562449520947,0.0,Hit+Run
36335054.864,E0,P409,0.74518003099567,0.0024355585714285716,7075.344,1050.009,1.0586,9.0720,0.8820937098883097,0.0,Hit+Run
36344824.403,M0,P505,0.22149494865800878,0.0024355585714285716,4721.882,1050.009,10.707,59.586,0.9025082835602741,0.0,Hit+Run
36364318.684,M0,P505,0.22149494865800878,0.0024355585714285716,4721.882,1050.009,1.0094,5.6171,0.9354769962392797,0.0,Graze+Merge
36567300.607,E17,P572,0.043395558571428565,0.0024355585714285716,2742.472,1050.009,9.8767,30.675,0.9377600195843918,0.0,Hit+Run
36631114.469,E0,P409,0.74518003099567,0.0024355585714285716,7075.344,1050.009,1.0146,8.6950,0.7267476902988976,0.0,Merge
36892568.323,E3,P103,1.150174698551449,0.0024355585714285716,8176.770,1050.009,2.6486,26.447,0.48306748416817635,0.0,Merge
37194475.394,P216,P681,0.0024355585714285716,0.0024355585714285716,1050.009,1050.009,7.1518,9.7314,0.61205,0.0,Graze+Frag
38107689.244,E3,E17,1.1526102571228776,0.043395558571428565,8182.537,2742.472,1.0959,10.244,0.9466269781905882,0.0,Hit+Run
39143171.132,E0,P814,0.7476155895670985,0.0024355585714285716,7083.044,1050.009,2.355,20.205,0.7649079550973095,0.0,Merge
39538011.333,E3,P775,1.1526102571228776,0.0024355585714285716,8182.537,1050.009,1.9172,19.158,0.868811305594744,0.0,Merge
40462895.517,E3,P723,1.1550458156943062,0.0024355585714285716,8188.297,1050.009,1.9327,19.327,0.9529946419291223,0.0,Hit+Run
41030594.464,E3,FRAG0055,1.1550458156943062,0.005777222777222777,8188.297,1400.340,1.5504,15.240,0.758827408622346,0.0,Merge
41427497.957,E9,E17,0.06982017982017982,0.043395558571428565,3213.568,2742.472,1.1266,4.3883,0.929101166806472,0.0,Hit+Run
43220311.079,P128,P187,0.0024355585714285716,0.0024355585714285716,1050.009,1050.009,27.568,37.512,0.6724,0.0,Graze+Frag
44300322.351,E3,P723,1.160823038471529,0.0024355585714285716,8201.926,1050.009,1.2083,12.104,0.7282672869848473,0.0,Merge
45016754.733,M0,P411,0.22393050722943736,0.0024355585714285716,4739.126,1050.009,5.6262,31.431,0.8579180387803126,0.0,Hit+Run
45020438.719,M0,P411,0.22393050722943736,0.0024355585714285716,4739.126,1050.009,1.0582,5.9118,0.14194941595849828,0.0,Merge
45281653.425,E0,P33,0.750051148138527,0.0073066933066933066,7090.727,1514.377,3.4214,28.676,0.48690991148634605,0.0,Merge
47302708.652,E17,P173,0.043395558571428565,0.0024355585714285716,2742.472,1050.009,6.552,20.349,0.8329056065370932,0.0,Hit+Run
49924037.226,E3,P572,1.1632585970429576,0.0024355585714285716,8207.658,1050.009,1.0354,10.380,0.9801135783740269,0.0,Hit+Run
50006570.71,E3,P324,1.1632585970429576,0.0024355585714285716,8207.658,1050.009,1.4976,15.013,0.8111315358248732,0.0,Merge
50592676.278,E0,FRAG0056,0.7573578414452203,0.005777222777222777,7113.678,1400.340,2.5733,21.766,0.19743464098181035,0.0,Merge
51852107.576,E4,E17,0.06714223428571428,0.043395558571428565,3171.945,2742.472,3.9695,15.331,0.3529438538873306,0.10333066933066935,Fragment
52239340.431,E0,FRAG0115,0.7631350642224431,0.005740592740592741,7131.720,1397.374,1.0666,9.0476,0.68155712927291,0.0,Merge
52329464.572,P402,FRAG0111,0.0024355585714285716,0.005740592740592741,1050.009,1397.374,10.275,16.778,0.9559724913733465,0.0,Hit+Run
53055173.395,P402,FRAG0118,0.0024355585714285716,0.005740592740592741,1050.009,1397.374,10.823,17.674,0.21709096159900962,0.008143563103563104,Fragment
54331442.478,P128,P234,0.004871128871128871,0.0024355585714285716,1322.930,1050.009,28.375,44.485,0.6268607178414327,0.007301125541125541,Graze+Frag
55218499.036,P529,FRAG0116,0.0024355585714285716,0.005740592740592741,1050.009,1397.374,14.089,23.007,0.35305168438700596,0.008157935397935398,Fragment
55728127.856,E3,E9,1.1656941556143863,0.06982017982017982,8213.382,3213.568,1.1981,11.130,0.24891105946194256,0.009868797868797869,Fragment
56027525.43,E3,FRAG0108,1.2256455375657682,0.005740592740592741,8351.839,1397.374,1.0521,10.563,0.33675619079582325,0.0,Merge
56153973.979,E3,P73,1.231386130306361,0.0024355585714285716,8364.858,1050.009,2.2983,23.506,0.689099837911155,0.0,Merge
57407889.44,E3,FRAG0119,1.2338216888777895,0.009868797868797869,8370.369,1673.973,1.11,11.035,0.7346740094597741,0.0,Merge
58364437.999,M0,FRAG0113,0.22636606580086593,0.005740592740592741,4756.245,1397.374,2.2165,12.161,0.34379407338072804,0.0,Merge
58609918.158,E0,FRAG0114,0.7688756569630358,0.005740592740592741,7149.558,1397.374,3.3563,28.546,0.8488860385135196,0.0,Hit+Run
58743665.815,E3,FRAG0111,1.2436904867465874,0.005740592740592741,8392.627,1397.374,1.01,10.193,0.868838242569208,0.0,Graze+Merge
60670685.24,E0,FRAG0114,0.7688756569630358,0.005740592740592741,7149.558,1397.374,1.0328,8.7843,0.7913344426820946,0.0,Merge
60699211.725,E0,FRAG0112,0.7746162497036285,0.005740592740592741,7167.307,1397.374,1.9636,16.745,0.4464565811640074,0.0,Merge
61068687.399,P529,P128,0.008176157176157177,0.0073066933066933066,1572.208,1514.377,11.389,22.789,0.8476396050227625,0.008297369297369298,Graze+Frag
61234278.745,E3,P668,1.2494310794871801,0.0024355585714285716,8405.520,1050.009,2.1481,22.082,0.7925903473881948,0.0,Merge
61389908.066,E0,FRAG0109,0.7803568424442212,0.005740592740592741,7184.969,1397.374,2.3902,20.437,0.36752216801414184,0.0,Merge
61830186.133,E0,P68,0.7860974351848139,0.0024355585714285716,7202.545,1050.009,4.203,36.705,0.7881072274266924,0.0,Merge
61842159.879,E3,FRAG0106,1.2518666380586088,0.005740592740592741,8410.978,1397.374,1.1714,11.850,0.8192005260918761,0.0,Merge
63712747.032,E3,P274,1.2576072307992014,0.0024355585714285716,8423.815,1050.009,2.3651,24.368,0.84177466423056,0.0,Merge
64344337.132,E0,FRAG0102,0.7885329937562424,0.005740592740592741,7209.975,1397.374,2.4221,20.787,0.7718138099210431,0.0,Merge
65780479.102,E0,FRAG0120,0.7942735864968351,0.008297369297369298,7227.430,1579.940,2.5462,21.715,0.8414551130940864,0.0,Hit+Run
66197002.217,E0,FRAG0120,0.7942735864968351,0.008297369297369298,7227.430,1579.940,1.088,9.2790,0.4328726079160625,0.0,Merge
68219353.309,P340,P738,0.0024355585714285716,0.0024355585714285716,1050.009,1050.009,5.8716,7.9894,0.63105,0.0,Graze+Frag
69507298.182,E0,FRAG0035,0.8025709557942045,0.005791541791541792,7252.509,1401.496,4.7041,40.618,0.49118246713222125,0.0,Merge
72106647.152,E0,P24,0.8083624975857463,0.0024355585714285716,7269.913,1050.009,5.0845,44.843,0.8493294472471573,0.0,Merge
72777126.652,M0,P437,0.23210665854145868,0.0024355585714285716,4796.116,1050.009,6.1986,35.077,0.7781420052695439,0.0,Merge
74441125.496,E0,P402,0.8107980561571748,0.008176157176157177,7277.207,1572.208,2.1199,18.220,0.5608342123571306,0.0,Merge
76327539.823,M0,FRAG0117,0.23454221711288725,0.005740592740592741,4812.833,1397.374,4.7297,26.284,0.5877505332330886,0.005922410922410922,Fragment
76414458.842,M0,FRAG0121,0.23436039893106908,0.005922410922410922,4811.589,1411.974,1.0182,5.6523,0.5114218729108898,0.0,Merge
79237214.344,E0,P840,0.818974213333332,0.0024355585714285716,7301.586,1050.009,2.512,22.257,0.7352647359600446,0.0,Merge
83755673.021,E3,P610,1.26004278937063,0.0024355585714285716,8429.250,1050.009,3.0387,31.330,0.6005864967355419,0.0,Merge
90656524.867,E0,P173,0.8214097719047605,0.0024355585714285716,7308.817,1050.009,2.0694,18.354,0.9264089155927071,0.0,Hit+Run
90962664.387,E0,P173,0.8214097719047605,0.0024355585714285716,7308.817,1050.009,1.0282,9.1197,0.3239589459434619,0.0,Merge
92883826.908,M0,P791,0.24028280985348,0.0024355585714285716,4851.783,1050.009,9.6803,55.463,0.996533021880256,0.0,Hit+Run
92888266.331,M0,P791,0.24028280985348,0.0024355585714285716,4851.783,1050.009,1.0652,6.1030,0.2786872582225762,0.0,Merge
93963475.528,E3,P761,1.2624783479420587,0.0024355585714285716,8434.677,1050.009,1.1326,11.685,0.7098346367591453,0.0,Merge
94971896.899,E0,FRAG0104,0.823845330476189,0.005740592740592741,7316.034,1397.374,2.5663,22.371,0.7474381192579471,0.0,Merge
104545067.43,M0,FRAG0107,0.24271836842490857,0.005740592740592741,4868.121,1397.374,5.1042,28.716,0.7457387431975168,0.0,Merge
104649229.734,E3,P572,1.2649139065134873,0.0024355585714285716,8440.098,1050.009,1.7172,17.729,0.6778682412676157,0.0,Merge
185375898.664,P58,P428,0.0024355585714285716,0.0024355585714285716,1050.009,1050.009,4.8932,6.6581,0.4291,0.0,Merge
