time_yr,target,projectile,Mt_Mearth,Mp_Mearth,Rt_km,Rp_km,vimp/vesc,vimp_km/s,b,m_frag_Mearth,Regime
76953.314,E0,P499,0.4524555555544456,0.0024355585714285716,5991.273,1050.009,1.3973,10.034,0.53281984151324,0.0,Merge
83658.038,E1,P419,0.23462666666666668,0.0024355585714285716,4813.411,1050.009,2.1539,12.235,0.921156552787333,0.0,Hit+Run
90426.516,M1,P719,0.05,0.0024355585714285716,2875.083,1050.009,2.2711,7.4162,0.6483250873104619,0.0,Merge
173194.405,M0,P503,0.05,0.0024355585714285716,2875.083,1050.009,9.5387,31.148,0.8626510623946796,0.0,Hit+Run
179542.282,E1,P453,0.23462666666666668,0.0024355585714285716,4813.411,1050.009,1.2768,7.2533,0.9276418364224991,0.0,Hit+Run
291788.223,M0,P837,0.05,0.0024355585714285716,2875.083,1050.009,4.0626,13.266,0.2572497691373113,0.0,Merge
342815.109,M0,P160,0.05243555857142857,0.0024355585714285716,2921.028,1050.009,5.7946,19.244,0.7822190241064995,0.0,Hit+Run
368698.295,E1,E6,0.23462666666666668,0.08018000000000002,4813.411,3365.238,1.1758,6.5173,0.9358863265931043,0.0,Hit+Run
422055.188,E3,P815,0.40336,0.0024355585714285716,5766.223,1050.009,1.0481,7.2250,0.7908828885861637,0.0,Merge
601712.34,M0,P195,0.05243555857142857,0.0024355585714285716,2921.028,1050.009,3.1514,10.466,0.9779576758976782,0.0,Hit+Run
616506.817,M1,P642,0.05243555857142857,0.0024355585714285716,2921.028,1050.009,5.1372,17.060,0.8035509327947528,0.0,Hit+Run
617885.939,M0,P195,0.05243555857142857,0.0024355585714285716,2921.028,1050.009,1.1663,3.8733,0.7843522149753248,0.0,Hit+Run
659330.748,E0,P419,0.4548911141258742,0.0024355585714285716,6002.004,1050.009,1.3398,9.6394,0.7831016918699031,0.0,Merge
662318.712,M0,P449,0.05243555857142857,0.0024355585714285716,2921.028,1050.009,3.3694,11.189,0.5535998096130821,0.0,Merge
694723.381,M0,P195,0.05487111714285714,0.0024355585714285716,2965.571,1050.009,1.289,4.3504,0.9455221975105332,0.0,Hit+Run
694734.916,M0,P195,0.05487111714285714,0.0024355585714285716,2965.571,1050.009,1.049,3.5404,0.46792381812284145,0.0,Merge
734304.151,E12,P676,0.09854,0.0024355585714285716,3604.663,1050.009,1.2631,5.2560,0.5691198859099517,0.0,Merge
763138.254,M1,P380,0.05243555857142857,0.0024355585714285716,2921.028,1050.009,2.2745,7.5537,0.7264618282937548,0.0,Merge
816564.654,M0,P775,0.05730667571428571,0.0024355585714285716,3008.815,1050.009,11.166,38.276,0.8870420324252681,0.0,Hit+Run
840602.157,M0,P775,0.05730667571428571,0.0024355585714285716,3008.815,1050.009,1.0502,3.5997,0.8120963952213615,0.0,Graze+Merge
879017.366,M1,P550,0.05487111714285714,0.0024355585714285716,2965.571,1050.009,3.658,12.346,0.43328741176242275,0.0,Merge
917258.061,M0,P835,0.05974223428571428,0.0024355585714285716,3050.851,1050.009,11.085,38.563,0.8084545925064566,0.0,Graze+Frag
966959.195,E1,P406,0.23462666666666668,0.0024355585714285716,4813.411,1050.009,7.7262,43.891,0.8159143550622318,0.0,Merge
1131264.995,E1,E6,0.23706222523809525,0.08018000000000002,4830.009,3365.238,1.3497,7.5025,0.8269998795674017,0.0,Hit+Run
1141802.004,E0,E6,0.45732667269730276,0.08018000000000002,6012.697,3365.238,1.0591,7.1636,0.8996026174685985,0.0,Hit+Run
1168499.822,E0,P652,0.45732667269730276,0.0024355585714285716,6012.697,1050.009,1.8573,13.388,0.8094449486400105,0.0,Merge
1203752.21,M2,P264,0.05,0.0024355585714285716,2875.083,1050.009,2.6508,8.6561,0.7182044380385356,0.0,Merge
1254217.818,M3,P430,0.05,0.0024355585714285716,2875.083,1050.009,1.5412,5.0327,0.24113503416857307,0.0,Merge
1269963.594,M0,P845,0.06217782217782218,0.0024355585714285716,3091.759,1050.009,3.8098,13.443,0.9902093958284619,0.0,Hit+Run
1278358.685,M0,P845,0.06217782217782218,0.0024355585714285716,3091.759,1050.009,1.0463,3.6921,0.5650128094252265,0.0,Merge
1368673.222,E0,E6,0.45976223126873134,0.08018000000000002,6023.352,3365.238,1.1216,7.5992,0.840316399911966,0.0,Hit+Run
1502515.219,E15,P238,0.11428,0.0024355585714285716,3787.191,1050.009,1.4115,6.1944,0.9612035243334314,0.0,Hit+Run
1505613.281,M0,P454,0.06461338074925076,0.0024355585714285716,3131.612,1050.009,6.2178,22.244,0.8672249520413823,0.0,Hit+Run
1604649.479,E9,E4,0.07894000000000001,0.0574,3347.800,3010.448,1.2435,5.1445,0.5318466515262005,0.0,Hit+Run
1605233.333,M0,P321,0.06461338074925076,0.0024355585714285716,3131.612,1050.009,6.2081,22.209,0.557779917340606,0.00604963036963037,Fragment
1667353.502,E0,P101,0.45976223126873134,0.0024355585714285716,6023.352,1050.009,2.0554,14.844,0.8103391218031049,0.0,Merge
1840546.89,E3,E9,0.40579555857142857,0.07894000000000001,5777.805,3347.800,1.0549,6.8689,0.8709503260661943,0.0,Hit+Run
1868119.907,M0,P503,0.060999322271062285,0.0024355585714285716,3072.101,1050.009,5.1348,17.996,0.8994709000590759,0.0,Hit+Run
1971247.751,E1,P54,0.23706222523809525,0.0024355585714285716,4830.009,1050.009,1.8029,10.279,0.805245356197464,0.0,Merge
2061959.311,M0,P259,0.060999322271062285,0.0024355585714285716,3072.101,1050.009,7.2842,25.529,0.3139093074031674,0.009252414252414253,Fragment
2062017.056,P1,P348,0.0024355585714285716,0.0024355585714285716,1050.009,1050.009,1.0336,1.4064,0.6211,0.0,Graze+Merge
2062489.988,P1,P754,0.004871117142857143,0.0024355585714285716,1322.929,1050.009,1.108,1.7370,0.5128503820309156,0.0,Merge
2062493.454,P1,P217,0.007306675714285714,0.0024355585714285716,1514.376,1050.009,1.1797,2.0543,0.6879217197444842,0.0,Hit+Run
2062513.22,P1,P418,0.007306675714285714,0.0024355585714285716,1514.376,1050.009,1.0798,1.8803,0.9586259143799649,0.0,Hit+Run
2062521.035,P1,P418,0.007306675714285714,0.0024355585714285716,1514.376,1050.009,1.0387,1.8087,0.8307146391660795,0.0,Graze+Merge
2062809.634,P1,P816,0.009742234285714286,0.0024355585714285716,1666.786,1050.009,1.4451,2.7334,0.948857335087839,0.0,Hit+Run
2062880.341,P1,P134,0.009742234285714286,0.0024355585714285716,1666.786,1050.009,1.2118,2.2921,0.2984121348679199,0.0,Merge
2063103.051,P1,P752,0.012177792857142858,0.0024355585714285716,1795.491,1050.009,1.5331,3.1040,0.7716413821884033,0.0,Hit+Run
2063118.8,P1,P451,0.012177792857142858,0.0024355585714285716,1795.491,1050.009,1.0869,2.2006,0.49431994341842755,0.0,Merge
2063191.93,P1,P571,0.01461335142857143,0.0024355585714285716,1907.994,1050.009,2.4355,5.2238,0.030896823024943836,0.0,Merge
2063266.002,P1,P357,0.01704891,0.0024355585714285716,2008.596,1050.009,1.3171,2.9700,0.17770388161574907,0.0,Merge
2063700.989,P1,P334,0.019484468571428572,0.0024355585714285716,2100.019,1050.009,1.1446,2.6975,0.1566,0.0,Merge
2063996.292,P1,P47,0.021920027142857144,0.0024355585714285716,2184.108,1050.009,1.0746,2.6346,0.9516799840013143,0.0,Hit+Run
2064423.712,P1,P47,0.021920027142857144,0.0024355585714285716,2184.108,1050.009,1.2026,2.9484,0.5822725533678209,0.0,Merge
2064577.516,P1,P370,0.024355585714285716,0.0024355585714285716,2262.177,1050.009,1.2238,3.1096,0.7030657749634389,0.0,Hit+Run
2064611.39,P1,P370,0.024355585714285716,0.0024355585714285716,2262.177,1050.009,1.0625,2.6997,0.9873245427308599,0.0,Hit+Run
2065772.496,P1,P611,0.024355585714285716,0.0024355585714285716,2262.177,1050.009,1.0932,2.7777,0.6822347023615495,0.0,Merge
2066020.348,P1,P370,0.02679114428571429,0.0024355585714285716,2335.201,1050.009,1.2562,3.2977,0.4511451492789734,0.0,Merge
2066649.942,P1,P72,0.02922670285714286,0.0024355585714285716,2403.922,1050.009,2.0831,5.6348,0.7301692177227918,0.0,Hit+Run
2067570.525,P1,P816,0.02922670285714286,0.0024355585714285716,2403.922,1050.009,1.264,3.4191,0.5721781659421479,0.0,Merge
2068061.421,P1,P217,0.03166226142857143,0.0024355585714285716,2468.924,1050.009,1.5815,4.3982,0.283310691224151,0.0,Merge
2068389.406,P1,P72,0.03409782,0.0024355585714285716,2530.673,1050.009,1.1585,3.3060,0.5484435111836362,0.0,Merge
2068457.994,P1,P282,0.03653337857142857,0.0024355585714285716,2589.547,1050.009,1.1131,3.2540,0.9374020799226522,0.0,Hit+Run
2068657.54,P1,P282,0.03653337857142857,0.0024355585714285716,2589.547,1050.009,1.066,3.1163,0.5329139718118153,0.0,Merge
2070841.557,M2,P779,0.05243555857142857,0.0024355585714285716,2921.028,1050.009,1.5282,5.0752,0.975309576888102,0.0,Hit+Run
2071708.659,P1,P569,0.03896893714285714,0.0024355585714285716,2645.859,1050.009,1.8293,5.4702,0.7252029990889333,0.0,Hit+Run
2073400.625,P1,P730,0.03896893714285714,0.0024355585714285716,2645.859,1050.009,1.1833,3.5384,0.727493867398,0.0,Hit+Run
2087693.461,P1,P179,0.03896893714285714,0.0024355585714285716,2645.859,1050.009,1.0499,3.1395,0.31628300592052394,0.0,Merge
2092848.502,E1,E6,0.23949778380952383,0.08018000000000002,4846.494,3365.238,1.2763,7.1145,0.5283393446916146,0.017826173826173828,Fragment
2107805.135,P1,P590,0.041404495714285706,0.0024355585714285716,2699.871,1050.009,1.7441,5.3278,0.5626709941763626,0.0,Merge
2108716.495,P1,P515,0.043840054285714275,0.0024355585714285716,2751.804,1050.009,1.7106,5.3319,0.8398407697838315,0.0,Hit+Run
2114026.266,P1,P515,0.043840054285714275,0.0024355585714285716,2751.804,1050.009,1.2596,3.9261,0.4092441362025151,0.0,Merge
2122106.745,E15,P308,0.11428,0.0024355585714285716,3787.191,1050.009,1.512,6.6355,0.573809613899138,0.0,Merge
2124561.842,P1,P633,0.046275612857142844,0.0024355585714285716,2801.848,1050.009,1.1935,3.7919,0.9861385043354453,0.0,Hit+Run
2141885.373,P1,P730,0.046275612857142844,0.0024355585714285716,2801.848,1050.009,1.2491,3.9685,0.9929033402802118,0.0,Hit+Run
2152074.518,M1,P642,0.05730667571428571,0.0024355585714285716,3008.815,1050.009,4.7172,16.168,0.6725092193015236,0.0,Merge
2166234.333,P1,P730,0.046275612857142844,0.0024355585714285716,2801.848,1050.009,1.2377,3.9323,0.6677547739027357,0.0,Merge
2193945.495,M0,P349,0.0541824665900766,0.0024355585714285716,2953.113,1050.009,3.2928,11.063,0.7098171857131258,0.0,Merge
2214757.432,P1,P752,0.04871117142857141,0.0024355585714285716,2850.165,1050.009,1.3196,4.2693,0.735090386265147,0.0,Hit+Run
2214775.053,P1,P752,0.04871117142857141,0.0024355585714285716,2850.165,1050.009,1.0455,3.3825,0.6449122834068914,0.0,Merge
2229805.525,P1,P633,0.05114672999999998,0.0024355585714285716,2896.897,1050.009,1.7459,5.7472,0.734480211293483,0.0,Hit+Run
2230118.19,P1,P633,0.05114672999999998,0.0024355585714285716,2896.897,1050.009,1.0376,3.4156,0.6523493672405793,0.0,Merge
2231012.816,E0,P624,0.4621977898401599,0.0024355585714285716,6033.969,1050.009,1.3174,9.5321,0.8829518731267969,0.0,Hit+Run
2232084.353,E0,P812,0.4621977898401599,0.0024355585714285716,6033.969,1050.009,3.7866,27.398,0.8480290226558354,0.0,Merge
2275401.036,M0,P56,0.056618025161505166,0.0024355585714285716,2996.714,1050.009,3.286,11.214,0.9851990759912577,0.0,Hit+Run
2290171.295,P1,P569,0.05358228857142855,0.0024355585714285716,2942.168,1050.009,1.1182,3.7422,0.9045732501282612,0.0,Hit+Run
2290184.152,P1,P569,0.05358228857142855,0.0024355585714285716,2942.168,1050.009,1.0493,3.5116,0.8005849125096384,0.0,Graze+Merge
2379834.77,E0,M2,0.4646333484115885,0.05243555857142857,6044.550,2921.028,1.222,8.2911,0.9967975895645643,0.0,Hit+Run
2397120.202,E0,P354,0.4646333484115885,0.0024355585714285716,6044.550,1050.009,2.3741,17.210,0.9841427585569608,0.0,Hit+Run
2463585.625,E0,P453,0.4646333484115885,0.0024355585714285716,6044.550,1050.009,2.1828,15.823,0.9232249096808264,0.0,Hit+Run
2536249.964,E1,P410,0.30185160998335,0.0024355585714285716,5235.100,1050.009,1.4931,9.2817,0.894574255759093,0.0,Hit+Run
2547050.886,M0,P503,0.056618025161505166,0.0024355585714285716,2996.714,1050.009,5.2995,18.086,0.5588768360272115,0.0,Merge
2548224.171,E0,P70,0.4646333484115885,0.0024355585714285716,6044.550,1050.009,2.1706,15.734,0.6624283566600615,0.0,Merge
2556050.346,E14,P159,0.044980000000000006,0.0024355585714285716,2775.451,1050.009,2.8548,8.9794,0.21693070034397757,0.0,Merge
2672472.524,M3,P41,0.05243555857142857,0.0024355585714285716,2921.028,1050.009,2.4962,8.2900,0.7413206060697105,0.0,Hit+Run
2808415.234,E0,M2,0.46706890698301706,0.05243555857142857,6055.093,2921.028,1.2214,8.3016,0.684561629172074,0.0,Hit+Run
2915968.689,E0,M2,0.46706890698301706,0.05243555857142857,6055.093,2921.028,1.086,7.3813,0.8406589498169479,0.0,Hit+Run
2948509.144,P1,P102,0.05601784714285712,0.0024355585714285716,2986.088,1050.009,4.5856,15.591,0.5785590370064789,0.0,Merge
2980173.309,P1,P834,0.058453405714285686,0.0024355585714285716,3028.752,1050.009,2.3029,7.9494,0.5578902519723331,0.0,Merge
3064757.921,M1,P784,0.05974223428571428,0.0024355585714285716,3050.851,1050.009,6.671,23.207,0.6926953815061763,0.0,Merge
3090363.56,M1,P570,0.062177792857142845,0.0024355585714285716,3091.758,1050.009,6.2565,22.077,0.5286590774070695,0.006583083583083583,Fragment
3126326.039,E5,P5,0.0735,0.0024355585714285716,3269.060,1050.009,1.9441,7.2828,0.48221452260905223,0.0,Merge
3150758.04,M0,P521,0.059053583732933734,0.0024355585714285716,3039.083,1050.009,7.0862,24.550,0.4767736660966783,0.00898934398934399,Fragment
3154335.069,M0,FRAG0007,0.05249979831501831,0.00898934398934399,2922.221,1622.693,1.0189,3.3483,0.6520308088783056,0.0,Graze+Merge
3171382.71,P1,P127,0.060888964285714255,0.0024355585714285716,3070.247,1050.009,6.9875,24.473,0.19068622751676303,0.008526473526473528,Fragment
3174731.428,P1,FRAG0008,0.0547980493306693,0.008526473526473528,2964.254,1594.350,1.2325,4.1040,0.45914494377957793,0.0,Merge
3212461.608,E15,E19,0.11671555857142858,0.041620000000000004,3813.907,2704.547,1.2756,5.6167,0.989861679000498,0.0,Hit+Run
3218226.214,E18,P704,0.0728,0.0024355585714285716,3258.649,1050.009,2.9496,11.011,0.9510502896946477,0.0,Hit+Run
3237553.786,M0,P244,0.0614891423043623,0.0024355585714285716,3080.302,1050.009,6.7824,23.838,0.8564532177166326,0.0,Hit+Run
3348719.834,M0,P244,0.0614891423043623,0.0024355585714285716,3080.302,1050.009,1.6268,5.7178,0.7740445791258211,0.0,Hit+Run
3377867.668,E3,P89,0.40579555857142857,0.0024355585714285716,5777.805,1050.009,1.6802,11.607,0.7808033624039203,0.0,Merge
3419970.675,E3,M4,0.40823111714285715,0.05,5789.342,2875.083,1.3416,8.7167,0.32105749413068047,0.014454212454212455,Fragment
3426722.1,M3,P535,0.05243555857142857,0.0024355585714285716,2921.028,1050.009,4.523,15.021,0.4719500901511473,0.0,Merge
3442075.772,M0,P244,0.0614891423043623,0.0024355585714285716,3080.302,1050.009,2.1532,7.5680,0.5650771534864963,0.0,Merge
3521454.829,E0,FRAG0004,0.46706890698301706,0.005942057942057943,6055.093,1413.533,2.584,18.372,0.9970445441246323,0.0,Hit+Run
3529074.638,E0,FRAG0004,0.46706890698301706,0.005942057942057943,6055.093,1413.533,1.0455,7.4335,0.9113496276227835,0.0,Hit+Run
3537402.13,P1,P49,0.06332452285714282,0.0024355585714285716,3110.650,1050.009,9.9385,35.300,0.6250966360683229,0.01287845487845488,Fragment
3537582.547,P1,FRAG0011,0.05288162655011652,0.00643922743922744,2929.288,1451.905,0.9784,3.2164,0.18640707563850545,0.0,Perfect
3539337.347,P1,FRAG0012,0.05932085398934396,0.00643922743922744,3043.661,1451.905,1.153,3.9398,0.7150855453938912,0.0,Hit+Run
3539422.774,P1,FRAG0012,0.05932085398934396,0.00643922743922744,3043.661,1451.905,1.0372,3.5441,0.7006646761296516,0.0,Graze+Merge
3546878.06,M1,P56,0.05803026784548783,0.0024355585714285716,3021.426,1050.009,3.4074,11.731,0.6088215790808174,0.0,Merge
3638024.995,E0,M2,0.46706890698301706,0.05243555857142857,6055.093,2921.028,1.5519,10.548,0.7295559735411885,0.03936596736596736,Hit+Run+Frag
3654015.167,P1,P161,0.0657600814285714,0.0024355585714285716,3150.029,1050.009,9.9364,35.771,0.74535,0.006123702963702963,Fragment
3665769.895,M0,P383,0.06392470087579087,0.0024355585714285716,3120.446,1050.009,3.3995,12.115,0.8567943176936371,0.0,Hit+Run
3681890.001,M0,P383,0.06392470087579087,0.0024355585714285716,3120.446,1050.009,1.0279,3.6632,0.8792411166900646,0.0,Graze+Merge
3686792.697,E0,FRAG0013,0.4670699001198802,0.005623709623709623,6055.097,1387.825,1.1905,8.4762,0.943784957889205,0.0,Hit+Run
3687360.164,P1,FRAG0020,0.06207209687645685,0.006123543123543124,3090.006,1427.780,2.394,8.3099,0.8056418941702959,0.0,Hit+Run
3687667.091,P1,FRAG0020,0.06207209687645685,0.006123543123543124,3090.006,1427.780,1.0453,3.6283,0.9792321078899843,0.0,Hit+Run
3707149.27,P1,FRAG0020,0.06207209687645685,0.006123543123543124,3090.006,1427.780,1.4661,5.0890,0.9013969371992809,0.0,Hit+Run
3707151.469,P1,FRAG0020,0.06207209687645685,0.006123543123543124,3090.006,1427.780,1.0505,3.6464,0.8465429768355337,0.0,Hit+Run
3712462.093,P1,FRAG0020,0.06207209687645685,0.006123543123543124,3090.006,1427.780,1.1116,3.8585,0.22502435111811472,0.0,Merge
3760347.089,E0,P0,0.4670699001198802,0.0024355585714285716,6055.097,1050.009,2.5789,18.729,0.8684949513438112,0.0,Hit+Run
3842808.776,E0,M3,0.4670699001198802,0.05487111714285714,6055.097,2965.571,1.3565,9.2186,0.9456528162960064,0.0,Hit+Run
3857083.368,E0,M3,0.4670699001198802,0.05487111714285714,6055.097,2965.571,1.1095,7.5400,0.737633361603976,0.0,Hit+Run
3911272.011,E3,P838,0.44377690468864467,0.0024355585714285716,5952.719,1050.009,2.7105,19.330,0.3427430045615476,0.0,Merge
3926446.221,P0,P624,0.0024355585714285716,0.0024355585714285716,1050.009,1050.009,6.8046,9.2589,0.43625,0.0,Merge
3958588.436,P1,P603,0.06819563999999997,0.0024355585714285716,3188.448,1050.009,12.855,46.884,0.4690379023368136,0.026301698301698304,Fragment
3958748.36,P1,FRAG0022,0.044329500269730246,0.006575424575424576,2762.007,1462.070,1.0275,3.1867,0.2959425467956905,0.0,Merge
3959351.393,P1,FRAG0021,0.050904924845154825,0.006575424575424576,2892.325,1462.070,1.1883,3.8572,0.8454332975088756,0.0,Hit+Run
3959416.352,P1,FRAG0024,0.050904924845154825,0.006575424575424576,2892.325,1462.070,1.1715,3.8027,0.7465957152733943,0.0,Hit+Run
3959433.643,P1,FRAG0023,0.050904924845154825,0.006575424575424576,2892.325,1462.070,1.042,3.3823,0.552241706119484,0.0,Merge
3960762.576,P1,FRAG0021,0.057480349420579405,0.006575424575424576,3011.852,1462.070,1.0493,3.5472,0.56138280653296,0.0,Merge
3978060.401,P1,FRAG0024,0.06405577399600398,0.006575424575424576,3122.577,1462.070,1.0626,3.7262,0.9954192197250346,0.0,Hit+Run
3978265.81,P1,FRAG0024,0.06405577399600398,0.006575424575424576,3122.577,1462.070,1.0412,3.6512,0.9984841437679784,0.0,Hit+Run
3978634.694,P1,FRAG0024,0.06405577399600398,0.006575424575424576,3122.577,1462.070,1.0357,3.6319,0.752064250715281,0.0,Graze+Merge
4133499.31,M2,P410,0.013068598068598069,0.0024355585714285716,1838.245,1050.009,6.6945,13.857,0.9302431063834352,0.0,Hit+Run
4228745.75,E0,FRAG0016,0.4670699001198802,0.005623709623709623,6055.097,1387.825,1.6,11.391,0.4673773453213933,0.0,Merge
4308257.878,P1,P444,0.07063119857142856,0.0024355585714285716,3225.962,1050.009,10.640,39.297,0.33934690431674697,0.017504495504495506,Fragment
4308263.867,P1,FRAG0027,0.05556226163836163,0.005834831834831835,2977.971,1404.979,1.0881,3.6384,0.8085388172261556,0.0,Hit+Run
4308407.12,P1,FRAG0027,0.05556226163836163,0.005834831834831835,2977.971,1404.979,1.015,3.3940,0.25764531049761197,0.0,Merge
4308498.533,P1,FRAG0026,0.06139709347319346,0.005834831834831835,3078.764,1404.979,1.0214,3.5336,0.8861223135353874,0.0,Graze+Merge
4309279.956,P1,FRAG0025,0.0672319253080253,0.005834831834831835,3173.357,1404.979,1.1367,4.0570,0.9528382737259513,0.0,Hit+Run
4310449.703,P1,FRAG0025,0.0672319253080253,0.005834831834831835,3173.357,1404.979,1.1025,3.9349,0.77512114752872,0.0,Hit+Run
4311027.665,P1,FRAG0025,0.0672319253080253,0.005834831834831835,3173.357,1404.979,1.2098,4.3179,0.7101753802717754,0.0,Hit+Run
4383269.049,M0,P801,0.06636025944721945,0.0024355585714285716,3159.583,1050.009,4.9441,17.856,0.9779142740571305,0.0,Hit+Run
4396398.133,E1,E11,0.30185160998335,0.020565714285714288,5235.100,2138.167,2.0759,12.264,0.8192105167842773,0.015037629037629037,Hit+Run+Frag
4397637.115,M1,FRAG0001,0.0604658264169164,0.006049617049617049,3063.118,1422.011,2.1575,7.4230,0.9588614858055797,0.0,Hit+Run
4496747.058,E0,P673,0.4726936097435898,0.0024355585714285716,6079.302,1050.009,2.6889,19.611,0.6087563353744517,0.0,Merge
4496899.951,M3,P354,0.05487111714285714,0.0024355585714285716,2965.571,1050.009,2.6957,9.0982,0.5961302177852866,0.0,Merge
4500765.204,E0,P485,0.4751291683150184,0.0024355585714285716,6089.725,1050.009,2.8218,20.618,0.6855033401833381,0.0,Merge
4517991.783,E3,P417,0.44621246326007324,0.0024355585714285716,5963.589,1050.009,2.558,18.278,0.817978447531764,0.0,Merge
4571233.176,E1,P410,0.3018518897036297,0.0024355585714285716,5235.102,1050.009,1.058,6.5770,0.4282961881275469,0.0,Merge
4629271.024,E0,M2,0.47756472688644697,0.013068598068598069,6100.113,1838.245,1.0255,7.2028,0.5058608129650954,0.0,Merge
4636830.165,M1,M3,0.0604658264169164,0.05730667571428571,3063.118,3008.815,3.2451,12.768,0.8528597715747958,0.0,Hit+Run
4690438.014,M3,FRAG0001,0.05730667571428571,0.006049617049617049,3008.815,1422.011,3.2179,10.871,0.8855674751252005,0.0,Hit+Run
4716585.617,E1,E12,0.30428744827505827,0.10097555857142858,5249.144,3634.120,1.2643,7.6293,0.6186159765020085,0.014792960372960372,Hit+Run
4765372.29,E3,P778,0.4486480218315018,0.0024355585714285716,5974.420,1050.009,2.1081,15.092,0.5210287226682809,0.0,Merge
4835973.269,M3,P829,0.05730667571428571,0.0024355585714285716,3008.815,1050.009,5.3476,18.329,0.45916248945697063,0.0,Merge
4859479.173,M1,FRAG0013,0.0604658264169164,0.005623709623709623,3063.118,1387.825,4.491,15.461,0.19730559108119095,0.015296703296703297,Fragment
4939750.943,M3,FRAG0001,0.05974223428571428,0.006049617049617049,3050.851,1422.011,1.3313,4.5616,0.8379355212801034,0.0,Hit+Run
4945170.036,M0,P454,0.06636025944721945,0.0024355585714285716,3159.583,1050.009,8.7979,31.775,0.6147147060041368,0.010262737262737263,Fragment
4963877.431,M0,P461,0.05853308075591076,0.0024355585714285716,3030.128,1050.009,7.9495,27.454,0.5255757684262609,0.01111033633033633,Fragment
5185834.242,M0,P318,0.049858416217116217,0.0024355585714285716,2872.367,1050.009,4.241,13.834,0.10779495671314887,0.0,Merge
5193781.941,M0,P262,0.052293974788544785,0.0024355585714285716,2918.397,1050.009,11.440,37.959,0.5236102995279007,0.024803196803196804,Fragment
5198523.237,M0,FRAG0035,0.02992633655677655,0.006200799200799201,2422.953,1433.759,1.0953,2.9950,0.8925449262212983,0.0,Hit+Run
5199954.266,M0,FRAG0035,0.02992633655677655,0.006200799200799201,2422.953,1433.759,1.1158,3.0510,0.913653893294597,0.0,Hit+Run
5206871.671,E0,FRAG0029,0.490633324955045,0.007518814518814519,6155.257,1528.892,1.0425,7.4992,0.9825470182401318,0.0,Hit+Run
5256884.982,P85,P452,0.0024355585714285716,0.0024355585714285716,1050.009,1050.009,5.2957,7.2058,0.5322,0.0,Graze+Frag
5260350.467,M3,P160,0.05974223428571428,0.0024355585714285716,3050.851,1050.009,9.1571,31.856,0.8545797279950003,0.0,Hit+Run
5265878.152,M0,FRAG0038,0.02992633655677655,0.006200799200799201,2422.953,1433.759,2.1881,5.9831,0.39579313262435273,0.005534132534132535,Fragment
5313065.519,P1,FRAG0025,0.0672319253080253,0.005834831834831835,3173.357,1404.979,2.0211,7.2135,0.1951838640294085,0.0,Merge
5331228.303,M1,FRAG0031,0.050792832743922725,0.007648351648351649,2890.200,1537.622,1.7543,5.6941,0.6318486467197456,0.0,Merge
5344580.402,M0,P394,0.030593003223443216,0.0024355585714285716,2440.813,1050.009,13.103,36.009,0.8265343898119307,0.0,Graze+Frag
5382114.722,E0,FRAG0017,0.490633324955045,0.005623709623709623,6155.257,1387.825,1.6958,12.288,0.46210844488366054,0.0,Merge
5416488.422,M3,M1,0.05974223428571428,0.05844118439227437,3050.851,3028.541,1.0798,4.2535,0.6893705403051125,0.0,Graze+Merge
5482552.528,M0,FRAG0032,0.03302897102897103,0.010262737262737263,2503.949,1695.957,6.2059,17.801,0.4264558940022101,0.03776423576423577,Fragment
5483086.45,M0,FRAG0042,0.0055274725274725225,0.006294039294039295,1379.863,1440.910,1.2697,2.3222,0.7215879307064328,0.0,Hit+Run
5502001.607,M0,FRAG0042,0.0055274725274725225,0.006294039294039295,1379.863,1440.910,1.4735,2.6950,0.2703203108320621,0.0,Merge
5543879.523,M0,FRAG0043,0.011821511821511817,0.006294039294039295,1777.808,1440.910,2.5276,5.3573,0.9716109299749662,0.0,Hit+Run
5653293.889,E1,P462,0.30428744827505827,0.0024355585714285716,5249.144,1050.009,2.4683,15.388,0.2784919995950052,0.0,Merge
5657725.032,P29,P480,0.0024355585714285716,0.0024355585714285716,1050.009,1050.009,3.275,4.4562,0.9499,0.0,Hit+Run
5679552.963,E1,P241,0.30672300684648685,0.0024355585714285716,5263.112,1050.009,2.4331,15.211,0.6626074307052344,0.0,Merge
5739346.039,E3,P709,0.4510835804029304,0.0024355585714285716,5985.211,1050.009,1.9303,13.846,0.4751436347955994,0.0,Merge
5754804.028,P93,FRAG0033,0.0024355585714285716,0.005555111555111555,1050.009,1382.159,19.218,31.121,0.4318469549971181,0.0,Graze+Frag
5809427.365,P57,FRAG0039,0.0024355585714285716,0.005534132534132535,1050.009,1380.417,14.799,23.942,0.9860149758986032,0.0,Hit+Run
5830512.326,E1,FRAG0014,0.3091585654179154,0.005623709623709623,5277.006,1387.825,1.4249,8.7488,0.7559017516934551,0.0,Merge
5932447.276,E3,P135,0.45351913897435897,0.0024355585714285716,5995.964,1050.009,1.4037,10.088,0.8863779960695649,0.0,Hit+Run
5937710.427,E1,E11,0.31478227504162504,0.005527805527805528,5308.811,1379.890,1.1024,6.8157,0.6763102768690893,0.0,Merge
5946129.046,M3,P176,0.11818341867798865,0.0024355585714285716,3829.828,1050.009,6.6017,29.323,0.3240550409531123,0.0,Merge
5981848.842,E8,P742,0.11363999999999999,0.0024355585714285716,3780.108,1050.009,2.0935,9.1689,0.7484118355668069,0.0,Merge
6019477.066,E5,P182,0.07593555857142857,0.0024355585714285716,3304.777,1050.009,1.9239,7.2917,0.2599935869643408,0.0,Merge
6024026.898,M3,FRAG0040,0.12061897724941723,0.006294039294039295,3855.958,1440.910,2.7824,12.168,0.6682031258336679,0.0,Merge
6058726.797,P93,FRAG0043,0.00799067599067599,0.006294039294039295,1560.229,1440.910,9.1269,17.789,0.8247358487885227,0.0068474858474858475,Graze+Frag
6160852.822,P93,FRAG0002,0.0074372294372294385,0.009252414252414253,1523.342,1638.370,14.528,29.822,0.48205009308765606,0.016657489177489177,Graze+Frag
6212269.396,E0,P41,0.49625703457875464,0.0024355585714285716,6178.685,1050.009,1.5494,11.497,0.6378956005977026,0.0,Merge
6215758.812,M3,FRAG0034,0.12691301654345652,0.005555111555111555,3921.894,1382.159,1.9045,8.5033,0.3515176696171528,0.0,Merge
6234018.75,E0,FRAG0015,0.4986925931501832,0.005623709623709623,6188.776,1387.825,1.5414,11.235,0.619236910025835,0.0,Merge
6245993.691,P0,P160,0.004871117142857143,0.0024355585714285716,1322.929,1050.009,13.033,20.433,0.802475095005218,0.0,Graze+Frag
6302885.361,M3,FRAG0035,0.13246812809856806,0.006200799200799201,3978.301,1433.759,2.2669,10.251,0.7034721536989185,0.0,Merge
6304321.151,E3,P67,0.45351913897435897,0.0024355585714285716,5995.964,1050.009,1.1036,7.9315,0.3173294496297434,0.0,Merge
6317582.563,M0,FRAG0048,0.011821511821511817,0.005581085581085581,1777.808,1384.310,5.5301,11.590,0.5071229881805589,0.011874791874791877,Fragment
6322987.112,M3,FRAG0044,0.13866892729936725,0.006294039294039295,4039.431,1440.910,2.256,10.366,0.6193654112004446,0.0,Merge
6359637.376,M3,M0,0.14496296659340654,0.005527805527805522,4099.644,1379.890,1.6269,7.6173,0.8309965692034205,0.0,Hit+Run
6359645.765,M3,M0,0.14496296659340654,0.005527805527805522,4099.644,1379.890,1.0503,4.9176,0.8491771910019646,0.0,Hit+Run
6365836.707,M3,P779,0.14496296659340654,0.0024355585714285716,4099.644,1050.009,7.452,35.619,0.9813535904416891,0.0,Hit+Run
6370887.91,E12,P275,0.10097555857142858,0.0024355585714285716,3634.120,1050.009,1.6304,6.8441,0.991829681957126,0.0,Hit+Run
6432976.315,M3,FRAG0039,0.14496296659340654,0.005534132534132535,4099.644,1380.417,2.2714,10.634,0.43113111783444225,0.0,Merge
6458655.59,P93,P57,0.005527472527472531,0.0024355585714285716,1379.863,1050.009,4.5591,7.3736,0.775262421024803,0.0,Hit+Run
6462316.6,P93,P57,0.005527472527472531,0.0024355585714285716,1379.863,1050.009,1.052,1.7014,0.9860006897343726,0.0,Hit+Run
6477294.836,P93,P57,0.005527472527472531,0.0024355585714285716,1379.863,1050.009,1.1113,1.7973,0.7079124919788452,0.0,Hit+Run
6477502.518,P93,P57,0.005527472527472531,0.0024355585714285716,1379.863,1050.009,1.0489,1.6964,0.7560114716600647,0.0,Graze+Merge
6528056.055,P0,P277,0.0073066933066933066,0.0024355585714285716,1514.377,1050.009,10.677,18.593,0.5340858509655438,0.0,Fragment
6620406.067,P93,FRAG0046,0.007963031098901103,0.0068474858474858475,1558.427,1481.963,12.121,23.901,0.6071959834710225,0.014713359973359975,Graze+Frag
6634542.231,M3,FRAG0049,0.15049709912753909,0.0059373959373959385,4151.164,1413.163,1.1716,5.5500,0.6414379066928947,0.0,Merge
6731386.602,M3,P739,0.15643449506493504,0.0024355585714285716,4205.051,1050.009,2.4799,12.182,0.8590047879489472,0.0,Hit+Run
6735888.937,M3,P739,0.15643449506493504,0.0024355585714285716,4205.051,1050.009,1.0241,5.0307,0.29759094609987286,0.0,Merge
6916968.943,P0,FRAG0050,0.009742257742257742,0.0059373959373959385,1666.788,1413.163,6.076,12.248,0.4533409638733896,0.010151848151848152,Fragment
6917324.425,E1,FRAG0003,0.32031008056943056,0.005942057942057943,5339.706,1413.533,1.5687,9.7413,0.561072264610118,0.0,Merge
6917827.928,P0,FRAG0052,0.00552780552780553,0.010151848151848152,1379.890,1689.826,1.0295,2.0787,0.9053276264839163,0.0,Graze+Merge
6954178.617,E12,P220,0.10097555857142858,0.0024355585714285716,3634.120,1050.009,5.2997,22.247,0.31762755928758396,0.0,Merge
7022437.858,M3,P779,0.1588700536363636,0.0024355585714285716,4226.762,1050.009,1.0677,5.2740,0.9784372127266898,0.0,Hit+Run
7043284.91,M3,P779,0.1588700536363636,0.0024355585714285716,4226.762,1050.009,1.1324,5.5936,0.758719384277299,0.0,Merge
7081872.779,E0,FRAG0018,0.5043163027738928,0.005623709623709623,6211.953,1387.825,1.2414,9.0850,0.6642079327635055,0.0,Merge
7104635.87,M0,FRAG0004,0.005527805527805522,0.005942057942057943,1379.890,1413.533,12.282,22.236,0.7230853467531517,0.005942057942057943,Graze+Frag
7141470.719,M3,P0,0.1613056122077922,0.015679653679653682,4248.252,1953.316,1.7041,8.1333,0.9071149298075403,0.0,Hit+Run
7153101.554,M3,P0,0.1613056122077922,0.015679653679653682,4248.252,1953.316,1.0287,4.9098,0.636049095549238,0.0,Merge
7170079.529,P93,FRAG0036,0.0055274666633366686,0.006200799200799201,1379.862,1433.759,6.127,11.176,0.40562813798902775,0.006200799200799201,Fragment
7229115.685,E9,E14,0.07894000000000001,0.047415558571428575,3347.800,2824.668,5.023,20.304,0.20480126665577592,0.12314845154845154,Fragment
7315672.533,E15,P379,0.11671555857142858,0.0024355585714285716,3813.907,1050.009,1.6631,7.3541,0.7867885904175101,0.0,Hit+Run
7366263.704,M0,FRAG0053,0.005527805527805522,0.005942057942057943,1379.890,1413.533,4.1317,7.4799,0.8559654931369458,0.0,Hit+Run
7489644.719,M3,M0,0.17698526588744587,0.005527805527805522,4381.668,1379.890,1.5363,7.7252,0.3720368225972369,0.0,Merge
7520794.813,E4,P135,0.0574,0.0024355585714285716,3010.448,1050.009,2.1666,7.4306,0.5570183672917428,0.0,Merge
7560917.671,E10,P112,0.14002,0.0024355585714285716,4052.507,1050.009,3.1356,14.802,0.8754657367193577,0.0,Hit+Run
7597346.496,M3,FRAG0006,0.1825130714152514,0.006583083583083583,4426.819,1462.638,2.4823,12.566,0.6292074278032636,0.0,Merge
7666205.997,P1,P482,0.07306675714285714,0.0024355585714285716,3262.624,1050.009,9.5414,35.667,0.714312843957267,0.006947718947718948,Fragment
7667861.65,P1,FRAG0076,0.06855459676656676,0.006947718947718948,3194.032,1489.159,1.0343,3.7103,0.29824752234981583,0.0,Merge
7913609.91,M3,FRAG0054,0.18909615499833496,0.006200799200799201,4479.416,1433.759,1.6919,8.6869,0.6570826907704166,0.0,Merge
7925721.731,E1,P557,0.3262521385114885,0.0024355585714285716,5372.523,1050.009,2.1804,13.935,0.9136379370046892,0.0,Hit+Run
8007231.19,M3,P246,0.19529695419913415,0.0024355585714285716,4527.853,1050.009,4.0456,21.520,0.24255212499742734,0.0,Merge
8016359.53,M3,FRAG0053,0.19773251277056272,0.005942057942057943,4546.597,1413.533,1.7803,9.2980,0.7568850472985319,0.0,Merge
8053020.181,E3,P725,0.45595469754578755,0.0024355585714285716,6006.678,1050.009,1.8695,13.461,0.2220790200776631,0.0,Merge
8217911.802,E0,P656,0.5099400123976024,0.0024355585714285716,6234.958,1050.009,3.0483,22.839,0.9925480755826033,0.0,Hit+Run
8299771.602,E1,P381,0.3262521385114885,0.0024355585714285716,5372.523,1050.009,1.6957,10.837,0.7981156891559914,0.0,Merge
8317663.411,E0,P656,0.5099400123976024,0.0024355585714285716,6234.958,1050.009,1.2169,9.1178,0.7271439553461928,0.0,Merge
8480301.067,E12,P312,0.10341111714285715,0.0024355585714285716,3663.106,1050.009,5.1151,21.656,0.8791860545531864,0.0,Hit+Run
8570801.528,M3,FRAG0029,0.20367457071262066,0.007518814518814519,4591.692,1528.892,4.0253,21.125,0.4010595006187546,0.00818115218115218,Fragment
8589419.213,E3,P424,0.4583902561172161,0.0024355585714285716,6017.355,1050.009,3.6266,26.163,0.6760341344559159,0.0,Merge
8623075.403,E0,FRAG0051,0.512375570969031,0.009283050283050282,6244.868,1640.177,1.5647,11.370,0.5893981355952743,0.0,Merge
8700951.256,E0,P486,0.5216586212520813,0.0024355585714285716,6282.357,1050.009,1.6115,12.172,0.9396503386471009,0.0,Hit+Run
8711278.578,E0,P486,0.5216586212520813,0.0024355585714285716,6282.357,1050.009,1.0506,7.9355,0.6917786846208346,0.0,Merge
8974311.101,E15,P197,0.11671555857142858,0.0024355585714285716,3813.907,1050.009,3.1934,14.121,0.8323461119475652,0.0,Hit+Run
9032548.735,E1,P18,0.32868769708291706,0.0024355585714285716,5385.859,1050.009,1.2031,7.7099,0.6218634875662135,0.0,Merge
9119396.273,M3,FRAG0077,0.20301223305028301,0.00818115218115218,4586.709,1572.529,1.4339,7.5015,0.6448251311208029,0.0,Merge
9125537.373,E12,P425,0.10341111714285715,0.0024355585714285716,3663.106,1050.009,4.2857,18.145,0.7201677847851685,0.0,Merge
9261870.962,E0,P344,0.5240941798235098,0.0024355585714285716,6292.119,1050.009,2.3042,17.433,0.9561419290028866,0.0,Hit+Run
9279614.729,E1,P141,0.33112325565434564,0.0024355585714285716,5399.129,1050.009,2.1837,14.030,0.7721366933685684,0.0,Merge
9298222.351,E4,FRAG0005,0.05983555857142857,0.005942057942057943,3052.438,1413.533,2.2001,7.5436,0.833513681922234,0.0,Hit+Run
9308493.306,E0,P344,0.5240941798235098,0.0024355585714285716,6292.119,1050.009,1.0421,7.8843,0.14611651778703252,0.0,Merge
9312897.619,E3,P859,0.4608258146886447,0.0024355585714285716,6027.993,1050.009,1.4801,10.698,0.7917805755774086,0.0,Merge
9335387.903,E20,P557,0.02242,0.0024355585714285716,2200.589,1050.009,4.1948,10.363,0.6441461111397235,0.0,Merge
9335975.303,E12,P139,0.10584667571428573,0.0024355585714285716,3691.642,1050.009,2.7706,11.828,0.7340227003043622,0.0,Merge
9374396.187,E0,P561,0.5265297383949383,0.0024355585714285716,6301.851,1050.009,2.0404,15.462,0.7537163353084857,0.0,Merge
9379068.919,E3,P516,0.4632613732600733,0.0024355585714285716,6038.594,1050.009,1.7217,12.467,0.2877628836912997,0.0,Merge
9482922.084,E3,P471,0.46569693183150185,0.0024355585714285716,6049.158,1050.009,1.8732,13.590,0.553094193613717,0.0,Merge
9507486.09,E10,P517,0.14002,0.0024355585714285716,4052.507,1050.009,2.0255,9.5617,0.9259779573991643,0.0,Hit+Run
9846284.208,M3,FRAG0041,0.2111933852314352,0.006294039294039295,4647.513,1440.910,3.9433,21.056,0.7446342989468281,0.0,Merge
9881353.56,P93,FRAG0045,0.005527466663336668,0.006294039294039295,1379.862,1440.910,9.7073,17.754,0.9293909985053621,0.0,Hit+Run
9883088.957,P93,FRAG0045,0.005527466663336668,0.006294039294039295,1379.862,1440.910,1.0001,1.8291,0.32310266567334683,0.0,Merge
10062036.01,E1,FRAG0069,0.3335588142257742,0.005753579753579754,5412.334,1398.427,2.5228,15.908,0.9494763622562115,0.0,Hit+Run
10094190.699,E0,P52,0.5289652969663668,0.0024355585714285716,6311.553,1050.009,3.2256,24.484,0.9269840194127906,0.0,Hit+Run
10194675.356,M3,FRAG0030,0.21748742452547448,0.007648351648351649,4693.230,1537.622,3.1403,16.864,0.9236037264321607,0.0,Hit+Run
10218014.757,M3,FRAG0037,0.21748742452547448,0.006200799200799201,4693.230,1433.759,2.6956,14.551,0.8685592484655229,0.0,Hit+Run
10232010.227,M3,FRAG0030,0.21748742452547448,0.007648351648351649,4693.230,1537.622,1.2562,6.7462,0.7260329733387374,0.0,Merge
10264431.085,E3,FRAG0064,0.4681324904029304,0.005753579753579754,6059.685,1398.427,1.0204,7.2669,0.748633659535791,0.0,Merge
10522837.099,E1,P643,0.3335588142257742,0.0024355585714285716,5412.334,1050.009,2.6737,17.224,0.11356754224327269,0.0,Merge
10547929.282,M3,FRAG0037,0.22513577617382613,0.006200799200799201,4747.613,1433.759,1.0666,5.8295,0.32004709001569714,0.0,Merge
10550614.604,M3,FRAG0019,0.23133657537462532,0.005623709623709623,4790.806,1387.825,1.9527,10.803,0.9686085198180987,0.0,Hit+Run
10583858.924,M3,FRAG0019,0.23133657537462532,0.005623709623709623,4790.806,1387.825,1.1287,6.2449,0.6513993095574645,0.0,Merge
10936737.579,E3,FRAG0028,0.4738860701565102,0.007518814518814519,6084.410,1528.892,1.4219,10.101,0.38073003502588243,0.0,Merge
11256519.51,E10,P470,0.14002,0.0024355585714285716,4052.507,1050.009,2.8117,13.273,0.5267249175290555,0.0,Merge
11398114.456,E3,P654,0.4814048846753247,0.0024355585714285716,6116.420,1050.009,1.264,9.2790,0.9109215190182247,0.0,Hit+Run
11900666.358,E0,P191,0.5289652969663668,0.0024355585714285716,6311.553,1050.009,2.4444,18.554,0.49530028488232436,0.0,Merge
11979101.608,E1,P716,0.3359943727972028,0.0024355585714285716,5425.476,1050.009,3.6275,23.429,0.9259901446699629,0.0,Hit+Run
12011801.053,E1,P716,0.3359943727972028,0.0024355585714285716,5425.476,1050.009,1.0215,6.5977,0.3479584754627539,0.0,Merge
12054351.848,E4,FRAG0069,0.05983555857142857,0.005753579753579754,3052.438,1398.427,2.5645,8.7953,0.23242027177640398,0.0,Merge
12167662.55,E0,P414,0.5314008555377954,0.0024355585714285716,6321.225,1050.009,1.1064,8.4120,0.8322552484733597,0.0,Merge
12196167.249,E0,P408,0.5338364141092239,0.0024355585714285716,6330.867,1050.009,2.7854,21.212,0.7958103933451747,0.0,Merge
12203287.615,E1,P494,0.33842993136863136,0.0024355585714285716,5438.553,1050.009,2.1801,14.117,0.6703726085834948,0.0,Merge
12232147.236,E3,FRAG0062,0.4814048846753247,0.005753579753579754,6116.420,1398.427,1.2851,9.2441,0.7973076377922846,0.0,Merge
12381980.978,E8,E16,0.11607555857142857,0.04256,3806.923,2724.756,2.4055,10.591,0.27131194101292055,0.058145188145188154,Fragment
12664622.478,E0,P335,0.5362719726806524,0.0024355585714285716,6340.481,1050.009,2.4999,19.068,0.8300416722772163,0.0,Merge
13464397.872,E1,P751,0.34086548994005994,0.0024355585714285716,5451.569,1050.009,3.2128,20.857,0.1400293756411598,0.0,Merge
13512245.96,E0,FRAG0010,0.5387075312520809,0.0072271062271062276,6350.065,1508.859,2.518,18.750,0.16709583340630402,0.0,Merge
13708902.844,E12,P790,0.1082822342857143,0.0024355585714285716,3719.742,1050.009,2.9977,12.903,0.587001175478255,0.0,Merge
13748269.324,M3,P239,0.23696028499833494,0.0024355585714285716,4829.316,1050.009,4.1414,23.610,0.8504020940968778,0.0,Hit+Run
13784181.875,E12,E5,0.11071779285714288,0.07837111714285715,3747.425,3339.739,1.0288,4.7477,0.5940115712630643,0.007657116217116217,Graze+Merge
13936951.269,E3,E12,0.4871584644289045,0.18908891000000003,6140.691,4479.359,1.0293,7.3381,0.9049670870494602,0.007657116217116217,Graze+Merge
13945398.842,M3,P239,0.23696028499833494,0.0024355585714285716,4829.316,1050.009,1.2091,6.8930,0.8159030233424404,0.0,Merge
14379317.545,P148,FRAG0079,0.0024355585714285716,0.005814518814518815,1050.009,1403.347,3.9008,6.3908,0.5338307074279031,0.0,Hit+Run
14427099.158,P212,P851,0.0024355585714285716,0.0024355585714285716,1050.009,1050.009,23.687,32.231,0.44405,0.0,Merge
14508523.139,E3,FRAG0060,0.6762473744289045,0.005753579753579754,6850.081,1398.427,1.0512,8.5397,0.9066164656648694,0.0,Hit+Run
14654482.49,E3,FRAG0060,0.6762473744289045,0.005753579753579754,6850.081,1398.427,1.011,8.2132,0.9824377382811584,0.0,Graze+Merge
14674708.432,E10,P828,0.14245555857142858,0.0024355585714285716,4075.869,1050.009,1.9356,9.1941,0.5081836837718869,0.0,Merge
14776613.321,E0,P52,0.5459346374791871,0.0024355585714285716,6378.336,1050.009,2.186,16.780,0.4905457331366179,0.0,Merge
14868506.059,M3,P453,0.2393958435697635,0.0024355585714285716,4845.806,1050.009,5.6696,32.440,0.46758228760920384,0.0,Merge
14877981.031,E0,FRAG0084,0.5483701960506157,0.005814518814518815,6387.807,1403.347,2.1442,16.156,0.9109680383344249,0.0,Hit+Run
15069748.114,E0,P687,0.5483701960506157,0.0024355585714285716,6387.807,1050.009,1.8096,13.912,0.8220703737497923,0.0,Merge
15243809.714,P218,P664,0.0024355585714285716,0.0024355585714285716,1050.009,1050.009,12.580,17.117,0.1915,0.0,Merge
15353444.733,E3,P693,0.6820009541824842,0.0024355585714285716,6869.453,1050.009,1.5738,13.071,0.5770905416982988,0.0,Merge
15587893.29,P188,FRAG0071,0.0024355585714285716,0.005753579753579754,1050.009,1398.427,13.288,21.712,0.4123812092599122,0.0,Fragment
15596229.666,M3,FRAG0047,0.2418314021411921,0.005581085581085581,4862.184,1384.310,2.8344,15.937,0.5891604176268241,0.0,Merge
16015872.039,E3,P355,0.6844365127539127,0.0024355585714285716,6877.621,1050.009,1.1397,9.4779,0.816018105483067,0.0,Merge
16151688.051,E1,FRAG0065,0.3433010485114885,0.005753579753579754,5464.522,1398.427,1.5598,9.9384,0.6650156765996237,0.0,Merge
16213746.582,E3,P621,0.6868720713253412,0.0024355585714285716,6885.769,1050.009,1.0013,8.3374,0.9240862380706217,0.0,Graze+Merge
16231658.199,E1,FRAG0084,0.3490546282650683,0.005814518814518815,5494.881,1403.347,1.0188,6.5284,0.3624366777259168,0.0,Merge
16248553.385,E1,P481,0.3548691470795871,0.0024355585714285716,5525.224,1050.009,2.1034,13.852,0.9963536413698142,0.0,Hit+Run
16310580.973,E0,P188,0.5508057546220442,0.008189144189144189,6397.250,1573.040,1.587,11.874,0.8065698769497232,0.0,Hit+Run
16393414.397,E1,P188,0.3548691470795871,0.008189144189144189,5525.224,1573.040,1.0899,6.9639,0.6255926859446596,0.0,Merge
16759745.059,P93,P511,0.011821505957375963,0.0024355585714285716,1777.807,1050.009,17.252,34.608,0.6438367512715352,0.00872960372960373,Graze+Frag
16762270.999,E8,P820,0.10049037042624043,0.0024355585714285716,3628.290,1050.009,3.0432,12.752,0.7767982789924018,0.0,Hit+Run
17038062.347,P112,FRAG0073,0.0024355585714285716,0.005753579753579754,1050.009,1398.427,8.7238,14.254,0.6066498113759066,0.00799928737928738,Graze+Frag
17226675.64,E3,P378,0.6893076298967697,0.0024355585714285716,6893.898,1050.009,3.392,28.279,0.2858605688087153,0.0,Merge
17340367.925,E0,P353,0.5508057546220442,0.0024355585714285716,6397.250,1050.009,2.0435,15.735,0.9438771404560857,0.0,Hit+Run
17522005.992,E3,P653,0.6917431884681983,0.0024355585714285716,6902.008,1050.009,1.8403,15.361,0.7802931715319023,0.0,Merge
17531609.364,E1,P353,0.3630582912687313,0.0024355585714285716,5567.402,1050.009,1.0302,6.8402,0.8055698569056943,0.0,Merge
17644865.977,E3,FRAG0068,0.6941787470396268,0.005753579753579754,6910.099,1398.427,1.9129,15.686,0.9298268370482847,0.0,Hit+Run
17937310.82,E3,P256,0.6941787470396268,0.0024355585714285716,6910.099,1050.009,2.0608,17.223,0.9805088101089242,0.0,Hit+Run
18714499.753,P8,P401,0.0024355585714285716,0.0024355585714285716,1050.009,1050.009,8.7851,11.953,0.82035,0.0,Graze+Frag
18951410.676,E3,FRAG0055,0.6941787470396268,0.005753579753579754,6910.099,1398.427,1.5041,12.333,0.708265236520858,0.0,Merge
19564279.879,M3,FRAG0088,0.24741248772227767,0.00872960372960373,4899.304,1606.911,3.7931,21.263,0.24284862369373625,0.008125208125208125,Fragment
19687552.117,E0,P832,0.5508057546220442,0.0024355585714285716,6397.250,1050.009,2.3018,17.724,0.7170992326653989,0.0,Merge
20107021.983,E10,P201,0.14489111714285716,0.0024355585714285716,4098.967,1050.009,2.7958,13.361,0.5158560056798378,0.0,Merge
20198405.814,M3,FRAG0089,0.24801688332667327,0.008125208125208125,4903.290,1568.936,1.1686,6.5680,0.3659156735666041,0.0,Merge
20697702.497,P130,P681,0.0024355585714285716,0.0024355585714285716,1050.009,1050.009,14.871,20.235,0.7656,0.0,Graze+Frag
20953841.565,E9,P281,0.005530383746253781,0.0024355585714285716,1380.105,1050.009,11.621,18.797,0.6930867391344816,0.007773200133200132,Graze+Frag
20964656.565,M3,P801,0.2561420914518814,0.0024355585714285716,4956.261,1050.009,5.6661,33.215,0.21859046476479185,0.0,Merge
21114596.299,E3,FRAG0068,0.6999323267932065,0.005753579753579754,6929.137,1398.427,1.1359,9.3420,0.2527836214532125,0.0,Merge
21299442.388,E3,P839,0.7056859065467862,0.0024355585714285716,6948.072,1050.009,1.4742,12.392,0.9462068788601604,0.0,Hit+Run
21524610.808,P48,FRAG0061,0.0024355585714285716,0.005753579753579754,1050.009,1398.427,19.682,32.159,0.8508364384064744,0.007824608724608724,Graze+Frag
21538469.623,E1,P112,0.36549384984015987,0.008189144189144189,5579.824,1573.040,2.4753,15.984,0.9743229305545225,0.0,Hit+Run
22683492.538,E0,P112,0.5532413131934727,0.008189144189144189,6406.665,1573.040,1.003,7.5164,0.8357072009323863,0.0,Graze+Merge
22708239.185,P36,P322,0.0024355585714285716,0.0024355585714285716,1050.009,1050.009,19.184,26.104,0.7542500000000001,0.0,Graze+Frag
22791107.114,M3,P655,0.25857765002330996,0.0024355585714285716,4971.920,1050.009,6.8821,40.480,0.98646949844589,0.0,Hit+Run
22795635.895,M3,P655,0.25857765002330996,0.0024355585714285716,4971.920,1050.009,1.0542,6.2007,0.910263326110306,0.0,Hit+Run
22832167.246,M3,P655,0.25857765002330996,0.0024355585714285716,4971.920,1050.009,1.1935,7.0200,0.9198406998816253,0.0,Hit+Run
23086565.457,M3,P93,0.25857765002330996,0.005527460799200804,4971.920,1379.862,4.7142,27.158,0.13369538173187814,0.0,Merge
23233245.077,E3,E17,0.7056859065467862,0.040959999999999996,6948.072,2690.174,1.1557,9.0878,0.3545314753596956,0.0,Merge
24413638.126,E0,P48,0.5614304573826169,0.008189144189144189,6438.121,1573.040,1.4103,10.624,0.9304588634439113,0.0,Hit+Run
24444686.915,E0,P48,0.5614304573826169,0.008189144189144189,6438.121,1573.040,1.1649,8.7758,0.09370487431124552,0.0,Merge
24805936.969,E15,P145,0.11671555857142858,0.0024355585714285716,3813.907,1050.009,1.5399,6.8093,0.10185752231934878,0.0,Merge
24968472.37,E3,E9,0.7466459065467862,0.007963369963369965,7079.980,1558.449,2.1802,18.205,0.5848602065396874,0.0,Merge
25203620.125,E0,P481,0.5696196015717611,0.0024355585714285716,6469.273,1050.009,1.5108,11.773,0.8332564483301116,0.0,Merge
25570837.922,E10,FRAG0082,0.14732667571428573,0.005814518814518815,4121.806,1403.347,2.2218,10.450,0.696025093384896,0.0,Merge
27943985.945,P75,P679,0.0024355585714285716,0.0024355585714285716,1050.009,1050.009,9.3835,12.768,0.92965,0.0,Hit+Run
28028577.28,E10,E15,0.15314119452880454,0.11915111714285716,4175.333,3840.253,2.2205,11.562,0.9905989366171288,0.0,Hit+Run
29132552.237,E3,FRAG0056,0.7546092765101562,0.005753579753579754,7105.062,1398.427,1.2033,10.165,0.8615321583697118,0.0,Hit+Run
29178188.439,E0,P541,0.5720551601431896,0.0024355585714285716,6478.480,1050.009,2.0658,16.122,0.5388629449295916,0.0,Merge
29249408.134,E0,P2,0.5744907187146181,0.0024355585714285716,6487.661,1050.009,3.8378,29.997,0.5879430623193405,0.0,Merge
30518847.766,E3,E8,0.7546092765101562,0.10049037042624043,7105.062,3628.290,1.272,10.143,0.6064888109848798,0.014403596403596404,Fragment
31953028.569,P63,P654,0.0024355585714285716,0.0024355585714285716,1050.009,1050.009,34.687,47.199,0.4892,0.0,Merge
32049657.318,M3,P706,0.26410511082251076,0.0024355585714285716,5007.098,1050.009,3.2889,19.492,0.5231857237910379,0.0,Merge
32614369.346,M3,FRAG0066,0.26654066939393933,0.005753579753579754,5022.442,1398.427,3.0093,17.508,0.7673440412929317,0.0,Merge
32709169.458,P3,P634,0.0024355585714285716,0.0024355585714285716,1050.009,1050.009,7.1026,9.6644,0.7691,0.0,Graze+Frag
32909638.975,E1,P517,0.36549384984015987,0.0024355585714285716,5579.824,1050.009,5.4308,36.145,0.7806899736393582,0.0,Merge
32981469.563,E0,P781,0.5769262772860466,0.0024355585714285716,6496.816,1050.009,3.5754,27.988,0.9194063497383181,0.0,Hit+Run
34951296.658,E3,P682,0.8406960505328002,0.0024355585714285716,7365.578,1050.009,2.6431,23.636,0.6025961070647874,0.0,Merge
35401160.341,E0,E15,0.5769262772860466,0.11915111714285716,6496.816,3840.253,1.2292,9.0117,0.5286287588903873,0.023834831834831836,Fragment
37233835.278,E0,FRAG0094,0.672242562594072,0.005958707958707959,6836.532,1414.852,2.5143,20.365,0.5060670320525108,0.0,Merge
37760296.306,E10,P428,0.15314119452880454,0.0024355585714285716,4175.333,1050.009,5.1906,25.304,0.12768889141971665,0.0,Merge
37863037.191,E1,E10,0.36792940841158844,0.1555767531002331,5592.191,4197.352,1.3909,9.0872,0.9615704292145275,0.0,Hit+Run
38170991.485,M3,P148,0.2722942491475191,0.0024355585714285716,5058.324,1050.009,7.4603,44.699,0.9419661320971745,0.0,Hit+Run
38175323.801,M3,P148,0.2722942491475191,0.0024355585714285716,5058.324,1050.009,1.1083,6.6405,0.6923761609199539,0.0,Merge
38591284.322,E1,FRAG0009,0.36792940841158844,0.0072271062271062276,5592.191,1508.859,3.0374,19.724,0.48510990390852576,0.0,Merge
38992437.645,E10,FRAG0095,0.1555767531002331,0.005958707958707959,4197.352,1414.852,1.8963,9.0893,0.6503713910835067,0.0,Merge
39098791.605,E1,FRAG0092,0.37515651463869465,0.005958707958707959,5628.569,1414.852,1.1816,7.7654,0.1727706627413533,0.0,Merge
39970086.204,E0,FRAG0093,0.67820127055278,0.005958707958707959,6856.672,1414.852,3.1412,25.523,0.7448935630720596,0.0,Merge
40140159.568,E3,P278,0.8431316091042287,0.0024355585714285716,7372.684,1050.009,3.195,28.600,0.9096487878764339,0.0,Hit+Run
40271110.729,E3,FRAG0059,0.8431316091042287,0.005753579753579754,7372.684,1398.427,1.602,14.080,0.7264157684824054,0.0,Merge
40293501.824,E3,P278,0.8488851888578084,0.0024355585714285716,7389.416,1050.009,1.0594,9.5062,0.5529305373061004,0.0,Merge
40756152.581,E1,FRAG0063,0.3811152225974026,0.005753579753579754,5658.212,1398.427,3.0793,20.370,0.17359579849263101,0.0,Merge
41576377.195,E0,FRAG0085,0.684159978511488,0.005814518814518815,6876.694,1403.347,1.822,14.859,0.8091702641375216,0.0,Merge
44115845.179,P212,FRAG0087,0.004871117142857143,0.005814518814518815,1322.929,1403.347,6.2799,11.107,0.27649623951147756,0.0,Fragment
44694715.765,E0,E10,0.6899744973260068,0.16153546105894107,6896.120,4250.269,1.6267,12.702,0.8493327745246747,0.008697302697302697,Hit+Run+Frag
44710320.334,E0,E10,0.6899754928504823,0.15283716283716284,6896.124,4172.568,1.0385,8.0962,0.21226620979618277,0.03563720945720946,Fragment
44868093.704,E0,FRAG0101,0.8071762920512815,0.005939393939393939,7266.355,1413.322,1.0064,8.7026,0.7295088953311843,0.0,Merge
44966500.128,E0,P447,0.8131156859906754,0.0024355585714285716,7284.134,1050.009,3.5584,31.449,0.7762966416658994,0.0,Merge
45077522.882,E0,FRAG0102,0.8155512445621039,0.005939393939393939,7291.400,1413.322,1.0924,9.4811,0.8192092684704095,0.0,Merge
45545483.997,E0,FRAG0099,0.8214906385014978,0.005939393939393939,7309.057,1413.322,1.5558,13.538,0.9579627018472266,0.0,Hit+Run
45559623.185,M3,FRAG0097,0.27472980771894767,0.005939393939393939,5073.361,1413.322,4.2926,25.226,0.43994217449966816,0.0,Merge
45771609.296,E1,FRAG0056,0.38686880235098237,0.005753579753579754,5686.544,1398.427,2.9191,19.414,0.4936116793630233,0.0,Merge
45877173.07,E0,FRAG0099,0.8214906385014978,0.005939393939393939,7309.057,1413.322,1.0484,9.1228,0.5678057442019601,0.0,Merge
45920278.977,E0,FRAG0096,0.8274300324408917,0.008697302697302697,7326.630,1604.927,1.0825,9.3574,0.17521783909170502,0.0,Merge
46728828.217,E0,P848,0.8361273351381945,0.0024355585714285716,7352.211,1050.009,4.0045,35.741,0.8741568418428274,0.0,Merge
48013852.198,E1,P398,0.39262238210456213,0.0024355585714285716,5714.596,1050.009,4.3406,29.635,0.7323387910701196,0.0,Merge
48399982.077,M3,P389,0.28066920165834164,0.0024355585714285716,5109.661,1050.009,3.2745,19.833,0.7745365970028696,0.0,Merge
48405650.791,P62,FRAG0072,0.0024355585714285716,0.005753579753579754,1050.009,1398.427,11.683,19.090,0.24109891414925397,0.0,Fragment
48731254.86,E0,P661,0.838562893709623,0.0024355585714285716,7359.343,1050.009,2.1891,19.558,0.8133531245177601,0.0,Merge
49646981.497,E0,P781,0.8409984522810515,0.0024355585714285716,7366.461,1050.009,2.775,24.818,0.9810603905598243,0.0,Hit+Run
50627478.929,E0,P275,0.8409984522810515,0.0024355585714285716,7366.461,1050.009,2.905,25.981,0.956115952045278,0.0,Hit+Run
51219590.646,E1,P62,0.3950579406759907,0.008189144189144189,5726.388,1573.040,2.9459,19.562,0.6861220268993398,0.0,Merge
51940550.921,P209,P312,0.0024355585714285716,0.0024355585714285716,1050.009,1050.009,19.363,26.347,0.55615,0.0,Graze+Frag
52921507.359,E0,P781,0.8409984522810515,0.0024355585714285716,7366.461,1050.009,1.4736,13.179,0.7789666764191664,0.0,Merge
53415356.312,P305,P720,0.0024355585714285716,0.0024355585714285716,1050.009,1050.009,18.039,24.545,0.46755,0.0,Merge
53588726.323,M3,P582,0.2831047602297702,0.0024355585714285716,5124.398,1050.009,7.2224,43.880,0.7801451303316219,0.0,Merge
54080298.89,E1,P275,0.4032470848651349,0.0024355585714285716,5765.685,1050.009,1.223,8.4298,0.5744794609381805,0.0,Merge
56472206.039,E3,P50,0.8513207474292369,0.0024355585714285716,7396.477,1050.009,2.0037,17.997,0.8629893387349921,0.0,Merge
56875079.062,E3,P36,0.8537563060006654,0.004871128871128871,7403.524,1322.930,2.0848,18.475,0.8233721932330408,0.0,Merge
57543638.758,E0,FRAG0100,0.84343401085248,0.005939393939393939,7373.565,1413.322,2.0237,17.776,0.910148087551555,0.0,Hit+Run
58135389.01,E1,P206,0.40568264343656346,0.0024355585714285716,5777.269,1050.009,2.9896,20.650,0.8682050732411806,0.0,Hit+Run
58149381.767,E0,FRAG0100,0.84343401085248,0.005939393939393939,7373.565,1413.322,1.2072,10.603,0.9337283579371336,0.0,Hit+Run
58622400.902,E0,P206,0.84343401085248,0.0024355585714285716,7373.565,1050.009,1.8025,16.137,0.5226706935017652,0.0,Merge
58815844.427,E0,P677,0.8458695694239086,0.0024355585714285716,7380.656,1050.009,2.814,25.218,0.6878438251866296,0.0,Merge
59670099.011,E0,P763,0.8483051279953371,0.0024355585714285716,7387.733,1050.009,2.6638,23.897,0.7054370603608748,0.0,Merge
59955631.39,E0,FRAG0098,0.8507406865667656,0.005939393939393939,7394.796,1413.322,1.8648,16.430,0.8214930522833123,0.0,Merge
63399252.55,E1,FRAG0080,0.40568264343656346,0.005814518814518815,5777.269,1403.347,4.0063,27.095,0.6075266914462804,0.0,Merge
65241294.95,E0,P839,0.8566800805061595,0.0024355585714285716,7411.965,1050.009,3.428,30.859,0.517577781849949,0.0,Merge
66440135.948,E0,FRAG0091,0.859115639077588,0.007201798201798202,7418.983,1507.095,2.1587,19.000,0.7977455902805108,0.0,Merge
71213806.381,E1,P329,0.4114971622510823,0.0024355585714285716,5804.740,1050.009,1.9039,13.218,0.13489844411856727,0.0,Merge
71279865.2,M3,FRAG0100,0.2855403188011988,0.005939393939393939,5139.051,1413.322,4.9177,29.303,0.684148185838693,0.0,Merge
75818546.781,P226,P543,0.0024355585714285716,0.0024355585714285716,1050.009,1050.009,31.404,42.732,0.6207,0.0,Graze+Frag
76262137.302,E0,P226,0.8663174372793863,0.004871128871128871,7439.656,1322.930,1.4579,12.987,0.9245883445625995,0.0,Hit+Run
76623191.731,E3,P276,0.8586274348717943,0.0024355585714285716,7417.577,1050.009,1.465,13.198,0.7214707791860495,0.0,Merge
77423531.662,M3,P226,0.2914797127405927,0.004871128871128871,5174.439,1322.930,1.9533,11.785,0.9795594904016044,0.0,Hit+Run
77621016.52,M3,P226,0.2914797127405927,0.004871128871128871,5174.439,1322.930,0.9954,6.0060,0.7761615279230925,0.0,Perfect
79355289.064,E0,P240,0.8663174372793863,0.0024355585714285716,7439.656,1050.009,2.5895,23.403,0.23336376648846544,0.0,Merge
79559611.382,E3,P22,0.8610629934432228,0.0024355585714285716,7424.584,1050.009,2.3006,20.747,0.7258481062168426,0.0,Merge
82104496.929,M3,P351,0.2963508416117216,0.0024355585714285716,5203.104,1050.009,6.266,38.697,0.523046810169862,0.0,Merge
82303571.125,M3,P155,0.29878640018315017,0.0024355585714285716,5217.319,1050.009,5.7512,35.621,0.9222024677447831,0.0,Hit+Run
82322969.15,M3,P155,0.29878640018315017,0.0024355585714285716,5217.319,1050.009,1.0484,6.4936,0.5932963520145397,0.0,Merge
84864210.088,P213,P858,0.0024355585714285716,0.0024355585714285716,1050.009,1050.009,2.7778,3.7797,0.42040000000000005,0.0,Merge
92966068.811,E1,P209,0.41393272082251087,0.004871128871128871,5816.170,1322.930,3.1453,21.523,0.5879634079019393,0.0,Merge
97805156.345,E0,P336,0.8687529958508148,0.0024355585714285716,7446.621,1050.009,4.1183,37.257,0.8297948865882167,0.0,Merge
109587873.588,P130,P63,0.004871128871128871,0.004871117142857143,1322.930,1322.929,24.445,41.908,0.941900377970991,0.0,Hit+Run
112893763.221,M3,P63,0.30122195875457874,0.004871117142857143,5231.457,1322.929,3.8949,23.780,0.9399944721039845,0.0,Hit+Run
112894739.708,M3,P63,0.30122195875457874,0.004871117142857143,5231.457,1322.929,1.0629,6.4894,0.6631123439110047,0.0,Merge
113615564.067,P227,P505,0.0024355585714285716,0.0024355585714285716,1050.009,1050.009,1.8657,2.5386,0.60215,0.0,Hit+Run
114232156.987,M3,P130,0.3060930758974359,0.004871128871128871,5259.506,1322.930,3.1835,19.548,0.8784438700784055,0.0,Hit+Run
129865821.458,E1,P736,0.41880384969363976,0.0024355585714285716,5838.896,1050.009,4.0834,28.527,0.6713677926797402,0.0,Merge
155212249.843,E3,FRAG0057,0.8634985520146513,0.005753579753579754,7431.578,1398.427,2.7188,24.100,0.9789814698430567,0.0,Hit+Run
198720398.001,P222,P843,0.0024355585714285716,0.0024355585714285716,1050.009,1050.009,1.9447,2.6461,0.3908,0.0,Merge
