time_yr,target,projectile,Mt_Mearth,Mp_Mearth,Rt_km,Rp_km,vimp/vesc,vimp_km/s,b,m_frag_Mearth,Regime
67125.007,E18,P337,0.027500000000000004,0.0025,2355.617,1059.189,1.2814,3.3932,0.8640740275028168,0.0,Hit+Run
270653.415,P12,P78,0.0025000000000000022,0.0025000000000000022,1059.189,1059.189,7.5913,10.419,0.7923,0.0,Graze+Frag
272559.4,E53,P669,0.08750000000000001,0.0025,3464.680,1059.189,1.6475,6.5652,0.48464027733531995,0.0,Merge
309284.777,E9,P69,0.2825000000000001,0.0025,5120.747,1059.189,1.5487,9.3962,0.4530830163693682,0.0,Merge
310752.471,E38,P412,0.024999999999999974,0.0025,2281.955,1059.189,5.654,14.492,0.6278007192018582,0.005940725940725941,Fragment
365220.456,E22,P260,0.030000000000000002,0.0025000000000000022,2424.939,1059.189,2.1901,5.9760,0.6219418672739365,0.0,Merge
425063.352,E83,P607,0.025,0.0025,2281.955,1059.189,1.4587,3.7388,0.5730935416473882,0.0,Merge
700084.042,E34,P359,0.065,0.0025,3137.846,1059.189,2.5113,8.9978,0.696047085491698,0.0,Merge
780647.467,E53,P541,0.09000000000000001,0.0025,3497.368,1059.189,1.495,6.0179,0.39559323196773466,0.0,Merge
854157.525,E12,P49,0.2725000000000001,0.0024999999999999905,5059.598,1059.189,2.0628,12.355,0.5865169536903866,0.0,Merge
923249.787,E41,P508,0.03250000000000001,0.0025,2490.510,1059.189,1.4569,4.0871,0.9689955315742321,0.0,Hit+Run
960795.472,E55,P375,0.08750000000000001,0.0025,3464.680,1059.189,3.498,13.939,0.4480318619487392,0.0,Merge
967170.718,E10,P488,0.16816775061674571,0.0025000000000000022,4307.660,1059.189,1.3845,6.9753,0.7783220969608494,0.0,Merge
1143087.03,E38,P548,0.021559274059274033,0.0025,2172.060,1059.189,1.0868,2.6494,0.8331972345620079,0.0,Hit+Run
1229787.55,E12,P492,0.2750000000000001,0.0025,5075.023,1059.189,2.3077,13.867,0.6570660985386074,0.0,Merge
1275273.0,E19,P422,0.0625,0.0025,3097.090,1059.189,3.3299,11.765,0.6649055131426638,0.0,Merge
1364949.26,E12,P48,0.2775000000000001,0.0025,5090.356,1059.189,1.3193,7.9535,0.9827181947198544,0.0,Hit+Run
1369273.004,E34,P234,0.0675,0.0025,3177.569,1059.189,3.634,13.196,0.226575,0.0,Merge
1572770.068,E37,E52,0.025,0.025,2281.955,2281.955,1.0362,3.0642,0.65795,0.0,Graze+Merge
1626752.613,E9,P99,0.2850000000000001,0.0025,5135.808,1059.189,2.4128,14.685,0.17732844300129524,0.0,Merge
1669143.03,P17,P284,0.0025000000000000022,0.0025,1059.189,1059.189,24.571,33.726,0.5346000000000001,0.0,Graze+Frag
1771091.269,E82,P336,0.03250000000000001,0.0025,2490.510,1059.189,2.9251,8.2060,0.6882808026025065,0.0,Merge
1941096.226,E33,E12,0.28888625017024094,0.2775000000000001,5159.046,5090.356,1.0227,6.7922,0.7334326786386165,0.0,Graze+Merge
2000408.657,E10,E4,0.17066775061674572,0.027500000000000004,4328.901,2355.617,1.5393,7.4879,0.07751784474615575,0.012192474192474193,Fragment
2116499.373,E5,P205,0.047500000000000035,0.002500000000000014,2826.344,1059.189,6.808,21.819,0.9267825244329796,0.0,Hit+Run
2197111.442,E40,P378,0.027499999999999972,0.0025,2355.617,1059.189,3.6088,9.5564,0.4257596118271903,0.0,Merge
2342504.847,E33,E20,0.566386250170241,0.035,6457.009,2552.798,1.0239,7.4736,0.7659710104181442,0.0,Graze+Merge
2348177.398,E55,P258,0.09000000000000001,0.0025,3497.368,1059.189,2.616,10.530,0.9339500284407054,0.0,Hit+Run
2375187.571,E33,E55,0.601386250170241,0.09000000000000001,6587.364,3497.368,1.2811,9.4769,0.8677784458838872,0.0,Hit+Run
2441596.502,E33,FRAG1007,0.601386250170241,0.006444083127751432,6587.364,1452.270,2.0584,15.990,0.9637325492694705,0.0,Hit+Run
2718426.166,E9,P217,0.2875000000000001,0.0025000000000000022,5150.781,1059.189,1.3934,8.5072,0.23804848458679861,0.0,Merge
2927459.119,E33,P310,0.601386250170241,0.0025,6587.364,1059.189,1.5905,12.628,0.8862059209611469,0.0,Hit+Run
2951886.065,E33,P205,0.601386250170241,0.002500000000000014,6587.364,1059.189,1.8092,14.364,0.7280379350678187,0.0,Merge
2986691.38,E33,P168,0.6038862501702411,0.002500000000000014,6596.479,1059.189,1.8216,14.484,0.7582487749411667,0.0,Merge
3217158.934,E9,P17,0.2900000000000001,0.005,5165.668,1334.495,1.8535,11.155,0.1474165062706061,0.0,Merge
3346774.762,E10,P313,0.18597527642427153,0.0025,4454.636,1059.189,1.5024,7.8477,0.9161619059954299,0.0,Hit+Run
3352900.132,E33,P250,0.6063862501702412,0.0025,6605.570,1059.189,1.7822,14.191,0.7676145414823679,0.0,Merge
3643394.93,P15,P251,0.0025000000000000022,0.0025000000000000022,1059.189,1059.189,7.9675,10.936,0.55225,0.0,Graze+Frag
4012733.77,E55,P61,0.09000000000000001,0.0025,3497.368,1059.189,1.8468,7.4341,0.9207482364541997,0.0,Hit+Run
4316882.629,E33,P149,0.6088862501702411,0.0025,6614.635,1059.189,2.3886,19.048,0.23014696940691035,0.0,Merge
4351512.623,E53,P448,0.09250000000000001,0.0025,3529.455,1059.189,3.6691,14.915,0.8817782794931325,0.0,Hit+Run
4653975.929,E33,P199,0.6113862501702411,0.0025,6623.675,1059.189,1.2456,9.9475,0.28855694799730625,0.0,Merge
4800832.001,E25,FRAG1002,0.035,0.006113749829759151,2552.798,1427.018,4.7809,13.728,0.7825520149271198,0.0,Hit+Run
4982259.198,E9,P67,0.2950000000000001,0.0025,5195.187,1059.189,2.6847,16.542,0.752484211565417,0.0,Merge
4998275.222,E33,P48,0.613886250170241,0.0025,6632.691,1059.189,1.4375,11.496,0.6392212712935013,0.0,Merge
5006922.559,E9,P15,0.2975000000000001,0.005,5209.821,1334.495,2.2213,13.492,0.1358118069004539,0.0,Merge
5009611.92,E67,P94,0.076860286037426,0.0025,3318.138,1059.189,3.5537,13.518,0.280243034169327,0.0,Merge
5079259.73,E55,P645,0.09000000000000001,0.0025,3497.368,1059.189,1.4278,5.7474,0.44594425256743075,0.0,Merge
5093913.959,E10,P320,0.18597527642427153,0.0025,4454.636,1059.189,2.269,11.852,0.8005509988102925,0.0,Merge
5293344.016,E33,P164,0.616386250170241,0.0025000000000000022,6641.683,1059.189,1.7595,14.092,0.5032445125657045,0.0,Merge
5302175.878,E33,P500,0.618886250170241,0.0025,6650.650,1059.189,3.7047,29.714,0.8514043951595754,0.0,Merge
5444109.515,E9,P107,0.3025000000000001,0.0024999999999999905,5238.846,1059.189,4.4124,27.433,0.23964797120800604,0.0,Merge
5930899.657,E33,P374,0.621386250170241,0.0025,6659.593,1059.189,3.5157,28.238,0.3564134295416428,0.0,Merge
6057278.409,E19,P215,0.065,0.0025,3137.846,1059.189,2.5356,9.0848,0.6430398477243925,0.0,Merge
6421299.525,E33,FRAG1007,0.6238862501702409,0.006444083127751432,6668.512,1452.270,1.3864,10.912,0.4434297418876317,0.0,Merge
6500413.18,E33,P570,0.6303303332979924,0.0025,6691.393,1059.189,3.4954,28.218,0.5728265020963627,0.0,Merge
6533647.181,E9,P333,0.3050000000000001,0.0025000000000000022,5253.238,1059.189,4.0147,25.034,0.8709864164706507,0.0,Hit+Run
6599759.747,E9,P333,0.3050000000000001,0.0025000000000000022,5253.238,1059.189,1.043,6.5037,0.9679383728234415,0.0,Hit+Run
6637368.414,E10,E18,0.18847527642427153,0.027500000000000004,4474.508,2355.617,1.7221,8.6517,0.9516835408624138,0.0,Hit+Run
7297481.3,E10,P384,0.18847527642427153,0.0025,4474.508,1059.189,1.1458,6.0137,0.8864602321061087,0.0,Hit+Run
7312828.202,E33,P334,0.6328303332979923,0.0025,6700.228,1059.189,1.3742,11.109,0.4342522486031851,0.0,Merge
7432600.145,E49,P496,0.0625,0.0025000000000000022,3097.090,1059.189,5.001,17.669,0.6479904003461395,0.0,Merge
7465187.705,E31,P185,0.037500000000000006,0.0025,2612.187,1059.189,1.6338,4.8180,0.8515951039540213,0.0,Hit+Run
7500634.55,E33,P160,0.6353303332979923,0.0025000000000000022,6709.040,1059.189,1.0568,8.5554,0.36394255474313014,0.0,Merge
7764420.401,E9,P474,0.3050000000000001,0.0025,5253.238,1059.189,3.2459,20.240,0.7935080719518111,0.0,Merge
8010625.806,P5,P327,0.002500000000000014,0.0025000000000000022,1059.189,1059.189,24.052,33.013,0.9790500000000008,0.0,Hit+Run
8025126.267,E5,P240,0.047500000000000035,0.0025,2826.344,1059.189,4.6007,14.744,0.5820668519356963,0.0,Merge
8540365.748,E33,P76,0.6378303332979922,0.0025,6717.828,1059.189,2.4374,19.759,0.7587664319138143,0.0,Merge
8686386.55,E33,FRAG1002,0.6403303332979922,0.006113749829759151,6726.593,1427.018,2.7907,22.200,0.80881356346213,0.0,Merge
8929146.31,E9,P128,0.3075000000000001,0.0025,5267.552,1059.189,2.8296,17.695,0.25984986084290984,0.0,Merge
8966385.245,P5,P126,0.002500000000000014,0.0025,1059.189,1059.189,18.812,25.821,0.7392500000000007,0.0,Graze+Frag
9156072.424,E9,P59,0.3100000000000001,0.0025,5281.789,1059.189,3.5011,21.958,0.9741480550863626,0.0,Hit+Run
9157789.124,E9,P59,0.3100000000000001,0.0025,5281.789,1059.189,1.0478,6.5717,0.968483919323569,0.0,Hit+Run
9358899.009,E10,P145,0.18847527642427153,0.0025,4474.508,1059.189,2.1713,11.396,0.26562271845923263,0.0,Merge
9376540.806,E33,P392,0.6464440831277513,0.0025,6747.934,1059.189,1.5323,12.481,0.8944954587963473,0.0,Hit+Run
9669750.638,E55,FRAG1005,0.09250000000000001,0.006444083127751432,3529.455,1452.270,1.9552,7.7849,0.5405705883321937,0.0,Merge
9825757.266,E5,P366,0.05000000000000004,0.0025,2875.083,1059.189,2.3949,7.8161,0.10610908051068631,0.0,Merge
10267388.184,E9,P59,0.3100000000000001,0.0025,5281.789,1059.189,1.5879,9.9592,0.8538684662411546,0.0,Hit+Run
10267946.645,E9,P59,0.3100000000000001,0.0025,5281.789,1059.189,1.0485,6.5761,0.5797409545447698,0.0,Merge
10377602.678,E9,P139,0.3125000000000001,0.0025,5295.949,1059.189,4.3676,27.472,0.8200000000000001,0.0,Merge
10377675.614,E67,E35,0.07936028603742601,0.030000000000000002,3353.731,2424.939,5.1722,20.102,0.8605634037682117,0.02284648684648685,Hit+Run+Frag
10428586.414,E40,FRAG0001,0.02999999999999997,0.005940725940725941,2424.939,1413.428,5.5432,15.154,0.5499499162817696,0.02220464202464202,Fragment
10650658.934,E37,E46,0.05,0.037500000000000006,2875.083,2612.187,1.2106,4.3190,0.7193380280298491,0.0,Hit+Run
10682623.036,P13,P454,0.0025000000000000022,0.0025,1059.189,1059.189,34.492,47.344,0.5174,0.0,Graze+Frag
10791687.411,E5,P424,0.05250000000000004,0.0025,2922.224,1059.189,4.4175,14.668,0.848685388546672,0.0,Hit+Run
10958082.288,P53,P171,0.0025,0.0025,1059.189,1059.189,20.323,27.895,0.91815,0.0,Hit+Run
10974605.414,E37,P376,0.05,0.0025000000000000022,2875.083,1059.189,3.1066,10.138,0.6838627929882936,0.0,Merge
10977860.979,P25,P350,0.0024999999999999905,0.0025,1059.189,1059.189,22.524,30.916,0.7124499999999997,0.0,Graze+Frag
11113783.627,E18,P105,0.027500000000000004,0.0025000000000000022,2355.617,1059.189,5.7593,15.251,0.715209924728501,0.0,Graze+Frag
11265720.028,E33,E55,0.6464440831277513,0.09894408312775145,6747.934,3609.583,1.2861,9.7475,0.8178944615218998,0.00964002664002664,Hit+Run+Frag
11377121.814,P25,P347,0.005,0.0025,1334.495,1059.189,10.961,17.335,0.5575624166421556,0.007437109557109556,Graze+Frag
11496793.799,E33,P25,0.6464441103114469,0.007499833499833501,6747.934,1527.604,1.1934,9.4779,0.26215341508447493,0.0,Merge
11705829.877,E9,P163,0.3150000000000001,0.0025000000000000022,5310.034,1059.189,2.1946,13.843,0.6505375953363443,0.0,Merge
11980707.22,E9,P35,0.3175000000000001,0.0025000000000000022,5324.045,1059.189,2.4413,15.443,0.9886195144390163,0.0,Hit+Run
11993313.385,E33,P551,0.6539439438112804,0.0025000000000000022,6773.929,1059.189,2.1039,17.207,0.8598513248837787,0.0,Merge
12166662.208,E9,P35,0.3175000000000001,0.0025000000000000022,5324.045,1059.189,1.0778,6.8178,0.45715207615289366,0.0,Merge
12207984.253,E33,P81,0.6564439438112804,0.0025,6782.551,1059.189,2.7358,22.405,0.4109278789499106,0.0,Merge
12389665.212,P53,P167,0.0025,0.0025,1059.189,1059.189,28.591,39.244,0.8406,0.0,Graze+Frag
12435581.899,P53,P401,0.005,0.0025000000000000022,1334.495,1059.189,23.004,36.379,0.21380380640162644,0.007497915417915418,Fragment
12451978.365,E37,E38,0.052500000000000005,0.021559274059274033,2922.224,2172.060,2.0671,7.0415,0.7811666549211219,0.0,Hit+Run
12750024.804,E33,P351,0.6589439438112803,0.0025000000000000022,6791.150,1059.189,1.3149,10.783,0.8025321101763025,0.0,Merge
12853423.819,E31,P237,0.037500000000000006,0.0025,2612.187,1059.189,8.3235,24.545,0.7328456488199865,0.005775890775890777,Graze+Frag
13114320.951,E9,P91,0.3200000000000001,0.0025,5337.982,1059.189,2.653,16.829,0.44833839501452594,0.0,Merge
13137853.606,E46,E18,0.037500000000000006,0.03,2612.187,2424.939,2.3732,7.7616,0.8070246651541142,0.0,Hit+Run
13304434.716,P53,P512,0.0075001665001665,0.0025,1527.627,1059.189,12.119,21.289,0.5815669690940471,0.009894771894771896,Fragment
13359926.765,E19,P421,0.0675,0.0025,3177.569,1059.189,3.3197,12.055,0.8056500000000001,0.0,Hit+Run
13473206.243,E49,P424,0.065,0.0025,3137.846,1059.189,3.0272,10.846,0.49747554316452824,0.0,Merge
13712481.617,P82,P402,0.0025000000000000022,0.0025,1059.189,1059.189,19.603,26.906,0.7958500000000001,0.0,Graze+Frag
13884591.897,E49,P441,0.0675,0.0025,3177.569,1059.189,2.8904,10.496,0.947175,0.0,Hit+Run
13888233.393,E9,P100,0.3225000000000001,0.0025,5351.847,1059.189,2.4826,15.792,0.8149185868823596,0.0,Merge
13913423.761,E33,P202,0.6614439438112802,0.0025,6799.727,1059.189,3.0643,25.163,0.2496172544367749,0.0,Merge
14118121.446,E33,P557,0.6639439438112802,0.0025000000000000022,6808.283,1059.189,1.3452,11.061,0.8395829661855744,0.0,Merge
14132286.329,P40,P354,0.0025000000000000022,0.0025,1059.189,1059.189,12.167,16.700,0.7804500000000001,0.0,Graze+Frag
14154804.015,E10,P262,0.19097527642427153,0.0025,4494.205,1059.189,5.6054,29.559,0.8356538952324325,0.0,Hit+Run
14222107.861,E70,P638,0.025,0.0025000000000000022,2281.955,1059.189,6.628,16.988,0.6825761953550229,0.005907565767565767,Fragment
14310029.398,E53,P312,0.09250000000000001,0.0025,3529.455,1059.189,2.6596,10.811,0.8167063652876901,0.0,Hit+Run
14735076.648,E10,P539,0.19097527642427153,0.0025,4494.205,1059.189,1.9597,10.334,0.951136958228431,0.0,Hit+Run
14789185.574,E55,P96,0.08930402930402931,0.0025,3488.329,1059.189,2.9517,11.848,0.6345319122741719,0.0,Merge
14821966.031,E33,P223,0.6664439438112801,0.0025,6816.818,1059.189,1.1563,9.5207,0.6931924920007698,0.0,Merge
14845080.439,E9,P365,0.3250000000000001,0.0025000000000000022,5365.641,1059.189,2.8419,18.127,0.3576909772036049,0.0,Merge
14945667.139,E22,P243,0.0325,0.0025,2490.510,1059.189,2.5164,7.0595,0.2800832786941086,0.0,Merge
15146328.537,E33,P247,0.6689439438112801,0.0025,6825.331,1059.189,1.8604,15.338,0.7968419771070637,0.0,Merge
15337267.335,E49,P441,0.0675,0.0025,3177.569,1059.189,3.1568,11.464,0.6808500000000002,0.0,Merge
15701343.53,E33,P310,0.67144394381128,0.0025,6833.823,1059.189,2.0738,17.120,0.7290091981765259,0.0,Merge
16051448.206,E33,P258,0.67394394381128,0.0025,6842.294,1059.189,1.9047,15.745,0.8856941859481611,0.0,Hit+Run
16070592.976,E33,P394,0.67394394381128,0.0025,6842.294,1059.189,1.9095,15.784,0.8905435088278146,0.0,Hit+Run
16271363.536,P84,P144,0.0025,0.0025,1059.189,1059.189,18.929,25.982,0.8324,0.0,Graze+Frag
16289985.229,E34,P373,0.07,0.0025000000000000022,3216.324,1059.189,5.1606,18.985,0.8870721642912117,0.0,Hit+Run
16307929.992,P83,P539,0.002500000000000014,0.0025,1059.189,1059.189,15.202,20.866,0.3919000000000004,0.0,Merge
16366853.11,E19,E37,0.0675,0.052500000000000005,3177.569,2922.224,1.6118,6.3870,0.6424637461236725,0.0,Hit+Run
16903800.31,E37,E22,0.052500000000000005,0.035,2922.224,2552.798,1.1806,4.2166,0.76014883097132,0.0,Hit+Run
16965601.328,E9,P213,0.3275000000000001,0.0025,5379.364,1059.189,2.9687,18.988,0.840087786824716,0.0,Hit+Run
17255625.286,E5,P526,0.05250000000000004,0.0025,2922.224,1059.189,2.9955,9.9469,0.8656400131903008,0.0,Hit+Run
17355640.597,E9,P114,0.3275000000000001,0.0025,5379.364,1059.189,2.8022,17.923,0.6561123212267026,0.0,Merge
17488648.126,E9,P394,0.3300000000000001,0.0025,5393.017,1059.189,1.4127,9.0604,0.5310095874712193,0.0,Merge
17655995.697,E9,P13,0.33250000000000013,0.005,5406.602,1334.495,2.8839,18.230,0.3952432639041224,0.0,Merge
17690689.446,E10,P124,0.19097527642427153,0.0025000000000000022,4494.205,1059.189,2.3335,12.305,0.16622439480993767,0.0,Merge
17720591.652,E67,FRAG0011,0.079360619037759,0.005551115551115551,3353.735,1381.827,2.6006,9.8385,0.4278248536055359,0.0,Merge
17909032.585,E55,P316,0.09180402930402931,0.0025,3520.581,1059.189,2.3659,9.5917,0.371678193607144,0.0,Merge
17911902.312,E25,P456,0.035,0.0025,2552.798,1059.189,2.8059,8.0774,0.7241433267509713,0.0,Hit+Run
17999440.559,E9,P319,0.33750000000000013,0.002500000000000014,5433.568,1059.189,2.7267,17.628,0.9377919752982767,0.0,Hit+Run
18038638.175,E9,P319,0.33750000000000013,0.002500000000000014,5433.568,1059.189,1.122,7.2539,0.8407992125487941,0.0,Hit+Run
18405398.46,E19,P155,0.0675,0.0025000000000000022,3177.569,1059.189,2.1251,7.7173,0.852225,0.0,Hit+Run
18523213.807,E33,FRAG0014,0.67394394381128,0.005907425907425907,6842.294,1410.782,1.706,13.833,0.5367333527629458,0.0,Merge
18652855.734,P26,FRAG0003,0.0025,0.006096237096237096,1059.189,1425.655,12.216,20.300,0.722809019848805,0.0,Graze+Frag
18762485.788,E33,P156,0.6798513697187059,0.0025,6862.228,1059.189,1.4773,12.249,0.36825896179791484,0.0,Merge
18878488.757,P40,P235,0.005,0.0025,1334.495,1059.189,7.5359,11.917,0.4238723181412167,0.0,Fragment
18969958.519,E33,P137,0.6823513697187058,0.0025,6870.629,1059.189,2.3684,19.664,0.22769767311743672,0.0,Merge
19097369.614,E9,P319,0.33750000000000013,0.002500000000000014,5433.568,1059.189,1.8546,11.990,0.9499265314662448,0.0,Hit+Run
19365882.258,E33,P213,0.6848513697187057,0.0025,6879.010,1059.189,1.4973,12.447,0.4273059220411862,0.0,Merge
19640908.929,E9,E70,0.33750000000000013,0.021592574092574097,5433.568,2173.178,2.5693,15.771,0.8790287845439403,0.016064602064602067,Hit+Run+Frag
19707648.198,E9,P109,0.3375001665001666,0.0025,5433.568,1059.189,2.2478,14.532,0.9281680418576713,0.0,Hit+Run
19725911.55,P34,P301,0.0024999999999999905,0.0025,1059.189,1059.189,27.279,37.443,0.29289999999999977,0.0,Merge
19881524.076,P26,P431,0.008596403596403597,0.0025,1598.696,1059.189,6.4907,11.848,0.7400753843731595,0.0,Graze+Frag
19904078.748,P53,P333,0.01,0.0025000000000000022,1681.359,1059.189,5.1224,9.7738,0.6475616948048715,0.0,Graze+Frag
20057749.778,P5,FRAG0015,0.005,0.008032301032301034,1334.495,1562.933,8.3751,15.869,0.841662475694691,0.0,Hit+Run
20071467.353,E9,P83,0.3375001665001666,0.005000000000000014,5433.568,1334.495,3.0499,19.383,0.6329469303405845,0.0,Merge
20140792.208,E9,E70,0.3425001665001666,0.005527805527805528,5460.269,1379.890,1.1105,7.0770,0.624164420674521,0.0,Merge
20148648.226,P53,P34,0.012500166500166502,0.0049999999999999906,1811.197,1334.495,9.1755,19.335,0.6684695852434963,0.011972027972027973,Graze+Frag
20259269.535,E38,P293,0.021559274059274033,0.0025,2172.060,1059.189,12.155,29.634,0.9156767026384567,0.0,Hit+Run
20550790.712,E33,P64,0.6873513697187057,0.0025,6887.370,1059.189,1.1252,9.3664,0.8302223647466467,0.0,Merge
20748201.687,E33,P430,0.6898513697187056,0.0025,6895.710,1059.189,3.6674,30.567,0.6753633301474132,0.0,Merge
21063993.79,E9,P319,0.34802797202797214,0.002500000000000014,5489.488,1059.189,1.3817,9.0314,0.8398516753224345,0.0,Hit+Run
21177725.071,E9,P109,0.34802797202797214,0.0025,5489.488,1059.189,1.7627,11.521,0.9719612910833048,0.0,Hit+Run
21384248.063,E9,P109,0.34802797202797214,0.0025,5489.488,1059.189,1.196,7.8175,0.898445978251907,0.0,Hit+Run
21384941.354,E9,P109,0.34802797202797214,0.0025,5489.488,1059.189,1.0517,6.8743,0.7489844015376739,0.0,Merge
21628520.828,E33,E49,0.6923513697187056,0.07,6904.030,3216.324,1.1472,8.8956,0.7641920609154215,0.01256943056943057,Hit+Run+Frag
21787300.48,E9,P319,0.35052797202797215,0.002500000000000014,5502.601,1059.189,1.7688,11.591,0.5472587453629076,0.0,Merge
22185520.869,E10,P362,0.19347527642427154,0.0025,4513.731,1059.189,1.4949,7.9200,0.7377742490050226,0.0,Merge
22197995.398,P26,P312,0.011096237096237097,0.0025,1740.680,1059.189,5.5558,10.938,0.5063127947430249,0.008068598068598068,Fragment
22668851.79,E9,FRAG0016,0.35302797202797215,0.008032301032301034,5515.652,1562.933,1.2592,8.0346,0.6355176219898163,0.0,Merge
22703478.778,P40,P317,0.0075001665001665,0.0025000000000000022,1527.627,1059.189,5.2782,9.2717,0.8786692661606748,0.0,Hit+Run
23148735.598,E49,P142,0.05742923742923743,0.0025000000000000022,3010.959,1059.189,3.9988,13.708,0.4638334720501938,0.0,Merge
23280656.54,P95,P211,0.0025,0.0025,1059.189,1059.189,6.9209,9.4995,0.98635,0.0,Hit+Run
23309512.982,E10,E55,0.19597527642427154,0.09430402930402931,4533.089,3552.253,1.3418,7.1829,0.6383619987971338,0.013555837495837497,Hit+Run
23407983.399,E46,P622,0.037500000000000006,0.0025,2612.187,1059.189,4.1147,12.134,0.7848563448673077,0.0,Hit+Run
23499724.413,E37,P248,0.052500000000000005,0.0025,2922.224,1059.189,2.628,8.7266,0.7267001670847183,0.0,Merge
23625836.239,E10,E38,0.19597527642427154,0.021559274059274033,4533.089,2172.060,1.2833,6.5304,0.9769079539896768,0.0,Hit+Run
24108923.323,E9,P53,0.36106027306027316,0.005528138528138519,5557.170,1379.918,2.1292,13.828,0.36601392549224915,0.0,Merge
24182330.329,E9,FRAG0018,0.36658841158841166,0.005986013986013987,5585.389,1417.010,2.8307,18.447,0.825875717491226,0.0,Hit+Run
24292033.971,E22,P482,0.035,0.0025,2552.798,1059.189,3.8815,11.173,0.9263465336448351,0.0,Hit+Run
24294261.34,E19,P180,0.0675,0.0025,3177.569,1059.189,3.5016,12.716,0.93975,0.0,Hit+Run
24766216.716,E33,E55,0.6923527017200376,0.09430402930402931,6904.035,3552.253,1.3843,10.727,0.9556172788962565,0.0,Hit+Run
25078081.148,E22,E38,0.035,0.021559274059274033,2552.798,2172.060,1.2409,3.8357,0.31866360145934136,0.00688985680985681,Fragment
25255167.461,P134,P363,0.0025,0.0025,1059.189,1059.189,11.640,15.977,0.2669,0.0,Merge
25388968.112,E9,FRAG0018,0.36658841158841166,0.005986013986013987,5585.389,1417.010,1.0562,6.8831,0.7135681059181482,0.0,Merge
25608357.725,E9,FRAG0015,0.37257442557442566,0.008032301032301034,5615.626,1562.933,1.4198,9.2364,0.6778435085673147,0.0,Merge
25773510.748,E53,P373,0.09250000000000001,0.0025000000000000022,3529.455,1059.189,4.4612,18.135,0.45181137593707776,0.0,Merge
26022561.751,E33,P95,0.6923527017200376,0.0025,6904.035,1059.189,1.8138,15.137,0.6597792551607425,0.0,Merge
26402944.175,E33,P270,0.6948527017200375,0.0025,6912.334,1059.189,2.6125,21.830,0.3915084328613279,0.0,Merge
26974576.534,E33,P61,0.6973527017200375,0.0025,6920.614,1059.189,3.5182,29.436,0.936734203525691,0.0,Hit+Run
27314294.794,E33,P134,0.6973527017200375,0.005,6920.614,1334.495,1.5594,12.850,0.8576249742544685,0.0,Hit+Run
27392826.144,E10,P598,0.19597527642427154,0.0025,4533.089,1059.189,3.9753,21.158,0.8185416670800886,0.0,Hit+Run
27524922.637,E10,P296,0.19597527642427154,0.0025,4533.089,1059.189,1.7028,9.0631,0.40383982822271747,0.0,Merge
27797417.738,E33,P119,0.6973527017200375,0.0025000000000000022,6920.614,1059.189,2.5259,21.133,0.9864285557727256,0.0,Hit+Run
27957478.068,E9,FRAG0020,0.3806067266067267,0.006284715284715285,5655.695,1440.198,3.3901,22.364,0.8875015324185505,0.0,Hit+Run
28174205.855,E9,P119,0.3806067266067267,0.0025000000000000022,5655.695,1059.189,1.8876,12.738,0.6931819465040994,0.0,Merge
28236209.484,E9,FRAG0020,0.3831067266067267,0.006284715284715285,5668.051,1440.198,1.0297,6.8089,0.22494387447631067,0.0,Merge
28314864.81,E9,P315,0.389391441891442,0.0025,5698.877,1059.189,3.0775,20.937,0.8851808218051852,0.0,Hit+Run
28331467.234,E9,P315,0.389391441891442,0.0025,5698.877,1059.189,1.0425,7.0925,0.9374635796902202,0.0,Hit+Run
28369349.058,E9,P315,0.389391441891442,0.0025,5698.877,1059.189,1.0742,7.3082,0.9268383740555196,0.0,Hit+Run
28549974.749,E5,FRAG0010,0.05250000000000004,0.005551115551115551,2922.224,1381.827,4.1378,13.576,0.8517393498346019,0.0,Hit+Run
28899148.341,E9,P315,0.389391441891442,0.0025,5698.877,1059.189,1.1672,7.9409,0.385205867772324,0.0,Merge
28991448.473,E33,P418,0.6973527017200375,0.0025,6920.614,1059.189,1.2495,10.454,0.9209499590074357,0.0,Hit+Run
29001154.965,E33,P418,0.6973527017200375,0.0025,6920.614,1059.189,1.0358,8.6664,0.930142980540046,0.0,Hit+Run
29371272.668,E55,P598,0.09430402930402931,0.0025,3552.253,1059.189,1.3976,5.7209,0.7622244185453821,0.0,Merge
29415539.823,E9,P5,0.391891441891442,0.005,5711.047,1334.495,2.8225,18.926,0.5409878259552191,0.0,Merge
31172194.579,E9,P249,0.396891441891442,0.0025,5735.233,1059.189,3.7291,25.543,0.8955151590393842,0.0,Hit+Run
31804410.676,E9,FRAG0012,0.396891441891442,0.00964002664002664,5735.233,1660.937,2.7495,18.211,0.5748283317363623,0.0,Merge
32082804.89,E9,P418,0.40653146853146865,0.0025,5781.296,1059.189,2.652,18.321,0.22903800191538007,0.0,Merge
32606351.625,E53,P282,0.09500000000000001,0.0025,3560.970,1059.189,3.6172,14.845,0.7878566338254205,0.0,Hit+Run
32980740.208,E9,P177,0.40903146853146866,0.0025,5793.123,1059.189,3.7534,25.987,0.9349565301855727,0.0,Hit+Run
33287854.087,E33,E55,0.6973527017200375,0.09680402930402932,6920.614,3583.370,1.7015,13.217,0.2819245377347646,0.04840492840492841,Fragment
33697870.838,E33,FRAG0025,0.7457518026191384,0.006050616050616051,7077.153,1422.089,1.0594,8.9018,0.5161785894538401,0.0,Merge
33784537.416,E33,FRAG0024,0.7518024186697545,0.006050616050616051,7096.242,1422.089,1.0808,9.1078,0.44585122719883913,0.0,Merge
33970342.272,E33,FRAG0023,0.7578530347203706,0.006050616050616051,7115.228,1422.089,1.0583,8.9438,0.8193417195497283,0.0,Merge
34015896.728,P177,P244,0.0025,0.0025,1059.189,1059.189,10.700,14.686,0.58005,0.0,Graze+Frag
34113685.217,E33,FRAG0021,0.7639036507709867,0.008068598068598068,7134.114,1565.284,1.3347,11.233,0.7888251662527688,0.0,Merge
34274600.739,E10,P372,0.19847527642427154,0.0025000000000000022,4552.283,1059.189,2.1776,11.643,0.9489140602934288,0.0,Hit+Run
34336608.329,E33,P180,0.7719722488395847,0.0025,7159.143,1059.189,2.1118,18.315,0.741147745525694,0.0,Merge
34381461.458,E9,P305,0.40903146853146866,0.0025,5793.123,1059.189,2.587,17.911,0.9169489579883101,0.0,Hit+Run
34588950.471,E10,FRAG0002,0.19847527642427154,0.006096237096237096,4552.283,1425.655,2.9813,15.581,0.5429594381195252,0.0,Merge
35158656.07,E33,P420,0.7744722488395847,0.0025,7166.863,1059.189,1.3352,11.593,0.8288102300508114,0.0,Merge
35321561.997,E33,P44,0.7769722488395846,0.0025000000000000022,7174.566,1059.189,1.5686,13.635,0.6299933256514698,0.0,Merge
35633442.506,E33,P275,0.7794722488395847,0.0025,7182.253,1059.189,1.5167,13.199,0.5609717050841893,0.0,Merge
35750311.672,E33,P392,0.7819722488395846,0.0025,7189.924,1059.189,1.4001,12.198,0.45314460503757437,0.0,Merge
36223697.006,E9,P459,0.40903146853146866,0.0025,5793.123,1059.189,3.7208,25.761,0.6786233898001257,0.0,Merge
36566809.396,E46,P448,0.037500000000000006,0.0025,2612.187,1059.189,5.3682,15.830,0.34749690765405955,0.0076839826839826845,Fragment
36614334.776,E67,FRAG0013,0.08491173458887455,0.005775890775890777,3430.176,1400.232,4.6032,17.819,0.8493760940087184,0.0,Hit+Run
36750908.727,E5,P291,0.05250000000000004,0.0025,2922.224,1059.189,3.731,12.389,0.12308617111413721,0.0,Merge
36963062.422,P177,P397,0.005,0.0025,1334.495,1059.189,10.427,16.489,0.7711989710439894,0.0,Graze+Frag
37003927.264,E33,P230,0.7844722488395846,0.0025,7197.578,1059.189,1.3191,11.505,0.3093729223335334,0.0,Merge
38248243.915,E37,P84,0.05500000000000001,0.005,2967.891,1334.495,1.3439,4.4837,0.37533344911726224,0.0,Merge
38841352.901,E19,P214,0.0675,0.0025000000000000022,3177.569,1059.189,2.5757,9.3537,0.9602999999999999,0.0,Hit+Run
38952439.871,E53,P622,0.09500000000000001,0.0025,3560.970,1059.189,3.5745,14.670,0.5806800899276774,0.0,Merge
38962258.128,E33,E40,0.7869722488395845,0.013736263736263708,7205.215,1869.031,1.501,12.597,0.11894554301645142,0.0,Merge
39312466.813,E19,P228,0.0675,0.0025,3177.569,1059.189,5.1016,18.526,0.616125,0.0,Merge
39735213.394,E33,P261,0.8007085125758482,0.0025,7246.895,1059.189,1.7391,15.279,0.8343528614827107,0.0,Merge
40624828.446,E33,P415,0.8032085125758481,0.0025,7254.429,1059.189,1.8821,16.553,0.2982532495291492,0.0,Merge
40780260.134,E33,P580,0.8057085125758481,0.0025,7261.948,1059.189,1.307,11.508,0.7574258189778368,0.0,Merge
40797767.941,E33,P337,0.808208512575848,0.0025,7269.451,1059.189,2.2024,19.413,0.8769278868964333,0.0,Hit+Run
41786912.541,E33,FRAG0028,0.808208512575848,0.006050616050616051,7269.451,1422.089,1.5241,13.179,0.14176680296899852,0.0,Merge
42074262.307,E10,P86,0.20457151352050865,0.0025,4598.422,1059.189,2.4588,13.289,0.11980450962182677,0.0,Merge
42996415.98,E33,P419,0.8142591286264641,0.0025,7287.547,1059.189,1.7485,15.452,0.3195550833311379,0.0,Merge
43033740.278,E22,P411,0.049669497169497145,0.0025,2868.735,1059.189,7.9582,25.911,0.6058930841447857,0.010285714285714285,Fragment
43062171.001,E33,P337,0.816759128626464,0.0025,7294.998,1059.189,1.6482,14.582,0.9726736254411058,0.0,Hit+Run
43166146.034,E9,P40,0.41153146853146866,0.0075001665001665,5804.901,1527.627,2.8798,19.449,0.8073392597365143,0.0,Hit+Run
43187495.189,E9,P40,0.41153146853146866,0.0075001665001665,5804.901,1527.627,1.0633,7.1814,0.9774679191965817,0.0,Hit+Run
43516611.152,P148,P529,0.0025,0.0025,1059.189,1059.189,16.259,22.317,0.94025,0.0,Hit+Run
43613623.672,E34,E5,0.07,0.05500000000000004,3216.324,2967.891,1.2544,5.0385,0.7084611801192887,0.0,Hit+Run
43624959.131,E33,P249,0.816759128626464,0.0025,7294.998,1059.189,1.7389,15.384,0.5123149439323968,0.0,Merge
43671603.834,E33,FRAG0032,0.819259128626464,0.010285714285714285,7302.433,1697.222,1.4415,12.364,0.9582782264951197,0.0,Hit+Run
44220106.152,E33,E46,0.819259128626464,0.032316017316017326,7302.433,2485.801,1.5301,12.750,0.8925645302580416,0.02678787878787879,Hit+Run+Frag
44591244.141,E5,P520,0.05500000000000004,0.0025,2967.891,1059.189,6.8926,23.269,0.9807036206173025,0.0,Hit+Run
44605657.677,E37,E31,0.060000000000000005,0.034224109224109234,3055.232,2533.793,3.8634,14.172,0.36330256604097505,0.0869280719280719,Fragment
45007450.002,E33,FRAG0036,0.819259461626797,0.006696969696969698,7302.434,1471.024,1.0607,9.1948,0.5567471548016933,0.0,Merge
45057100.211,E33,P183,0.8259564313237666,0.0025,7322.278,1059.189,1.4312,12.712,0.9621255899519339,0.0,Hit+Run
45064070.938,E33,FRAG0035,0.8259564313237666,0.006696969696969698,7322.278,1471.024,1.2188,10.596,0.6807410725506924,0.0,Merge
45313695.336,E33,P183,0.8326534010207363,0.0025,7342.015,1059.189,1.0231,9.1135,0.7191520956129891,0.0,Merge
45419107.573,P148,FRAG0045,0.0025,0.005795204795204795,1059.189,1401.791,3.9993,6.5599,0.5685925841275756,0.0,Hit+Run
45581732.407,P177,FRAG0034,0.0075001665001665,0.006696969696969698,1527.627,1471.024,7.7444,15.055,0.44132618459214557,0.014046153846153845,Fragment
45635904.063,E9,FRAG0033,0.41153146853146866,0.006696969696969698,5804.901,1471.024,1.6617,11.255,0.9280277573123993,0.0,Hit+Run
45979509.955,E9,FRAG0033,0.41153146853146866,0.006696969696969698,5804.901,1471.024,1.0751,7.2823,0.7491558322870898,0.0,Merge
45998125.58,E33,P276,0.8351534010207362,0.0025,7349.355,1059.189,1.377,12.279,0.9896688207121161,0.0,Hit+Run
46000408.664,E33,P276,0.8351534010207362,0.0025,7349.355,1059.189,1.0509,9.3710,0.5749396363723659,0.0,Merge
46186176.121,E9,E46,0.41822843822843836,0.005527805527805528,5836.220,1379.890,1.1908,8.1527,0.6783207531451955,0.0,Merge
46742935.277,E33,P278,0.8376534010207362,0.0025,7356.681,1059.189,2.7698,24.724,0.49354156789504505,0.0,Merge
46773044.497,E67,E22,0.08491173458887455,0.04188378288378286,3430.176,2710.248,2.2351,9.0741,0.20808667768630348,0.05128171828171828,Fragment
47893154.633,P216,P339,0.0025,0.0025,1059.189,1059.189,17.481,23.994,0.479,0.0,Merge
48005942.218,E49,FRAG0010,0.059929237429237434,0.005551115551115551,3054.030,1381.827,2.13,7.3114,0.9921097140373079,0.0,Hit+Run
49129231.31,P263,FRAG0039,0.0025000000000000022,0.005795204795204795,1059.189,1401.791,8.6797,14.237,0.8616904191066684,0.0,Hit+Run
49713786.886,P177,P282,0.005527805527805529,0.0025,1379.890,1059.189,12.848,20.824,0.9664573699228095,0.0,Hit+Run
49989622.313,E9,FRAG0059,0.4237562437562439,0.005697968697968698,5861.821,1393.907,1.3951,9.5891,0.31071400239200087,0.0,Merge
50375648.15,E49,FRAG0043,0.059929237429237434,0.005795204795204795,3054.030,1401.791,2.6639,9.1406,0.37484651070173114,0.005690309690309691,Fragment
50985355.781,P122,P332,0.0025,0.0025,1059.189,1059.189,13.851,19.012,0.3181,0.0,Merge
51652112.263,E5,FRAG0037,0.05500000000000004,0.005795204795204795,2967.891,1401.791,6.3109,21.030,0.09067328815652313,0.03377422577422578,Fragment
52102220.72,E33,FRAG0030,0.8401534010207361,0.006050616050616051,7363.993,1422.089,2.7161,23.814,0.6251707928396294,0.0,Merge
52594569.214,E33,P161,0.8462040170713522,0.0025,7381.629,1059.189,1.7643,15.805,0.4841319110571548,0.0,Merge
53074290.321,E34,P555,0.07,0.0025,3216.324,1059.189,3.9799,14.642,0.5193645032451261,0.0,Merge
53210189.001,P179,P434,0.0025,0.0025,1059.189,1059.189,17.996,24.702,0.899,0.0,Hit+Run
53503884.922,E9,P282,0.42945421245421256,0.0025,5887.977,1059.189,1.8285,12.881,0.1754400407718406,0.0,Merge
53726725.169,P177,FRAG0056,0.005527805527805529,0.005697968697968698,1379.890,1393.907,7.5879,13.637,0.21550549932936072,0.005697968697968698,Fragment
53733242.15,E19,P134,0.07,0.005,3216.324,1334.495,3.0851,11.189,0.5817317706897566,0.0,Merge
53771765.911,E9,P372,0.43195421245421256,0.0025000000000000022,5899.380,1059.189,2.5404,17.933,0.8495666265163007,0.0,Hit+Run
54067947.469,E33,FRAG0052,0.8487040170713521,0.00866933066933067,7388.891,1603.204,1.1708,10.213,0.9136588398400028,0.0,Hit+Run
55091856.258,E9,P216,0.43195421245421256,0.005,5899.380,1334.495,2.5629,17.795,0.9754450921609568,0.0,Hit+Run
55376473.351,E9,P177,0.43195421245421256,0.005527805527805529,5899.380,1379.890,2.4401,16.900,0.8126237488710303,0.0,Hit+Run
56135173.155,E19,FRAG0039,0.07500000000000001,0.005795204795204795,3291.149,1401.791,3.7308,13.830,0.5341084424077349,0.007953406593406594,Fragment
56340764.719,E9,P515,0.43195421245421256,0.0025,5899.380,1059.189,5.0913,35.941,0.7981907782308125,0.0,Merge
56524909.678,P225,FRAG0055,0.0025,0.005697968697968698,1059.189,1393.907,4.5411,7.4167,0.45086112303152454,0.0,Graze+Frag
57359318.895,E33,P254,0.8487040170713521,0.0025,7388.891,1059.189,3.2954,29.553,0.9625232774042739,0.0,Hit+Run
57383474.465,E33,P254,0.8487040170713521,0.0025,7388.891,1059.189,1.064,9.5419,0.7139552488369911,0.0,Merge
57687634.732,E9,P292,0.43445421245421256,0.0025,5910.740,1059.189,4.5624,32.274,0.3420122520847728,0.0,Merge
57905419.604,E9,FRAG0069,0.43695421245421256,0.005697968697968698,5922.055,1393.907,1.5835,11.004,0.6489524501494601,0.0,Merge
58671390.132,E10,FRAG0013,0.20707151352050865,0.005775890775890777,4617.079,1400.232,1.9449,10.334,0.6276508328942119,0.0,Merge
58824257.822,E10,FRAG0052,0.21284740429639942,0.00866933066933067,4659.614,1603.204,1.2406,6.5918,0.9447467700627894,0.0,Hit+Run
59742194.293,E18,FRAG0057,0.03,0.005697968697968698,2424.939,1393.907,4.8451,13.234,0.8799092977770537,0.0,Hit+Run
60365884.396,E10,FRAG0052,0.21284740429639942,0.00866933066933067,4659.614,1603.204,1.3373,7.1056,0.5176093305502304,0.0,Merge
60607159.662,E10,E34,0.2215167349657301,0.07250000000000001,4722.036,3254.167,1.0426,5.6553,0.6291349297907469,0.0,Graze+Merge
60885299.675,P222,P552,0.0025,0.0025,1059.189,1059.189,14.766,20.267,0.4721,0.0068246287046287045,Merge
60926490.35,E18,FRAG0031,0.03,0.0076839826839826845,2424.939,1540.006,3.8243,10.533,0.4616927261609087,0.01873926073926074,Fragment
61060899.813,P330,FRAG0007,0.0025,0.005711621711621712,1059.189,1395.019,10.107,16.517,0.6046448176267547,0.008093812853812854,Graze+Frag
62059963.289,E33,P289,0.8512040170713521,0.0025,7396.139,1059.189,2.6062,23.396,0.21763309233502823,0.0,Merge
62440673.632,E10,FRAG0071,0.2940167349657301,0.006246420246420247,5189.408,1437.267,1.3096,7.8758,0.9451340631285859,0.0,Hit+Run
62600052.719,E19,FRAG0045,0.07284182484182485,0.005795204795204795,3259.273,1401.791,2.1127,7.7529,0.9293100097987085,0.0,Hit+Run
63566334.105,E10,FRAG0054,0.2940167349657301,0.005697968697968698,5189.408,1393.907,2.0527,12.374,0.42676758786214397,0.0,Merge
63702353.292,E33,FRAG0044,0.853704017071352,0.005795204795204795,7403.372,1401.791,2.2217,19.610,0.994833297984265,0.0,Hit+Run
63751657.485,E10,E19,0.2997147036636988,0.07284182484182485,5222.717,3259.273,1.154,6.8329,0.5922205948517509,0.010061711621711622,Fragment
65202195.808,P262,P427,0.0025,0.0025,1059.189,1059.189,6.3126,8.6646,0.8766,0.0,Hit+Run
65346411.954,E10,E67,0.36249492344391854,0.07551379919093913,5564.521,3298.647,1.1806,7.4149,0.4874435226168466,0.015920745920745924,Fragment
65381108.606,P122,FRAG0070,0.005,0.007953379953379953,1334.495,1557.797,6.587,12.454,0.6940795871653219,0.011838348318348318,Graze+Frag
65675787.574,E9,P82,0.44265218115218125,0.005,5947.686,1334.495,4.8657,34.083,0.4813895469837103,0.0,Merge
65901055.827,E9,FRAG0019,0.44765218115218125,0.006284715284715285,5969.996,1440.198,3.0588,21.389,0.8317492755079751,0.0,Hit+Run
65969544.691,P225,FRAG0032,0.008197802197802197,0.010285714285714285,1573.595,1697.222,4.6933,9.9678,0.2153410392582054,0.017933859473859472,Fragment
66224582.216,E9,FRAG0019,0.44765218115218125,0.006284715284715285,5969.996,1440.198,1.1198,7.8303,0.4797623920621844,0.0,Merge
66491920.451,E10,P667,0.42208797671411175,0.0025,5854.118,1059.189,3.3701,23.596,0.7731190107515832,0.0,Merge
66642279.84,E9,FRAG0029,0.45393689643689655,0.006050616050616051,5997.805,1422.089,1.6157,11.365,0.7122292258308078,0.0,Merge
68001783.778,E33,P372,0.853704017071352,0.0025000000000000022,7403.372,1059.189,2.0104,18.066,0.6804491194140484,0.0,Merge
68430837.076,E5,FRAG0045,0.02702097902097906,0.005795204795204795,2341.859,1401.791,3.0109,7.9643,0.7755630668221535,0.0,Hit+Run
69737477.321,P118,FRAG0042,0.002500000000000014,0.005795204795204795,1059.189,1401.791,5.3438,8.7653,0.8730528021366957,0.0,Hit+Run
72509124.306,E9,P177,0.45998751248751263,0.005527805527805529,6024.336,1379.890,1.3083,9.2681,0.22993316812018824,0.0,Merge
73158091.456,E33,FRAG0010,0.8562040170713521,0.005551115551115551,7410.592,1381.827,1.5979,14.133,0.5112659816518806,0.0,Merge
75347477.728,E33,FRAG0046,0.8617551326224676,0.005795204795204795,7426.573,1401.791,1.0688,9.4658,0.6741515484762987,0.0,Merge
75456894.271,P262,FRAG0066,0.0025,0.005629037629037629,1059.189,1388.263,4.7335,7.7072,0.7089242377302397,0.0,Hit+Run
77736287.54,E33,FRAG0063,0.8675503374176724,0.005629037629037629,7443.183,1388.263,2.6575,23.608,0.7702390624876816,0.0,Merge
78975166.37,P225,FRAG0078,0.005527805527805527,0.006477855477855478,1379.890,1454.803,14.401,26.478,0.5620924026602292,0.006477855477855478,Graze+Frag
81064636.196,E33,P216,0.8731793750467101,0.005,7459.247,1334.495,2.2577,20.157,0.9137293614475458,0.0,Hit+Run
81065502.736,E33,P216,0.8731793750467101,0.005,7459.247,1334.495,1.0484,9.3602,0.7154945380440074,0.0,Merge
82197102.159,E33,P485,0.8781793750467101,0.0025,7473.458,1059.189,2.0182,18.318,0.5534598556786146,0.0,Merge
82369871.92,E33,E5,0.88067937504671,0.02702097902097906,7480.543,2341.859,1.3951,11.981,0.47035165349286956,0.0,Merge
83136155.769,E9,P122,0.46551531801531815,0.005527805527805526,6048.372,1379.890,1.8056,12.845,0.9534723927729197,0.0,Hit+Run
84062309.246,E9,P122,0.46551531801531815,0.005527805527805526,6048.372,1379.890,1.1438,8.1375,0.39075269111163463,0.0,Merge
85852970.868,E9,FRAG0058,0.47104312354312367,0.005697968697968698,6072.218,1393.907,3.9669,28.320,0.8982925848344768,0.0,Hit+Run
86446623.98,E33,P262,0.9077003540676891,0.0025,7556.279,1059.189,2.6926,24.726,0.8524141481787315,0.0,Merge
87748008.198,E10,P330,0.42458797671411175,0.008211788211788213,5865.653,1574.489,2.082,14.187,0.3282022361355179,0.0,Merge
89153291.831,E9,P293,0.47104312354312367,0.0025,6072.218,1059.189,4.1817,30.444,0.6411609409706249,0.0,Merge
89266127.422,P395,P456,0.0025,0.0025,1059.189,1059.189,14.052,19.288,0.807,0.0,Graze+Frag
90811631.102,E33,FRAG0076,0.9102003540676891,0.007960372960372962,7563.210,1558.254,1.5098,13.533,0.5985750968568381,0.0,Merge
91376744.329,E10,FRAG0047,0.43279976492589994,0.005795204795204795,5903.227,1401.791,1.045,7.2342,0.9980913415565617,0.0,Hit+Run
93620747.436,E9,P297,0.47354312354312367,0.0025,6082.942,1059.189,3.6244,26.436,0.851187336528116,0.0,Merge
94377777.599,E9,P263,0.47604312354312367,0.0025000000000000022,6093.628,1059.189,2.1208,15.498,0.23623739083166478,0.0,Merge
96980160.053,E33,FRAG0047,0.9181607270280621,0.005795204795204795,7585.195,1401.791,1.2393,11.226,0.6417926895991477,0.0,Merge
97676101.909,P169,FRAG0060,0.002500000000000014,0.005697968697968698,1059.189,1393.907,14.189,23.174,0.9940792602523271,0.0,Hit+Run
98172506.155,E9,P311,0.47854312354312367,0.0025,6104.276,1059.189,2.5096,18.373,0.5013139802828633,0.0,Merge
99685583.517,E10,P258,0.43279976492589994,0.0025,5903.227,1059.189,1.4891,10.519,0.9673353118000304,0.0,Hit+Run
100693248.962,E33,P529,0.9239559318232669,0.0025,7601.120,1059.189,1.9234,17.773,0.3126353408820324,0.0,Merge
102314322.765,E10,P241,0.43279976492589994,0.0025,5903.227,1059.189,2.477,17.498,0.9229069041058228,0.0,Hit+Run
103216939.33,E9,P427,0.4810431235431237,0.0025,6114.888,1059.189,4.3476,31.889,0.7975520707296371,0.0,Merge
104246849.524,P222,P169,0.005,0.002500000000000014,1334.495,1059.189,15.990,25.288,0.896916724221477,0.0,Hit+Run
105351243.051,E9,FRAG0058,0.4835431235431237,0.005697968697968698,6125.463,1393.907,3.8953,28.071,0.6308451909388713,0.0,Merge
106833627.754,E33,P225,0.9264559318232668,0.005527805527805526,7607.969,1379.890,1.3478,12.261,0.4113852464304787,0.0,Merge
107281108.953,P425,FRAG0075,0.0025,0.007960372960372962,1059.189,1558.254,8.367,14.943,0.5868057648586263,0.0,Graze+Frag
109676913.325,E33,P184,0.9319837373510723,0.0025,7623.071,1059.189,1.3284,12.312,0.5896683486122034,0.0,Merge
110887313.377,P258,FRAG0077,0.0025,0.007425574425574426,1059.189,1522.546,20.834,36.497,0.6448508076993656,0.0,Graze+Frag
110909132.69,E33,P241,0.9344837373510723,0.0025,7629.881,1059.189,1.9355,17.956,0.9647694561061523,0.0,Hit+Run
113368160.867,E33,P520,0.9344837373510723,0.0025,7629.881,1059.189,2.6789,24.853,0.6508483852424501,0.0,Merge
113896352.311,E33,P337,0.9369837373510722,0.0025,7636.679,1059.189,1.7566,16.312,0.18538721602332295,0.0,Merge
115207058.225,E33,P127,0.9394837373510722,0.002500000000000014,7643.464,1059.189,3.5914,33.382,0.7221309980207609,0.0,Merge
115659062.485,E9,P370,0.48924109224109236,0.0025,6149.429,1059.189,2.5267,18.644,0.7989817889940302,0.0,Merge
119054228.223,E33,P395,0.9419837373510722,0.005,7650.238,1334.495,2.1331,19.565,0.9064757774396691,0.0,Hit+Run
119148791.387,E33,P395,0.9419837373510722,0.005,7650.238,1334.495,1.0347,9.4905,0.9897496183504334,0.0,Hit+Run
119243458.269,E9,P309,0.49174109224109236,0.0025,6159.886,1059.189,5.1595,38.141,0.23891812419109598,0.0,Merge
120390085.748,P360,FRAG0060,0.0025000000000000022,0.005697968697968698,1059.189,1393.907,10.476,17.109,0.39986830687559377,0.0,Fragment
120779538.717,E33,P395,0.9419837373510722,0.005,7650.238,1334.495,1.058,9.7042,0.8705437111162104,0.0,Hit+Run
121284076.569,E33,P395,0.9419837373510722,0.005,7650.238,1334.495,1.0416,9.5538,0.31223432987706806,0.0,Merge
128111189.339,E10,P360,0.43279976492589994,0.008197802197802197,5903.227,1573.595,2.9882,20.503,0.3493700880562253,0.0,Merge
130395630.101,E33,P169,0.9469837373510722,0.002500000000000014,7663.750,1059.189,1.9986,18.629,0.535842409343606,0.0,Merge
131674306.389,E9,P348,0.49424109224109236,0.0025000000000000022,6170.307,1059.189,3.3301,24.661,0.27678697308280037,0.0,Merge
132982258.679,E9,P187,0.49674109224109236,0.0025,6180.693,1059.189,4.885,36.241,0.24176803582737016,0.0,Merge
134043462.535,E9,FRAG0027,0.49924109224109237,0.006050616050616051,6191.045,1422.089,3.9222,28.548,0.5576964967514615,0.0,Merge
142243767.693,E33,P258,0.9494837373510723,0.009925740925740925,7670.488,1677.187,1.703,15.414,0.9434174960572856,0.0,Hit+Run
145058722.295,P345,FRAG0022,0.0025,0.0068897768897768896,1059.189,1485.008,18.758,32.196,0.22660068808434194,0.009381238761238761,Fragment
148324898.87,P357,FRAG0017,0.0025,0.005986013986013987,1059.189,1417.010,14.883,24.616,0.9611926474095299,0.0,Hit+Run
149881614.313,E10,P148,0.44099756712370214,0.0025,5940.266,1059.189,1.4594,10.378,0.4962205033527809,0.0,Merge
155886942.869,E33,P425,0.9494837373510723,0.01046053946053946,7670.488,1706.783,2.0481,18.513,0.5226938001453745,0.0,Merge
156361433.208,E9,P357,0.5052917082917084,0.0025,6215.955,1059.189,1.5016,11.208,0.8358691005938802,0.0,Merge
158067103.763,E10,P214,0.44349756712370214,0.0025000000000000022,5951.470,1059.189,3.3121,23.601,0.8104612798913455,0.0,Merge
159363042.231,E33,FRAG0044,0.9599442768116118,0.005795204795204795,7698.554,1401.791,1.3952,12.840,0.27967531109547467,0.0,Merge
166148911.138,E33,FRAG0073,0.9657394816068166,0.006246420246420247,7714.015,1437.267,1.419,13.065,0.5086321774253744,0.0,Merge
170048979.02,E10,P345,0.44599756712370214,0.00938994338994339,5962.632,1646.448,2.3569,16.290,0.29589512476906377,0.0,Merge
185402912.029,E33,P460,0.9719859018532367,0.0025,7730.611,1059.189,2.7844,26.193,0.40052332080455527,0.0,Merge
193924801.001,E33,FRAG0038,0.9744859018532367,0.005795204795204795,7737.233,1401.791,1.4778,13.674,0.25415375022828196,0.0,Merge
195331243.366,E9,P327,0.5077917082917084,0.0025000000000000022,6226.190,1059.189,4.9893,37.306,0.5468677031078458,0.0,Merge
