time_yr,target,projectile,Mt_Mearth,Mp_Mearth,Rt_km,Rp_km,vimp/vesc,vimp_km/s,b,m_frag_Mearth,Regime
11616.883,E83,P581,0.027500000000000004,0.0025,2355.617,1059.189,3.7804,10.010,0.4338995395970555,0.0,Merge
44078.457,E29,P364,0.027500000000000004,0.0025,2355.617,1059.189,2.5273,6.6925,0.6776144956219199,0.0,Merge
134243.063,E5,P240,0.4701449447298545,0.0025,6068.356,1059.189,1.999,14.543,0.8926023899318407,0.0,Hit+Run
137377.889,E39,E18,0.3225000000000001,0.0625,5351.847,3097.090,1.0268,6.1925,0.8826908082139312,0.0,Graze+Merge
216457.672,E12,P139,0.33989883253332004,0.0025000000000000022,5446.411,1059.189,2.0249,13.124,0.6134913598054673,0.0,Merge
507698.356,E39,P68,0.3850000000000001,0.0025,5677.373,1059.189,1.1115,7.5315,0.5839553161632619,0.0,Merge
630318.018,E39,P648,0.3875000000000001,0.0025,5689.635,1059.189,1.0166,6.9043,0.5489135353945711,0.0,Merge
673885.685,E7,P343,0.065,0.0025000000000000022,3137.846,1059.189,2.0576,7.3722,0.9848580297725172,0.0,Hit+Run
708684.96,E5,P153,0.4701449447298545,0.002500000000000014,6068.356,1059.189,1.5146,11.019,0.1201318172638141,0.0,Merge
1104932.322,E0,P234,0.12895272544095163,0.0025000000000000022,3942.793,1059.189,2.748,12.586,0.4886337000525086,0.0,Merge
1390894.438,E12,E64,0.34239883253332004,0.05500000000000001,5459.731,2967.891,1.0252,6.2896,0.9332100852476594,0.0,Graze+Merge
1481164.368,E5,P266,0.4726449447298545,0.0025,6079.094,1059.189,1.7302,12.611,0.18812250561433036,0.0,Merge
1607196.079,E34,P352,0.030000000000000002,0.0025,2424.939,1059.189,6.6254,18.078,0.7774969336747027,0.0,Hit+Run
1687820.761,E28,P264,0.027500000000000004,0.0025000000000000022,2355.617,1059.189,5.3257,14.103,0.9450594105691035,0.0,Hit+Run
1726312.777,E39,P445,0.3900000000000001,0.0025,5701.844,1059.189,1.2186,8.2952,0.6511420988738574,0.0,Merge
1886931.67,E5,P279,0.4751449447298545,0.0025,6089.793,1059.189,2.3425,17.106,0.8089077169360519,0.0,Merge
1955799.686,E28,P286,0.027500000000000004,0.0025,2355.617,1059.189,6.0525,16.027,0.9305730984362923,0.0,Hit+Run
2014790.233,E41,P12,0.03250000000000001,0.00749999999999998,2490.510,1527.616,9.5287,26.860,0.5755017179145292,0.03869353313353313,Fragment
2024018.834,E12,FRAG0006,0.39739883253332003,0.005745254745254745,5737.676,1397.752,1.4473,9.7193,0.17939714885693728,0.0,Merge
2024715.289,E12,P297,0.40314408727857476,0.0025,5765.194,1059.189,1.6096,11.087,0.5268975999496027,0.0,Merge
2038611.821,E12,P109,0.40564408727857476,0.0025000000000000022,5777.086,1059.189,1.8645,12.871,0.5971217506866384,0.0,Merge
2052323.198,E5,P239,0.4776449447298545,0.002500000000000014,6100.455,1059.189,2.0253,14.817,0.8586219818849352,0.0,Hit+Run
2080436.331,E7,P573,0.065,0.0025,3137.846,1059.189,3.534,12.662,0.8153694430045605,0.0,Hit+Run
2164733.304,E36,P387,0.085,0.0025,3431.364,1059.189,3.0228,11.921,0.9019782823219048,0.0,Hit+Run
2390409.497,E5,P160,0.4776449447298545,0.0025,6100.455,1059.189,1.475,10.791,0.9964002635866264,0.0,Hit+Run
2400382.896,E7,FRAG0001,0.065,0.005745254745254745,3137.846,1397.752,4.1341,14.587,0.9245565756685724,0.0,Hit+Run
2413272.8,E5,P317,0.4776449447298545,0.002500000000000014,6100.455,1059.189,2.4071,17.611,0.7276601890738659,0.0,Merge
2454842.001,E5,P160,0.48014494472985453,0.0025,6111.080,1059.189,1.0346,7.5836,0.7996094003736702,0.0,Merge
2699332.481,E36,P48,0.085,0.0025,3431.364,1059.189,3.7123,14.640,0.5724092945504397,0.0,Merge
2832284.76,E69,P200,0.03250000000000001,0.0025,2490.510,1059.189,3.6038,10.110,0.3879911150246546,0.0,Merge
3126467.848,E12,P93,0.40814408727857476,0.0025,5788.930,1059.189,1.3959,9.6573,0.6947777919159385,0.0,Merge
3310897.794,E43,P719,0.027500000000000004,0.0025,2355.617,1059.189,7.6492,20.255,0.6249119124339787,0.010750915750915751,Fragment
3513812.795,E0,P167,0.13145272544095163,0.0025,3968.110,1059.189,10.969,50.588,0.3882627530770783,0.011469863469863471,Fragment
4055287.929,E0,FRAG0009,0.12248286197108815,0.005734931734931736,3875.719,1396.914,3.2528,14.330,0.7693171278527389,0.0,Hit+Run
4190178.863,E49,P133,0.025,0.0025,2281.955,1059.189,6.6405,17.020,0.7072319894838167,0.0,Graze+Frag
4198373.17,E5,P328,0.48264494472985453,0.0025000000000000022,6121.668,1059.189,4.3561,31.989,0.66384029584008,0.0,Merge
4356371.582,E7,E78,0.065,0.025,3137.846,2281.955,10.353,37.693,0.587528178930602,0.08447052947052947,Graze+Frag
4441933.24,E12,P717,0.41064408727857477,0.0025,5800.726,1059.189,4.4148,30.609,0.6377494438964314,0.0,Merge
4646314.943,P105,P122,0.0025,0.0025,1059.189,1059.189,11.304,15.516,0.4678,0.0,Merge
4718130.05,E5,P340,0.48514494472985453,0.0025,6132.219,1059.189,2.4562,18.070,0.6617917636891817,0.0,Merge
5000356.666,E41,FRAG0017,0.005528471528471517,0.005631368631368631,1379.946,1388.455,7.7699,13.937,0.8570078557435059,0.0,Hit+Run
5080878.255,E12,P256,0.41314408727857477,0.0025,5812.474,1059.189,2.8848,20.044,0.8326657792082461,0.0,Merge
5396234.135,P120,P300,0.002500000000000014,0.0025,1059.189,1059.189,7.7596,10.650,0.3141000000000003,0.0,Merge
5411643.86,P100,P64,0.002500000000000014,0.0025000000000000022,1059.189,1059.189,10.728,14.725,0.5946500000000005,0.0,Graze+Frag
5664500.597,E5,E28,0.48764494472985453,0.027500000000000004,6142.734,2355.617,2.0265,14.096,0.261514396701107,0.010621711621711622,Fragment
5698180.638,P102,FRAG0019,0.0025,0.005631368631368631,1059.189,1388.455,13.838,22.535,0.4651072127015295,0.008107079587079586,Graze+Frag
5919384.768,P117,P293,0.0025,0.0025,1059.189,1059.189,23.073,31.670,0.2588,0.0,Merge
5930922.282,E0,FRAG1013,0.12248286197108815,0.007102365272585664,3875.719,1500.127,7.6324,33.479,0.9826554737185412,0.0,Hit+Run
5966510.952,E39,FRAG0011,0.3925000000000001,0.005631368631368631,5714.002,1388.455,1.1881,7.9472,0.4599387122912695,0.0,Merge
5981195.995,E57,P567,0.1088048273745036,0.0025,3725.717,1059.189,3.3677,14.511,0.7056030240800181,0.0,Merge
6207557.923,E0,P116,0.12248286197108815,0.0025,3875.719,1059.189,2.8366,12.753,0.7006266922455038,0.0,Merge
6486785.639,E5,P236,0.5045232331081428,0.002500000000000014,6212.802,1059.189,2.993,22.328,0.8681016536024865,0.0,Hit+Run
6838287.776,E5,P538,0.5045232331081428,0.0025,6212.802,1059.189,1.4638,10.920,0.25937964967396415,0.0,Merge
7130311.624,E12,P475,0.41564408727857477,0.0025000000000000022,5824.174,1059.189,1.6679,11.614,0.7179355544609113,0.0,Merge
7270239.063,E39,P440,0.3981313686313688,0.0025,5741.199,1059.189,3.3326,22.853,0.8971799002597947,0.0,Hit+Run
7291514.918,E12,P384,0.41814408727857477,0.0025,5835.828,1059.189,2.718,18.966,0.8885331871156542,0.0,Hit+Run
7448257.242,E0,P224,0.12498286197108815,0.0025,3901.910,1059.189,8.4009,38.046,0.8612186168429415,0.0,Hit+Run
7448805.231,E0,P224,0.12498286197108815,0.0025,3901.910,1059.189,1.0372,4.6973,0.8862293492772846,0.0,Hit+Run
7478205.618,E0,P224,0.12498286197108815,0.0025,3901.910,1059.189,1.0818,4.8993,0.9357789135340019,0.0,Hit+Run
7507838.159,E0,P224,0.12498286197108815,0.0025,3901.910,1059.189,1.0948,4.9582,0.6566497015544949,0.0,Merge
7601708.089,E0,P384,0.12748286197108816,0.0025,3927.755,1059.189,1.8588,8.4784,0.6771849061512019,0.0,Merge
7897533.005,P100,P522,0.005,0.0025,1334.495,1059.189,25.190,39.837,0.9569044414804477,0.0,Hit+Run
8279483.225,E68,P387,0.025,0.0025,2281.955,1059.189,5.2268,13.397,0.49455015314846124,0.008278441558441558,Fragment
8530211.662,E5,P248,0.5070232331081428,0.0025,6223.047,1059.189,3.2933,24.611,0.47342157694755643,0.0,Merge
8547799.037,P136,P573,0.0025,0.0025,1059.189,1059.189,18.813,25.823,0.9982,0.0,Hit+Run
8648768.212,E5,FRAG0010,0.5095232331081427,0.005631368631368631,6233.259,1388.455,2.7747,20.380,0.8457987804080069,0.0,Hit+Run
8716755.361,E5,P136,0.5095232331081427,0.0025,6233.259,1059.189,2.451,18.348,0.6027734011072233,0.0,Merge
8752888.297,E5,P411,0.5120232331081427,0.0025,6243.437,1059.189,2.0242,15.180,0.9092474945751639,0.0,Hit+Run
8931371.16,E58,P592,0.032499999999999994,0.0025,2490.510,1059.189,14.149,39.695,0.8532296473444526,0.0,Graze+Frag
9266912.023,E12,E58,0.41814408727857477,0.034998334998335,5835.828,2552.758,1.6239,10.663,0.9632478666866632,0.0,Hit+Run
9312159.175,P105,P206,0.005,0.0025,1334.495,1059.189,5.5635,8.7983,0.5798069326145804,0.006945687645687646,Graze+Frag
9323342.289,E5,P105,0.5120232331081427,0.007499833499833501,6243.437,1527.604,1.6069,11.738,0.7005048702379729,0.0,Merge
9340923.078,E39,E67,0.3981313686313688,0.025,5741.199,2281.955,1.428,9.2651,0.6422319568596171,0.0,Merge
9690072.396,E0,FRAG0010,0.12998286197108816,0.005631368631368631,3953.264,1388.455,3.4673,15.608,0.9925864304062254,0.0,Hit+Run
9884067.69,E39,P508,0.4231313686313688,0.0025,5858.938,1059.189,4.2904,30.066,0.7825323252384107,0.0,Merge
9895947.97,E5,P100,0.5195230666079762,0.005,6273.772,1334.495,1.9527,14.485,0.4741445918716799,0.0,Merge
10521372.058,E0,E36,0.12998286197108816,0.08750000000000001,3953.264,3464.680,3.5879,17.356,0.23134602902529425,0.20265734265734278,Fragment
10521742.472,E0,FRAG0045,0.0148255193137454,0.00562937062937063,1917.184,1388.290,1.3867,3.0819,0.7756954913777312,0.0,Hit+Run
10529568.919,P117,P103,0.005,0.0025000000000000022,1334.495,1059.189,13.362,21.131,0.25784683301369554,0.007487965367965368,Fragment
10547941.404,E5,P71,0.5245230666079762,0.0025000000000000022,6293.835,1059.189,4.2899,32.447,0.8838558444764795,0.0,Hit+Run
10560958.089,E5,P71,0.5245230666079762,0.0025000000000000022,6293.835,1059.189,1.0265,7.7642,0.33861453813179865,0.0,Merge
10697324.041,E5,FRAG0013,0.5270230666079763,0.005631368631368631,6303.818,1388.455,1.247,9.2708,0.8922716508525228,0.0,Hit+Run
10839670.381,E39,P188,0.4256313686313688,0.0025000000000000022,5870.454,1059.189,1.2281,8.6243,0.7212642717599012,0.0,Merge
10856283.683,E58,P94,0.034998334998335,0.0025,2552.758,1059.189,7.2773,20.948,0.25464339973613614,0.014851148851148853,Fragment
10862553.563,P46,FRAG0036,0.0025,0.00562937062937063,1059.189,1388.290,18.964,30.878,0.5078525657650862,0.008118687978687977,Graze+Frag
10983396.719,P172,FRAG0003,0.0025,0.005745254745254745,1059.189,1397.752,22.333,36.552,0.7858537174174306,0.00817949383949384,Graze+Frag
11092074.047,E0,FRAG0047,0.0148255193137454,0.00562937062937063,1917.184,1388.290,2.6394,5.8660,0.2864632893610449,0.009124209124209125,Fragment
11349039.278,E5,E58,0.5270230666079763,0.022647186147186145,6303.818,2207.997,2.3961,17.202,0.3723717647028774,0.00987984681984682,Fragment
11394270.767,E0,FRAG0029,0.011330680818906905,0.00562937062937063,1752.854,1388.290,2.7202,5.6471,0.12103678478626997,0.0105199666999667,Fragment
11777335.13,E0,FRAG0054,0.0064402379284640154,0.00562937062937063,1451.981,1388.290,7.1448,13.158,0.7766845535396891,0.006762164502164503,Graze+Frag
11825647.494,P46,FRAG0045,0.00812953712953713,0.00562937062937063,1569.215,1388.290,5.2872,10.188,0.8883622940100154,0.0,Hit+Run
12016392.85,E0,FRAG0032,0.0055318130200391075,0.00562937062937063,1380.224,1388.290,5.1214,9.1870,0.2536587638716126,0.010901385281385281,Fragment
12018458.754,E0,FRAG0069,0.0055318130200391075,0.00562937062937063,1380.224,1388.290,1.0089,1.8098,0.9749510193147123,0.0,Graze+Merge
12040975.072,P46,FRAG0067,0.00812953712953713,0.010519813519813521,1569.215,1710.001,4.6561,9.9203,0.5609848176165458,0.013121545121545121,Graze+Frag
12056409.321,E0,P272,0.011161183649409738,0.0025,1744.070,1059.189,8.5889,16.939,0.7695469780432963,0.0,Graze+Frag
12090853.656,E5,E7,0.5397904658753756,0.0055294705294705315,6354.317,1380.029,3.4464,25.854,0.031055395211518348,0.0,Merge
12134512.084,P123,FRAG0065,0.0024999999999999905,0.009124209124209125,1059.189,1630.768,21.332,39.619,0.7677868195404972,0.006096570096570097,Graze+Frag
12139319.963,E5,FRAG0063,0.5453199364048461,0.007425574425574426,6375.941,1522.546,2.3001,17.190,0.8390407935023259,0.0,Hit+Run
12235892.986,E5,P117,0.5453199364048461,0.0075001665001665,6375.941,1527.627,1.4829,11.080,0.9108638697578049,0.0,Hit+Run
12284629.926,E5,P91,0.5453199364048461,0.0025,6375.941,1059.189,3.6301,27.838,0.5614330970691369,0.0,Merge
12307910.325,E5,FRAG0066,0.547819936404846,0.00987978687978688,6385.669,1674.594,1.5311,11.378,0.27165934588766155,0.0,Merge
12523687.848,E5,FRAG0009,0.5576997232846329,0.005734931734931736,6423.829,1396.914,1.7134,12.993,0.9611828370508424,0.0,Hit+Run
12670080.956,E5,FRAG0039,0.5576997232846329,0.00562937062937063,6423.829,1388.290,1.8393,13.954,0.6313543619303297,0.0,Merge
12715939.714,P223,P336,0.0025,0.0025,1059.189,1059.189,10.030,13.767,0.69915,0.0,Graze+Frag
12735176.15,P146,FRAG0001,0.0025,0.005745254745254745,1059.189,1397.752,8.9812,14.699,0.43976596474711777,0.00816014652014652,Graze+Frag
12896953.548,E12,E29,0.41814408727857477,0.030000000000000002,5835.828,2424.939,5.8005,38.169,0.8580554596979597,0.024471528471528472,Hit+Run+Frag
13124793.819,E5,FRAG0055,0.5633290939140035,0.00562937062937063,6445.370,1388.290,1.7457,13.291,0.9496513010961914,0.0,Hit+Run
13141344.309,E5,P573,0.5633290939140035,0.0025,6445.370,1059.189,1.9046,14.775,0.48491263872723134,0.0,Merge
13150355.899,E69,P195,0.03500000000000001,0.0025000000000000022,2552.798,1059.189,7.9121,22.776,0.14757088290611245,0.01755544455544456,Fragment
13184838.834,P277,P334,0.0025,0.0025,1059.189,1059.189,7.746,10.632,0.22534999999999997,0.0,Merge
13210462.594,P308,FRAG0008,0.0025,0.005734931734931736,1059.189,1396.914,11.239,18.387,0.28121673298445643,0.0,Fragment
13223684.603,P123,FRAG0059,0.005527639027639018,0.00562937062937063,1379.877,1388.290,7.355,13.192,0.7981666022430174,0.0,Hit+Run
13458442.13,E0,FRAG0058,0.013657342657342657,0.00562937062937063,1865.445,1388.290,4.1028,8.9243,0.32805606169807644,0.01782109224109224,Fragment
13470999.853,E5,P205,0.5658290939140035,0.0025,6454.891,1059.189,5.4559,42.392,0.40082775085460426,0.0,Merge
13513912.637,P46,FRAG0059,0.00552780552780553,0.00562937062937063,1379.890,1388.290,12.246,21.965,0.7349131570357643,0.00562937062937063,Graze+Frag
13750809.33,E5,P146,0.5683290939140034,0.008245421245421245,6464.384,1576.636,1.7031,12.884,0.9533756774960152,0.0,Hit+Run
13912837.152,P196,FRAG0071,0.0025,0.006560772560772561,1059.189,1460.984,14.992,25.398,0.5159831985483467,0.009031328671328671,Graze+Frag
14133347.972,E69,P262,0.019944555444555454,0.0025,2116.420,1059.189,3.8062,9.0404,0.8759296917621232,0.0,Hit+Run
14136506.848,P123,FRAG0033,0.005527639027639018,0.00562937062937063,1379.877,1388.290,5.9345,10.644,0.5287380183607098,0.010775904095904097,Graze+Frag
14139787.702,P123,FRAG0083,0.005527639027639017,0.00562937062937063,1379.877,1388.290,1.0096,1.8108,0.7240924346853653,0.0,Graze+Merge
14180216.122,E0,FRAG0050,0.00552780552780553,0.00562937062937063,1379.890,1388.290,8.9927,16.129,0.15398132958580182,0.00562937062937063,Fragment
14343787.07,P123,P236,0.011157009657009647,0.002500000000000014,1743.852,1059.189,14.364,28.328,0.955589354379184,0.0,Hit+Run
14370540.302,E5,P146,0.5683290939140034,0.008245421245421245,6464.384,1576.636,1.238,9.3659,0.9395481527022456,0.0,Hit+Run
14377706.88,E5,P146,0.5683290939140034,0.008245421245421245,6464.384,1576.636,1.0521,7.9595,0.6072052021357114,0.0,Merge
14388034.755,E5,FRAG0028,0.5765745151594247,0.00562937062937063,6495.496,1388.290,1.7639,13.542,0.7818040101886709,0.0,Merge
14388380.363,E5,FRAG0052,0.5822038857887953,0.00562937062937063,6516.567,1388.290,1.6984,13.085,0.8715292300151288,0.0,Hit+Run
14391111.882,P196,FRAG0084,0.009060939060939062,0.00562937062937063,1626.990,1388.290,5.3186,10.488,0.6904486118914931,0.008721278721278721,Graze+Frag
14579075.862,P236,FRAG0053,0.002500000000000014,0.00562937062937063,1059.189,1388.290,4.7122,7.6727,0.7669071425584237,0.0,Hit+Run
14749049.042,P46,FRAG0031,0.00552780552780553,0.00562937062937063,1379.890,1388.290,11.559,20.732,0.1995426553356959,0.011136869796869796,Fragment
14797343.104,E12,P393,0.41814475327924083,0.0025,5835.831,1059.189,1.957,13.656,0.45408467685843884,0.0,Merge
14866026.34,E5,FRAG0055,0.5822038857887953,0.00562937062937063,6516.567,1388.290,2.0149,15.523,0.2926531182892269,0.0,Merge
14877247.899,P46,FRAG0053,0.00552780552780553,0.00562937062937063,1379.890,1388.290,11.116,19.939,0.3785976685672271,0.00562937062937063,Fragment
14993864.495,P123,P46,0.011157009657009647,0.00552780552780553,1743.852,1379.890,4.4853,9.2612,0.28979136096525404,0.01591842157842158,Fragment
15016798.66,P123,FRAG0088,0.005527306027306018,0.005578754578754579,1379.849,1384.117,1.9183,3.4354,0.5339242560271081,0.0,Hit+Run
15157343.77,E34,FRAG0026,0.030000000000000002,0.008278388278388279,2424.939,1578.734,11.994,33.134,0.866786596150884,0.008120346320346321,Hit+Run
15688423.923,P2,P184,0.005,0.0025,1334.495,1059.189,12.224,19.332,0.9539496561507773,0.0,Hit+Run
15749481.104,E5,FRAG0052,0.587833256418166,0.00562937062937063,6537.503,1388.290,1.5057,11.640,0.9785063736465157,0.0,Hit+Run
15873089.501,E5,FRAG0061,0.587833256418166,0.00562937062937063,6537.503,1388.290,1.5841,12.246,0.7290750937082991,0.0,Merge
16044078.489,P307,P313,0.002500000000000014,0.002500000000000014,1059.189,1059.189,22.161,30.418,0.9318,0.0,Hit+Run
16072849.115,E5,P318,0.5934626270475366,0.0025000000000000022,6558.305,1059.189,3.499,27.650,0.5466190541372546,0.0,Merge
16078729.311,E5,P468,0.5959626270475367,0.0025,6567.501,1059.189,2.9805,23.588,0.19736885363443485,0.0,Merge
16168174.569,E5,FRAG1013,0.5984626270475366,0.007102365272585664,6576.672,1500.127,2.2918,17.729,0.9981285950503328,0.0,Hit+Run
16225301.844,E5,FRAG1013,0.5984626270475366,0.007102365272585664,6576.672,1500.127,1.0309,7.9750,0.5536201923435481,0.0,Merge
16486040.774,P123,FRAG0072,0.005527306027306018,0.006096570096570097,1379.849,1425.681,12.433,22.611,0.4052694943711319,0.006096570096570097,Fragment
16524893.731,E5,P313,0.6055649923201223,0.002500000000000014,6602.586,1059.189,2.2257,17.714,0.977231996484382,0.0,Hit+Run
16687116.475,P184,FRAG0056,0.0025,0.00562937062937063,1059.189,1388.290,10.261,16.707,0.7363537628029776,0.007793653013653013,Graze+Frag
16690065.866,P74,P213,0.0025,0.0025,1059.189,1059.189,9.7379,13.366,0.20485,0.0,Merge
16697837.634,P184,P643,0.00812953712953713,0.0025,1569.215,1059.189,32.513,58.415,0.9834142784564536,0.0,Hit+Run
16750186.055,E5,P277,0.6055649923201223,0.005,6602.586,1334.495,1.9761,15.484,0.5199160667915174,0.0,Merge
16959749.638,P184,FRAG0035,0.00812953712953713,0.00562937062937063,1569.215,1388.290,9.0033,17.349,0.6814863109517194,0.008231102231102232,Graze+Frag
17015638.272,P265,P410,0.0025,0.0025,1059.189,1059.189,19.308,26.502,0.9275,0.0,Hit+Run
17021572.528,E29,P354,0.005527805527805528,0.0025000000000000022,1379.890,1059.189,16.672,27.024,0.8655289646109616,0.0,Graze+Frag
17054424.551,E12,FRAG0002,0.42064475327924084,0.005745254745254745,5847.438,1397.752,1.6345,11.202,0.1666617285522925,0.0,Merge
17169642.361,P110,FRAG0005,0.0025000000000000022,0.005745254745254745,1059.189,1397.752,12.049,19.720,0.7194210782962359,0.0,Graze+Frag
17208195.117,P239,FRAG0076,0.002500000000000014,0.006117882117882118,1059.189,1427.340,19.015,31.627,0.7269622061059366,0.008565334665334667,Graze+Frag
17379175.084,P99,P324,0.0025,0.0025,1059.189,1059.189,19.412,26.645,0.94465,0.0,Hit+Run
17488629.245,E0,FRAG0088,0.00552780552780553,0.005578754578754579,1379.890,1384.117,9.4202,16.870,0.6303845980642376,0.010926260406260406,Graze+Frag
17522370.275,P172,FRAG0081,0.008245421245421245,0.006879453879453879,1576.636,1484.266,12.738,25.297,0.603632387156554,0.01504060606060606,Graze+Frag
17856902.563,P196,FRAG0049,0.00596903096903097,0.00562937062937063,1415.669,1388.290,19.582,35.582,0.7553036076872109,0.011518288378288378,Graze+Frag
18017246.06,P184,FRAG0040,0.005527805527805529,0.00562937062937063,1379.890,1388.290,9.1359,16.386,0.9382941297486395,0.0,Hit+Run
18157412.436,P74,P363,0.005,0.0025,1334.495,1059.189,17.433,27.569,0.4753301834107608,0.0074896237096237096,Fragment
18164476.861,E12,P239,0.42639000802449556,0.008618048618048619,5873.940,1600.037,1.4619,9.9643,0.2717707495081442,0.0,Merge
18193351.779,E5,FRAG0093,0.6105649923201223,0.009597069597069597,6620.708,1658.466,1.4461,11.181,0.32283168396073325,0.0,Merge
18276610.867,E39,E34,0.4281313686313688,0.030000000000000002,5881.925,2424.939,1.205,7.9950,0.6992290567642273,0.0,Merge
18294650.481,E5,P236,0.6201620619171919,0.002500000000000014,6655.217,1059.189,1.5907,12.767,0.7775512972767613,0.0,Merge
18341847.757,E0,FRAG0091,0.00552780552780553,0.008231102231102232,1379.890,1575.722,6.7279,12.968,0.8906501661315807,0.0,Hit+Run
18400514.082,P114,FRAG0016,0.0025,0.005631368631368631,1059.189,1388.455,24.653,40.146,0.9411627064612547,0.0,Hit+Run
18769142.229,E5,P307,0.622662061917192,0.002500000000000014,6664.148,1059.189,2.0322,16.334,0.24582839538650267,0.0,Merge
18833353.955,E39,FRAG1016,0.45813136863136883,0.007283638389451842,6016.222,1512.783,4.1079,28.855,0.7509684792044493,0.0,Merge
18845293.244,E5,FRAG0043,0.625162061917192,0.00562937062937063,6673.055,1388.290,2.9089,22.989,0.8991392401333769,0.0,Hit+Run
19149020.46,P221,FRAG0043,0.002500000000000014,0.00562937062937063,1059.189,1388.290,9.7355,15.852,0.8515131729010522,0.0,Hit+Run
19248012.008,E12,P283,0.43500805664254416,0.0025,5913.250,1059.189,3.1707,22.439,0.5409112063765188,0.0,Merge
19708406.046,P184,FRAG0086,0.005527805527805529,0.00562937062937063,1379.890,1388.290,7.2392,12.984,0.9335086950965719,0.0,Hit+Run
20002446.841,E5,FRAG0057,0.625162061917192,0.00562937062937063,6673.055,1388.290,1.7385,13.739,0.6253909923777998,0.0,Merge
20614557.183,E12,P110,0.43750805664254416,0.008245421245421245,5924.556,1576.636,2.48,17.080,0.7128082941185216,0.0,Merge
20701801.749,P117,P208,0.0075001665001665,0.0025000000000000022,1527.627,1059.189,14.736,25.886,0.798886876310344,0.0,Graze+Frag
20704978.964,E12,FRAG0026,0.44575347788796543,0.008278388278388279,5961.544,1578.734,1.1185,7.7543,0.8968076370499063,0.0,Hit+Run
20790426.455,E5,FRAG0044,0.6307914325465627,0.00562937062937063,6693.025,1388.290,3.2223,25.547,0.36416384924153977,0.0,Merge
20812317.315,P117,FRAG0016,0.01,0.005631368631368631,1681.359,1388.455,10.485,21.139,0.7198515018337044,0.010103563103563104,Graze+Frag
20824400.443,P117,FRAG0095,0.005527805527805527,0.010103563103563104,1379.890,1687.143,1.0806,2.1795,0.20245971448266892,0.0,Merge
20911625.554,E5,FRAG0080,0.6364208031759333,0.006879453879453879,6712.876,1484.266,2.2524,17.827,0.7530869359272772,0.0,Merge
21037888.782,E39,P572,0.46541500702082067,0.0025,6047.937,1059.189,3.0902,22.401,0.8695190303813036,0.0,Hit+Run
21075422.901,E12,P102,0.44575347788796543,0.00813153513153513,5961.544,1569.343,2.0674,14.339,0.7047725254692623,0.0,Merge
21092700.571,E5,FRAG0046,0.6433002570553872,0.00562937062937063,6736.977,1388.290,1.7504,13.975,0.7559260940340062,0.0,Merge
21156577.507,E5,FRAG0048,0.6489296276847578,0.00562937062937063,6756.571,1388.290,2.5808,20.670,0.9533189939068831,0.0,Hit+Run
21166081.997,E5,FRAG0048,0.6489296276847578,0.00562937062937063,6756.571,1388.290,1.04,8.3295,0.34119396292542725,0.0,Merge
21240311.711,E5,FRAG0015,0.6545589983141284,0.005631368631368631,6776.052,1388.455,2.4161,19.410,0.09992479263013651,0.0,Merge
21328372.02,E12,P554,0.45388501301950057,0.0025,5997.576,1059.189,1.7147,12.319,0.7350822719545008,0.0,Merge
21338122.07,E12,FRAG0009,0.4563850130195006,0.005734931734931736,6008.567,1396.914,1.2182,8.5975,0.40690079303094084,0.0,Merge
21354995.754,P265,FRAG0038,0.0025,0.00562937062937063,1059.189,1388.290,20.995,34.186,0.9070805094534475,0.0,Hit+Run
21423389.785,P123,FRAG0094,0.005527306027306019,0.006070929070929071,1379.849,1423.679,20.080,36.489,0.8056052069087812,0.01143205461205461,Graze+Frag
21947187.926,P184,FRAG0086,0.005527805527805529,0.00562937062937063,1379.890,1388.290,15.917,28.550,0.696480134986346,0.011089330669330669,Graze+Frag
21955813.419,E0,FRAG0042,0.00552780552780553,0.00562937062937063,1379.890,1388.290,19.311,34.637,0.8446292160899403,0.01071841491841492,Graze+Frag
22047742.721,E5,P181,0.660190366945497,0.0025,6795.429,1059.189,2.972,24.389,0.45654002311663355,0.0,Merge
22458815.157,E5,FRAG0075,0.662690366945497,0.006117882117882118,6803.996,1427.340,1.3436,10.820,0.9283508311440369,0.0,Hit+Run
22865491.92,E22,FRAG0022,0.037500000000000006,0.005631368631368631,2612.187,1388.455,3.587,10.522,0.5266629714773087,0.009095238095238095,Fragment
22889290.756,P123,FRAG0051,0.005527306027306018,0.00562937062937063,1379.849,1388.290,10.310,18.492,0.36124501067909903,0.011118075258075257,Fragment
22894496.538,P123,FRAG0100,0.005527306027306018,0.00562937062937063,1379.849,1388.290,1.0029,1.7988,0.31349108212513505,0.0,Merge
23070792.739,E5,FRAG0075,0.662690366945497,0.006117882117882118,6803.996,1427.340,1.6682,13.434,0.3603961912374678,0.0,Merge
23444718.865,E5,P196,0.6688082490633791,0.0055274725274725295,6824.870,1379.863,2.8305,22.925,0.8091123582321296,0.0,Merge
23483433.458,E5,P2,0.6743357215908516,0.005,6843.620,1334.495,1.9008,15.477,0.6295405370988192,0.0,Merge
24247400.701,E5,FRAG0026,0.6793357215908516,0.008278388278388279,6860.493,1578.734,2.8529,23.007,0.439306845046315,0.0,Merge
24382776.494,E5,FRAG0040,0.6876141098692399,0.00562937062937063,6888.248,1388.290,2.1261,17.384,0.4552472624841216,0.0,Merge
24801118.166,P123,FRAG0030,0.011156676656676648,0.00562937062937063,1743.835,1388.290,8.6417,17.873,0.841093830703936,0.0,Hit+Run
25186006.126,E5,FRAG0073,0.6932434804986105,0.006117882117882118,6906.994,1427.340,3.0046,24.590,0.5254209946201702,0.0,Merge
25223691.321,E5,FRAG0027,0.6993613626164926,0.00562937062937063,6927.253,1388.290,3.1371,25.806,0.5059104777670193,0.0,Merge
25721897.651,E5,FRAG0014,0.7049907332458633,0.005631368631368631,6945.790,1388.455,2.7787,22.923,0.19168283221837903,0.0,Merge
26536989.598,E5,FRAG0038,0.7106221018772318,0.00562937062937063,6964.235,1388.290,1.8817,15.567,0.6225894259484976,0.0,Merge
26721000.25,E12,P143,0.4621199447544323,0.0025000000000000022,6033.631,1059.189,2.8263,20.436,0.8504971899626668,0.0,Merge
26804022.305,E12,P341,0.4646199447544323,0.0025,6044.491,1059.189,3.3159,24.023,0.6311943838770442,0.0,Merge
27299740.067,E5,FRAG0068,0.7162514725066025,0.006537795537795538,6982.576,1459.276,1.4027,11.596,0.9805719524361757,0.0,Hit+Run
27394347.285,P184,FRAG0085,0.005527805527805529,0.008721278721278721,1379.890,1606.400,18.211,35.541,0.5677516365741938,0.014226360306360306,Graze+Frag
27734162.614,E5,FRAG0041,0.7162514725066025,0.00562937062937063,6982.576,1388.290,1.7747,14.724,0.3239012551841613,0.0,Merge
27827781.143,E5,FRAG0092,0.7218808431359731,0.005578754578754579,7000.821,1384.117,1.7523,14.582,0.9818755050273229,0.0,Hit+Run
27841934.977,E12,FRAG0068,0.4671199447544323,0.006537795537795538,6055.313,1459.276,1.2757,9.0486,0.21531178066183332,0.0,Merge
28094435.463,P411,FRAG0091,0.0025,0.008231102231102232,1059.189,1575.722,23.546,42.454,0.3739245079720322,0.0,Fragment
28741122.965,E5,FRAG0030,0.7218808431359731,0.00562937062937063,7000.821,1388.290,1.5126,12.584,0.3773666829076852,0.0,Merge
28954454.917,E5,P265,0.7275102137653437,0.0025,7018.972,1059.189,2.4486,20.796,0.26978795965353736,0.0,Merge
28970871.081,E12,FRAG0089,0.47365774029222785,0.005578754578754579,6083.433,1384.117,1.5603,11.167,0.29897620837541233,0.0,Merge
29164262.172,E5,P313,0.7300102137653437,0.002500000000000014,7027.003,1059.189,2.1962,18.675,0.4447606161716665,0.0,Merge
31082453.249,E5,FRAG0092,0.7325102137653438,0.005578754578754579,7035.015,1384.117,2.5923,21.685,0.7898077819729623,0.0,Merge
31536376.987,P222,FRAG0024,0.0025000000000000022,0.005631368631368631,1059.189,1388.455,12.226,19.910,0.9740075496358418,0.0,Hit+Run
32023387.108,E5,P138,0.7380889683440983,0.0025,7052.830,1059.189,5.0111,42.777,0.4806206657303274,0.0,Merge
33377918.424,E12,FRAG0064,0.4792364948709824,0.007425574425574426,6107.223,1522.546,1.4316,10.214,0.9041844973880807,0.0,Hit+Run
33896514.456,E12,P204,0.4792364948709824,0.0025000000000000022,6107.223,1059.189,2.2993,16.842,0.5680770733702812,0.0,Merge
34836437.654,P80,FRAG0064,0.0025,0.007425574425574426,1059.189,1522.546,8.7068,15.252,0.6684819354023072,0.0,Graze+Frag
36172025.693,E12,P350,0.4817364948709824,0.0025,6117.824,1059.189,3.9228,28.787,0.9608468624436844,0.0,Hit+Run
36400793.336,E12,P278,0.4817364948709824,0.0025,6117.824,1059.189,3.4811,25.546,0.6226921868480407,0.0,Merge
37299920.484,E12,P440,0.4842364948709824,0.0025,6128.389,1059.189,4.4949,33.047,0.9124058575163025,0.0,Hit+Run
38011700.853,E12,P308,0.4842364948709824,0.008234765234765235,6128.389,1575.956,2.3913,17.081,0.6391406720887185,0.0,Merge
38379866.727,P172,FRAG0070,0.005527805527805527,0.006560772560772561,1379.890,1460.984,16.775,30.916,0.6799212475711311,0.006560772560772561,Graze+Frag
38501410.973,E12,FRAG0062,0.49247126010574765,0.00562937062937063,6162.933,1388.290,2.5182,18.272,0.6785473010798934,0.0,Merge
39449681.162,E12,P440,0.4981006307351183,0.0025,6186.327,1059.189,1.2935,9.6058,0.9936692479326679,0.0,Hit+Run
40134782.342,E12,FRAG0010,0.4981006307351183,0.005631368631368631,6186.327,1388.455,3.123,22.753,0.4334228645445923,0.0,Merge
40414088.575,E12,P343,0.5037319993664869,0.0025000000000000022,6209.553,1059.189,1.4106,10.517,0.46524173627295956,0.0,Merge
40605402.635,E5,P440,0.7405889683440983,0.0025,7060.784,1059.189,1.839,15.717,0.31973628171341795,0.0,Merge
42459952.927,E12,P80,0.506231999366487,0.009925740925740925,6219.809,1677.187,1.5217,10.991,0.3281212779019617,0.0,Merge
43459576.263,E5,P350,0.7430889683440982,0.0025,7068.720,1059.189,2.3998,20.534,0.5191148774118424,0.0,Merge
44029307.278,E39,E57,0.46541500702082067,0.1113048273745036,6047.937,3754.036,4.1732,28.599,0.8006350184588545,0.10577489177489179,Hit+Run+Frag
44149118.808,E39,FRAG0119,0.46541713709262694,0.005567099567099568,6047.947,1383.152,1.1342,8.0672,0.9032325895867247,0.0,Hit+Run
44220812.016,E39,FRAG0114,0.46541713709262694,0.005567099567099568,6047.947,1383.152,1.1347,8.0707,0.6292840496201618,0.0,Merge
44413734.386,E5,FRAG0024,0.7455889683440982,0.005631368631368631,7076.638,1388.455,5.0071,42.141,0.9254284941773433,0.0,Hit+Run
44431740.201,E12,FRAG0121,0.5161577402922279,0.005567099567099568,6260.197,1383.152,1.0961,8.0907,0.37020535406027844,0.0,Merge
44488443.559,E5,FRAG0024,0.7455889683440982,0.005631368631368631,7076.638,1388.455,1.0575,8.9003,0.9887120867782692,0.0,Hit+Run
44501806.545,E5,FRAG0024,0.7455889683440982,0.005631368631368631,7076.638,1388.455,1.0237,8.6158,0.2894158488565458,0.0,Merge
44835302.908,E39,FRAG0111,0.4709842366597265,0.005567099567099568,6071.965,1383.152,1.5553,11.109,0.7173031713275655,0.0,Merge
44988933.5,E5,FRAG0013,0.7512203369754668,0.005631368631368631,7094.410,1388.455,1.8774,15.843,0.5927016802041396,0.0,Merge
45769601.03,E39,FRAG0018,0.47655133622682605,0.005631368631368631,6095.795,1388.455,2.6429,18.952,0.5079116566662345,0.0,Merge
46371874.823,E5,FRAG0108,0.7568517056068353,0.005567099567099568,7112.093,1383.152,1.5428,13.057,0.5113526446954888,0.0,Merge
47861578.113,E12,FRAG0105,0.5217248398593275,0.005567099567099568,6282.623,1383.152,1.4785,10.955,0.5651739547213901,0.0,Merge
48643799.691,E39,FRAG0043,0.4821827048581947,0.00562937062937063,6119.713,1388.290,3.122,22.483,0.27770180489761714,0.0,Merge
48706011.469,E12,FRAG0037,0.527291939426427,0.00562937062937063,6304.890,1388.290,2.5497,18.959,0.6305561443346333,0.0,Merge
50806361.302,E12,FRAG0107,0.5329213100557977,0.005567099567099568,6327.248,1383.152,3.2911,24.572,0.4341858493458408,0.0,Merge
51159105.386,E12,FRAG0020,0.5384884096228972,0.005631368631368631,6349.204,1388.455,2.147,16.085,0.5796427183740983,0.0,Merge
52616244.998,E39,FRAG0109,0.48781207548756533,0.005567099567099568,6143.436,1383.152,2.2717,16.432,0.9145869721491307,0.0,Hit+Run
54446095.543,E5,FRAG0116,0.7624188051739349,0.005567099567099568,7129.488,1383.152,1.5307,12.989,0.7553572892488084,0.0,Merge
55921628.088,E5,FRAG0113,0.7679859047410345,0.005567099567099568,7146.799,1383.152,2.3295,19.819,0.9707301464414797,0.0,Hit+Run
56202142.26,E5,FRAG0103,0.7679859047410345,0.005567099567099568,7146.799,1383.152,1.6386,13.941,0.8179905420083001,0.0,Merge
66479774.817,E39,FRAG0115,0.48781207548756533,0.005567099567099568,6143.436,1383.152,2.5889,18.726,0.41015613878173857,0.0,Merge
73917048.614,E5,E12,0.773553004308134,0.5441197782542658,7164.026,6371.260,1.0483,9.2408,0.9524486740625421,0.0,Hit+Run
75632003.129,E5,E12,0.773553004308134,0.5441197782542658,7164.026,6371.260,3.3983,29.956,0.9857936401453095,0.0,Hit+Run
75726799.689,E5,E12,0.773553004308134,0.5441197782542658,7164.026,6371.260,1.0886,9.5961,0.8170575260629876,0.009645467865467865,Hit+Run
75977582.913,E5,E39,0.773553004308134,0.4933791750546649,7164.026,6166.718,1.9309,16.817,0.559869912017378,0.2026758841158841,Hit+Run+Frag
75977582.914,E39,FRAG0122,0.4225441225441226,0.005902763902763903,5856.226,1410.410,0.9032,6.1961,0.010476777712797666,0.0,Perfect
75977582.914,E39,FRAG0133,0.4284468864468865,0.005902763902763903,5883.370,1410.410,0.9232,6.3649,0.009840865201029779,0.0,Perfect
76057458.02,E5,E39,0.7735548899855096,0.4343496503496504,7164.032,5910.265,1.226,10.528,0.8864151124875475,0.0,Hit+Run
76063465.528,E5,FRAG0123,0.7735548899855096,0.005902763902763903,7164.032,1410.410,1.4329,12.205,0.6501102709384536,0.0,Merge
76169882.888,E12,E39,0.5441197782542658,0.4343496503496504,6371.260,5910.265,1.2896,10.283,0.19723552036358658,0.1566060606060606,Fragment
76195588.689,E5,FRAG0149,0.7794576538882735,0.005593073593073593,7182.208,1385.300,0.9977,8.5325,0.5527800728636834,0.0,Perfect
76266054.334,E5,FRAG0138,0.7850507274813471,0.005593073593073593,7199.346,1385.300,1.3548,11.616,0.8065947736679077,0.0,Merge
76331547.739,E5,FRAG0137,0.7906438010744207,0.005593073593073593,7216.403,1385.300,1.6107,13.845,0.4955680277208997,0.0,Merge
76410614.14,E5,FRAG0140,0.7962368746674943,0.005593073593073593,7233.380,1385.300,1.2833,11.058,0.9546669737580467,0.0,Hit+Run
76431118.193,E12,E5,0.8218633679978555,0.7962368746674943,7310.163,7233.380,1.0003,9.4266,0.9351612773749383,0.0,Graze+Merge
76448948.1,FRAG0124,FRAG0126,0.005902763902763903,0.005902763902763903,1410.410,1410.410,14.712,26.891,0.8785,0.0,Hit+Run
76456019.55,E12,FRAG0140,1.6181002426653497,0.005593073593073593,9162.113,1385.300,1.0512,11.652,0.8028152850459186,0.0,Merge
76486476.173,FRAG0134,FRAG0146,0.005593073593073593,0.005593073593073593,1385.300,1385.300,2.8435,5.1046,0.88785,0.0,Hit+Run
76892235.358,E12,FRAG0125,1.6236933162584233,0.005902763902763903,9172.657,1410.410,1.3858,15.363,0.5456928896332003,0.0,Merge
77117068.274,E12,FRAG0146,1.6295960801611873,0.005593073593073593,9183.759,1385.300,1.1579,12.867,0.7838605670788512,0.0,Merge
77124621.434,FRAG0124,FRAG0132,0.005902763902763903,0.005902763902763903,1410.410,1410.410,13.750,25.132,0.8919,0.0,Hit+Run
77265120.089,FRAG0132,FRAG0148,0.005902763902763903,0.005593073593073593,1410.410,1385.300,13.607,24.651,0.5902543019386344,0.01144919080919081,Graze+Frag
77479852.443,E12,FRAG0150,1.6351891537542609,0.005593073593073593,9194.254,1385.300,1.6742,18.627,0.7890183996203777,0.0,Merge
77938088.585,FRAG0151,FRAG0154,0.005593073593073593,0.005593073593073593,1385.300,1385.300,7.0338,12.627,0.2523,0.005658341658341659,Fragment
78568664.024,E12,FRAG0152,1.6407822273473345,0.005593073593073593,9204.725,1385.300,1.5237,16.973,0.9042164580624966,0.0,Hit+Run
78598773.953,E12,FRAG0128,1.6407822273473345,0.005902763902763903,9204.725,1410.410,1.1507,12.804,0.5058848647069022,0.0,Merge
78732190.588,E12,FRAG0152,1.6466849912500985,0.005593073593073593,9215.750,1385.300,1.0217,11.395,0.5378508926438595,0.0,Merge
79066555.735,E12,FRAG0129,1.652278064843172,0.005902763902763903,9226.172,1410.410,1.0897,12.155,0.9269903840881253,0.0,Hit+Run
79129549.364,E12,FRAG0144,1.652278064843172,0.005593073593073593,9226.172,1385.300,1.8011,20.113,0.924315017597896,0.0,Hit+Run
79140917.048,E12,FRAG0144,1.652278064843172,0.005593073593073593,9226.172,1385.300,1.0057,11.230,0.77546473915489,0.0,Merge
80355123.154,E12,FRAG0151,1.6578711384362457,0.005527805527805528,9236.571,1379.890,1.0866,12.151,0.5595120893735084,0.0,Merge
81709478.663,E12,FRAG0163,1.6633989439640513,0.005658341658341659,9246.825,1390.668,1.5748,17.623,0.8577060378698135,0.0,Merge
83941058.126,E12,FRAG0129,1.6690572856223929,0.005902763902763903,9257.298,1410.410,1.7018,19.051,0.2769975791958297,0.0,Merge
