time_yr,target,projectile,Mt_Mearth,Mp_Mearth,Rt_km,Rp_km,vimp/vesc,vimp_km/s,b,m_frag_Mearth,Regime
92331.313,M2,P125,0.05,0.0024355585714285716,2875.083,1050.009,1.9603,6.4012,0.924106801661822,0.0,Hit+Run
133578.312,E3,P587,0.40336,0.0024355585714285716,5766.223,1050.009,1.127,7.7689,0.45402379538367105,0.0,Merge
183722.982,E5,P514,0.0735,0.0024355585714285716,3269.060,1050.009,1.1347,4.2507,0.6756755679376879,0.0,Merge
186079.784,E6,M3,0.08018000000000002,0.05,3365.238,2875.083,1.0147,4.1406,0.6465346303842251,0.0,Graze+Merge
226059.374,E1,M4,0.23462666666666668,0.05,4813.411,2875.083,1.0116,5.4989,0.5744043238167496,0.005683649683649684,Fragment
459426.355,M0,P602,0.05,0.0024355585714285716,2875.083,1050.009,2.9556,9.6514,0.9805816228477181,0.0,Hit+Run
482832.519,M0,P602,0.05,0.0024355585714285716,2875.083,1050.009,1.5012,4.9021,0.9326036619180659,0.0,Hit+Run
534129.472,E0,P789,0.4524555555544456,0.0024355585714285716,5991.273,1050.009,1.6453,11.814,0.7276709173780308,0.0,Merge
584773.684,E12,P785,0.09854,0.0024355585714285716,3604.663,1050.009,3.3553,13.962,0.9093992135311691,0.0,Hit+Run
689471.546,E1,E6,0.278943016983017,0.13018000000000002,5099.164,3955.262,1.0797,6.4842,0.711112389221809,0.007438215118215118,Graze+Merge
708018.157,E1,P125,0.409123016983017,0.0024355585714285716,5793.555,1050.009,1.0043,6.9581,0.8497020655952308,0.007438215118215118,Graze+Merge
719782.619,M0,P454,0.05,0.0024355585714285716,2875.083,1050.009,3.1328,10.230,0.6333823330667229,0.0,Merge
806678.952,M2,P754,0.05,0.0024355585714285716,2875.083,1050.009,2.5886,8.4529,0.9657121173992914,0.0,Hit+Run
970033.033,E8,P641,0.11363999999999999,0.0024355585714285716,3780.108,1050.009,1.567,6.8630,0.6530896965183524,0.0,Merge
979441.614,E17,P119,0.040959999999999996,0.0024355585714285716,2690.174,1050.009,2.5518,7.7656,0.8086668983949034,0.0,Hit+Run
1083129.943,M1,P118,0.05,0.0024355585714285716,2875.083,1050.009,5.7519,18.782,0.26274342878574475,0.006764235764235765,Fragment
1180639.14,E0,P818,0.4548911141258742,0.0024355585714285716,6002.004,1050.009,2.2341,16.073,0.6792668843401475,0.0,Merge
1249632.886,E11,P592,0.020565714285714288,0.0024355585714285716,2138.167,1050.009,3.9878,9.5696,0.9527327201208666,0.0,Hit+Run
1252565.829,E4,P470,0.0574,0.0024355585714285716,3010.448,1050.009,2.0707,7.1017,0.9681280234387831,0.0,Hit+Run
1355587.673,E1,P668,0.4115585755544456,0.0024355585714285716,5805.029,1050.009,1.2401,8.6100,0.7465623007875466,0.0,Merge
1363247.318,E0,P67,0.45732667269730276,0.0024355585714285716,6012.697,1050.009,1.1586,8.3516,0.35721823774647493,0.0,Merge
1399953.36,E13,P519,0.02222,0.0024355585714285716,2194.026,1050.009,2.441,6.0122,0.16759361074566284,0.0,Merge
1401629.07,E12,M2,0.09854,0.05,3604.663,2875.083,2.1942,9.3859,0.8498547808268064,0.0,Hit+Run
1415612.072,E0,P6,0.45976223126873134,0.0024355585714285716,6023.352,1050.009,1.8079,13.056,0.7163275212912692,0.0,Merge
1417852.248,E1,M2,0.41399413412587416,0.05,5816.457,2875.083,1.035,6.7562,0.4839719388631678,0.0071381951381951384,Fragment
1422823.442,E1,FRAG0003,0.456855938987679,0.0071381951381951384,6010.633,1502.645,1.0166,7.1375,0.8769614652931602,0.0,Graze+Merge
1460806.084,E3,E9,0.40579555857142857,0.07894000000000001,5777.805,3347.800,1.0121,6.5902,0.5534295434824517,0.00967932067932068,Fragment
1496444.414,E3,FRAG0004,0.4750562378921079,0.00967932067932068,6089.414,1663.191,1.0903,7.7025,0.5620800587274193,0.0,Merge
1523525.256,M0,M1,0.05243555857142857,0.045671322807192806,2921.028,2789.598,2.813,10.416,0.13222468830297732,0.07862937062937062,Fragment
1524422.763,P26,P140,0.0024355585714285716,0.0024355585714285716,1050.009,1050.009,1.3175,1.7927,0.9254999999999999,0.0,Hit+Run
1524500.13,P26,P315,0.0024355585714285716,0.0024355585714285716,1050.009,1050.009,2.0738,2.8218,0.3145,0.0,Merge
1524509.958,P26,P690,0.004871117142857143,0.0024355585714285716,1322.929,1050.009,1.2436,1.9496,0.7733174963746964,0.0,Hit+Run
1524749.527,P26,P682,0.004871117142857143,0.0024355585714285716,1322.929,1050.009,1.2187,1.9106,0.962869762806386,0.0,Hit+Run
1525058.973,P26,P707,0.004871117142857143,0.0024355585714285716,1322.929,1050.009,1.9088,2.9925,0.42454132614038725,0.0,Merge
1525234.736,P26,P182,0.007306675714285714,0.0024355585714285716,1514.376,1050.009,2.9487,5.1348,0.2395826609153895,0.0,Merge
1525261.294,P26,P682,0.009742234285714286,0.0024355585714285716,1666.786,1050.009,1.1664,2.2062,0.7451714206631898,0.0,Hit+Run
1525410.214,P26,P766,0.009742234285714286,0.0024355585714285716,1666.786,1050.009,1.3535,2.5601,0.9190406620726644,0.0,Hit+Run
1525440.607,P26,P331,0.009742234285714286,0.0024355585714285716,1666.786,1050.009,1.3725,2.5961,0.9432130266158307,0.0,Hit+Run
1525603.962,P26,P332,0.009742234285714286,0.0024355585714285716,1666.786,1050.009,1.0879,2.0577,0.55436925383769,0.0,Merge
1525786.249,P26,P777,0.012177792857142858,0.0024355585714285716,1795.491,1050.009,1.2351,2.5006,0.9209343342088269,0.0,Hit+Run
1526878.386,P26,P195,0.012177792857142858,0.0024355585714285716,1795.491,1050.009,1.2738,2.5790,0.5837947557451227,0.0,Merge
1527722.553,P26,P110,0.01461335142857143,0.0024355585714285716,1907.994,1050.009,1.3007,2.7898,0.21111754021010684,0.0,Merge
1527873.473,P26,P164,0.01704891,0.0024355585714285716,2008.596,1050.009,1.0239,2.3088,0.9344886309653028,0.0,Graze+Merge
1528313.32,P26,P629,0.019484468571428572,0.0024355585714285716,2100.019,1050.009,1.1433,2.6945,0.7126666666666666,0.0,Hit+Run
1528405.528,P26,P766,0.019484468571428572,0.0024355585714285716,2100.019,1050.009,1.0517,2.4786,0.3766,0.0,Merge
1530379.126,P26,P821,0.021920027142857144,0.0024355585714285716,2184.108,1050.009,1.2231,2.9987,0.9370927801591141,0.0,Hit+Run
1530608.587,P26,P821,0.021920027142857144,0.0024355585714285716,2184.108,1050.009,1.2835,3.1468,0.36832689701555266,0.0,Merge
1530871.53,P26,P63,0.024355585714285716,0.0024355585714285716,2262.177,1050.009,1.6529,4.1999,0.5097124420586889,0.0,Merge
1531194.197,P26,P690,0.02679114428571429,0.0024355585714285716,2335.201,1050.009,1.0662,2.7989,0.6653356215283943,0.0,Merge
1531804.34,P26,P572,0.02922670285714286,0.0024355585714285716,2403.922,1050.009,1.2715,3.4394,0.9237952556319337,0.0,Hit+Run
1532007.177,P26,P213,0.02922670285714286,0.0024355585714285716,2403.922,1050.009,1.359,3.6761,0.9256048447712715,0.0,Hit+Run
1532421.639,P26,P213,0.02922670285714286,0.0024355585714285716,2403.922,1050.009,1.0626,2.8743,0.4857354847476279,0.0,Merge
1532469.462,P26,P380,0.03166226142857143,0.0024355585714285716,2468.924,1050.009,1.1815,3.2858,0.7042073818268458,0.0,Hit+Run
1532811.669,P26,P331,0.03166226142857143,0.0024355585714285716,2468.924,1050.009,1.2955,3.6029,0.773456428938841,0.0,Hit+Run
1533384.723,P26,P572,0.03166226142857143,0.0024355585714285716,2468.924,1050.009,0.995,2.7671,0.8967997165000241,0.0,Perfect
1533587.094,P26,P252,0.03409782,0.0024355585714285716,2530.673,1050.009,1.308,3.7327,0.7599759118244381,0.0,Hit+Run
1533604.031,P26,P554,0.03409782,0.0024355585714285716,2530.673,1050.009,2.0013,5.7112,0.7817440305672939,0.0,Hit+Run
1533759.648,P26,P629,0.03409782,0.0024355585714285716,2530.673,1050.009,1.5153,4.3243,0.4747994211509881,0.0,Merge
1535283.686,P26,P252,0.03653337857142857,0.0024355585714285716,2589.547,1050.009,1.0949,3.2008,0.7487832629302462,0.0,Hit+Run
1536113.669,P26,P777,0.03653337857142857,0.0024355585714285716,2589.547,1050.009,1.1299,3.3031,0.8117510686783712,0.0,Hit+Run
1537317.773,M0,FRAG0011,0.019477510749250762,0.005616383616383617,2099.769,1387.222,1.0524,2.5223,0.7757182203483218,0.0,Graze+Merge
1539351.224,P26,P545,0.03653337857142857,0.0024355585714285716,2589.547,1050.009,1.3496,3.9454,0.9507071417021997,0.0,Hit+Run
1539379.583,P26,P545,0.03653337857142857,0.0024355585714285716,2589.547,1050.009,1.0982,3.2105,0.49712549012672275,0.0,Merge
1540025.955,P26,P554,0.03896893714285714,0.0024355585714285716,2645.859,1050.009,1.3683,4.0917,0.7443890211773672,0.0,Hit+Run
1540375.298,P26,P554,0.03896893714285714,0.0024355585714285716,2645.859,1050.009,1.0528,3.1482,0.7130327611970164,0.0,Merge
1541910.481,P26,P331,0.041404495714285706,0.0024355585714285716,2699.871,1050.009,1.1903,3.6361,0.8326666727638686,0.0,Hit+Run
1543388.484,P26,P281,0.041404495714285706,0.0024355585714285716,2699.871,1050.009,1.3552,4.1398,0.9724884348483851,0.0,Hit+Run
1543709.46,P26,P331,0.041404495714285706,0.0024355585714285716,2699.871,1050.009,1.1256,3.4384,0.9076894719873835,0.0,Hit+Run
1543787.099,P26,P402,0.041404495714285706,0.0024355585714285716,2699.871,1050.009,1.5609,4.7682,0.772979628084124,0.0,Hit+Run
1544103.454,P26,P331,0.041404495714285706,0.0024355585714285716,2699.871,1050.009,1.0802,3.2998,0.9749363956675785,0.0,Hit+Run
1544109.596,P26,P281,0.041404495714285706,0.0024355585714285716,2699.871,1050.009,1.0845,3.3129,0.8461304572694323,0.0,Hit+Run
1544560.825,P26,P331,0.041404495714285706,0.0024355585714285716,2699.871,1050.009,0.9974,3.0468,0.956360692980758,0.0,Perfect
1552809.052,P26,P697,0.043840054285714275,0.0024355585714285716,2751.804,1050.009,1.5367,4.7899,0.7819356921464043,0.0,Hit+Run
1554958.831,P26,P281,0.043840054285714275,0.0024355585714285716,2751.804,1050.009,1.1755,3.6640,0.48025023765540986,0.0,Merge
1561176.477,P26,P137,0.046275612857142844,0.0024355585714285716,2801.848,1050.009,1.2855,4.0842,0.9652620751295538,0.0,Hit+Run
1562673.992,P26,P137,0.046275612857142844,0.0024355585714285716,2801.848,1050.009,1.0339,3.2848,0.8597160863569101,0.0,Graze+Merge
1597472.315,P26,P697,0.04871117142857141,0.0024355585714285716,2850.165,1050.009,1.0131,3.2777,0.7109016082699423,0.0,Merge
1613796.839,P26,P140,0.05114672999999998,0.0024355585714285716,2896.897,1050.009,1.3018,4.2853,0.9018979550688836,0.0,Hit+Run
1614643.35,P26,P140,0.05114672999999998,0.0024355585714285716,2896.897,1050.009,1.035,3.4070,0.38856183057736576,0.0,Merge
1651483.062,M0,FRAG0013,0.02509389436563438,0.005616383616383617,2284.808,1387.222,1.5298,3.9525,0.8590360076371135,0.0,Hit+Run
1685581.165,M0,FRAG0013,0.02509389436563438,0.005616383616383617,2284.808,1387.222,1.0501,2.7131,0.18007027423597033,0.0,Merge
1712237.127,E3,P785,0.4847355585714286,0.0024355585714285716,6130.494,1050.009,1.2021,8.8462,0.8710154765256849,0.0,Hit+Run
1733035.187,P28,P754,0.0024355585714285716,0.0024355585714285716,1050.009,1050.009,6.2925,8.5621,0.45565,0.0,Merge
1764684.89,E8,P378,0.11607555857142857,0.0024355585714285716,3806.923,1050.009,1.4087,6.2169,0.10495244823788867,0.0,Merge
1840040.5,M0,FRAG0015,0.030710277982017996,0.005616383616383617,2443.928,1387.222,1.3088,3.6006,0.988632463437276,0.0,Hit+Run
1848376.714,M0,FRAG0010,0.030710277982017996,0.005616383616383617,2443.928,1387.222,1.5987,4.3981,0.6691672823239788,0.0,Hit+Run
1871975.493,P26,P777,0.05358228857142855,0.0024355585714285716,2942.168,1050.009,1.5122,5.0608,0.7782543198105294,0.0,Hit+Run
1878927.929,E8,P808,0.11851111714285714,0.0024355585714285716,3833.365,1050.009,1.7376,7.7258,0.8656789886164502,0.0,Hit+Run
1879142.787,P26,P252,0.05358228857142855,0.0024355585714285716,2942.168,1050.009,1.2236,4.0950,0.5259112524780244,0.0,Merge
1881960.571,P26,P777,0.05601784714285712,0.0024355585714285716,2986.088,1050.009,1.1249,3.8246,0.8788622507161077,0.0,Hit+Run
1891187.462,P26,P777,0.05601784714285712,0.0024355585714285716,2986.088,1050.009,1.0906,3.7080,0.5422326319975043,0.0,Merge
2008841.975,P26,P349,0.058453405714285686,0.0024355585714285716,3028.752,1050.009,1.5023,5.1858,0.42348570570986505,0.0,Merge
2009831.354,M0,FRAG0010,0.030710277982017996,0.005616383616383617,2443.928,1387.222,2.0295,5.5833,0.8669192913997019,0.0,Hit+Run
2061237.641,E1,P470,0.46399413412587415,0.0024355585714285716,6041.776,1050.009,1.6841,12.202,0.2958787659830976,0.0,Merge
2227201.07,E0,FRAG0001,0.4621977898401599,0.005683649683649684,6033.969,1392.738,1.0353,7.3416,0.9669192696224318,0.0,Hit+Run
2342676.723,E14,P801,0.044980000000000006,0.0024355585714285716,2775.451,1050.009,3.5884,11.286,0.9255468041097399,0.0,Hit+Run
2349729.928,E1,E4,0.4664296926973027,0.0574,6052.329,3010.448,1.1324,7.6916,0.7000118644652601,0.0,Hit+Run
2449710.059,M0,FRAG0006,0.030710277982017996,0.005616383616383617,2443.928,1387.222,1.8564,5.1071,0.9247139108263487,0.0,Hit+Run
2473081.921,M0,FRAG0016,0.030710277982017996,0.005616383616383617,2443.928,1387.222,1.3253,3.6460,0.5717584701115179,0.0,Merge
2556981.972,M0,P124,0.036326661598401616,0.0024355585714285716,2584.653,1050.009,3.3267,9.7060,0.43278289702586986,0.0,Merge
2559564.323,E1,FRAG0001,0.4664296926973027,0.005683649683649684,6052.329,1392.738,1.348,9.5903,0.5206825526853475,0.0,Merge
2630872.691,E4,P601,0.0574,0.0024355585714285716,3010.448,1050.009,5.1331,17.604,0.6779416944650202,0.0,Merge
2692326.914,M0,P722,0.038762220169830185,0.0024355585714285716,2641.172,1050.009,2.5055,7.4783,0.8964230187667561,0.0,Hit+Run
2717710.847,P14,P856,0.0024355585714285716,0.0024355585714285716,1050.009,1050.009,13.010,17.703,0.3472,0.0,Merge
2767542.128,M0,FRAG0010,0.038762220169830185,0.005616383616383617,2641.172,1387.222,1.6564,4.9118,0.8647877092283962,0.0,Hit+Run
2914408.762,E3,P358,0.4847355585714286,0.0024355585714285716,6130.494,1050.009,1.2136,8.9309,0.5430826745912449,0.0,Merge
3018714.527,E10,P409,0.14002,0.0024355585714285716,4052.507,1050.009,1.0457,4.9364,0.8190763079730323,0.0,Graze+Merge
3161721.268,M0,P158,0.038762220169830185,0.0024355585714285716,2641.172,1050.009,7.6914,22.957,0.9120216951788853,0.0,Hit+Run
3190355.209,E12,P14,0.09854,0.004871117142857143,3604.663,1322.929,2.8184,11.535,0.620773140751791,0.0,Merge
3193848.92,M0,P498,0.038762220169830185,0.0024355585714285716,2641.172,1050.009,4.9983,14.918,0.643409625219562,0.0,Merge
3245435.87,E0,P441,0.4621977898401599,0.0024355585714285716,6033.969,1050.009,2.6389,19.093,0.42137400312157663,0.0,Merge
3340986.587,E8,P181,0.11851111714285714,0.0024355585714285716,3833.365,1050.009,3.0174,13.416,0.5844196654197925,0.0,Merge
3354918.54,M0,P644,0.04119777874125875,0.0024355585714285716,2695.370,1050.009,5.1469,15.695,0.37349938793563686,0.00629037629037629,Fragment
3398030.619,M0,FRAG0014,0.03734296102231103,0.005616383616383617,2608.535,1387.222,2.4522,7.1836,0.8527216027819026,0.0,Hit+Run
3401929.406,M0,FRAG0012,0.03734296102231103,0.005616383616383617,2608.535,1387.222,1.0883,3.1881,0.8559857338597692,0.0,Hit+Run
3412580.14,M0,FRAG0012,0.03734296102231103,0.005616383616383617,2608.535,1387.222,1.1115,3.2560,0.5892409421765007,0.0,Merge
3459560.165,M0,P634,0.04295934463869465,0.0024355585714285716,2733.252,1050.009,1.0139,3.1377,0.15511197699107176,0.0,Merge
3490184.454,E8,P811,0.12094667571428572,0.0024355585714285716,3859.447,1050.009,1.8078,8.0968,0.9020785266937195,0.0,Hit+Run
3689008.329,E8,P77,0.12094667571428572,0.0024355585714285716,3859.447,1050.009,1.0197,4.5670,0.3516337472680616,0.0,Merge
3853362.248,E0,P575,0.4646333484115885,0.0024355585714285716,6044.550,1050.009,1.5991,11.592,0.7343369782704913,0.0,Merge
3950544.404,E0,P314,0.46706890698301706,0.0024355585714285716,6055.093,1050.009,2.2156,16.091,0.7001819029373014,0.0,Merge
4003380.843,E3,P15,0.48717111714285716,0.0024355585714285716,6140.744,1050.009,1.6689,12.303,0.49146421693130166,0.0,Merge
4085805.232,M0,P602,0.04539490321012322,0.0024355585714285716,2783.959,1050.009,4.7615,15.025,0.8634409582667092,0.0,Hit+Run
4162255.66,E3,P570,0.48960667571428573,0.0024355585714285716,6150.960,1050.009,1.5643,11.552,0.8559787441519513,0.0,Hit+Run
4198024.74,E15,P561,0.11428,0.0024355585714285716,3787.191,1050.009,1.0895,4.7813,0.5985502112510451,0.0,Merge
4222512.177,E15,P372,0.11671555857142858,0.0024355585714285716,3813.907,1050.009,2.4383,10.782,0.5106206199719778,0.0,Merge
4246504.804,E12,P427,0.10341111714285714,0.0024355585714285716,3663.106,1050.009,1.434,6.0714,0.5707092643727057,0.0,Merge
4277919.801,E3,P739,0.48960667571428573,0.0024355585714285716,6150.960,1050.009,1.4686,10.845,0.49286471946479976,0.0,Merge
4315088.762,E3,P382,0.4920422342857143,0.0024355585714285716,6161.143,1050.009,1.6134,11.936,0.4790569516129548,0.0,Merge
4342103.836,M0,FRAG0009,0.04539490321012322,0.005616383616383617,2783.959,1387.222,3.315,10.357,0.9480800486777418,0.0,Hit+Run
4397510.85,E0,FRAG0017,0.46950446555444564,0.005616383616383617,6065.599,1387.222,1.4979,10.685,0.27411012273273433,0.0,Merge
4564754.635,E10,P808,0.14245555857142858,0.0024355585714285716,4075.869,1050.009,2.3938,11.370,0.8299034748125778,0.0,Hit+Run
4574146.33,M0,P297,0.04539490321012322,0.0024355585714285716,2783.959,1050.009,3.1768,10.024,0.3597247083721535,0.0,Merge
4676320.006,E10,P543,0.14245555857142858,0.0024355585714285716,4075.869,1050.009,1.1612,5.5157,0.6148935106568615,0.0,Merge
4875761.119,E8,P701,0.12338223428571429,0.0024355585714285716,3885.182,1050.009,1.6297,7.3516,0.8629728458381762,0.0,Hit+Run
5027419.031,M0,FRAG0010,0.047830461781551786,0.005616383616383617,2832.883,1387.222,1.4833,4.7161,0.44626864084798096,0.0,Merge
5028195.831,E0,FRAG0015,0.47512084917082925,0.005616383616383617,6089.690,1387.222,1.6584,11.880,0.8679762888989168,0.0,Hit+Run
5048907.409,M0,FRAG0008,0.0534468453979354,0.005616383616383617,2939.687,1387.222,2.7014,8.9169,0.5859115668343614,0.0,Merge
5141673.323,M0,FRAG0005,0.05906322901431901,0.005616383616383617,3039.248,1387.222,4.0731,13.910,0.33197477337015036,0.012753246753246754,Fragment
5152215.13,E1,P17,0.4721133423809524,0.0024355585714285716,6076.814,1050.009,1.4936,10.888,0.542637857240959,0.0,Merge
5193928.151,M0,FRAG0002,0.051926365877455874,0.006764235764235765,2911.542,1475.933,5.1655,16.878,0.7805299519700885,0.0,Hit+Run
5196993.156,M0,FRAG0002,0.051926365877455874,0.006764235764235765,2911.542,1475.933,1.0968,3.5839,0.9888349612571238,0.0,Hit+Run
5219391.911,M0,FRAG0021,0.051926365877455874,0.006376623376623377,2911.542,1447.185,1.3859,4.5285,0.889081271131013,0.0,Hit+Run
5230552.051,M0,FRAG0002,0.051926365877455874,0.006764235764235765,2911.542,1475.933,1.1009,3.5973,0.3144815033486014,0.0,Merge
5267399.492,M0,FRAG0021,0.05869060164169164,0.006376623376623377,3032.843,1447.185,1.1094,3.7773,0.23145593378753282,0.0,Merge
5269779.005,E0,P483,0.47512084917082925,0.0024355585714285716,6089.690,1050.009,1.976,14.438,0.8776686967613285,0.0,Hit+Run
5335114.928,E3,P465,0.4944777928571429,0.0024355585714285716,6171.292,1050.009,1.379,10.220,0.9497119739586856,0.0,Hit+Run
5349973.186,E3,P708,0.4944777928571429,0.0024355585714285716,6171.292,1050.009,1.2548,9.2996,0.8684399423529346,0.0,Hit+Run
5376996.558,M0,FRAG0019,0.06506722501831502,0.00629037629037629,3138.927,1440.630,3.45,12.167,0.617907422907256,0.005795204795204795,Fragment
5401794.946,M0,FRAG0022,0.06556239651348653,0.005795204795204795,3146.869,1401.791,1.1048,3.9094,0.9081564200029967,0.0,Hit+Run
5504682.12,E0,FRAG0014,0.47512084917082925,0.005616383616383617,6089.690,1387.222,1.859,13.317,0.7533809395059565,0.0,Merge
5577997.902,M0,FRAG0018,0.06556239651348653,0.005616383616383617,3146.869,1387.222,1.614,5.7133,0.9595189771219264,0.0,Hit+Run
5667993.589,E8,P814,0.12338223428571429,0.0024355585714285716,3885.182,1050.009,1.9055,8.5957,0.6153070391416882,0.0,Merge
5871343.138,M0,FRAG0022,0.06556239651348653,0.005795204795204795,3146.869,1401.791,2.6185,9.2659,0.6550182817542753,0.0,Merge
5875929.713,M0,P258,0.07135760130869132,0.0024355585714285716,3236.984,1050.009,1.1455,4.2460,0.6513996195390168,0.0,Merge
5944462.02,M0,FRAG0009,0.07379315988011989,0.005616383616383617,3273.401,1387.222,2.4734,9.1214,0.5030249367431405,0.0,Merge
5991501.107,M0,P50,0.0794095434965035,0.0024355585714285716,3354.425,1050.009,4.8166,18.550,0.5558930675429584,0.0,Merge
6025195.835,E0,P650,0.48073723278721286,0.0024355585714285716,6113.591,1050.009,1.5669,11.496,0.6506506934992009,0.0,Merge
6028159.618,E0,FRAG0015,0.48317279135864144,0.005616383616383617,6123.898,1387.222,1.3211,9.5214,0.8793943062857413,0.0,Hit+Run
6115786.535,E3,P753,0.4944777928571429,0.0024355585714285716,6171.292,1050.009,2.0658,15.310,0.8708328097398547,0.0,Hit+Run
6154466.809,E0,P752,0.48317279135864144,0.0024355585714285716,6123.898,1050.009,2.7326,20.086,0.2433713101526929,0.0,Merge
6166401.772,E4,P657,0.05983555857142857,0.0024355585714285716,3052.438,1050.009,3.4037,11.847,0.9430126398525331,0.0,Hit+Run
6190522.654,E10,E16,0.14489111714285716,0.04256,4098.967,2724.756,1.0334,4.8390,0.6625650286593741,0.0,Graze+Merge
6250785.506,M0,P419,0.08184510206793208,0.0024355585714285716,3388.374,1050.009,6.2607,24.374,0.7001372619462456,0.0,Merge
6306116.542,E15,E4,0.11915111714285716,0.05983555857142857,3840.253,3052.438,1.0183,4.6360,0.4609289904393599,0.010072594072594074,Fragment
6488461.421,P26,P380,0.060888964285714255,0.0024355585714285716,3070.247,1050.009,1.423,4.9840,0.7604349166895532,0.0,Hit+Run
6488466.088,P26,P380,0.060888964285714255,0.0024355585714285716,3070.247,1050.009,1.0487,3.6730,0.49150697799944076,0.0,Merge
6587634.879,E12,P155,0.10584667571428572,0.0024355585714285716,3691.642,1050.009,2.8508,12.171,0.3735512214743668,0.0,Merge
6735979.159,M0,P59,0.08428066063936065,0.0024355585714285716,3421.657,1050.009,3.2355,12.729,0.872541637740089,0.0,Hit+Run
6857475.302,M0,FRAG0020,0.08428066063936065,0.006376623376623377,3421.657,1447.185,1.9275,7.4308,0.7166808315617506,0.0,Hit+Run
7080363.581,E3,P580,0.4944777928571429,0.0024355585714285716,6171.292,1050.009,1.6397,12.152,0.06896585647301892,0.0,Merge
7124413.239,E12,P350,0.10828223428571429,0.0024355585714285716,3719.742,1050.009,2.1035,9.0544,0.7637956041761697,0.0,Merge
7292067.937,E1,P734,0.474548900952381,0.0024355585714285716,6087.245,1050.009,1.8189,13.284,0.7207716349478857,0.0,Merge
7352512.783,E1,P708,0.4769844595238096,0.0024355585714285716,6097.642,1050.009,1.4245,10.423,0.27247925559621394,0.0,Merge
7548295.321,E1,P371,0.47942001809523815,0.0024355585714285716,6108.003,1050.009,1.4106,10.340,0.605594011950836,0.0,Merge
7590880.773,M0,P354,0.08428066063936065,0.0024355585714285716,3421.657,1050.009,2.3737,9.3389,0.4521484291332268,0.0,Merge
7667388.789,M0,P229,0.08671621921078923,0.0024355585714285716,3454.304,1050.009,3.4239,13.609,0.4940292338095255,0.0,Merge
7673681.088,E12,E14,0.11071779285714287,0.044980000000000006,3747.425,2775.451,1.2144,5.3007,0.9928595129010376,0.0,Hit+Run
7817242.757,M0,FRAG0007,0.0891517777822178,0.005616383616383617,3486.346,1387.222,1.93,7.6036,0.8165095990671267,0.0,Hit+Run
7874313.866,E19,P61,0.041620000000000004,0.0024355585714285716,2704.547,1050.009,2.6275,8.0412,0.6565153342384685,0.0,Merge
7915345.285,M0,FRAG0020,0.0891517777822178,0.006376623376623377,3486.346,1447.185,3.6172,14.220,0.8323081912515051,0.0,Hit+Run
7982777.781,M0,FRAG0007,0.0891517777822178,0.005616383616383617,3486.346,1387.222,1.3607,5.3607,0.7375340780078917,0.0,Hit+Run
8003994.13,M0,P401,0.0891517777822178,0.0024355585714285716,3486.346,1050.009,2.0445,8.2074,0.42961079550173287,0.0,Merge
8014166.391,M0,FRAG0007,0.09158733635364638,0.005616383616383617,3517.809,1387.222,1.0682,4.2484,0.9567949282986409,0.0,Hit+Run
8023403.593,M0,FRAG0007,0.09158733635364638,0.005616383616383617,3517.809,1387.222,1.0346,4.1148,0.8091267806810033,0.0,Graze+Merge
8074315.523,M0,P361,0.09720371997003,0.0024355585714285716,3588.295,1050.009,3.5592,14.738,0.8878860509913014,0.0,Hit+Run
8117390.0,M0,P361,0.09720371997003,0.0024355585714285716,3588.295,1050.009,1.0189,4.2191,0.8499012073007266,0.0,Graze+Merge
8158188.091,M0,P851,0.09963927854145857,0.0024355585714285716,3618.017,1050.009,4.4477,18.581,0.8836498872539856,0.0,Hit+Run
8222432.154,M0,FRAG0020,0.09963927854145857,0.006376623376623377,3618.017,1447.185,1.2677,5.1815,0.6876458400723772,0.0,Merge
8268636.605,M0,P851,0.10601590191808195,0.0024355585714285716,3693.608,1050.009,2.5236,10.780,0.60500942076274,0.0,Merge
8333225.344,E0,P397,0.48560834993007,0.0024355585714285716,6134.171,1050.009,3.2135,23.663,0.8679326130244609,0.0,Hit+Run
8407797.638,E0,FRAG0006,0.48560834993007,0.005616383616383617,6134.171,1387.222,1.9012,13.727,0.9478474509313668,0.0,Hit+Run
8496203.422,P26,P682,0.06332452285714282,0.0024355585714285716,3110.650,1050.009,1.1943,4.2420,0.3531074527150686,0.0,Merge
8511028.6,E3,P55,0.49691335142857146,0.0024355585714285716,6181.407,1050.009,1.3446,9.9825,0.964042193319745,0.0,Hit+Run
8620413.027,P26,P593,0.0657600814285714,0.0024355585714285716,3150.029,1050.009,7.4345,26.764,0.8061,0.0,Hit+Run
8629320.727,P26,P593,0.0657600814285714,0.0024355585714285716,3150.029,1050.009,1.05,3.7800,0.228825,0.0,Merge
8635382.041,P26,P616,0.06819563999999997,0.0024355585714285716,3188.448,1050.009,7.106,25.916,0.96718850206005,0.0,Hit+Run
8636199.307,P26,P616,0.06819563999999997,0.0024355585714285716,3188.448,1050.009,1.0356,3.7769,0.3361124855879523,0.0,Merge
8753155.568,P26,P246,0.07063119857142855,0.0024355585714285716,3225.962,1050.009,5.8542,21.620,0.39660886527192946,0.0,Merge
8824276.816,P26,P168,0.07306675714285712,0.0024355585714285716,3262.624,1050.009,5.6582,21.151,0.5686057334444841,0.0,Merge
8919105.035,E0,P730,0.48560834993007,0.0024355585714285716,6134.171,1050.009,1.4918,10.985,0.6678769207159206,0.0,Merge
8976610.138,E3,P715,0.49691335142857146,0.0024355585714285716,6181.407,1050.009,1.1025,8.1851,0.5099730205129988,0.0,Merge
9000725.425,M0,P59,0.10845146048951053,0.0024355585714285716,3721.679,1050.009,3.7892,16.319,0.9839850293950522,0.0,Hit+Run
9010936.338,P26,P185,0.0755023157142857,0.0024355585714285716,3298.480,1050.009,5.3383,20.191,0.9299634597964181,0.0,Hit+Run
9011461.454,P26,P185,0.0755023157142857,0.0024355585714285716,3298.480,1050.009,1.0642,4.0251,0.9040215753551152,0.0,Hit+Run
9015637.928,P26,P185,0.0755023157142857,0.0024355585714285716,3298.480,1050.009,1.1117,4.2048,0.705740622344688,0.0,Merge
9042093.998,E1,P630,0.48185557666666673,0.0024355585714285716,6118.328,1050.009,1.507,11.066,0.9587603309316829,0.0,Hit+Run
9047661.479,P26,P408,0.07793787428571428,0.0024355585714285716,3333.573,1050.009,9.5468,36.522,0.47110973273059426,0.012979287379287378,Fragment
9048567.333,P26,FRAG0024,0.06739441187812187,0.006489510489510489,3175.912,1455.675,1.0835,3.8663,0.855693832472215,0.0,Hit+Run
9048735.125,P26,FRAG0025,0.06739441187812187,0.006489510489510489,3175.912,1455.675,1.079,3.8502,0.6859813366497346,0.0,Graze+Merge
9048775.121,P26,FRAG0024,0.07388392236763236,0.006489510489510489,3274.742,1455.675,1.0549,3.8848,0.518235890037385,0.0,Merge
9093142.729,P26,P631,0.08037343285714285,0.0024355585714285716,3367.942,1050.009,15.119,58.480,0.6960845395460135,0.018967032967032966,Fragment
9103892.45,P26,FRAG0027,0.06384195846153846,0.006322344322344322,3119.099,1443.067,1.4049,4.9223,0.39797489973299127,0.0,Merge
9109067.692,P26,FRAG0028,0.07016430278388279,0.006322344322344322,3218.839,1443.067,1.685,6.0977,0.667532419412939,0.0,Merge
9149232.937,P26,P492,0.07648664710622712,0.0024355585714285716,3312.753,1050.009,1.5802,6.0046,0.26918055787365325,0.0,Merge
9218494.336,M0,P357,0.10845146048951053,0.0024355585714285716,3721.679,1050.009,12.748,54.907,0.15279222198675546,0.017453546453546458,Fragment
9226323.623,M0,FRAG0030,0.09343347260739265,0.005817848817848819,3541.288,1403.614,1.1634,4.6566,0.4596245458715028,0.0,Merge
9248029.25,E0,P630,0.4880439085014986,0.0024355585714285716,6144.409,1050.009,1.1975,8.8337,0.8645570158859167,0.0,Hit+Run
9249360.443,E0,P59,0.4880439085014986,0.0024355585714285716,6144.409,1050.009,1.756,12.953,0.5009870053528388,0.0,Merge
9260606.829,P26,FRAG0026,0.07892220567765569,0.006322344322344322,3347.548,1443.067,1.1824,4.4561,0.7898221014818357,0.0,Hit+Run
9260972.778,P26,FRAG0026,0.07892220567765569,0.006322344322344322,3347.548,1443.067,1.0702,4.0332,0.42646061093016385,0.0,Merge
9263674.111,M0,P783,0.09925132142524147,0.0024355585714285716,3613.316,1050.009,5.7593,24.027,0.739116726374419,0.0,Merge
9277059.751,P26,P338,0.08524455000000002,0.0024355585714285716,3434.651,1050.009,20.81,82.208,0.9938648670955195,0.0,Hit+Run
9277311.201,P26,P338,0.08524455000000002,0.0024355585714285716,3434.651,1050.009,1.0256,4.0515,0.2605477597178822,0.0,Merge
9320537.772,E3,P657,0.49934891000000003,0.0024355585714285716,6191.490,1050.009,2.0134,14.973,0.8831305998628625,0.0,Hit+Run
9436507.012,M0,P566,0.10168687999667005,0.0024355585714285716,3642.633,1050.009,9.0331,38.015,0.911465022999378,0.0,Hit+Run
9477381.406,M0,P65,0.10168687999667005,0.0024355585714285716,3642.633,1050.009,3.0914,13.009,0.1803989706566645,0.0,Merge
9477764.808,E3,P550,0.49934891000000003,0.0024355585714285716,6191.490,1050.009,2.1678,16.122,0.9413561723777826,0.0,Hit+Run
9497398.388,E3,P462,0.49934891000000003,0.0024355585714285716,6191.490,1050.009,1.6354,12.162,0.9054461276549243,0.0,Hit+Run
9570839.558,P26,P310,0.08768010857142859,0.0024355585714285716,3467.056,1050.009,4.9476,19.743,0.9918997548930996,0.0,Hit+Run
9570899.277,P26,P310,0.08768010857142859,0.0024355585714285716,3467.056,1050.009,1.0346,4.1285,0.6836532629291061,0.0,Merge
9639779.101,M0,FRAG0029,0.10412243856809862,0.005817848817848819,3671.486,1403.614,1.6031,6.6661,0.2649928345168589,0.0,Merge
9759938.822,P26,P664,0.09011566714285717,0.0024355585714285716,3498.865,1050.009,12.378,49.884,0.2130605228712471,0.0192987012987013,Fragment
9759992.763,P26,FRAG0032,0.07325252441558444,0.0064329004329004335,3265.387,1451.430,1.0789,3.9618,0.4504705945017775,0.0,Merge
9760030.066,P26,FRAG0034,0.07968542484848487,0.0064329004329004335,3358.305,1451.430,1.0455,3.9524,0.14306748398490213,0.0,Merge
9862754.773,E10,P662,0.18745111714285717,0.0024355585714285716,4466.388,1050.009,1.0537,5.5232,0.7111214272497466,0.0,Merge
9904995.123,E8,P592,0.12581779285714287,0.0024355585714285716,3910.580,1050.009,1.9472,8.8457,0.8703159313909248,0.0,Hit+Run
9987150.165,P26,P154,0.0861183252813853,0.0024355585714285716,3446.347,1050.009,10.852,43.027,0.16870124297273587,0.015416583416583416,Fragment
9987186.439,P26,FRAG0036,0.07313730043623046,0.007708291708291708,3263.674,1541.629,1.0628,3.8947,0.7275394831019029,0.0,Graze+Merge
10032052.489,P26,FRAG0033,0.08084559214452217,0.0064329004329004335,3374.524,1451.430,7.5098,28.533,0.8507014623689272,0.0,Hit+Run
10050334.15,P26,FRAG0033,0.08084559214452217,0.0064329004329004335,3374.524,1451.430,4.5564,17.311,0.5255525391389821,0.013644355644355646,Fragment
10050732.225,P26,FRAG0037,0.07363413693306695,0.006822177822177823,3271.048,1480.135,1.042,3.8309,0.5907762099550651,0.0,Merge
10052425.733,E1,P657,0.48185557666666673,0.0024355585714285716,6118.328,1050.009,1.0538,7.7385,0.7177259523550718,0.0,Merge
10054133.747,P26,FRAG0038,0.08045631475524477,0.006822177822177823,3369.099,1480.135,4.4093,16.712,0.8608886152778304,0.0,Hit+Run
10061235.144,P26,FRAG0038,0.08045631475524477,0.006822177822177823,3369.099,1480.135,2.6453,10.026,0.4010903055442592,0.006036963036963037,Fragment
10064208.129,P26,FRAG0039,0.08124152954045956,0.006036963036963037,3380.024,1421.019,1.6943,6.4540,0.9863301560737031,0.0,Hit+Run
10064369.537,P26,FRAG0039,0.08124152954045956,0.006036963036963037,3380.024,1421.019,1.1421,4.3505,0.8810089631053764,0.0,Hit+Run
10064815.296,P26,FRAG0039,0.08124152954045956,0.006036963036963037,3380.024,1421.019,1.4115,5.3768,0.4968963769855958,0.0,Merge
10120485.475,E1,P630,0.4842911352380953,0.0024355585714285716,6128.620,1050.009,1.9127,14.071,0.865598022577944,0.0,Hit+Run
10214440.35,P26,P139,0.0872784925774226,0.0024355585714285716,3461.754,1050.009,9.1267,36.360,0.8759187355042172,0.0,Hit+Run
10217501.595,P26,P829,0.0872784925774226,0.0024355585714285716,3461.754,1050.009,9.5837,38.181,0.4322048210489888,0.011886993006993007,Fragment
10218158.635,P26,FRAG0040,0.07782727126207128,0.005943389943389943,3331.995,1413.639,1.022,3.8362,0.9338871604784627,0.0,Graze+Merge
10220838.09,P26,FRAG0041,0.08377066120546123,0.005943389943389943,3414.741,1413.639,1.6161,6.2237,0.40057105849529206,0.0,Merge
10284684.114,P26,P139,0.08971405114885117,0.0024355585714285716,3493.660,1050.009,13.412,53.963,0.48279677532161236,0.022742590742590746,Fragment
10285356.757,P26,FRAG0042,0.069407018977689,0.0056856476856476865,3207.216,1392.901,1.0898,3.9338,0.9464531625906998,0.0,Hit+Run
10285374.956,P26,FRAG0042,0.069407018977689,0.0056856476856476865,3207.216,1392.901,1.0543,3.8057,0.868854461304258,0.0,Hit+Run
10285669.157,P26,FRAG0044,0.069407018977689,0.0056856476856476865,3207.216,1392.901,1.4577,5.2618,0.574634767298162,0.0,Merge
10289973.693,P26,FRAG0042,0.0750926666633367,0.0056856476856476865,3292.504,1392.901,13.907,51.592,0.7304720592258042,0.0386013986013986,Graze+Frag
10290038.18,P26,FRAG0051,0.04217691574758579,0.0064335664335664336,2716.556,1451.480,1.2139,3.7037,0.18738079369238192,0.0,Merge
10290255.276,P26,FRAG0048,0.04861048218115222,0.0064335664335664336,2848.200,1451.480,1.119,3.5770,0.8865185136252992,0.0,Hit+Run
10290264.378,P26,FRAG0050,0.04861048218115222,0.0064335664335664336,2848.200,1451.480,1.3207,4.2218,0.24721565365386058,0.0,Merge
10290530.113,P26,FRAG0048,0.055044048614718656,0.0064335664335664336,2968.684,1451.480,1.1192,3.7291,0.6308554984697485,0.0,Merge
10291820.091,P26,FRAG0046,0.06147761504828509,0.0064335664335664336,3080.109,1451.480,11.937,41.288,0.9953488205242436,0.0,Hit+Run
10297240.738,P26,FRAG0047,0.06147761504828509,0.0064335664335664336,3080.109,1451.480,1.533,5.3020,0.8961130053121844,0.0,Hit+Run
10301126.886,P26,FRAG0045,0.06147761504828509,0.0056856476856476865,3080.109,1392.901,1.0902,3.7742,0.05068086110691834,0.0,Merge
10302003.459,P26,P602,0.06716326273393278,0.0024355585714285716,3172.277,1050.009,13.744,49.855,0.8763364589070731,0.0,Hit+Run
10302083.071,P26,P602,0.06716326273393278,0.0024355585714285716,3172.277,1050.009,0.9967,3.6153,0.7305057776023209,0.0,Perfect
10346952.825,P26,FRAG0049,0.06959882130536135,0.0064335664335664336,3210.168,1451.480,8.1634,29.454,0.19557197529013662,0.0575857475857476,Fragment
10346954.573,P26,FRAG0056,0.018446640153180184,0.005758574758574759,2062.052,1398.831,1.2037,2.8440,0.874122503630946,0.0,Hit+Run
10346957.305,P26,FRAG0060,0.018446640153180184,0.005758574758574759,2062.052,1398.831,1.2907,3.0496,0.8456424711358472,0.0,Hit+Run
10348924.582,P26,FRAG0060,0.018446640153180184,0.005758574758574759,2062.052,1398.831,1.3892,3.2823,0.15860637343504724,0.0,Merge
10352559.7,P26,FRAG0054,0.024205214911754945,0.005758574758574759,2257.512,1398.831,4.395,11.240,0.6595933966123153,0.007965367965367965,Graze+Frag
10355317.526,P26,FRAG0057,0.02199842170496174,0.005758574758574759,2186.709,1398.831,1.6753,4.1644,0.8940064909243806,0.0,Hit+Run
10355647.585,P26,FRAG0053,0.02199842170496174,0.005758574758574759,2186.709,1398.831,16.231,40.347,0.8647937813839769,0.010757242757242758,Graze+Frag
10355664.689,P26,FRAG0063,0.01699975370629374,0.010757242757242758,2006.664,1722.770,1.0557,2.5731,0.5164311320325586,0.0,Merge
10356485.032,P26,FRAG0057,0.0277569964635365,0.005758574758574759,2362.932,1398.831,2.7971,7.4592,0.9471166567740538,0.0,Hit+Run
10365117.183,P26,FRAG0061,0.0277569964635365,0.005758574758574759,2362.932,1398.831,10.775,28.736,0.9316014814044297,0.0,Hit+Run
10365201.695,P26,FRAG0058,0.0277569964635365,0.005758574758574759,2362.932,1398.831,10.127,27.007,0.8834855934160409,0.0,Hit+Run
10369009.977,P26,FRAG0059,0.0277569964635365,0.005758574758574759,2362.932,1398.831,6.3436,16.916,0.5680941135339264,0.02636163836163836,Fragment
10369062.308,P26,FRAG0065,0.0071539328604728995,0.00659040959040959,1503.749,1463.180,1.2583,2.4196,0.3075485723828655,0.0,Merge
10369282.914,P26,FRAG0066,0.01374434245088249,0.00659040959040959,1869.398,1463.180,1.2882,2.8429,0.8441121690875935,0.0,Hit+Run
10371156.345,P187,FRAG0043,0.0024355585714285716,0.0056856476856476865,1050.009,1392.901,58.126,94.686,0.2633930865417125,0.0081208991008991,Fragment
10381422.678,P26,FRAG0066,0.01374434245088249,0.00659040959040959,1869.398,1463.180,4.5169,9.9684,0.49481083489644223,0.018543023643023644,Fragment
10384436.592,P26,FRAG0062,0.0055275592340992726,0.007965367965367965,1379.870,1558.580,6.2872,12.036,0.900957630581941,0.0,Hit+Run
10393181.675,P26,FRAG0061,0.0055275592340992726,0.005758574758574759,1379.870,1398.831,6.8717,12.372,0.3352962726919684,0.011160086580086579,Fragment
10394681.239,P26,FRAG0070,0.0055275592340992726,0.005758574758574759,1379.870,1398.831,3.4832,6.2717,0.6422373659249446,0.0,Hit+Run
10395046.016,P26,FRAG0070,0.0055275592340992726,0.005758574758574759,1379.870,1398.831,1.1068,1.9928,0.7986626116269145,0.0,Hit+Run
10398370.226,P26,FRAG0068,0.0055275592340992726,0.007403596403596405,1379.870,1521.042,2.5782,4.8632,0.8728024941081688,0.0,Hit+Run
10398745.072,P26,FRAG0068,0.0055275592340992726,0.007403596403596405,1379.870,1521.042,1.0879,2.0520,0.27688611467674806,0.0,Merge
10419484.702,P187,FRAG0069,0.008121212121212121,0.007403596403596405,1568.679,1521.042,9.4668,18.958,0.8738684734258059,0.0,Hit+Run
10424984.382,P26,FRAG0052,0.012931155637695677,0.005758574758574759,1831.778,1398.831,17.067,36.675,0.8176807115797946,0.0177398334998335,Graze+Frag
10425007.364,P26,FRAG0072,0.0055275592340992726,0.006581085581085581,1379.870,1462.490,1.1371,2.0968,0.9809817827112316,0.0,Hit+Run
10426008.194,P26,FRAG0071,0.0055275592340992726,0.006581085581085581,1379.870,1462.490,1.5654,2.8866,0.7635899668562854,0.0,Hit+Run
10426008.543,P187,FRAG0069,0.008121212121212121,0.007403596403596405,1568.679,1521.042,5.8133,11.642,0.8306624502509651,0.0,Hit+Run
10426575.269,P26,FRAG0072,0.0055275592340992726,0.006581085581085581,1379.870,1462.490,0.9681,1.7851,0.9887492437511581,0.0,Perfect
10429135.966,P26,FRAG0071,0.012108644815184854,0.006581085581085581,1792.086,1462.490,1.243,2.6612,0.9170839501876774,0.0,Hit+Run
10429200.87,P26,FRAG0071,0.012108644815184854,0.006581085581085581,1792.086,1462.490,1.0387,2.2238,0.8475937103115532,0.0,Graze+Merge
10431517.713,P187,FRAG0069,0.008121212121212121,0.007403596403596405,1568.679,1521.042,1.107,2.2169,0.7550646024162552,0.0,Hit+Run
10431820.702,P187,FRAG0062,0.008121212121212121,0.007965367965367965,1568.679,1558.580,7.3091,14.810,0.9045115987306164,0.0,Hit+Run
10431836.097,P187,FRAG0062,0.008121212121212121,0.007965367965367965,1568.679,1558.580,1.0231,2.0731,0.819588232678546,0.0,Graze+Merge
10435029.794,P187,FRAG0055,0.016086580086580086,0.005758574758574759,1970.070,1398.831,2.9896,6.8014,0.47683052007321464,0.008297369297369298,Fragment
10435192.192,P187,FRAG0073,0.01354778554778555,0.008297369297369298,1860.444,1579.940,1.1138,2.5074,0.7556128276396434,0.0,Hit+Run
10439032.511,P26,P83,0.018689730396270435,0.0024355585714285716,2071.070,1050.009,8.3238,19.347,0.8573387216809023,0.0,Hit+Run
10439401.12,P26,P83,0.018689730396270435,0.0024355585714285716,2071.070,1050.009,1.096,2.5475,0.9329862559468641,0.0,Hit+Run
10439673.981,P26,P83,0.018689730396270435,0.0024355585714285716,2071.070,1050.009,1.0354,2.4066,0.816263437724209,0.0,Graze+Merge
10447981.676,P26,FRAG0073,0.021125288967699007,0.008297369297369298,2157.387,1579.940,4.3981,11.025,0.3891269095797138,0.023894771894771894,Fragment
10448914.125,P187,P26,0.01354778554778555,0.005527886370296411,1860.444,1379.897,4.1049,8.8982,0.6145133583062118,0.008628371628371628,Graze+Frag
10462125.998,P187,FRAG0067,0.010447300289710332,0.00659040959040959,1706.063,1463.180,1.848,3.8281,0.6180437267084534,0.0,Hit+Run
10462246.043,P187,FRAG0067,0.010447300289710332,0.00659040959040959,1706.063,1463.180,1.1001,2.2788,0.4395372379213067,0.0,Merge
10462687.719,P187,FRAG0064,0.017037709880119923,0.00659040959040959,2008.156,1463.180,6.2489,14.565,0.4957136765886769,0.0180999000999001,Fragment
10462698.321,P187,FRAG0081,0.0055282193706294135,0.006033300033300034,1379.925,1420.731,1.239,2.2490,0.5804673280879074,0.0,Hit+Run
10463883.573,M0,P533,0.10994028738594744,0.0024355585714285716,3738.632,1050.009,4.0249,17.419,0.4137864359584468,0.0,Merge
10468433.81,P187,FRAG0058,0.0055282193706294135,0.005758574758574759,1379.925,1398.831,7.876,14.181,0.788101077954783,0.005758574758574759,Graze+Frag
10468459.323,P187,FRAG0082,0.0055282193706294135,0.005758574758574759,1379.925,1398.831,1.0216,1.8394,0.9007295117797011,0.0,Graze+Merge
10469743.506,P187,FRAG0077,0.011286794129204173,0.0059736929736929735,1750.588,1416.037,3.4484,7.1928,0.21515928538052226,0.011732267732267734,Fragment
10472903.869,P187,FRAG0080,0.0055282193706294135,0.006033300033300034,1379.925,1420.731,4.9413,8.9696,0.9857252665925367,0.0,Hit+Run
10474454.089,P187,FRAG0076,0.0055282193706294135,0.0059736929736929735,1379.925,1416.037,5.4612,9.8961,0.967934693658911,0.0,Hit+Run
10477115.29,P187,FRAG0056,0.0055282193706294135,0.005758574758574759,1379.925,1398.831,3.2632,5.8757,0.4522518284142538,0.007825714285714285,Fragment
10504870.509,P187,FRAG0083,0.0055282193706294135,0.005866133866133867,1379.925,1407.487,4.9804,8.9963,0.8281791701201358,0.0,Hit+Run
10505052.755,P187,FRAG0075,0.0055282193706294135,0.0059736929736929735,1379.925,1416.037,6.1595,11.161,0.5945207689075689,0.010987619047619048,Graze+Frag
10541807.13,P187,FRAG0083,0.005528219370629413,0.005866133866133867,1379.925,1407.487,4.0762,7.3630,0.6913951993483063,0.0,Hit+Run
10541834.937,P187,FRAG0078,0.005528219370629413,0.008628371628371628,1379.925,1600.676,2.2567,4.3939,0.7304721142908204,0.0,Hit+Run
10549095.906,P187,FRAG0074,0.005528219370629413,0.0059736929736929735,1379.925,1416.037,3.447,6.2462,0.9954743407658697,0.0,Hit+Run
10549171.702,P187,FRAG0074,0.005528219370629413,0.0059736929736929735,1379.925,1416.037,1.026,1.8591,0.944836925117591,0.0,Graze+Merge
10555388.679,P187,FRAG0070,0.011501912344322386,0.005758574758574759,1761.640,1398.831,5.1262,10.702,0.5277999765302758,0.011732267732267734,Fragment
10555438.031,P187,FRAG0088,0.0055282193706294135,0.005866133866133867,1379.925,1407.487,1.0878,1.9649,0.5951068087760267,0.0,Graze+Merge
10561763.916,P187,FRAG0078,0.01139435323676328,0.008628371628371628,1756.131,1600.676,4.9068,10.706,0.98442126613174,0.0,Hit+Run
10561816.681,P187,FRAG0078,0.01139435323676328,0.008628371628371628,1756.131,1600.676,1.0494,2.2897,0.8036711213432421,0.0,Graze+Merge
10573152.33,P187,FRAG0081,0.020022724865134907,0.006033300033300034,2119.181,1420.731,2.3195,5.6222,0.7542435722516125,0.0,Hit+Run
10573296.765,P187,FRAG0081,0.020022724865134907,0.006033300033300034,2119.181,1420.731,1.0551,2.5574,0.8558949402715537,0.0,Hit+Run
10573496.105,P187,FRAG0081,0.020022724865134907,0.006033300033300034,2119.181,1420.731,0.9657,2.3407,0.5633329641152214,0.0,Perfect
10576899.383,P187,FRAG0087,0.02605602489843494,0.005866133866133867,2313.644,1407.487,3.7939,9.9277,0.09854868016685465,0.018368631368631372,Fragment
10577303.114,P187,FRAG0089,0.013553527395937438,0.006122877122877124,1860.706,1427.728,1.4598,3.1902,0.3243923193067646,0.0,Merge
10578350.452,P187,FRAG0091,0.019676404518814562,0.006122877122877124,2106.892,1427.728,2.136,5.1557,0.5079138820051052,0.0,Merge
10578415.96,P187,FRAG0090,0.025799281641691686,0.006122877122877124,2306.019,1427.728,2.0362,5.3192,0.7542316830959819,0.0,Hit+Run
10578685.955,P187,FRAG0090,0.025799281641691686,0.006122877122877124,2306.019,1427.728,1.4988,3.9153,0.9834286840760988,0.0,Hit+Run
10580974.563,P187,FRAG0069,0.025799281641691686,0.007403596403596405,2306.019,1521.042,1.3146,3.4594,0.20643571500680605,0.0,Merge
10583698.07,P187,FRAG0090,0.03320287804528809,0.006122877122877124,2508.336,1427.728,1.365,3.8547,0.690354627794501,0.0,Hit+Run
10584556.85,P187,FRAG0090,0.03320287804528809,0.006122877122877124,2508.336,1427.728,1.4961,4.2249,0.8211861657675565,0.0,Hit+Run
10597963.645,P187,FRAG0080,0.03320287804528809,0.006033300033300034,2508.336,1420.731,4.4392,12.533,0.89874636384179,0.0,Hit+Run
10598684.004,P187,FRAG0080,0.03320287804528809,0.006033300033300034,2508.336,1420.731,1.0291,2.9054,0.6519390444347464,0.0,Graze+Merge
10615461.153,P187,FRAG0090,0.039236178078588126,0.006122877122877124,2651.893,1427.728,3.2684,9.7367,0.852454700990817,0.0,Hit+Run
10615648.449,P187,FRAG0090,0.039236178078588126,0.006122877122877124,2651.893,1427.728,1.0557,3.1449,0.5338729952140904,0.0,Merge
10618136.711,M0,P566,0.11237584595737601,0.0024355585714285716,3766.039,1050.009,2.3999,10.468,0.7126937651905585,0.0,Merge
10630928.459,P187,FRAG0076,0.04535905520146525,0.0059736929736929735,2783.226,1416.037,6.2002,19.367,0.7920329422184756,0.0,Hit+Run
10631126.557,P187,FRAG0076,0.04535905520146525,0.0059736929736929735,2783.226,1416.037,1.0641,3.3239,0.8052887236781993,0.0,Hit+Run
10634650.183,P187,FRAG0086,0.04535905520146525,0.0059736929736929735,2783.226,1416.037,2.6971,8.4249,0.7860678405616002,0.0,Hit+Run
10635355.958,P187,FRAG0086,0.04535905520146525,0.0059736929736929735,2783.226,1416.037,1.1982,3.7428,0.7966061868220803,0.0,Hit+Run
10635370.002,P187,FRAG0086,0.04535905520146525,0.0059736929736929735,2783.226,1416.037,1.0413,3.2526,0.7765236779105992,0.0,Graze+Merge
10637198.177,P187,FRAG0076,0.051332748175158226,0.0059736929736929735,2900.405,1416.037,1.3177,4.2895,0.8412059167808617,0.0,Hit+Run
10637312.051,P187,FRAG0076,0.051332748175158226,0.0059736929736929735,2900.405,1416.037,1.039,3.3822,0.9972311694979445,0.0,Hit+Run
10642459.429,P187,FRAG0076,0.051332748175158226,0.0059736929736929735,2900.405,1416.037,1.9035,6.1965,0.34161601413163195,0.0,Merge
10650942.693,P187,FRAG0079,0.0573064411488512,0.006033300033300034,3008.811,1420.731,3.9844,13.461,0.7555408548179888,0.0,Hit+Run
10651231.007,P187,FRAG0079,0.0573064411488512,0.006033300033300034,3008.811,1420.731,1.0588,3.5770,0.45225128215213245,0.0,Merge
10665121.253,P187,FRAG0084,0.06333974118215123,0.005866133866133867,3110.899,1407.487,3.6538,12.775,0.17329489622275301,0.010531801531801534,Fragment
10665509.35,P187,FRAG0092,0.058674073516483564,0.010531801531801534,3032.559,1710.650,1.0615,3.6225,0.9004568947116159,0.0,Hit+Run
10673408.572,E0,P630,0.49047946707292717,0.0024355585714285716,6154.613,1050.009,1.3756,10.165,0.993844787134286,0.0,Hit+Run
10673717.815,P187,FRAG0092,0.058674073516483564,0.010531801531801534,3032.559,1710.650,1.4279,4.8729,0.8197712513485045,0.0,Hit+Run
10675413.452,P187,FRAG0092,0.058674073516483564,0.010531801531801534,3032.559,1710.650,1.0613,3.6218,0.49319259342554705,0.0,Merge
10711759.948,P187,FRAG0085,0.0692058750482851,0.005758574758574759,3204.115,1398.831,2.7254,9.8264,0.23771843577836627,0.0,Merge
10715205.83,P187,FRAG0057,0.07496444980685986,0.005758574758574759,3290.629,1398.831,2.9891,11.079,0.4914056492272905,0.005587079587079587,Fragment
10715312.893,P187,FRAG0093,0.07513594497835503,0.005587079587079587,3293.136,1384.805,1.0379,3.8519,0.6245632646034268,0.0,Merge
10784978.772,P187,FRAG0083,0.08072302456543462,0.005866133866133867,3372.818,1407.487,3.0258,11.505,0.41473135734096184,0.006098901098901099,Fragment
10785137.366,P187,FRAG0094,0.08049025733266739,0.006098901098901099,3369.573,1425.862,1.0489,3.9820,0.08530323630289673,0.0,Merge
10896756.884,E0,P630,0.49047946707292717,0.0024355585714285716,6154.613,1050.009,1.5202,11.234,0.7113413737723225,0.0,Merge
10931705.146,E10,P637,0.18988667571428575,0.0024355585714285716,4485.649,1050.009,2.2495,11.846,0.6600047619468962,0.0,Merge
10976974.219,P187,FRAG0047,0.08658915843156849,0.0064335664335664336,3452.616,1451.480,7.0537,27.446,0.9173471950626699,0.0,Hit+Run
10977005.413,P187,FRAG0047,0.08658915843156849,0.0064335664335664336,3452.616,1451.480,1.0529,4.0969,0.48155447538209234,0.0,Merge
10990270.443,M0,P722,0.11481140452880459,0.0024355585714285716,3793.052,1050.009,4.517,19.856,0.30333064689795636,0.0,Merge
11069851.708,E15,P685,0.16891408164169164,0.0024355585714285716,4314.023,1050.009,3.1564,15.938,0.808673299873877,0.0,Hit+Run
11573821.031,P122,P614,0.0024355585714285716,0.0024355585714285716,1050.009,1050.009,18.871,25.677,0.8184,0.0,Graze+Frag
11730634.143,E10,P599,0.19232223428571432,0.0024355585714285716,4504.746,1050.009,2.1103,11.163,0.9529720573879846,0.0,Hit+Run
12053493.491,P54,P834,0.0024355585714285716,0.0024355585714285716,1050.009,1050.009,10.294,14.007,0.35845,0.0,Merge
12116172.76,P187,P122,0.09302272486513492,0.004871128871128871,3536.091,1322.930,17.359,69.612,0.6198138549341603,0.08866333666333669,Fragment
12118118.906,P187,FRAG0097,0.009230517072927102,0.005541458541458542,1637.077,1381.026,2.066,4.0835,0.5928099769406798,0.0,Hit+Run
12118197.602,P187,FRAG0097,0.009230517072927102,0.005541458541458542,1637.077,1381.026,0.9588,1.8951,0.6551339465174791,0.0,Perfect
12121349.819,P187,FRAG0098,0.014771975614385644,0.005541458541458542,1914.873,1381.026,0.9786,2.1705,0.670632806873656,0.0,Perfect
12121944.842,P187,FRAG0105,0.020313434155844187,0.005541458541458542,2129.388,1381.026,1.4386,3.4881,0.23099014910716173,0.0,Merge
12122029.148,P187,FRAG0110,0.025854892697302727,0.005541458541458542,2307.675,1381.026,1.035,2.6977,0.7465361924145095,0.0,Graze+Merge
12122651.8,P187,FRAG0104,0.03139635123876127,0.005541458541458542,2461.993,1381.026,1.2489,3.4592,0.7627464342029237,0.0,Hit+Run
12122795.893,P187,FRAG0104,0.03139635123876127,0.005541458541458542,2461.993,1381.026,1.0374,2.8734,0.5809967589271219,0.0,Merge
12123510.021,P187,FRAG0101,0.036937809780219814,0.005541458541458542,2599.067,1381.026,1.9737,5.7607,0.7919133326073868,0.0,Hit+Run
12123676.704,P187,FRAG0107,0.036937809780219814,0.005541458541458542,2599.067,1381.026,2.9111,8.4968,0.36255486292044303,0.008256077256077255,Fragment
12123807.113,P187,FRAG0111,0.0342231910656011,0.008256077256077255,2533.770,1577.315,1.02,2.9293,0.9326867939305631,0.0,Graze+Merge
12124851.279,P187,FRAG0109,0.04247926832167836,0.005541458541458542,2723.032,1381.026,1.2534,3.8304,0.49357578414950537,0.0,Merge
12125477.471,P187,FRAG0095,0.0480207268631369,0.005541458541458542,2836.634,1381.026,4.2133,13.414,0.4952067659205567,0.012550116550116551,Fragment
12127474.143,P187,FRAG0096,0.041012068854478896,0.005541458541458542,2691.314,1381.026,1.4842,4.4833,0.48772689755618004,0.0,Merge
12130293.728,P187,FRAG0100,0.04655352739593744,0.005541458541458542,2807.445,1381.026,1.3274,4.1824,0.4180531700223893,0.0,Merge
12130489.396,P187,FRAG0106,0.052094985937395984,0.005541458541458542,2914.690,1381.026,1.253,4.1005,0.8201839979615532,0.0,Hit+Run
12135927.188,P187,FRAG0103,0.052094985937395984,0.005541458541458542,2914.690,1381.026,4.3575,14.260,0.6050281857894746,0.008886500166500166,Fragment
12135933.268,P187,FRAG0114,0.04875033059274064,0.008886113886113886,2850.928,1616.458,1.0484,3.3643,0.15724378898877595,0.0,Merge
12142296.468,P187,FRAG0108,0.05763644447885453,0.005541458541458542,3014.576,1381.026,2.3465,7.9478,0.9553422520519045,0.0,Hit+Run
12143266.237,P187,FRAG0108,0.05763644447885453,0.005541458541458542,3014.576,1381.026,0.9695,3.2838,0.5305475708451926,0.0,Perfect
12146005.909,P187,FRAG0102,0.06317790302031306,0.005541458541458542,3108.247,1381.026,1.3053,4.5626,0.21373524726242496,0.0,Merge
12150555.981,P187,FRAG0101,0.06871936156177161,0.005541458541458542,3196.589,1381.026,1.3871,4.9914,0.9868500898559056,0.0,Hit+Run
12156894.715,P187,FRAG0101,0.06871936156177161,0.005541458541458542,3196.589,1381.026,1.1234,4.0425,0.8807769730648554,0.0,Hit+Run
12156910.013,P187,FRAG0101,0.06871936156177161,0.005541458541458542,3196.589,1381.026,1.0445,3.7585,0.5294577824290599,0.0,Merge
12157285.09,P187,FRAG0112,0.07426082010323015,0.006275058275058276,3280.301,1439.460,1.5,5.5358,0.8659181516319765,0.0,Hit+Run
12157938.188,P187,FRAG0112,0.07426082010323015,0.006275058275058276,3280.301,1439.460,1.0426,3.8477,0.8274143667371923,0.0,Graze+Merge
12179580.914,E1,P288,0.4842911352380953,0.0024355585714285716,6128.620,1050.009,2.0414,15.017,0.8875389133761029,0.0,Hit+Run
12194899.517,P187,FRAG0099,0.08053587837828843,0.005541458541458542,3370.210,1381.026,1.9347,7.3571,0.19861332869326115,0.0,Merge
12202930.472,P187,FRAG0106,0.08607733691974698,0.005541458541458542,3445.800,1381.026,2.5396,9.8851,0.6874715334429649,0.0,Merge
12219110.635,E15,P429,0.16891408164169164,0.0024355585714285716,4314.023,1050.009,1.947,9.8314,0.8339267475278199,0.0,Hit+Run
12224470.222,E3,P265,0.49934891000000003,0.0024355585714285716,6191.490,1050.009,1.73,12.866,0.9852177270035594,0.0,Hit+Run
12266790.349,E3,P745,0.49934891000000003,0.0024355585714285716,6191.490,1050.009,1.4361,10.680,0.2848863548013416,0.0,Merge
12274861.701,E14,P397,0.044980000000000006,0.0024355585714285716,2775.451,1050.009,2.3899,7.5171,0.3787218246807903,0.0,Merge
12701071.293,P47,P518,0.0024355585714285716,0.0024355585714285716,1050.009,1050.009,22.781,30.998,0.81815,0.0,Graze+Frag
13175157.689,P115,P717,0.0024355585714285716,0.0024355585714285716,1050.009,1050.009,12.137,16.515,0.13045,0.0,Merge
13206386.385,P218,P744,0.0024355585714285716,0.0024355585714285716,1050.009,1050.009,13.666,18.595,0.5076,0.0,Graze+Frag
13635797.22,E0,P506,0.49291502564435574,0.0024355585714285716,6164.784,1050.009,2.4316,18.000,0.8618127246632671,0.0,Hit+Run
14093089.377,E10,P824,0.19232223428571432,0.0024355585714285716,4504.746,1050.009,2.1575,11.413,0.8290556839994355,0.0,Hit+Run
14167152.312,E0,FRAG0018,0.49291502564435574,0.005616383616383617,6164.784,1387.222,1.468,10.656,0.39166589612727676,0.0,Merge
14463435.043,E0,P506,0.49853140926073936,0.0024355585714285716,6188.110,1050.009,1.6708,12.418,0.8916099825170483,0.0,Hit+Run
14533153.724,M0,P158,0.11724696310023316,0.0024355585714285716,3819.686,1050.009,2.1226,9.4013,0.7923010073983504,0.0,Hit+Run
14579210.819,M0,P158,0.11724696310023316,0.0024355585714285716,3819.686,1050.009,1.1758,5.2078,0.4836479567981614,0.0,Merge
14714298.449,E0,P544,0.49853140926073936,0.0024355585714285716,6188.110,1050.009,1.3206,9.8156,0.40327205748709527,0.0,Merge
14798664.868,E15,E12,0.16891408164169164,0.11071779285714287,4314.023,3747.425,1.1772,6.1943,0.6718178067537187,0.0,Hit+Run
14872820.601,E1,P599,0.4842911352380953,0.0024355585714285716,6128.620,1050.009,2.1295,15.665,0.4231945357450309,0.0,Merge
14902491.539,E0,P506,0.5009669678321679,0.0024355585714285716,6198.170,1050.009,2.0925,15.579,0.9300445032098954,0.0,Hit+Run
15194769.96,E3,P485,0.5017844685714286,0.0024355585714285716,6201.540,1050.009,1.9397,14.450,0.8767531101658917,0.0,Hit+Run
15509166.799,E1,P808,0.4867266938095239,0.0024355585714285716,6138.876,1050.009,1.683,12.403,0.8024472744743745,0.0,Merge
15510851.936,P218,P686,0.004871128871128871,0.0024355585714285716,1322.930,1050.009,5.1405,8.0589,0.7648436666725911,0.0,Hit+Run
15575651.63,P54,P685,0.004871117142857143,0.0024355585714285716,1322.929,1050.009,10.516,16.486,0.8068793976664249,0.0,Graze+Frag
16033980.102,E3,P442,0.5017844685714286,0.0024355585714285716,6201.540,1050.009,1.3822,10.297,0.7780627971409758,0.0,Merge
16565030.052,E11,P667,0.020565714285714288,0.0024355585714285716,2138.167,1050.009,3.3217,7.9711,0.14935490410454527,0.0,Merge
16665052.376,E0,P462,0.5009669678321679,0.0024355585714285716,6198.170,1050.009,2.6453,19.695,0.8700995605149583,0.0,Hit+Run
16839435.328,E1,P157,0.48916225238095246,0.0024355585714285716,6149.099,1050.009,2.7427,20.248,0.7436205944335763,0.0,Merge
17064907.87,E1,E11,0.49159781095238103,0.02300127285714286,6159.287,2219.445,1.3557,9.4921,0.4622369582788798,0.0,Merge
17331977.271,E0,P651,0.5009669678321679,0.0024355585714285716,6198.170,1050.009,2.4532,18.265,0.6404103792330735,0.0,Merge
17381381.85,P187,FRAG0006,0.09161879546120552,0.005616383616383617,3518.212,1387.222,17.16,68.257,0.7334876339715576,0.0536913086913087,Graze+Frag
17382100.671,P187,FRAG0120,0.04354387038628044,0.005965700965700965,2745.593,1415.405,1.0932,3.3690,0.8783128770118201,0.0,Hit+Run
17382205.441,P187,FRAG0120,0.04354387038628044,0.005965700965700965,2745.593,1415.405,1.0353,3.1905,0.39946706914803987,0.0,Merge
17382449.308,P187,FRAG0121,0.049509571351981405,0.005965700965700965,2865.652,1415.405,1.0445,3.3592,0.7582061207087283,0.0,Graze+Merge
17382854.386,P187,FRAG0119,0.05547527231768237,0.005965700965700965,2976.416,1415.405,1.4061,4.6987,0.8333218572190435,0.0,Hit+Run
17383648.951,P187,FRAG0118,0.05547527231768237,0.005965700965700965,2976.416,1415.405,1.2302,4.1109,0.9123437574725736,0.0,Hit+Run
17383652.018,P187,FRAG0118,0.05547527231768237,0.005965700965700965,2976.416,1415.405,1.0476,3.5007,0.5366169864557894,0.0,Merge
17389506.249,P187,FRAG0115,0.06144097328338334,0.005965700965700965,3079.497,1415.405,1.6191,5.6017,0.8311739038454761,0.0,Hit+Run
17389670.93,P187,FRAG0123,0.06144097328338334,0.005965700965700965,3079.497,1415.405,1.1062,3.8272,0.12071615715263177,0.0,Merge
17391545.542,P187,FRAG0116,0.06740667424908431,0.005965700965700965,3176.104,1415.405,5.9089,21.103,0.6357728598320892,0.014369630369630371,Fragment
17391548.633,P187,FRAG0125,0.05900274484515491,0.0071848151848151855,3038.210,1505.910,1.0864,3.7043,0.7553871639968126,0.0,Hit+Run
17391567.566,P187,FRAG0124,0.05900274484515491,0.0071848151848151855,3038.210,1505.910,1.0829,3.6924,0.8441107227349761,0.0,Hit+Run
17392236.099,P187,FRAG0117,0.05900274484515491,0.005965700965700965,3038.210,1415.405,1.1961,4.0814,0.9077896492031102,0.0,Hit+Run
17393555.886,P187,FRAG0115,0.05900274484515491,0.005965700965700965,3038.210,1415.405,1.3783,4.7032,0.4889252585735846,0.0,Merge
17402863.49,P187,FRAG0117,0.06496844581085587,0.005965700965700965,3137.338,1415.405,1.346,4.7467,0.499673136299969,0.0,Merge
17410557.629,P187,FRAG0125,0.07093414677655684,0.0071848151848151855,3230.568,1505.910,1.4531,5.2723,0.6914054900426756,0.0,Hit+Run
17411060.448,P187,FRAG0124,0.07093414677655684,0.0071848151848151855,3230.568,1505.910,1.2019,4.3609,0.38181788825677193,0.0,Merge
17427037.454,P187,FRAG0119,0.07811896196137202,0.005965700965700965,3336.153,1415.405,1.5474,5.8156,0.8316582852729002,0.0,Hit+Run
17428655.55,P187,FRAG0119,0.07811896196137202,0.005965700965700965,3336.153,1415.405,0.9842,3.6989,0.7562508561143443,0.0,Perfect
17464092.56,P187,FRAG0113,0.08408466292707299,0.006275058275058276,3419.002,1439.460,2.0246,7.8007,0.957201326217291,0.0,Hit+Run
17464747.087,P187,FRAG0113,0.08408466292707299,0.006275058275058276,3419.002,1439.460,1.19,4.5850,0.4294809361788065,0.0,Merge
17470128.572,P187,FRAG0125,0.09035972120213127,0.0071848151848151855,3502.021,1505.910,1.4275,5.6286,0.45286343784604777,0.0,Merge
17578807.726,E1,E13,0.5145990838095239,0.024655558571428572,6253.889,2271.427,1.4989,10.650,0.928989030185461,0.0,Hit+Run
18285561.971,E0,E13,0.5034025264035964,0.024655558571428572,6208.199,2271.427,2.3842,16.809,0.890637640827299,0.019127872127872127,Hit+Run+Frag
18363019.005,E3,E10,0.5042200271428571,0.19232223428571432,6211.558,4504.746,1.2197,8.7854,0.9562838094823293,0.0,Hit+Run
18685502.943,E0,P58,0.5034024073193473,0.0024355585714285716,6208.198,1050.009,2.7313,20.371,0.8929695806973531,0.0,Hit+Run
18692323.79,E0,P58,0.5034024073193473,0.0024355585714285716,6208.198,1050.009,1.0532,7.8552,0.9084511414354969,0.0,Hit+Run
19013987.869,E0,P462,0.5034024073193473,0.0024355585714285716,6208.198,1050.009,2.76,20.585,0.7030852445720538,0.0,Merge
19273084.223,E10,P570,0.19232223428571432,0.0024355585714285716,4504.746,1050.009,1.7175,9.0859,0.6791071405469307,0.0,Merge
19314691.631,E1,FRAG0126,0.5145990838095239,0.006375957375957376,6253.889,1447.134,1.5513,11.399,0.249716262922032,0.0,Merge
19722908.855,E0,P375,0.5058379658907758,0.0024355585714285716,6218.194,1050.009,3.3218,24.817,0.7414055973321723,0.0,Merge
19749391.045,P115,P758,0.004871117142857143,0.0024355585714285716,1322.929,1050.009,17.775,27.867,0.09048333188783304,0.0,Fragment
19879016.522,E8,P54,0.12581779285714287,0.0073066933066933066,3910.580,1514.377,1.7762,7.8610,0.8544954750291298,0.0,Hit+Run
20278137.231,P46,P167,0.0024355585714285716,0.0024355585714285716,1050.009,1050.009,15.624,21.260,0.8811,0.0,Graze+Frag
20465560.663,E0,P658,0.5082735244622043,0.0024355585714285716,6228.158,1050.009,1.7878,13.379,0.4199074890052533,0.0,Merge
20471353.45,E1,P47,0.5209750411854813,0.004871128871128871,6279.612,1322.930,3.2658,24.265,0.47122638562171804,0.0,Merge
20542727.701,M0,FRAG0031,0.11968252167166174,0.005817848817848819,3845.954,1403.614,5.3572,23.402,0.8254461293955225,0.0,Hit+Run
20546815.215,M0,FRAG0031,0.11968252167166174,0.005817848817848819,3845.954,1403.614,1.0271,4.4867,0.6563567829284181,0.0,Merge
20581955.573,E13,P506,0.005527805527805528,0.0024355585714285716,1379.890,1050.009,31.645,51.183,0.5238688758731427,0.0,Fragment
21095221.344,E1,P58,0.5258461700566102,0.0024355585714285716,6299.123,1050.009,1.3645,10.335,0.8122970400206756,0.0,Merge
21208104.222,E1,E14,0.5282817286280387,0.047415558571428575,6308.833,2824.668,2.0518,14.553,0.9698616236970011,0.0,Hit+Run
21232579.477,E10,P795,0.1947577928571429,0.0024355585714285716,4523.682,1050.009,2.2284,11.842,0.9291348408150306,0.0,Hit+Run
21242441.764,E15,P795,0.16891408164169164,0.0024355585714285716,4314.023,1050.009,1.5536,7.8449,0.5903194451590509,0.0,Merge
21261895.201,E1,P173,0.5282817286280387,0.0024355585714285716,6308.833,1050.009,1.7242,13.081,0.38544800944871555,0.0,Merge
21647863.856,E0,E14,0.5107090830336328,0.047415558571428575,6238.091,2824.668,1.154,8.0909,0.45029984351233854,0.008057609057609058,Fragment
21957183.14,E10,P741,0.1947577928571429,0.0024355585714285716,4523.682,1050.009,1.699,9.0287,0.6569197590458471,0.0,Merge
22291697.107,P187,FRAG0129,0.09754453638694646,0.008057609057609058,3592.483,1564.573,13.395,54.155,0.2785763777456138,0.1000759240759241,Fragment
22291697.64,P187,FRAG0141,0.005526221368631429,0.00555977355977356,1379.759,1382.545,1.5,2.6847,0.6989441588494796,0.0,Hit+Run
22292138.849,P187,FRAG0146,0.005526221368631429,0.00555977355977356,1379.759,1382.545,1.2273,2.1966,0.8621293633775471,0.0,Hit+Run
22293641.574,P187,FRAG0145,0.005526221368631429,0.00555977355977356,1379.759,1382.545,1.649,2.9514,0.9161747846506935,0.0,Hit+Run
22293863.878,P187,FRAG0139,0.005526221368631429,0.00555977355977356,1379.759,1382.545,1.2849,2.2997,0.6024416136556544,0.0,Hit+Run
22293974.924,P187,FRAG0140,0.005526221368631429,0.00555977355977356,1379.759,1382.545,1.1446,2.0486,0.699443654425017,0.0,Hit+Run
22294268.493,P187,FRAG0131,0.005526221368631429,0.00555977355977356,1379.759,1382.545,2.5203,4.5108,0.8951959704781228,0.0,Hit+Run
22294518.779,P187,FRAG0134,0.005526221368631429,0.00555977355977356,1379.759,1382.545,1.8834,3.3709,0.7379547632989503,0.0,Hit+Run
22295299.664,P187,FRAG0147,0.005526221368631429,0.00555977355977356,1379.759,1382.545,1.0625,1.9016,0.8908503589709474,0.0,Hit+Run
22297354.657,P187,FRAG0136,0.005526221368631429,0.00555977355977356,1379.759,1382.545,2.12,3.7944,0.7500425562269553,0.0,Hit+Run
22297779.194,P187,FRAG0133,0.005526221368631429,0.00555977355977356,1379.759,1382.545,1.7734,3.1740,0.6452483844792094,0.0,Hit+Run
22297885.647,P187,FRAG0130,0.005526221368631429,0.00555977355977356,1379.759,1382.545,1.3045,2.3348,0.7212216615184475,0.0,Hit+Run
22298628.375,P187,FRAG0144,0.005526221368631429,0.00555977355977356,1379.759,1382.545,2.0026,3.5842,0.556488020706214,0.0,Hit+Run
22299584.506,P187,FRAG0147,0.005526221368631429,0.00555977355977356,1379.759,1382.545,1.7012,3.0448,0.2791181276102974,0.0,Merge
22300881.186,P187,FRAG0144,0.011085994928404988,0.00555977355977356,1740.144,1382.545,1.32,2.7228,0.5241012921273563,0.0,Merge
22304272.723,P187,FRAG0138,0.016645768488178548,0.00555977355977356,1992.638,1382.545,1.5179,3.4784,0.5074308595321343,0.0,Merge
22308107.117,P187,FRAG0133,0.02220554204795211,0.00555977355977356,2193.550,1382.545,1.3537,3.3699,0.6703152673479664,0.0,Hit+Run
22308742.13,P187,FRAG0132,0.02220554204795211,0.00555977355977356,2193.550,1382.545,1.2124,3.0182,0.7207361265866219,0.0,Hit+Run
22309423.892,P187,FRAG0133,0.02220554204795211,0.00555977355977356,2193.550,1382.545,1.4059,3.4999,0.6565139372643928,0.0,Hit+Run
22310379.168,P187,FRAG0132,0.02220554204795211,0.00555977355977356,2193.550,1382.545,1.203,2.9948,0.4591242474468822,0.0,Merge
22316330.131,P187,FRAG0131,0.027765315607725667,0.00555977355977356,2363.168,1382.545,2.2301,5.9429,0.6627597109830317,0.0,Hit+Run
22316888.414,P187,FRAG0131,0.027765315607725667,0.00555977355977356,2363.168,1382.545,0.9888,2.6350,0.21463194067246777,0.0,Perfect
22327298.098,P187,FRAG0146,0.033325089167499225,0.00555977355977356,2511.410,1382.545,1.5579,4.3983,0.9888385865481563,0.0,Hit+Run
22330683.432,P187,FRAG0136,0.033325089167499225,0.00555977355977356,2511.410,1382.545,1.0147,2.8647,0.49461277851798924,0.0,Merge
22332128.09,P187,FRAG0146,0.03888486272727278,0.00555977355977356,2643.954,1382.545,1.0351,3.0724,0.4099393324558009,0.0,Merge
22337369.685,P187,FRAG0142,0.04444463628704634,0.00555977355977356,2764.396,1382.545,1.3034,4.0436,0.6464791202297888,0.0,Merge
22350585.393,P187,FRAG0141,0.0500044098468199,0.00555977355977356,2875.168,1382.545,1.2997,4.1947,0.9441152400400281,0.0,Hit+Run
22351697.532,P187,FRAG0141,0.0500044098468199,0.00555977355977356,2875.168,1382.545,1.0602,3.4217,0.6211266703303182,0.0,Merge
22365742.058,P187,FRAG0130,0.055564183406593456,0.00555977355977356,2978.005,1382.545,1.0736,3.5911,0.19177023089599793,0.0,Merge
22388304.794,P187,FRAG0133,0.061123956966367014,0.00555977355977356,3074.192,1382.545,1.1421,3.9469,0.7103408467682827,0.0,Hit+Run
22388340.503,P187,FRAG0133,0.061123956966367014,0.00555977355977356,3074.192,1382.545,1.0395,3.5923,0.9825301050075178,0.0,Hit+Run
22409838.813,P187,FRAG0137,0.061123956966367014,0.00555977355977356,3074.192,1382.545,1.8283,6.3183,0.5420332466406259,0.0,Merge
22413808.412,P187,FRAG0143,0.06668373052614057,0.00555977355977356,3164.709,1382.545,1.0159,3.6177,0.7614502122121275,0.0,Graze+Merge
22430539.506,P187,FRAG0135,0.07224350408591414,0.00555977355977356,3250.325,1382.545,2.1338,7.8124,0.7001057001052547,0.0,Merge
22467640.274,P187,FRAG0145,0.0778032776456877,0.00555977355977356,3331.653,1382.545,2.0548,7.7198,0.8881442175068077,0.0,Hit+Run
22467955.18,P187,FRAG0145,0.0778032776456877,0.00555977355977356,3331.653,1382.545,1.0384,3.9012,0.5048153215286965,0.0,Merge
22488924.134,P187,FRAG0133,0.08336305120546127,0.00555977355977356,3409.194,1382.545,1.6098,6.1956,0.7459083936441583,0.0,Hit+Run
22492331.251,P187,FRAG0133,0.08336305120546127,0.00555977355977356,3409.194,1382.545,1.044,4.0180,0.8956734803115517,0.0,Hit+Run
22492568.189,P187,FRAG0133,0.08336305120546127,0.00555977355977356,3409.194,1382.545,1.0705,4.1200,0.9309625458635837,0.0,Hit+Run
22503231.934,P187,FRAG0134,0.08336305120546127,0.00555977355977356,3409.194,1382.545,1.2579,4.8413,0.6043252475785464,0.0,Merge
22519356.837,E0,P134,0.5500670325474523,0.0024355585714285716,6394.389,1050.009,4.7653,36.677,0.400272115173217,0.0,Merge
22575832.889,P187,FRAG0140,0.08892282476523483,0.00555977355977356,3483.359,1382.545,1.1494,4.5250,0.4086906225698819,0.0,Merge
22603079.024,P187,FRAG0139,0.0944825983250084,0.00555977355977356,3554.494,1382.545,3.229,12.986,0.6997336098218933,0.0,Merge
22684618.278,E10,P769,0.19719335142857147,0.0024355585714285716,4542.461,1050.009,3.3324,17.787,0.24708518124056336,0.0,Merge
22689095.495,P187,FRAG0133,0.10004237188478196,0.00555977355977356,3622.890,1382.545,1.0262,4.2111,0.15619412484825093,0.0,Merge
22971770.553,E0,E13,0.5525025911188808,0.007963369963369965,6403.812,1558.449,3.1521,23.627,0.8667623006850181,0.0,Hit+Run
22974923.586,E0,E13,0.5525025911188808,0.007963369963369965,6403.812,1558.449,1.0418,7.8090,0.7292320479086071,0.0,Merge
23399439.925,E1,P329,0.5307172871994672,0.0024355585714285716,6318.513,1050.009,2.4006,18.243,0.7147267864903977,0.0,Merge
23492490.235,E0,M0,0.5604659610822508,0.12550037048951057,6434.432,3907.288,2.5184,18.324,0.7420142187808333,0.11444555444555445,Hit+Run+Frag
23492495.94,E0,FRAG0166,0.5604651660705958,0.0057222777222777224,6434.429,1395.886,1.0553,8.0172,0.2846483258855979,0.0,Merge
23492502.716,E0,FRAG0157,0.5661874437928736,0.0057222777222777224,6456.253,1395.886,1.0577,8.0647,0.9993365372130971,0.0,Hit+Run
23492515.999,E0,FRAG0154,0.5661874437928736,0.0057222777222777224,6456.253,1395.886,1.0563,8.0540,0.9841253096843476,0.0,Hit+Run
23495914.884,E0,FRAG0162,0.5661874437928736,0.0057222777222777224,6456.253,1395.886,1.0691,8.1516,0.8417153308746482,0.0,Hit+Run
23502529.852,E0,FRAG0153,0.5661874437928736,0.0057222777222777224,6456.253,1395.886,1.0827,8.2553,0.6042557357231406,0.0,Merge
23502742.532,E0,M0,0.5719097215151513,0.011055611055611056,6477.931,1738.553,1.0418,7.8400,0.3796966386001079,0.0,Merge
23507920.023,E0,FRAG0158,0.5829653325707623,0.0057222777222777224,6519.407,1395.886,1.0752,8.2842,0.5432774869705672,0.0,Merge
23534470.325,E0,FRAG0152,0.5886876102930401,0.0057222777222777224,6540.668,1395.886,1.0651,8.2352,0.896147358896542,0.0,Hit+Run
23543186.018,E0,FRAG0152,0.5886876102930401,0.0057222777222777224,6540.668,1395.886,1.0759,8.3187,0.7910721443854981,0.0,Merge
23600790.638,E0,FRAG0155,0.5944098880153178,0.0057222777222777224,6561.793,1395.886,1.3624,10.570,0.4418132964857338,0.0,Merge
23671487.761,E0,FRAG0162,0.6001321657375955,0.0057222777222777224,6582.782,1395.886,1.1143,8.6751,0.6952676751119373,0.0,Merge
23814351.611,E0,P618,0.6058544434598733,0.0024355585714285716,6603.638,1050.009,2.3673,18.855,0.950902057699772,0.0,Hit+Run
23850955.088,E15,P681,0.1713496402131202,0.0024355585714285716,4334.658,1050.009,5.6313,28.582,0.6787760824620985,0.0,Merge
23867673.814,E0,FRAG0149,0.6058544434598733,0.0057222777222777224,6603.638,1395.886,1.1648,9.0991,0.880895111662668,0.0,Hit+Run
23869120.516,E0,FRAG0149,0.6058544434598733,0.0057222777222777224,6603.638,1395.886,1.049,8.1945,0.7927313051538376,0.0,Merge
23939473.12,E0,FRAG0165,0.611576721182151,0.0057222777222777224,6624.363,1395.886,1.2355,9.6839,0.8255417477517898,0.0,Merge
24204151.872,E0,FRAG0160,0.6172989989044287,0.0057222777222777224,6644.960,1395.886,1.6557,13.020,0.3161808454967496,0.0,Merge
24477138.728,E1,FRAG0167,0.5331528457708957,0.0057222777222777224,6328.164,1395.886,1.8341,13.686,0.27118184528662004,0.0,Merge
24503998.599,E1,P530,0.5388751234931735,0.0024355585714285716,6350.723,1050.009,2.4033,18.363,0.5944203081507837,0.0,Merge
24513888.618,E0,P28,0.6230212766267065,0.004871117142857143,6665.429,1322.929,1.5302,12.120,0.9685631996796678,0.0,Hit+Run
24552536.269,E0,P28,0.6230212766267065,0.004871117142857143,6665.429,1322.929,1.0513,8.3271,0.15503018823266904,0.0,Merge
24867075.036,E0,FRAG0157,0.6278923937695636,0.0057222777222777224,6682.755,1395.886,1.1254,8.9044,0.401446332095135,0.0,Merge
25044891.899,E0,P115,0.6336146714918414,0.0073066933066933066,6702.995,1514.377,1.3516,10.664,0.8184021089119471,0.0,Hit+Run
25116199.328,E1,E15,0.541310682064602,0.1737851987845488,6360.277,4355.099,1.2786,9.3319,0.48975082659584546,0.044156663336663335,Fragment
25183552.715,P471,FRAG0150,0.0024355585714285716,0.0057222777222777224,1050.009,1395.886,12.729,20.769,0.27067016408674144,0.008136376956376956,Fragment
25246061.851,E0,P798,0.6336146714918414,0.0024355585714285716,6702.995,1050.009,1.2212,9.8822,0.4260588026618787,0.0,Merge
25299914.654,E0,P115,0.6360502300632699,0.0073066933066933066,6711.573,1514.377,1.2368,9.7721,0.5114892350969821,0.0,Merge
25319721.54,E0,FRAG0148,0.6433569233699632,0.0057222777222777224,6737.175,1395.886,1.5961,12.739,0.7592828985621735,0.0,Merge
25374484.945,E0,P55,0.6490792010922409,0.0024355585714285716,6757.090,1050.009,1.6609,13.555,0.2278011226829404,0.0,Merge
25587411.173,E10,P772,0.19962891000000005,0.0024355585714285716,4561.086,1050.009,3.6381,19.505,0.33701550619911225,0.0,Merge
25639642.463,P592,P496,0.0024355585714285716,0.0024355585714285716,1050.009,1050.009,10.125,13.777,0.51565,0.0,Graze+Frag
25643658.838,E1,P88,0.6709397036929736,0.0024355585714285716,6832.112,1050.009,1.5944,13.166,0.530212934234881,0.0,Merge
25647687.853,E0,FRAG0156,0.6515147596636695,0.0057222777222777224,6765.531,1395.886,2.3519,18.856,0.8963600568438853,0.0,Hit+Run
25705656.196,E0,FRAG0156,0.6515147596636695,0.0057222777222777224,6765.531,1395.886,1.0423,8.3565,0.8871585432667402,0.0,Hit+Run
25827860.564,E0,FRAG0156,0.6515147596636695,0.0057222777222777224,6765.531,1395.886,1.084,8.6909,0.161482418452963,0.0,Merge
25940379.124,E3,FRAG0159,0.5042200271428571,0.0057222777222777224,6211.558,1395.886,2.0224,14.793,0.988794144404348,0.0,Hit+Run
25993071.063,E0,FRAG0151,0.6572370373859472,0.0057222777222777224,6785.281,1395.886,1.8269,14.692,0.2637422264236882,0.0,Merge
26124390.156,P567,P265,0.0024355585714285716,0.0024355585714285716,1050.009,1050.009,13.743,18.700,0.9078,0.0,Hit+Run
26943792.756,E0,P49,0.6629593151082249,0.0024355585714285716,6804.916,1050.009,3.9525,32.501,0.8546292911893721,0.0,Merge
27163158.381,E1,P247,0.6733752622644021,0.0024355585714285716,6840.369,1050.009,1.4639,12.104,0.9085377176174141,0.0,Hit+Run
27532618.24,P29,P859,0.0024355585714285716,0.0024355585714285716,1050.009,1050.009,7.8113,10.628,0.64625,0.0,Graze+Frag
27896472.374,E3,FRAG0161,0.5042200271428571,0.0057222777222777224,6211.558,1395.886,1.0925,7.9913,0.647982686209158,0.0,Merge
28602293.673,E0,P51,0.6653948736796534,0.0024355585714285716,6813.239,1050.009,3.6335,29.916,0.4843545868643126,0.0,Merge
28850212.495,E0,P286,0.667830432251082,0.0024355585714285716,6821.542,1050.009,3.9177,32.298,0.9393153435443722,0.0,Hit+Run
28859612.799,E0,P286,0.667830432251082,0.0024355585714285716,6821.542,1050.009,1.0169,8.3835,0.8174703972372048,0.0,Merge
28905306.912,E10,P238,0.20206446857142862,0.0024355585714285716,4579.560,1050.009,2.9198,15.722,0.9541343738793736,0.0,Hit+Run
29358942.011,E0,P605,0.6702659908225105,0.0024355585714285716,6829.825,1050.009,2.4838,20.503,0.9522951772926014,0.0,Hit+Run
29361163.531,E0,P605,0.6702659908225105,0.0024355585714285716,6829.825,1050.009,1.0479,8.6502,0.6213710863757768,0.0,Merge
29422921.443,E0,FRAG0159,0.672701549393939,0.0057222777222777224,6838.087,1395.886,2.0649,16.745,0.2884230317385927,0.0,Merge
29489377.485,P483,FRAG0168,0.0024355585714285716,0.0063080253080253085,1050.009,1441.976,9.6245,16.106,0.9863066056360666,0.0,Hit+Run
29929062.683,E1,FRAG0171,0.6733752622644021,0.0063080253080253085,6840.369,1441.976,1.817,14.705,0.4489578988893681,0.0,Merge
30561105.122,E3,P238,0.5099423048651348,0.0024355585714285716,6234.967,1050.009,1.7017,12.750,0.4679021730802029,0.0,Merge
30654195.83,E3,FRAG0127,0.5123778634365633,0.006375957375957376,6244.878,1447.134,1.7123,12.563,0.5144790205670272,0.0,Merge
30778325.763,E0,P588,0.6784238271162167,0.0024355585714285716,6857.422,1050.009,2.5271,20.950,0.4816497002847866,0.0,Merge
30893229.529,E0,FRAG0164,0.6808593856876453,0.0057222777222777224,6865.618,1395.886,3.3601,27.366,0.7726984282869237,0.0,Merge
30971397.967,E1,FRAG0169,0.6796832875724275,0.0063080253080253085,6861.663,1441.976,1.4956,12.145,0.17642444187965275,0.0,Merge
31516822.33,E0,P686,0.686581663409923,0.0024355585714285716,6884.798,1050.009,4.5966,38.268,0.6467615342544834,0.0,Merge
31653591.47,E1,P247,0.6859913128804528,0.0024355585714285716,6882.824,1050.009,1.2388,10.310,0.5860891299921859,0.0,Merge
32213808.195,P654,P485,0.0024355585714285716,0.0024355585714285716,1050.009,1050.009,29.155,39.670,0.24325,0.0,Merge
32762300.429,E3,P483,0.5187538208125207,0.0024355585714285716,6270.674,1050.009,1.1266,8.4927,0.2579987177333623,0.0,Merge
32777926.871,E3,FRAG0170,0.5211893793839493,0.0063080253080253085,6280.473,1441.976,2.1653,15.988,0.37174785691850154,0.0,Merge
32860117.036,E3,P209,0.5274974046919746,0.0024355585714285716,6305.709,1050.009,4.6154,34.999,0.5252386643602274,0.0,Merge
33592198.752,E1,P57,0.6884268714518813,0.0024355585714285716,6890.961,1050.009,4.3285,36.070,0.8389630445143722,0.0,Merge
33684235.933,E1,P451,0.6908624300233098,0.0024355585714285716,6899.077,1050.009,2.4303,20.277,0.43360690145408354,0.0,Merge
34476877.681,E0,P701,0.6890172219813515,0.0024355585714285716,6892.930,1050.009,3.073,25.615,0.6071170027736443,0.0,Merge
34613670.112,E8,P46,0.12581779285714287,0.004871128871128871,3910.580,1322.930,3.2939,14.705,0.5778993995527262,0.0,Merge
34831826.897,E10,FRAG0168,0.20206446857142862,0.0063080253080253085,4579.560,1441.976,1.5306,8.0442,0.9268580504509332,0.0,Hit+Run
35526761.441,P654,P250,0.004871117142857143,0.0024355585714285716,1322.929,1050.009,20.372,31.938,0.8799685215758206,0.0,Graze+Frag
36070937.909,P187,P471,0.10560214544455553,0.008157842157842158,3688.797,1571.034,14.863,61.757,0.6295702299013688,0.10515484515484513,Fragment
36073084.51,P187,FRAG0186,0.008605142447552547,0.005534465534465534,1599.238,1380.444,1.212,2.3588,0.9886812582785951,0.0,Hit+Run
36073871.287,P187,FRAG0191,0.008605142447552547,0.005534465534465534,1599.238,1380.444,2.1638,4.2112,0.468605182456458,0.0,Merge
36074093.843,P187,FRAG0181,0.01413960798201808,0.005534465534465534,1887.149,1380.444,1.4183,3.1092,0.9305240781824665,0.0,Hit+Run
36080581.365,P187,FRAG0175,0.01413960798201808,0.005534465534465534,1887.149,1380.444,1.605,3.5185,0.8844945542058389,0.0,Hit+Run
36082356.755,P187,FRAG0187,0.01413960798201808,0.005534465534465534,1887.149,1380.444,1.5998,3.5071,0.49997188088540306,0.0,Merge
36082796.907,P187,FRAG0184,0.019674073516483613,0.005534465534465534,2106.809,1380.444,1.4087,3.3838,0.10222144116564935,0.0,Merge
36082902.818,P187,FRAG0176,0.025208539050949146,0.005534465534465534,2288.283,1380.444,1.3455,3.4798,0.6421888601911047,0.0,Hit+Run
36087214.892,P187,FRAG0192,0.025208539050949146,0.005534465534465534,2288.283,1380.444,1.2254,3.1692,0.6477400265233704,0.0,Hit+Run
36089228.933,P187,FRAG0177,0.025208539050949146,0.005534465534465534,2288.283,1380.444,1.8774,4.8554,0.5281716460856909,0.0,Merge
36092360.107,P187,FRAG0190,0.03074300458541468,0.005534465534465534,2444.795,1380.444,1.4552,4.0037,0.7843306362990214,0.0,Hit+Run
36092428.5,P187,FRAG0192,0.03074300458541468,0.005534465534465534,2444.795,1380.444,1.2256,3.3720,0.3724164453808994,0.0,Merge
36093063.788,P187,FRAG0183,0.036277470119880216,0.005534465534465534,2583.486,1380.444,1.4521,4.2134,0.8271340593785341,0.0,Hit+Run
36093425.851,P187,FRAG0193,0.036277470119880216,0.005534465534465534,2583.486,1380.444,1.2629,3.6644,0.6119266947841034,0.0,Merge
36094462.428,P187,FRAG0183,0.04181193565434575,0.005534465534465534,2708.698,1380.444,1.2646,3.8444,0.5531141653319752,0.0,Merge
36094840.912,P187,FRAG0180,0.04734640118881129,0.005534465534465534,2823.294,1380.444,2.1801,6.9082,0.8817633464738263,0.0,Hit+Run
36096654.817,P187,FRAG0185,0.04734640118881129,0.005534465534465534,2823.294,1380.444,1.9861,6.2934,0.4722796749488877,0.0,Merge
36099005.009,P187,FRAG0175,0.052880866723276826,0.005534465534465534,2929.274,1380.444,1.8194,5.9844,0.9320592931055294,0.0,Hit+Run
36101261.792,P187,FRAG0186,0.052880866723276826,0.005534465534465534,2929.274,1380.444,1.1415,3.7546,0.824668227466593,0.0,Hit+Run
36102000.615,P187,FRAG0186,0.052880866723276826,0.005534465534465534,2929.274,1380.444,1.1086,3.6464,0.9328069524232689,0.0,Hit+Run
36102032.726,P187,FRAG0186,0.052880866723276826,0.005534465534465534,2929.274,1380.444,1.018,3.3484,0.8404370421680064,0.0,Graze+Merge
36104840.626,P187,FRAG0175,0.05841533225774236,0.005534465534465534,3028.094,1380.444,1.4812,5.0401,0.5296456546672879,0.0,Merge
36108154.848,P187,FRAG0188,0.0639497977922079,0.005534465534465534,3120.854,1380.444,2.6851,9.4252,0.6748806533743831,0.0,Merge
36111373.614,P187,FRAG0178,0.06948426332667343,0.005534465534465534,3208.406,1380.444,1.6668,6.0210,0.7249037818862354,0.0,Hit+Run
36111442.738,P187,FRAG0178,0.06948426332667343,0.005534465534465534,3208.406,1380.444,1.0375,3.7478,0.22394548740177583,0.0,Merge
36111734.294,P187,FRAG0182,0.07501872886113896,0.005534465534465534,3291.423,1380.444,9.0983,33.753,0.44194522617168197,0.051941058941058944,Fragment
36111745.162,P187,FRAG0194,0.028612135454545544,0.005771228771228772,2386.953,1399.855,1.144,3.0797,0.9216108985986151,0.0,Hit+Run
36112974.491,P187,FRAG0198,0.028612135454545544,0.005771228771228772,2386.953,1399.855,1.0211,2.7489,0.6523953765471353,0.0,Graze+Merge
36113720.88,P187,FRAG0194,0.034383364225774316,0.005771228771228772,2537.717,1399.855,1.1514,3.2850,0.8588443256452387,0.0,Hit+Run
36114932.709,P187,FRAG0201,0.034383364225774316,0.005771228771228772,2537.717,1399.855,1.3569,3.8713,0.8217862821778806,0.0,Hit+Run
36117348.675,P187,FRAG0202,0.034383364225774316,0.005771228771228772,2537.717,1399.855,1.9644,5.6045,0.3731583855234828,0.0,Merge
36121298.564,P187,FRAG0199,0.04015459299700309,0.005771228771228772,2672.425,1399.855,8.2102,24.633,0.47558275753524176,0.0403986013986014,Fragment
36131176.513,P187,FRAG0200,0.0055272203696304575,0.005771228771228772,1379.842,1399.855,2.5196,4.5383,0.8828971546518471,0.0,Hit+Run
36141247.268,P187,FRAG0189,0.0055272203696304575,0.005534465534465534,1379.842,1380.444,5.7781,10.334,0.6179650526091406,0.010354132534132534,Graze+Frag
36144004.761,P187,FRAG0195,0.005527220369630457,0.005771228771228772,1379.842,1399.855,1.7128,3.0851,0.7831207416950152,0.0,Hit+Run
36148190.621,P187,FRAG0208,0.005527220369630457,0.005771228771228772,1379.842,1399.855,2.2878,4.1208,0.6306762818987809,0.0,Hit+Run
36153577.525,P187,FRAG0200,0.005527220369630457,0.005771228771228772,1379.842,1399.855,2.3989,4.3209,0.20119094612638797,0.006251948051948052,Fragment
36156721.868,P187,FRAG0196,0.0055272203696304575,0.005771228771228772,1379.842,1399.855,1.9284,3.4734,0.8216413866972548,0.0,Hit+Run
36158539.847,P187,FRAG0190,0.0055272203696304575,0.005534465534465534,1379.842,1380.444,2.6105,4.6689,0.9785863023682686,0.0,Hit+Run
36159906.993,P187,FRAG0190,0.0055272203696304575,0.005534465534465534,1379.842,1380.444,0.9883,1.7675,0.8682603946584828,0.0,Perfect
36161689.797,P187,FRAG0211,0.01106168590409599,0.005771228771228772,1738.872,1399.855,2.5773,5.3324,0.9363244752541884,0.0,Hit+Run
36163168.318,P187,FRAG0206,0.01106168590409599,0.005771228771228772,1738.872,1399.855,1.006,2.0814,0.35090700113957923,0.0,Merge
36165951.533,P187,FRAG0208,0.016832914675324762,0.005771228771228772,2000.078,1399.855,1.8783,4.3269,0.7845753184312031,0.0,Hit+Run
36165963.185,P187,FRAG0208,0.016832914675324762,0.005771228771228772,2000.078,1399.855,1.0594,2.4404,0.9840575786696533,0.0,Hit+Run
36166146.579,P187,FRAG0195,0.016832914675324762,0.005771228771228772,2000.078,1399.855,1.0415,2.3992,0.6069178646063375,0.0,Graze+Merge
36170036.463,P187,FRAG0207,0.022604143446553534,0.005771228771228772,2206.597,1399.855,1.4589,3.6560,0.1844718760601698,0.0,Merge
36172803.691,P187,FRAG0210,0.028375372217782305,0.005534465534465534,2380.351,1380.444,1.4006,3.7574,0.6371155072054626,0.0,Hit+Run
36175059.507,P187,FRAG0203,0.028375372217782305,0.005771228771228772,2380.351,1399.855,1.5075,4.0479,0.4719512073735978,0.0,Merge
36175277.486,P187,FRAG0196,0.03414660098901108,0.005771228771228772,2531.879,1399.855,1.1954,3.4030,0.7558156230801975,0.0,Hit+Run
36175702.652,P187,FRAG0204,0.03414660098901108,0.005771228771228772,2531.879,1399.855,1.9519,5.5565,0.8343143233046808,0.0,Hit+Run
36175740.324,P187,FRAG0197,0.03414660098901108,0.005771228771228772,2531.879,1399.855,1.0577,3.0110,0.7364324329509361,0.0,Graze+Merge
36175855.102,P187,FRAG0204,0.03991782976023985,0.005771228771228772,2667.162,1399.855,1.0314,3.0885,0.5005088068479507,0.0,Merge
36179005.494,P187,FRAG0205,0.045689058531468624,0.005771228771228772,2789.959,1399.855,2.4042,7.5277,0.9134024521564327,0.0,Hit+Run
36179021.683,P187,FRAG0205,0.045689058531468624,0.005771228771228772,2789.959,1399.855,1.0367,3.2460,0.2921263073274236,0.0,Merge
36181019.537,P187,FRAG0196,0.051460287302697395,0.005771228771228772,2902.805,1399.855,1.6282,5.3053,0.13803410611344877,0.0,Merge
36185306.249,P187,FRAG0176,0.05723151607392617,0.005534465534465534,3007.499,1380.444,6.9026,23.323,0.6171346693268185,0.020487512487512488,Fragment
36185374.405,P187,FRAG0212,0.04227846912087921,0.00682917082917083,2718.735,1480.641,1.1742,3.5874,0.3880599735390584,0.0,Merge
36192421.916,P187,FRAG0209,0.04910763995005004,0.005771228771228772,2857.877,1399.855,2.5681,8.2372,0.4402534514032241,0.0,Merge
36196872.571,P187,FRAG0210,0.05487886872127881,0.005534465534465534,2965.711,1380.444,1.2449,4.1467,0.7451542584555897,0.0,Hit+Run
36198530.223,P187,FRAG0181,0.05487886872127881,0.005534465534465534,2965.711,1380.444,3.04,10.126,0.5869113348879603,0.0,Merge
36212593.453,P187,FRAG0214,0.06041333425574435,0.00682917082917083,3062.232,1480.641,2.8411,9.7656,0.2748199093447089,0.00843090243090243,Fragment
36212813.299,P187,FRAG0215,0.05881160265401275,0.00843090243090243,3034.926,1588.370,1.0531,3.5881,0.8829801501854676,0.0,Hit+Run
36212933.608,P187,FRAG0215,0.05881160265401275,0.00843090243090243,3034.926,1588.370,1.058,3.6048,0.9154083855725483,0.0,Hit+Run
36215929.286,P187,FRAG0213,0.05881160265401275,0.00682917082917083,3034.926,1480.641,1.7256,5.8779,0.6686080418069809,0.0,Merge
36216069.265,P187,FRAG0215,0.06564077348318358,0.00843090243090243,3148.123,1588.370,1.0788,3.8114,0.7574381679432541,0.0,Hit+Run
36220113.46,P187,FRAG0215,0.06564077348318358,0.00843090243090243,3148.123,1588.370,1.0493,3.7072,0.43295474078469265,0.0,Merge
36222711.865,P187,FRAG0201,0.074071675914086,0.005771228771228772,3277.514,1399.855,2.9581,10.919,0.5756392885003438,0.0,Merge
36242586.281,P187,FRAG0208,0.07984290468531477,0.005771228771228772,3360.515,1399.855,1.2271,4.6493,0.14492858327579736,0.0,Merge
36285870.063,P187,FRAG0179,0.08561413345654353,0.005534465534465534,3439.608,1380.444,2.8567,11.098,0.8432656234210081,0.0,Hit+Run
36286082.587,P187,FRAG0179,0.08561413345654353,0.005534465534465534,3439.608,1380.444,1.0719,4.1644,0.7007589423706778,0.0,Merge
36364067.819,P187,FRAG0210,0.09114859899100906,0.005534465534465534,3512.183,1380.444,1.4397,5.7178,0.910092863099432,0.0,Hit+Run
36364588.096,P187,FRAG0210,0.09114859899100906,0.005534465534465534,3512.183,1380.444,1.0368,4.1177,0.9735509866977834,0.0,Hit+Run
36366361.416,P187,FRAG0210,0.09114859899100906,0.005534465534465534,3512.183,1380.444,1.0467,4.1570,0.7090224963585021,0.0,Merge
36385681.585,E8,FRAG0174,0.13068892172827173,0.0063080253080253085,3960.409,1441.976,5.1288,23.074,0.5228363601990017,0.013211455211455213,Fragment
36555528.345,P187,FRAG0211,0.0966830645254746,0.005771228771228772,3581.876,1399.855,1.3302,5.3895,0.9150741431626762,0.0,Hit+Run
36556184.448,P187,FRAG0211,0.0966830645254746,0.005771228771228772,3581.876,1399.855,1.0483,4.2473,0.5647762547766811,0.0,Merge
37210924.117,P187,FRAG0194,0.10245429329670336,0.005771228771228772,3651.774,1399.855,1.3788,5.7017,0.5890832885144319,0.0,Merge
37679782.565,E3,P802,0.5299329632634031,0.0024355585714285716,6315.399,1050.009,3.7706,28.640,0.6216442855104107,0.0,Merge
37796070.195,E0,P288,0.69145278055278,0.0024355585714285716,6901.042,1050.009,2.4377,20.345,0.5072245841439675,0.0,Merge
38603245.932,E3,FRAG0154,0.5323685218348316,0.0057222777222777224,6325.059,1395.886,1.5133,11.286,0.6826458852276746,0.0,Merge
39885864.19,E0,FRAG0128,0.6938883391242086,0.006375957375957376,6909.135,1447.134,3.151,25.770,0.5126287045968015,0.0,Merge
41299854.421,E0,P236,0.700264296500166,0.0024355585714285716,6930.233,1050.009,3.175,26.618,0.9149713409035812,0.0,Hit+Run
41327619.65,E0,P236,0.700264296500166,0.0024355585714285716,6930.233,1050.009,1.0219,8.5672,0.9953005446180659,0.0,Hit+Run
41335003.466,E0,P236,0.700264296500166,0.0024355585714285716,6930.233,1050.009,1.0969,9.1960,0.5351227603120603,0.0,Merge
41503831.944,E3,P477,0.5380907995571094,0.0024355585714285716,6347.641,1050.009,2.7416,20.937,0.5305395626332645,0.0,Merge
41549258.316,E1,FRAG0168,0.6932979885947383,0.0063080253080253085,6907.175,1441.976,3.2168,26.307,0.33240537058041425,0.0,Merge
41833998.213,E1,E10,0.6996060139027637,0.20206446857142862,6928.060,4579.560,1.8281,14.457,0.2414786722729772,0.15823776223776223,Fragment
41836276.107,E1,FRAG0234,0.7434327202364301,0.005651348651348652,7069.810,1390.095,1.0473,8.8046,0.5299909847081746,0.0,Merge
41840254.203,E1,FRAG0228,0.7490840688877788,0.005651348651348652,7087.679,1390.095,1.089,9.1799,0.7459901383027489,0.0,Merge
41920336.592,E1,FRAG0218,0.7547354175391274,0.005651348651348652,7105.458,1390.095,0.9963,8.4211,0.8077698062847092,0.0,Perfect
41991667.601,E1,FRAG0219,0.7603867661904761,0.005651348651348652,7123.149,1390.095,1.206,10.220,0.8429054926343933,0.0,Hit+Run
42035810.397,E1,FRAG0231,0.7603867661904761,0.005651348651348652,7123.149,1390.095,1.0486,8.8867,0.8767087305760545,0.0,Hit+Run
42045642.664,E1,FRAG0241,0.7603867661904761,0.005651348651348652,7123.149,1390.095,1.039,8.8054,0.9766960309232947,0.0,Hit+Run
42079335.854,E1,FRAG0244,0.7603867661904761,0.005651348651348652,7123.149,1390.095,1.1524,9.7664,0.9826366989773988,0.0,Hit+Run
42278523.008,E1,FRAG0243,0.7603867661904761,0.005651348651348652,7123.149,1390.095,1.1286,9.5647,0.27034223215224584,0.0,Merge
42552345.327,FRAG0224,FRAG0241,0.005651348651348652,0.005651348651348652,1390.095,1390.095,8.8803,15.997,0.80225,0.005774891774891776,Graze+Frag
42814255.056,E3,P665,0.5405263581285379,0.0024355585714285716,6357.203,1050.009,4.4399,33.961,0.8866528720283368,0.0,Hit+Run
43301396.795,E0,FRAG0229,0.7026998550715945,0.005651348651348652,6938.258,1390.095,1.9768,16.287,0.6953792492914137,0.0,Merge
43626967.84,E1,FRAG0237,0.7660381148418247,0.005651348651348652,7140.752,1390.095,1.5215,12.928,0.9447791821952336,0.0,Hit+Run
43639625.566,E1,FRAG0173,0.7660381148418247,0.0063080253080253085,7140.752,1441.976,2.5243,21.393,0.73115356892028,0.0,Merge
43704081.724,E0,FRAG0230,0.7083512037229431,0.005651348651348652,6956.808,1390.095,2.4104,19.917,0.8212079208022599,0.0,Merge
43743582.023,E1,P824,0.77234614014985,0.0024355585714285716,7160.299,1050.009,2.1903,19.009,0.6142276376595112,0.0,Merge
43865376.979,E0,FRAG0223,0.7140025523742918,0.005651348651348652,6975.260,1390.095,1.7264,14.306,0.8041428801217481,0.0,Merge
43937259.438,E0,FRAG0245,0.7196539010256404,0.005651348651348652,6993.615,1390.095,1.3941,11.584,0.726580303939882,0.0,Merge
44140675.762,E0,FRAG0235,0.7253052496769891,0.005651348651348652,7011.874,1390.095,1.4163,11.802,0.5409561308738274,0.0,Merge
45701590.446,E0,FRAG0242,0.7309565983283377,0.005651348651348652,7030.038,1390.095,1.8122,15.143,0.3105023524266067,0.0,Merge
45703638.363,P567,FRAG0232,0.0024355585714285716,0.005651348651348652,1050.009,1390.095,16.816,27.352,0.5288981719071206,0.0,Graze+Frag
46938329.825,E3,FRAG0225,0.5405263581285379,0.005651348651348652,6357.203,1390.095,1.1605,8.7055,0.4143059665330728,0.0,Merge
46956395.355,E1,FRAG0220,0.7747816987212786,0.005651348651348652,7167.818,1390.095,1.2162,10.376,0.5757429367054832,0.0,Merge
47885553.805,E3,P29,0.5461777067798865,0.004871128871128871,6379.282,1322.930,1.6603,12.546,0.4008682573154751,0.0,Merge
48130336.302,E1,FRAG0237,0.7804330473726272,0.005651348651348652,7185.203,1390.095,1.8063,15.451,0.7471513419517337,0.0,Merge
48191902.847,E1,P106,0.7860843960239758,0.0024355585714285716,7202.505,1050.009,3.3212,29.004,0.2201985754120136,0.0,Merge
48990962.553,E3,P417,0.5510488356510154,0.0024355585714285716,6398.191,1050.009,1.1015,8.4833,0.23820764309748102,0.0,Merge
50479383.027,E3,FRAG0244,0.5534843942224439,0.005651348651348652,6407.603,1390.095,1.0866,8.2205,0.8144166748214594,0.0,Merge
52009539.266,E1,P665,0.7885199545954044,0.0024355585714285716,7209.936,1050.009,1.7807,15.568,0.9854807637061865,0.0,Hit+Run
53210094.285,E1,P567,0.7885199545954044,0.008086913086913087,7209.936,1566.467,2.9157,24.817,0.6638652338694685,0.0,Merge
53643226.182,E0,FRAG0219,0.7366079469796863,0.005651348651348652,7048.109,1390.095,2.5702,21.536,0.8862127012883907,0.0,Hit+Run
53644087.559,E0,FRAG0219,0.7366079469796863,0.005651348651348652,7048.109,1390.095,1.0491,8.7907,0.6887568270333713,0.0,Merge
53976176.451,E0,FRAG0240,0.742259295631035,0.005651348651348652,7066.088,1390.095,3.2937,27.674,0.7995971101525177,0.0,Merge
54952135.732,E1,FRAG0231,0.7966068676823175,0.005651348651348652,7234.500,1390.095,1.3569,11.692,0.18143719400909258,0.0,Merge
55327400.008,E1,FRAG0224,0.8022582163336661,0.005527805527805528,7251.567,1379.890,1.0749,9.2903,0.46366904778532003,0.0,Merge
55485383.897,FRAG0222,FRAG0238,0.005651348651348652,0.005651348651348652,1390.095,1390.095,9.3308,16.808,0.7293,0.005774891774891776,Graze+Frag
55761061.04,E0,P654,0.7479106442823836,0.0073066933066933066,7083.976,1514.377,2.1647,18.125,0.8894563974740262,0.0,Hit+Run
56126225.101,E0,P654,0.7479106442823836,0.0073066933066933066,7083.976,1514.377,1.322,11.069,0.7305307406819369,0.0,Merge
57667304.067,E1,FRAG0227,0.8077860218614716,0.005651348651348652,7268.184,1390.095,1.5518,13.438,0.6847385770635236,0.0,Merge
58315996.022,E1,FRAG0222,0.8134373705128203,0.005527805527805528,7285.095,1379.890,1.2969,11.264,0.8739605928020212,0.0,Hit+Run
59741364.446,P436,P531,0.0024355585714285716,0.0024355585714285716,1050.009,1050.009,1.0426,1.4186,0.13325,0.0,Merge
60560287.594,E1,FRAG0246,0.8134373705128203,0.005774891774891776,7285.095,1400.151,2.8541,24.764,0.8944013866013356,0.0,Hit+Run
60614891.244,P187,FRAG0180,0.10822552206793212,0.005534465534465534,3719.093,1380.444,1.0651,4.4944,0.6841563483159594,0.0,Merge
62325563.252,E0,FRAG0239,0.7552173375890769,0.005651348651348652,7106.970,1390.095,2.4822,20.985,0.7646395372401595,0.0,Merge
63610575.098,E0,P257,0.7608686862404256,0.0024355585714285716,7124.653,1050.009,1.7022,14.695,0.8447964580338647,0.0,Merge
65286053.557,P187,P737,0.11375998760239765,0.0024355585714285716,3781.438,1050.009,10.704,46.900,0.4611502359521294,0.011804195804195805,Fragment
65286474.997,P187,FRAG0249,0.10439135036963042,0.005902097902097903,3674.644,1410.357,1.0747,4.4717,0.6995190344482477,0.0,Merge
66021939.205,P187,FRAG0248,0.11029344827172832,0.005902097902097903,3742.631,1410.357,1.2572,5.3336,0.6629693649028023,0.0,Merge
66777846.132,E1,FRAG0246,0.8134373705128203,0.005774891774891776,7285.095,1400.151,1.7715,15.371,0.6132391013263027,0.0,Merge
67012251.201,E3,FRAG0226,0.5591357428737925,0.005651348651348652,6429.338,1390.095,1.1609,8.8146,0.4648041212556796,0.0,Merge
73541161.576,E0,P128,0.7633042448118541,0.0024355585714285716,7132.247,1050.009,5.2498,45.373,0.23901255867697135,0.0,Merge
80746576.999,E1,FRAG0236,0.819212262287712,0.005651348651348652,7302.294,1390.095,1.6716,14.548,0.9768439149156598,0.0,Hit+Run
81128856.868,FRAG0172,P265,0.0063080253080253085,0.0024355585714285716,1441.976,1050.009,18.608,31.140,0.9499044583850961,0.0,Hit+Run
82890739.082,E0,FRAG0247,0.7657398033832826,0.005774891774891776,7139.825,1400.151,1.9351,16.432,0.7848812591708378,0.0,Merge
87265537.58,E1,FRAG0236,0.819212262287712,0.005651348651348652,7302.294,1390.095,1.3245,11.527,0.6804640274180294,0.0,Merge
92056111.704,E1,P265,0.8248636109390607,0.0024355585714285716,7319.047,1050.009,1.96,17.410,0.07905811438994907,0.0,Merge
94354612.878,E0,FRAG0172,0.7715146951581744,0.0063080253080253085,7157.729,1441.976,2.1958,18.657,0.6684382204955945,0.0,Merge
152384136.074,E0,FRAG0233,0.7778227204661997,0.005651348651348652,7177.183,1390.095,1.8746,16.016,0.30091752643694347,0.0,Merge
193488605.511,E1,FRAG0023,0.8272991695104892,0.010072594072594074,7326.244,1685.418,2.5697,22.130,0.6898081660304768,0.0,Merge
