time_yr,target,projectile,Mt_Mearth,Mp_Mearth,Rt_km,Rp_km,vimp/vesc,vimp_km/s,b,m_frag_Mearth,Regime
21081.348,NEPTUNE,K160,16.10942390942391,0.02,19710.02,2118.379,1.0015,24.322,0.7446653902621736,0.0,Merge
65724.573,E11,E12,0.14997408183991726,0.05750000000000001,4146.349,3012.195,1.0027,4.8227,0.4160514399934352,0.010864135864135866,Fragment
72370.226,E31,E24,0.05,0.03250000000000001,2875.083,2490.510,1.0019,3.5099,0.41639894790332793,0.005551575091575092,Fragment
97681.88,E11,P104,0.1966099459757814,0.0025,4537.977,1059.189,1.3752,7.3280,0.9727537124113016,0.0,Hit+Run
109766.453,E21,P379,0.030000000000000002,0.0025,2424.939,1059.189,1.0622,2.8983,0.9974316136865247,0.0,Hit+Run
119192.425,E11,P104,0.1966099459757814,0.0025,4537.977,1059.189,1.0384,5.5333,0.9639163933037144,0.0,Hit+Run
121706.039,E1,P156,0.2272541663370552,0.0025,4762.457,1059.189,2.048,11.494,0.7553967034710666,0.0,Merge
124257.919,E1,P22,0.2297541663370552,0.0024999999999999905,4779.857,1059.189,1.9766,11.137,0.39857745065269695,0.0,Merge
139559.604,E11,P198,0.1966099459757814,0.0025,4537.977,1059.189,1.5289,8.1470,0.6525833164859615,0.0,Merge
187529.812,E73,P690,0.025,0.0025,2281.955,1059.189,1.1758,3.0137,0.5117614000195304,0.0,Merge
209558.691,E48,P544,0.030000000000000002,0.0025,2424.939,1059.189,1.8163,4.9560,0.9183664882139202,0.0,Hit+Run
271874.846,E1,P120,0.2322541663370552,0.0025,4797.132,1059.189,1.3337,7.5441,0.93815800537214,0.0,Hit+Run
313230.55,E23,P464,0.0625,0.0025,3097.090,1059.189,1.6583,5.8590,0.2644569837659211,0.0,Merge
439169.621,URANUS,ICE2,15.94942390942391,7.9547119547119545,19644.55,15578.84,0.9998,23.269,0.5174462554118815,0.0,Perfect
458745.646,E11,P301,0.1991099459757814,0.0025,4557.130,1059.189,1.1213,6.0021,0.8566040317509159,0.7524205661005661,Hit+Run
494921.102,URANUS,K360,23.904135864135863,0.02,22481.13,2118.379,1.0002,27.867,0.7147496863613603,0.0,Merge
535581.262,E56,P615,0.05500000000000001,0.0025,2967.891,1059.189,1.5581,5.2600,0.8466463660969094,0.0,Hit+Run
547031.998,E1,P38,0.2322541663370552,0.0025,4797.132,1059.189,1.4287,8.0815,0.5972330408773485,0.0,Merge
555500.219,E11,P245,0.1991099459757814,0.0025,4557.130,1059.189,1.4628,7.8301,0.35742547692173765,0.0,Merge
621890.239,E23,P287,0.065,0.0025,3137.846,1059.189,1.0227,3.6642,0.976484530999685,0.0,Hit+Run
628755.125,P13,P333,0.0025,0.0025,1059.189,1059.189,8.2766,11.360,0.8290500000000001,0.0,Hit+Run
630242.978,E17,P128,0.11500000000000003,0.0025,3795.128,1059.189,1.9994,8.7884,0.7167584499655754,0.0,Merge
631977.281,E37,P278,0.025,0.0025,2281.955,1059.189,3.6457,9.3445,0.35761146276554934,0.0,Merge
636455.809,E11,P115,0.2016099459757814,0.0025,4576.124,1059.189,1.3659,7.3442,0.9218325936391301,0.0,Hit+Run
654715.709,E56,P403,0.05500000000000001,0.0025,2967.891,1059.189,1.6542,5.5844,0.8553427685341862,0.0,Hit+Run
717417.689,E1,P122,0.2347541663370552,0.0025,4814.283,1059.189,1.4399,8.1761,0.5956509017490832,0.0,Merge
738197.688,E1,P87,0.2372541663370552,0.0025,4831.312,1059.189,2.7486,15.666,0.6928938298863773,0.0,Merge
741231.215,E11,P105,0.2016099459757814,0.0025,4576.124,1059.189,2.5074,13.481,0.9942669376777227,0.0,Hit+Run
747107.464,E1,P61,0.2397541663370552,0.0024999999999999905,4848.222,1059.189,1.6478,9.4275,0.5925465190048805,0.0,Merge
761737.552,E0,P48,0.1724270425435882,0.0025,4343.724,1059.189,1.2068,6.1348,0.5735447298116672,0.0,Merge
843208.93,E11,P33,0.2016099459757814,0.0025,4576.124,1059.189,1.4021,7.5389,0.38296005211435324,0.0,Merge
899981.024,E1,P1,0.2422541663370552,0.007499999999999996,4865.015,1527.616,1.205,6.7291,0.33272444037752597,0.0,Merge
934429.128,E35,P118,0.037500000000000006,0.0025,2612.187,1059.189,1.1776,3.4727,0.8745054242375198,0.0,Hit+Run
1025781.022,E5,P392,0.05722613122890706,0.0025,3007.405,1059.189,2.119,7.2552,0.5859366610949028,0.0,Merge
1042211.0,E11,P88,0.20410994597578141,0.0024999999999999905,4594.961,1059.189,2.0773,11.218,0.8800407826651742,0.0,Hit+Run
1050638.502,E40,P379,0.027500000000000004,0.0025,2355.617,1059.189,3.3507,8.8729,0.553791018105749,0.0,Merge
1050933.275,E0,P279,0.1749270425435882,0.0025,4364.617,1059.189,1.8297,9.3496,0.11153345408086167,0.0,Merge
1066056.123,E11,P271,0.20410994597578141,0.0025,4594.961,1059.189,1.7446,9.4220,0.6134036224542186,0.0,Merge
1067611.266,E17,E45,0.11750000000000003,0.027500000000000004,3822.432,2355.617,1.0249,4.4360,0.16729967420656688,0.006376956376956377,Fragment
1113596.391,E11,P123,0.20660994597578142,0.0024999999999999905,4613.645,1059.189,1.5114,8.1983,0.7739242857787855,0.0,Merge
1150798.273,E5,P375,0.05972613122890706,0.0025,3050.576,1059.189,1.9945,6.9337,0.9275467518200345,0.0,Hit+Run
1159598.026,E11,FRAG1008,0.20910994597578142,0.005592659890449511,4632.179,1385.266,1.0789,5.7577,0.2852847809074564,0.0,Merge
1165106.066,E1,P96,0.24975416633705522,0.0025,4914.712,1059.189,1.3437,7.8009,0.7208472334510806,0.0,Merge
1200686.473,P46,P222,0.0025000000000000022,0.0025,1059.189,1059.189,8.8002,12.079,0.8048500000000001,0.0,Graze+Frag
1215639.876,E35,P224,0.037500000000000006,0.0025,2612.187,1059.189,3.3599,9.9083,0.5565357927252363,0.0,Merge
1252132.484,E33,P231,0.0825,0.0025,3397.388,1059.189,2.1635,8.4415,0.5562730133684439,0.0,Merge
1403181.919,E1,P60,0.2522541663370552,0.0025,4931.056,1059.189,1.9316,11.254,0.9620515192879113,0.0,Hit+Run
1403249.368,E1,P60,0.2522541663370552,0.0025,4931.056,1059.189,1.0469,6.0995,0.7510702542981862,0.0,Merge
1414050.935,E1,P164,0.2547541663370552,0.0025000000000000022,4947.292,1059.189,1.7265,10.094,0.9714232720448268,0.0,Hit+Run
1459630.483,NEPTUNE,K317,16.12942390942391,0.02,19718.17,2118.379,1.0006,24.311,0.963850776160795,0.0,Graze+Merge
1523715.675,E11,P52,0.21470260586623094,0.0025000000000000022,4673.113,1059.189,1.0629,5.8454,0.8689476461852998,0.0,Hit+Run
1595767.37,E68,P203,0.03250000000000001,0.0025,2490.510,1059.189,2.264,6.3514,0.31277837084627663,0.0,Merge
1632731.413,E0,P390,0.1774270425435882,0.0025,4385.311,1059.189,2.6,13.353,0.7576128033495023,0.0,Merge
1821401.002,E1,P101,0.2547541663370552,0.0025,4947.292,1059.189,1.1048,6.4596,0.8920225569141491,0.0,Hit+Run
1841053.7,E67,P507,0.027500000000000004,0.0025,2355.617,1059.189,1.9354,5.1251,0.8624184489733526,0.0,Hit+Run
1886926.429,P32,P65,0.0024999999999999905,0.0025,1059.189,1059.189,10.269,14.095,0.6763999999999996,0.0,Graze+Frag
1897434.14,E11,P213,0.21470260586623094,0.0025,4673.113,1059.189,1.5997,8.7975,0.7586477901679706,0.0,Merge
1903049.475,E5,P110,0.05972613122890706,0.0025000000000000022,3050.576,1059.189,1.5394,5.3516,0.9129239357101955,0.0,Hit+Run
1919315.702,E68,P275,0.03500000000000001,0.0025,2552.798,1059.189,2.4511,7.0560,0.07703652412244374,0.0,Merge
1920776.405,E47,P355,0.11500000000000002,0.0025,3795.128,1059.189,2.7385,12.037,0.2866877438943897,0.0,Merge
1977150.282,E35,P437,0.04000000000000001,0.0025,2668.991,1059.189,1.4633,4.4140,0.9786303057794393,0.0,Hit+Run
2052646.27,E22,E37,0.030000000000000002,0.0275,2424.939,2355.617,1.249,3.8700,0.45302536780475844,0.005833166833166834,Fragment
2134369.682,E0,P133,0.1799270425435882,0.0025,4405.812,1059.189,2.6839,13.853,0.4920963817439608,0.0,Merge
2190116.759,NEPTUNE,K688,16.14942390942391,0.02,19726.32,2118.379,1.0,24.307,0.8621184219590463,0.0,Perfect
2317895.867,NEPTUNE,K618,16.16942390942391,0.02,19734.46,2118.379,1.0013,24.349,0.9369264076538611,0.0,Graze+Merge
2331091.025,E1,P88,0.2547541663370552,0.0024999999999999905,4947.292,1059.189,1.6496,9.6451,0.6496197512818,0.0,Merge
2371885.012,P28,P49,0.0025000000000000022,0.0025000000000000022,1059.189,1059.189,10.504,14.417,0.5251,0.0,Graze+Frag
2486509.124,E1,P188,0.2572541663370552,0.0025,4963.423,1059.189,1.7082,10.022,0.9084397900349614,0.0,Hit+Run
2500512.976,E5,P328,0.05972613122890706,0.0025,3050.576,1059.189,3.8982,13.551,0.9816585941757328,0.0,Hit+Run
2505662.485,E11,P328,0.21720260586623094,0.0025,4691.181,1059.189,1.2086,6.6743,0.19579318465274237,0.0,Merge
2586550.638,E1,P129,0.2572541663370552,0.002500000000000014,4963.423,1059.189,2.6147,15.341,0.5581016291496649,0.0,Merge
2629159.46,E11,P207,0.21970260586623094,0.0025,4709.110,1059.189,1.9103,10.592,0.4771726357808393,0.0,Merge
2685094.037,E11,P342,0.22220260586623095,0.0025000000000000022,4726.905,1059.189,1.7761,9.8886,0.42570857225207237,0.0,Merge
2801394.3,E1,P103,0.2597541663370552,0.0025000000000000022,4979.449,1059.189,2.8289,16.655,0.25216204481616034,0.0,Merge
2836063.555,E47,P431,0.11750000000000002,0.0025,3822.432,1059.189,3.1624,14.008,0.7692437682572659,0.0,Merge
2857874.251,E21,P234,0.030000000000000002,0.0025,2424.939,1059.189,4.4394,12.113,0.7939920346755894,0.0,Hit+Run
2909519.474,URANUS,K855,23.924135864135863,0.02,22487.40,2118.379,1.0002,27.875,0.2706079302496094,0.0,Merge
2941091.356,E11,P348,0.22470260586623095,0.0025000000000000022,4744.566,1059.189,2.3061,12.891,0.5740479711195847,0.0,Merge
2952394.943,E5,P375,0.05972613122890706,0.0025,3050.576,1059.189,1.2181,4.2346,0.42614003698774156,0.0,Merge
3125518.304,E25,P243,0.025,0.0025,2281.955,1059.189,2.7822,7.1312,0.9490090288631224,0.0,Hit+Run
3253048.937,E87,P689,0.025,0.0025,2281.955,1059.189,3.4053,8.7283,0.8626113015143025,0.0,Hit+Run
3307456.816,E11,P346,0.22720260586623095,0.0025,4762.097,1059.189,2.6003,14.593,0.7135022068323115,0.0,Merge
3334147.94,E23,P352,0.065,0.0025,3137.846,1059.189,1.4567,5.2192,0.7062896688120376,0.0,Merge
3381633.783,E1,P57,0.26225416633705523,0.0025,4995.373,1059.189,2.9414,17.377,0.8100431637073509,0.0,Merge
3432821.875,E1,P142,0.26475416633705523,0.0025,5011.196,1059.189,2.9363,17.406,0.603038883624118,0.0,Merge
3442594.206,E1,P140,0.26725416633705523,0.0025,5026.920,1059.189,1.6035,9.5376,0.9976017708837236,0.0,Hit+Run
3497768.168,E39,P370,0.025,0.0025,2281.955,1059.189,1.8881,4.8395,0.7888488149240059,0.0,Hit+Run
3515259.544,E1,P399,0.26725416633705523,0.0025,5026.920,1059.189,2.6623,15.835,0.43834017205496945,0.0,Merge
3663874.971,E11,P174,0.22970260586623095,0.0025,4779.500,1059.189,2.9807,16.793,0.9447360710618967,0.0,Hit+Run
3679975.974,E47,P413,0.12000000000000002,0.0025000000000000022,3849.351,1059.189,2.2402,9.9985,0.9845034390088505,0.0,Hit+Run
3778333.668,E68,P513,0.03750000000000001,0.0025,2612.187,1059.189,3.631,10.707,0.8696672199540479,0.0,Hit+Run
3842077.517,E1,P151,0.26975416633705523,0.0025,5042.546,1059.189,2.5198,15.037,0.7493901426446228,0.0,Merge
3934818.686,E25,P298,0.025,0.0025,2281.955,1059.189,5.5565,14.242,0.08291449881538902,0.010920079920079921,Fragment
3982363.127,E11,P226,0.22970260586623095,0.0025,4779.500,1059.189,2.5621,14.435,0.8996316975106357,0.0,Hit+Run
3989909.29,E23,P672,0.0675,0.0025,3177.569,1059.189,5.666,20.576,0.925725,0.0,Hit+Run
4037894.077,E30,P240,0.09500000000000004,0.0025,3560.970,1059.189,4.1802,17.156,0.5876938791742156,0.0,Merge
4062702.565,E21,P287,0.030000000000000002,0.0025,2424.939,1059.189,2.0691,5.6459,0.6744895518970141,0.0,Merge
4188192.479,E1,FRAG0001,0.27225416633705524,0.010864135864135866,5058.076,1728.458,1.2747,7.3557,0.9693509783957924,0.0,Hit+Run
4238378.75,E1,P32,0.27225416633705524,0.005,5058.076,1334.495,1.4734,8.6692,0.33714853581053733,0.0,Merge
4262774.775,E11,P364,0.22970260586623095,0.0025,4779.500,1059.189,2.7499,15.493,0.10617127494734255,0.0,Merge
4365281.069,E23,P286,0.0675,0.0025,3177.569,1059.189,1.6022,5.8184,0.666375,0.0,Merge
4368114.098,E30,E31,0.09750000000000004,0.07694855144855146,3591.937,3319.408,1.3575,6.0932,0.9883959843254159,0.0,Hit+Run
4434388.935,E22,P300,0.05166683316683317,0.0025000000000000022,2906.683,1059.189,3.1057,10.254,0.5027125298074178,0.0,Merge
4498304.291,E1,P53,0.27725416633705524,0.0025000000000000022,5088.852,1059.189,1.5966,9.6221,0.40210596735440546,0.0,Merge
4516460.059,E53,P381,0.025,0.0025,2281.955,1059.189,5.9224,15.180,0.9203236174113403,0.0,Hit+Run
4532826.715,NEPTUNE,K441,16.18942390942391,0.02,19742.59,2118.379,1.0009,24.349,0.16463470393103377,0.0,Merge
4567738.654,E0,P64,0.1824270425435882,0.0025000000000000022,4426.124,1059.189,1.7334,8.9919,0.7494528168536763,0.0,Merge
4634329.946,P13,P321,0.0025,0.0025,1059.189,1059.189,12.691,17.419,0.9141500000000001,0.0,Hit+Run
4727642.566,E30,P291,0.09750000000000004,0.0025,3591.937,1059.189,1.5238,6.3125,0.7865594493757986,0.0,Hit+Run
4812784.506,E0,P459,0.18492704254358822,0.0025,4446.251,1059.189,5.6884,29.652,0.6399504319947728,0.0,Merge
4851333.884,E11,P329,0.23220260586623095,0.0025,4796.777,1059.189,2.2608,12.787,0.43790496485006114,0.0,Merge
4910097.581,E11,P327,0.23470260586623096,0.0025,4813.930,1059.189,2.6529,15.062,0.7182633726582722,0.0,Merge
5079129.802,E21,E40,0.0325,0.030000000000000002,2490.510,2424.939,2.71,8.6334,0.9764540963236866,0.0,Hit+Run
5169754.045,E68,P13,0.03750000000000001,0.0025,2612.187,1059.189,2.8873,8.5146,0.6853885568041679,0.0,Merge
5206256.64,E1,P554,0.27975416633705524,0.0025,5104.102,1059.189,6.0172,36.380,0.4973013295414827,0.0,Merge
5307487.943,E1,P140,0.28225416633705525,0.0025,5119.261,1059.189,2.3555,14.286,0.7379218411879865,0.0,Merge
5330914.177,E68,P570,0.040000000000000015,0.0025,2668.991,1059.189,4.6321,13.972,0.6400829234801731,0.0,Merge
5368986.062,E22,P350,0.05416683316683317,0.0025,2952.829,1059.189,2.2956,7.7079,0.5294753717559354,0.0,Merge
5444731.106,E26,P357,0.052500000000000005,0.0025,2922.224,1059.189,1.9513,6.4795,0.5560529709962455,0.0,Merge
5455813.439,E17,E68,0.13862304362304367,0.04250000000000002,4038.985,2723.475,1.261,5.8305,0.856956729239067,0.0,Hit+Run
5586154.709,E17,P270,0.13862304362304367,0.0025,4038.985,1059.189,1.0209,4.7987,0.8361315537145142,0.0,Graze+Merge
5712239.234,E11,P147,0.23720260586623096,0.0025,4830.962,1059.189,1.8735,10.677,0.7667826734531599,0.0,Merge
5732682.9,NEPTUNE,K597,16.209423909423908,0.02,19750.72,2118.379,0.9998,24.333,0.6118730623783343,0.0,Perfect
5733535.072,E11,P333,0.23970260586623096,0.0025,4847.875,1059.189,2.7135,15.523,0.4892959741869971,0.0,Merge
5795798.683,E1,P160,0.28475416633705525,0.0024999999999999905,5134.331,1059.189,2.7028,16.445,0.0898618876081211,0.0,Merge
5804770.857,E1,E30,0.28725416633705525,0.09750000000000004,5149.313,3591.937,1.8089,10.722,0.6919946166358018,0.02925907425907426,Hit+Run+Frag
5909723.702,E1,P261,0.28725333383622276,0.0025,5149.308,1059.189,1.5945,9.7320,0.7190869805637032,0.0,Merge
5936446.919,E11,P249,0.24220260586623096,0.0025,4864.670,1059.189,2.0453,11.744,0.6324056447530071,0.0,Merge
5967112.554,E11,P177,0.24470260586623097,0.0025,4881.351,1059.189,2.2566,13.005,0.7380522281981167,0.0,Merge
5983600.194,P18,P190,0.0025,0.0025,1059.189,1059.189,5.5923,7.6759,0.84745,0.0,Hit+Run
6004150.455,E11,P457,0.24720260586623097,0.0025,4897.918,1059.189,1.8896,10.930,0.9885278072941098,0.0,Hit+Run
6014717.026,E21,P581,0.0325,0.0025,2490.510,1059.189,2.9713,8.3356,0.9482278335548291,0.0,Hit+Run
6022575.157,E35,P581,0.04000000000000001,0.0025,2668.991,1059.189,3.3689,10.162,0.9641691995784556,0.0,Hit+Run
6055509.839,NEPTUNE,K877,16.229423909423907,0.02,19758.84,2118.379,0.9998,24.344,0.5591523140167625,0.0,Perfect
6071853.405,E0,P90,0.18742704254358822,0.0024999999999999905,4466.197,1059.189,2.1708,11.370,0.24847291326875853,0.0,Merge
6192301.782,E56,P581,0.05500000000000001,0.0025,2967.891,1059.189,8.6207,29.103,0.5458834987534651,0.013696303696303697,Fragment
6227566.07,E11,P192,0.24720260586623097,0.0025,4897.918,1059.189,1.8869,10.914,0.49512721080638183,0.0,Merge
6264491.877,E5,P315,0.062226131228907064,0.0025,3092.559,1059.189,1.7442,6.1528,0.5667055217897263,0.0,Merge
6281986.576,E68,P296,0.04250000000000002,0.0025,2723.475,1059.189,6.5327,20.130,0.8359066209069187,0.0,Hit+Run
6323010.607,E0,P633,0.18992704254358822,0.0025,4485.967,1059.189,5.5345,29.128,0.4722873684608386,0.0,Merge
6352857.778,E1,P305,0.28975333383622276,0.0025,5164.203,1059.189,3.5824,21.932,0.9673037747339664,0.0,Hit+Run
6422284.305,E5,P340,0.06472613122890707,0.0025,3133.432,1059.189,4.2351,15.151,0.868516559132905,0.0,Hit+Run
6439433.859,E1,P187,0.28975333383622276,0.0025,5164.203,1059.189,1.7784,10.888,0.4485096424840945,0.0,Merge
6445587.941,E23,P212,0.07,0.0025,3216.324,1059.189,4.9536,18.224,0.749783604264799,0.0,Merge
6464818.05,P67,P98,0.0025,0.0025,1059.189,1059.189,25.005,34.322,0.3246,0.0,Merge
6622853.912,E33,P228,0.085,0.0025,3431.364,1059.189,1.6475,6.4973,0.6612775377171946,0.0,Merge
6629618.607,E31,P227,0.07694855144855146,0.0025,3319.408,1059.189,6.4184,24.426,0.8705243802103765,0.0,Hit+Run
6637866.556,E11,FRAG0005,0.24970260586623097,0.010920079920079921,4914.374,1731.420,2.401,13.433,0.6966559125574284,0.0,Merge
6701280.311,E35,P325,0.04000000000000001,0.0025,2668.991,1059.189,6.308,19.028,0.968750936196589,0.0,Hit+Run
6782467.378,E17,E67,0.14112304362304368,0.027500000000000004,4063.121,2355.617,1.8049,8.2650,0.4744404897604225,0.013894139194139194,Fragment
6808579.663,E11,P492,0.26062268578631087,0.0025,4984.993,1059.189,3.0214,17.810,0.7403859736065143,0.0,Merge
6852283.6,E11,P561,0.2631226857863109,0.0025,5000.882,1059.189,2.8361,16.775,0.4222641820974182,0.0,Merge
6869034.758,E17,P168,0.15472893772893778,0.0025000000000000022,4189.713,1059.189,4.9838,24.369,0.26436629064563855,0.0,Merge
6898028.116,E21,P201,0.0325,0.0025,2490.510,1059.189,7.1664,20.104,0.272997003356407,0.015188811188811189,Fragment
6905135.822,E0,P322,0.19242704254358822,0.0025,4505.564,1059.189,2.7612,14.600,0.3428104566169575,0.0,Merge
7036560.365,P28,P289,0.005,0.0025,1334.495,1059.189,5.709,9.0284,0.9118579028696225,0.0,Hit+Run
7076745.29,E1,E30,0.29225333383622276,0.06824175824175824,5179.013,3189.166,1.6918,9.9206,0.6886429121981027,0.02652813852813853,Hit+Run+Frag
7080823.41,P101,FRAG1005,0.0025,0.007525918160082671,1059.189,1529.373,7.3779,12.972,0.881170284099532,0.0,Hit+Run
7089676.442,E1,P541,0.29225533183822083,0.0025,5179.024,1059.189,1.718,10.550,0.5329114433371958,0.0,Merge
7120837.132,E11,P165,0.2656226857863109,0.0025,5016.670,1059.189,2.3527,13.963,0.9708256476573974,0.0,Hit+Run
7123962.451,E21,FRAG0008,0.019811188811188814,0.0058518148518148525,2111.692,1406.341,4.6203,11.148,0.4686735997048283,0.020626453546453545,Fragment
7133381.49,P46,P288,0.005,0.0025,1334.495,1059.189,20.831,32.943,0.7152810524466409,0.007463643023643024,Graze+Frag
7206213.112,E5,P165,0.06472613122890707,0.0025,3133.432,1059.189,2.956,10.575,0.9325660119490914,0.0,Hit+Run
7268662.123,E5,E19,0.06472613122890707,0.030000000000000002,3133.432,2424.939,4.7106,17.373,0.6870202820877152,0.03915850815850816,Graze+Frag
7304847.19,E11,FRAG0029,0.2656226857863109,0.005594072594072594,5016.670,1385.383,1.8725,10.888,0.8614151359775023,0.0,Hit+Run
7346981.566,E1,FRAG0024,0.29475533183822084,0.005594072594072594,5193.750,1385.383,1.8248,11.015,0.7475091145966778,0.0,Merge
7351271.287,E30,FRAG0029,0.04171162171162171,0.005594072594072594,2706.530,1385.383,2.9191,8.8674,0.8556309020671767,0.0,Hit+Run
7433679.085,E42,E21,0.05,0.00552713952713953,2875.083,1379.835,6.612,21.340,0.9899800617110763,0.0,Hit+Run
7492444.861,P100,FRAG1005,0.0025000000000000022,0.007525918160082671,1059.189,1529.373,8.5878,15.099,0.42624336426583836,0.009871002331002332,Graze+Frag
7493562.284,E5,P258,0.055567623070398905,0.0025,2978.066,1059.189,5.0816,17.217,0.5701266974640337,0.0,Merge
7510102.381,E35,P482,0.04000000000000001,0.0025,2668.991,1059.189,3.4871,10.518,0.7051579013845996,0.0,Merge
7566069.177,E47,P811,0.12000000000000002,0.0025,3849.351,1059.189,2.3566,10.518,0.5575768242275712,0.0,Merge
7576634.525,E1,FRAG0009,0.3003494044322934,0.0058518148518148525,5226.401,1406.341,1.7454,10.595,0.27500148922776524,0.0,Merge
7647358.63,E11,FRAG0006,0.2656226857863109,0.0058518148518148525,5016.670,1406.341,2.6677,15.494,0.885394251479381,0.0,Hit+Run
7696612.808,E11,P175,0.2656226857863109,0.0025,5016.670,1059.189,3.4534,20.495,0.4152306669560344,0.0,Merge
7748245.423,E47,P205,0.12250000000000003,0.0025,3875.899,1059.189,3.6002,16.187,0.35711035289402415,0.0,Merge
7802988.409,P28,P157,0.005,0.0025,1334.495,1059.189,8.8292,13.962,0.2663209343365241,0.0,Fragment
7913536.553,E25,P296,0.01657992007992008,0.0025,1990.007,1059.189,4.7854,10.694,0.6164772975338721,0.0,Merge
7914713.11,P46,P116,0.0075001665001665,0.0025,1527.627,1059.189,6.4229,11.282,0.8800275155807769,0.0,Hit+Run
7957810.983,E0,P120,0.19492704254358822,0.0025,4524.992,1059.189,2.9839,15.851,0.9411093518586209,0.0,Hit+Run
7996030.891,E23,P195,0.07250000000000001,0.0025000000000000022,3254.167,1059.189,7.4974,27.931,0.8479145970689015,0.0,Hit+Run
8008166.908,E0,P319,0.19492704254358822,0.0025,4524.992,1059.189,2.6403,14.026,0.7824480714264547,0.0,Merge
8144524.604,E0,P266,0.19742704254358823,0.0025,4544.255,1059.189,3.02,16.116,0.7915929240016124,0.0,Merge
8156483.134,E0,P227,0.19992704254358823,0.0025,4563.356,1059.189,3.226,17.293,0.946995161140965,0.0,Hit+Run
8156503.142,E0,P227,0.19992704254358823,0.0025,4563.356,1059.189,1.049,5.6234,0.11338294824425162,0.0,Merge
8221219.581,P70,FRAG0025,0.0024999999999999905,0.005594072594072594,1059.189,1385.383,11.635,18.916,0.42834276951929207,0.0,Fragment
8224898.464,E23,FRAG0026,0.07250000000000001,0.005594072594072594,3254.167,1385.383,1.5992,5.8618,0.7159861719266856,0.0,Hit+Run
8342260.807,P70,P180,0.008093906093906094,0.0025,1566.919,1059.189,18.341,32.911,0.2918907041585163,0.010582430902430903,Fragment
8391165.044,P73,P188,0.0025,0.0025,1059.189,1059.189,10.873,14.925,0.59135,0.0,Graze+Frag
8482210.62,E40,P407,0.030000000000000002,0.0025,2424.939,1059.189,3.1431,8.5765,0.9437703357469315,0.0,Hit+Run
8566833.782,E0,P104,0.20242704254358823,0.0025,4582.298,1059.189,3.2437,17.466,0.6373725013772178,0.0,Merge
8734172.528,E36,FRAG0022,0.025,0.006711954711954711,2281.955,1472.121,5.3986,14.018,0.6184982438863569,0.017893106893106896,Graze+Frag
8759981.221,E23,FRAG0007,0.07250000000000001,0.0058518148518148525,3254.167,1406.341,3.8689,14.172,0.8291635084282063,0.0,Hit+Run
8764049.386,E0,P100,0.20492704254358823,0.010025974025974027,4601.085,1682.813,2.888,15.090,0.9997490120362642,0.0,Hit+Run
8823827.413,E33,E26,0.08750000000000001,0.05500000000000001,3464.680,2967.891,1.2479,5.2474,0.1632003707166545,0.020617382617382617,Fragment
8941312.091,E22,P487,0.05666683316683317,0.0025,2997.575,1059.189,10.320,35.213,0.7743753548401193,0.0,Graze+Frag
8986505.394,E17,P100,0.15722893772893778,0.010025974025974027,4212.158,1682.813,3.3761,16.066,0.645009895154517,0.006794225774225775,Fragment
9142412.849,E25,E21,0.019079920079920078,0.00552713952713953,2085.384,1379.835,3.4768,8.2775,0.7009816403483252,0.0,Hit+Run
9240749.852,P110,P179,0.0025000000000000022,0.0025,1059.189,1059.189,16.050,22.031,0.59555,0.0,Graze+Frag
9407373.765,E0,E30,0.20492704254358823,0.04171162171162171,4601.085,2706.530,1.2149,6.3058,0.9166136248536799,0.0,Hit+Run
9514472.133,P115,P247,0.0025,0.0025,1059.189,1059.189,11.142,15.293,0.43475,0.0,Merge
9600432.504,E1,FRAG0007,0.30620121928410826,0.0058518148518148525,5260.126,1406.341,2.0311,12.415,0.7722359023528251,0.0,Merge
9602125.994,E68,P613,0.04250000000000002,0.0025000000000000022,2723.475,1059.189,4.6366,14.287,0.954632720637798,0.0,Hit+Run
9624877.012,E5,FRAG0032,0.05806762307039891,0.005964368964368965,3022.074,1415.300,4.7004,15.952,0.31730122413114675,0.01897032301032301,Fragment
9626705.414,P28,P143,0.0075001665001665,0.0025,1527.627,1059.189,9.4011,16.514,0.28251587938118616,0.009926833166833167,Fragment
9696421.259,E5,P89,0.04506196206473791,0.0025,2777.136,1059.189,3.0594,9.6242,0.8018697359327771,0.0,Hit+Run
9897285.64,P46,P196,0.0075001665001665,0.0025,1527.627,1059.189,4.8351,8.4934,0.22529224076906887,0.009491794871794872,Fragment
9989643.1,E1,E36,0.3120530341359231,0.013818847818847815,5293.423,1872.770,1.7785,10.714,0.7995320775885794,0.008290376290376291,Hit+Run+Frag
10005503.32,E11,P110,0.2681226857863109,0.005,5032.360,1334.495,2.1117,12.356,0.7799662929954477,0.0,Merge
10091773.996,E30,P654,0.04171162171162171,0.0025,2706.530,1059.189,14.804,45.319,0.777736051915208,0.011571095571095572,Graze+Frag
10114747.802,E0,P248,0.20492704254358823,0.0025,4601.085,1059.189,4.6475,25.135,0.9986958443419597,0.0,Hit+Run
10162057.835,P18,FRAG0042,0.0025,0.005785547785547786,1059.189,1401.012,14.160,23.216,0.8205893968995739,0.007794758574758575,Graze+Frag
10251194.063,E17,P480,0.16046070596070602,0.0025,4240.822,1059.189,4.7179,23.372,0.2005184179554657,0.0,Merge
10268628.178,E1,P292,0.3120537001365891,0.0025,5293.427,1059.189,3.3658,21.160,0.6319498119209565,0.0,Merge
10277781.125,E1,P407,0.3145537001365891,0.0025,5307.525,1059.189,2.5281,15.938,0.8266338236413239,0.0,Merge
10478978.936,E11,E0,0.2731226857863109,0.20492704254358823,5063.449,4601.085,1.397,8.7780,0.961289603790949,0.0,Hit+Run
10563759.541,P166,P605,0.0025,0.0025000000000000022,1059.189,1059.189,25.648,35.204,0.6712999999999998,0.0,Graze+Frag
10632427.713,E1,E23,0.3170537001365891,0.07250000000000001,5321.549,3254.167,1.2645,7.6142,0.6828389310607164,0.0070888578088578085,Hit+Run
10633618.696,E1,P132,0.3170537001365891,0.0025000000000000022,5321.549,1059.189,1.6121,10.192,0.22543074368947622,0.0,Merge
10761583.869,E11,P114,0.2731226857863109,0.0024999999999999905,5063.449,1059.189,4.4966,26.954,0.5544237112815633,0.0,Merge
10780932.475,P166,P644,0.005,0.0025,1334.495,1059.189,9.6837,15.314,0.7630036230541487,0.0,Graze+Frag
10895707.404,P70,FRAG0006,0.010594072594072596,0.0058518148518148525,1714.015,1406.341,8.2838,16.990,0.11310111432624409,0.01635290709290709,Fragment
11064141.281,E11,FRAG0040,0.2756226857863109,0.006323343323343323,5078.851,1443.143,1.3377,7.8579,0.8607266273686838,0.0,Hit+Run
11117824.622,P72,FRAG0044,0.0025000000000000022,0.01091808191808192,1059.189,1731.314,10.081,19.749,0.36317195143806513,0.013224169164169165,Fragment
11151586.099,E47,FRAG0020,0.12500000000000003,0.006632034632034632,3902.089,1466.254,3.119,13.798,0.9724796192249348,0.0,Hit+Run
11296679.853,E36,FRAG0027,0.005527805527805528,0.005594072594072594,1379.890,1385.383,12.045,21.583,0.9209173185666929,0.0,Hit+Run
11410225.327,E36,FRAG0040,0.005527805527805528,0.006323343323343323,1379.890,1443.143,7.9106,14.480,0.5736522896890777,0.01163105561105561,Graze+Frag
11652755.158,E47,FRAG0037,0.12500000000000003,0.006794205794205795,3902.089,1478.109,2.6212,11.590,0.9437194201914207,0.0,Hit+Run
11674352.981,E21,P439,0.00552713952713953,0.0025,1379.835,1059.189,10.786,17.482,0.47312193506449546,0.007978281718281719,Fragment
11744860.644,E1,P429,0.3195537001365891,0.0025,5335.500,1059.189,3.4842,22.090,0.8693240031897036,0.0,Hit+Run
12007860.261,P181,P260,0.0025,0.0025,1059.189,1059.189,30.190,41.439,0.2815,0.0,Merge
12067702.721,E0,P380,0.20492704254358823,0.0025,4601.085,1059.189,2.6798,14.493,0.48658581509286764,0.0,Merge
12104126.103,P70,FRAG0045,0.005527805527805529,0.007890109890109891,1379.890,1553.656,20.109,38.423,0.8118812566276918,0.007890109890109891,Graze+Frag
12225229.333,E1,P208,0.3195537001365891,0.0025,5335.500,1059.189,1.6726,10.604,0.509879929311093,0.0,Merge
12269807.476,E21,P662,0.008027639027639028,0.0025,1562.631,1059.189,5.3016,9.4913,0.8275000358447083,0.0,Hit+Run
12295085.358,E11,P181,0.2756226857863109,0.005,5078.851,1334.495,1.1469,6.7780,0.7786939460480193,0.0,Merge
12415496.684,E30,FRAG0043,0.03264052614052614,0.005785547785547786,2494.094,1401.012,5.6104,15.743,0.13997280562580147,0.032898767898767896,Fragment
12537536.309,E0,P248,0.20742704254358824,0.0025,4619.719,1059.189,2.39,12.982,0.27235548028699613,0.0,Merge
12563090.894,E47,FRAG0016,0.12500000000000003,0.0075944055944055944,3902.089,1533.999,3.3329,14.706,0.2164203042497094,0.008395604395604396,Fragment
12563604.101,E53,P204,0.025,0.0025,2281.955,1059.189,6.5591,16.812,0.9955203745742262,0.0,Hit+Run
12591753.393,P165,P351,0.0025,0.0025,1059.189,1059.189,9.5406,13.095,0.78385,0.0,Graze+Frag
12695793.38,P115,P214,0.005,0.0025,1334.495,1059.189,10.869,17.188,0.8229913403131186,0.0,Graze+Frag
12804718.04,E11,P637,0.2806226857863109,0.0025,5109.378,1059.189,4.2893,25.962,0.9593282946902006,0.0,Hit+Run
12804949.412,P72,P513,0.00552797202797203,0.0025,1379.904,1059.189,9.1825,14.883,0.49480026988312736,0.00793958707958708,Fragment
12815336.759,P70,FRAG0049,0.005527805527805529,0.006579753579753579,1379.890,1462.391,13.599,25.077,0.49796389169530136,0.012077149517149518,Graze+Frag
12861614.045,E11,P174,0.2806226857863109,0.0025,5109.378,1059.189,3.6953,22.366,0.8805576844112867,0.0,Hit+Run
12885236.812,E30,P335,0.005527306027306035,0.0025000000000000022,1379.849,1059.189,11.967,19.397,0.7968374403816035,0.0072618781218781224,Graze+Frag
12949255.146,E11,P101,0.2806226857863109,0.0025,5109.378,1059.189,4.2511,25.730,0.4146431914366383,0.0,Merge
12962255.983,E0,FRAG0038,0.20992704254358824,0.006323343323343323,4638.205,1443.143,2.5023,13.331,0.2587056536602896,0.0,Merge
12998383.135,E17,P339,0.16296070596070603,0.0025,4262.733,1059.189,1.5454,7.6985,0.9680597015789846,0.0,Hit+Run
13076363.612,E11,P28,0.2831226857863109,0.01,5124.506,1681.359,2.9277,17.165,0.40561653627252653,0.00555011655011655,Fragment
13251826.464,E40,E25,0.030000000000000002,0.019079920079920078,2424.939,2085.384,2.5664,7.5636,0.8322698954255219,0.0,Hit+Run
13252821.234,E11,E0,0.28757256923619434,0.21625038586693157,5151.214,4684.315,1.1166,7.1399,0.8236261951791964,0.0,Hit+Run
13338996.835,P216,P220,0.0025,0.0025,1059.189,1059.189,12.388,17.003,0.59805,0.0,Graze+Frag
13362715.868,E0,FRAG0047,0.21625038586693157,0.007890109890109891,4684.315,1553.656,2.9226,15.651,0.3518884710370248,0.0,Merge
13508833.835,E40,P211,0.030000000000000002,0.0025,2424.939,1059.189,4.6107,12.581,0.6069083575009765,0.0,Merge
13694692.849,E1,E0,0.3220537001365891,0.22414049575704145,5349.377,4740.607,1.307,8.5913,0.6837564888353802,0.0,Hit+Run
13796451.415,P197,P356,0.0025,0.0025000000000000022,1059.189,1059.189,24.080,33.052,0.8797499999999998,0.0,Graze+Frag
13855272.647,P210,P368,0.0025000000000000022,0.0025,1059.189,1059.189,9.1137,12.509,0.5257,0.0,Graze+Frag
14002212.529,E1,E36,0.3220537001365891,0.005527805527805529,5349.377,1379.890,1.1086,6.9104,0.8086944151053477,0.0,Hit+Run
14063203.405,E11,E30,0.28757256923619434,0.008027972027972029,5151.214,1562.652,1.8314,10.856,0.7312659729844174,0.0,Merge
14239761.891,P72,P285,0.008027972027972029,0.0025,1562.652,1059.189,7.3458,13.151,0.9988584389974786,0.0,Hit+Run
14355246.592,E1,P290,0.3220537001365891,0.0025,5349.377,1059.189,1.2804,8.1407,0.6482457508420241,0.0,Merge
14498356.366,E40,P283,0.0325,0.0025,2490.510,1059.189,6.675,18.726,0.7335347391650565,0.0,Graze+Frag
14589446.035,E1,E0,0.32455370013658913,0.22414049575704145,5363.184,4740.607,1.1658,7.6754,0.8927677927140848,0.0,Hit+Run
14712779.896,P18,P105,0.008285381285381286,0.0025,1579.178,1059.189,23.725,42.857,0.8004922781104574,0.01056916416916417,Graze+Frag
14834162.322,E11,P174,0.29560054126416635,0.0025,5198.710,1059.189,3.9455,24.329,0.6765575440654359,0.0,Merge
14878295.755,P121,FRAG0039,0.0025000000000000022,0.006323343323343323,1059.189,1443.143,11.203,18.795,0.8425407190484651,0.0,Hit+Run
14987005.658,E0,P280,0.22414049575704145,0.0025000000000000022,4740.607,1059.189,2.9898,16.697,0.5285961869020448,0.0,Merge
15063554.324,E17,E5,0.16296070596070603,0.04506196206473791,4262.733,2777.136,1.1134,5.4073,0.53236710580834,0.007495504495504496,Fragment
15086834.449,E23,FRAG0015,0.07250000000000001,0.0075944055944055944,3254.167,1533.999,4.1165,15.041,0.9079816877842865,0.0,Hit+Run
15210763.664,E0,FRAG0028,0.22664049575704145,0.005594072594072594,4758.167,1385.383,1.6722,9.1854,0.9053106661122884,0.0,Hit+Run
15367184.579,E31,P505,0.07694855144855146,0.0025,3319.408,1059.189,2.6143,9.9492,0.8511170614492637,0.0,Hit+Run
15541568.331,P115,P197,0.007499833499833501,0.005,1527.604,1334.495,10.960,20.464,0.4634959747017152,0.012444748584748585,Fragment
15554995.784,P70,FRAG0018,0.005527805527805529,0.006632034632034632,1379.890,1466.254,22.447,41.454,0.7981722235205744,0.012052827172827173,Graze+Frag
15666623.777,E11,P115,0.29810054126416635,0.005527805527805529,5213.324,1379.890,2.2245,13.486,0.604340016930626,0.0,Merge
15686572.05,E0,E40,0.22664049575704145,0.035001665001665,4758.167,2552.838,1.6728,8.9406,0.2391121791266038,0.017926073926073923,Fragment
15693782.906,P166,P637,0.0075001665001665,0.0025,1527.627,1059.189,7.3284,12.873,0.9246135291536857,0.0,Hit+Run
15867039.986,E17,P664,0.20052716352993946,0.0025,4567.917,1059.189,2.493,13.378,0.956346338781508,0.0,Hit+Run
15914265.591,E33,P481,0.1218826173826174,0.0025,3869.377,1059.189,2.2271,9.9957,0.6641090878172872,0.0,Merge
15972179.89,E41,P578,0.027500000000000004,0.0025,2355.617,1059.189,3.2357,8.5684,0.8428274363746938,0.0,Hit+Run
16013980.018,P230,P578,0.0025,0.0025,1059.189,1059.189,13.354,18.330,0.9273,0.0,Hit+Run
16107798.579,P178,FRAG0021,0.0025,0.006711954711954711,1059.189,1472.121,5.2678,8.9782,0.7949015955982289,0.0,Hit+Run
16255672.634,E35,E21,0.04250000000000001,0.008027639027639028,2723.475,1562.631,4.905,15.046,0.12968911223876395,0.03903263403263403,Fragment
16397745.41,P173,FRAG0048,0.0025,0.006579753579753579,1059.189,1462.391,15.255,25.863,0.5048998911703575,0.009052887112887112,Graze+Frag
16447160.929,P165,P907,0.005,0.0025,1334.495,1059.189,28.425,44.953,0.299213827629082,0.007498468198468199,Fragment
16596839.712,P235,FRAG0052,0.0025,0.006579753579753579,1059.189,1462.391,20.021,33.943,0.5056559808576342,0.009067812187812187,Graze+Frag
16644683.254,E1,P613,0.32455370013658913,0.0025000000000000022,5363.184,1059.189,2.1401,13.644,0.6552022989311436,0.0,Merge
16917410.953,P166,FRAG0023,0.0075001665001665,0.006711954711954711,1527.627,1472.121,9.7027,18.868,0.7566464142076985,0.008683982683982685,Graze+Frag
17039287.589,E1,FRAG0028,0.32705370013658913,0.005594072594072594,5376.919,1385.383,2.0305,12.723,0.804832060690213,0.0,Hit+Run
17188001.869,P89,P239,0.0025,0.0025,1059.189,1059.189,29.095,39.936,0.6453,0.0,Graze+Frag
17266992.829,E11,P349,0.30362834679197187,0.0025,5245.351,1059.189,4.5698,28.449,0.45776404909813256,0.0,Merge
17381471.305,E11,FRAG0017,0.3061283467919719,0.006632034632034632,5259.708,1466.254,2.8226,17.196,0.7715219722748164,0.0,Merge
17394114.11,E0,P167,0.24371608683263252,0.0025,4874.782,1059.189,3.7887,21.803,0.8390842551733405,0.0,Hit+Run
17629158.377,E1,P233,0.32705370013658913,0.0025,5376.919,1059.189,3.1083,19.871,0.8962494020298782,0.0,Hit+Run
17656277.245,E1,P46,0.32705370013658913,0.01,5376.919,1681.359,2.2838,14.099,0.48624995531252874,0.0,Merge
17663143.556,E22,P574,0.059167499167499166,0.0025,3041.036,1059.189,2.0747,7.1884,0.3997629516604247,0.0,Merge
17697611.933,E1,FRAG0019,0.33705370013658914,0.006632034632034632,5431.171,1466.254,2.8526,17.990,0.8553743735825122,0.0,Hit+Run
17711859.932,E31,P316,0.07694855144855146,0.0025,3319.408,1059.189,3.7949,14.442,0.8184430208787967,0.0,Hit+Run
17738305.346,E0,P119,0.24371608683263252,0.0025,4874.782,1059.189,4.0932,23.556,0.5186155182014194,0.0,Merge
17829909.165,E25,FRAG0060,0.019079920079920078,0.005975357975357975,2085.384,1416.169,3.1576,7.5462,0.9452723520297134,0.0,Hit+Run
17925531.723,E11,FRAG0039,0.31276038142400653,0.006323343323343323,5297.420,1443.143,2.9825,18.333,0.5741797767224486,0.0,Merge
18067154.378,P173,FRAG0050,0.00907992007992008,0.006579753579753579,1628.125,1462.391,15.289,30.748,0.4470010513968364,0.010131868131868131,Fragment
18160085.331,E1,P233,0.33705370013658914,0.0025,5431.171,1059.189,1.682,10.869,0.3891146582231466,0.0,Merge
18387085.439,E1,P323,0.33955370013658914,0.0025,5444.566,1059.189,1.4053,9.1052,0.875566637864696,0.0,Hit+Run
18417899.916,E11,FRAG0027,0.31908372474734986,0.005594072594072594,5332.883,1385.383,2.411,14.974,0.828874055451173,0.0,Hit+Run
18423234.307,E11,FRAG0027,0.31908372474734986,0.005594072594072594,5332.883,1385.383,1.0464,6.4990,0.5501748782160583,0.0,Merge
18543668.508,P235,FRAG0028,0.00907992007992008,0.005594072594072594,1628.125,1385.383,9.1256,17.991,0.5923042508568218,0.009145854145854147,Graze+Frag
18570853.604,E1,FRAG0069,0.33955370013658914,0.008683982683982685,5444.566,1604.107,2.2504,14.131,0.8037073994187584,0.0,Hit+Run
18628317.421,P165,P75,0.0075001665001665,0.0025,1527.627,1059.189,8.5096,14.948,0.9383141319999304,0.0,Hit+Run
18690790.369,P165,FRAG0061,0.0075001665001665,0.005975357975357975,1527.627,1416.169,6.1258,11.709,0.8793805524045547,0.0,Hit+Run
18788809.824,E17,E25,0.20052716352993946,0.019079920079920078,4567.917,2085.384,1.4763,7.5776,0.9744403335159183,0.0,Hit+Run
18808221.315,P137,P569,0.0025,0.0025000000000000022,1059.189,1059.189,19.734,27.087,0.6329499999999999,0.0,Graze+Frag
18879783.07,E11,P235,0.32467779734142244,0.005528138528138528,5363.867,1379.918,2.5809,16.135,0.48263612280347074,0.0,Merge
18885206.546,E22,E48,0.06166749916749917,0.030000000000000002,3083.277,2424.939,1.4575,5.3121,0.6026372084568888,0.0,Hit+Run
18888715.558,E0,E17,0.24621608683263252,0.20052716352993946,4891.394,4567.917,1.3176,8.0898,0.6999442814043416,0.016622111222111224,Hit+Run
18956324.455,E17,E35,0.20052716352993946,0.011495004995005005,4567.917,1761.287,2.0204,10.447,0.7151529298339269,0.0,Merge
19040959.405,E0,E17,0.24621608683263252,0.21202216852494446,4891.394,4653.584,1.0489,6.4930,0.8914707440038871,0.0,Hit+Run
19076124.181,P165,P216,0.0075001665001665,0.005,1527.627,1334.495,14.497,27.068,0.6776353641630029,0.012403290043290043,Graze+Frag
19090245.156,P257,P393,0.0025000000000000022,0.0025,1059.189,1059.189,23.074,31.671,0.9249500000000002,0.0,Hit+Run
19152721.9,E1,P89,0.33955370013658914,0.005,5444.566,1334.495,2.7318,17.400,0.2574078143372914,0.0,Merge
19183336.744,E23,P70,0.07250000000000001,0.005527805527805528,3254.167,1379.890,4.8022,17.605,0.3312411291405525,0.014985680985680986,Fragment
19361297.375,E11,FRAG0058,0.330205935869561,0.006632034632034632,5394.139,1466.254,1.7594,11.014,0.6396326838590884,0.0,Merge
19384234.526,E0,P178,0.24621608683263252,0.0025,4891.394,1059.189,2.3175,13.385,0.7146488474286697,0.0,Merge
19405734.816,E36,P477,0.005527805527805529,0.0025,1379.890,1059.189,14.531,23.553,0.8008646331807815,0.0,Graze+Frag
19832097.687,E11,P167,0.33683797050159564,0.0025,5430.012,1059.189,2.6282,16.979,0.9381102125337965,0.0,Hit+Run
19838264.631,E11,P167,0.33683797050159564,0.0025,5430.012,1059.189,1.058,6.8353,0.6845669118489867,0.0,Merge
19862582.91,E11,FRAG0070,0.33933797050159564,0.010131868131868131,5443.413,1688.717,2.6174,16.369,0.9829561739178958,0.0,Hit+Run
19885518.499,E11,P259,0.33933797050159564,0.0025,5443.413,1059.189,6.0008,38.871,0.8369455213483378,0.0,Merge
19965322.635,E1,E23,0.34455370013658915,0.06304212454212456,5471.160,3106.019,1.6177,9.9631,0.6171431805173303,0.014666666666666668,Fragment
20000925.076,E1,P75,0.39292915801204703,0.0025,5716.084,1059.189,3.2823,22.403,0.7555049814103272,0.0,Merge
20392093.539,E11,P780,0.34183797050159564,0.0025,5456.748,1059.189,4.3518,28.263,0.30374177172450084,0.0,Merge
20515215.452,E11,P291,0.34433797050159565,0.0025,5470.018,1059.189,4.0045,26.075,0.6862228752118777,0.0,Merge
20649898.361,E11,P930,0.34683797050159565,0.0025,5483.224,1059.189,3.9469,25.767,0.5440972008688265,0.0,Merge
21175561.814,E0,P545,0.24871608683263252,0.0025,4907.893,1059.189,1.6728,9.6971,0.39002690797381545,0.0,Merge
21205835.395,E0,FRAG0076,0.2512160868326325,0.007333333333333334,4924.282,1516.215,1.2505,7.0786,0.5727476320196477,0.0,Merge
21272128.363,P243,FRAG0013,0.0025,0.006947052947052947,1059.189,1489.112,14.790,25.442,0.601314163977547,0.0,Graze+Frag
21341649.521,E11,P425,0.34933797050159565,0.0025,5496.367,1059.189,3.1821,20.827,0.6029979235714006,0.0,Merge
21565029.987,E11,E42,0.35183797050159565,0.05,5509.448,2875.083,1.8771,11.609,0.31251517720700295,0.03083083583083583,Fragment
21631570.107,E11,FRAG0081,0.3710071346707598,0.006166167166167166,5607.740,1431.085,1.043,6.8212,0.7926237999828912,0.0,Merge
21681900.701,E11,FRAG0078,0.377173301836927,0.006166167166167166,5638.637,1431.085,1.0257,6.7478,0.9738396038769103,0.0,Hit+Run
21689892.794,E1,P293,0.39542915801204703,0.0025,5728.181,1059.189,3.1567,21.594,0.6327070300059141,0.0,Merge
21819765.922,P184,P273,0.0025,0.0025,1059.189,1059.189,9.0723,12.452,0.7008,0.0,Graze+Frag
21882549.637,P18,P166,0.010785547785547786,0.005528138528138526,1724.280,1379.918,17.896,36.653,0.7086093778054986,0.016200892440892442,Graze+Frag
21898024.1,P303,P672,0.0025,0.0025,1059.189,1059.189,22.577,30.989,0.40555,0.0,Merge
21947920.878,E1,FRAG0046,0.39792915801204704,0.006323343323343323,5740.227,1443.143,1.977,13.250,0.24556325653722763,0.0,Merge
21949779.025,E17,P159,0.21202216852494446,0.0025,4653.584,1059.189,2.1493,11.767,0.8396821803147689,0.0,Hit+Run
22085173.422,P18,P285,0.005528138528138528,0.0025,1379.918,1059.189,13.475,21.842,0.8231620528759763,0.0065885914085914085,Graze+Frag
22089177.6,E11,P121,0.377173301836927,0.0025000000000000022,5638.637,1059.189,3.9396,26.500,0.9284039419671101,0.0,Hit+Run
22174324.131,E11,P121,0.377173301836927,0.0025000000000000022,5638.637,1059.189,1.2064,8.1149,0.4211828909740163,0.0,Merge
22387804.389,E11,P305,0.379673301836927,0.0025,5651.068,1059.189,3.5453,23.904,0.5157348750242216,0.0,Merge
22412706.692,E11,P323,0.382173301836927,0.0025,5663.444,1059.189,2.3029,15.563,0.48946008538112623,0.0,Merge
22586481.376,E1,FRAG0026,0.40425250133539037,0.005594072594072594,5770.473,1385.383,2.7924,18.880,0.8917156782969357,0.0,Hit+Run
22783804.715,P289,FRAG0029,0.0025,0.005594072594072594,1059.189,1385.383,11.436,18.592,0.7780448221988602,0.007672041292041291,Graze+Frag
23360489.204,E11,FRAG0077,0.384673301836927,0.006166167166167166,5675.766,1431.085,1.3883,9.1981,0.770521106016467,0.0,Merge
23469325.398,E17,P371,0.21202216852494446,0.0025,4653.584,1059.189,2.209,12.093,0.5312773748557357,0.0,Merge
23887601.28,P109,P422,0.0025,0.0025,1059.189,1059.189,14.359,19.710,0.74025,0.0,Graze+Frag
23937454.766,E11,FRAG0051,0.3908394690030942,0.006579753579753579,5705.932,1462.391,2.1318,14.181,0.6874191509670916,0.0,Merge
23940806.519,E1,P789,0.40425250133539037,0.0025,5770.473,1059.189,4.878,33.632,0.7898249464975173,0.0,Merge
23952550.4,E1,FRAG0026,0.40675250133539037,0.005594072594072594,5782.344,1385.383,1.789,12.122,0.5300146007330997,0.0,Merge
24276651.139,P257,P664,0.0025000000000000022,0.0025,1059.189,1059.189,22.817,31.318,0.6286500000000002,0.0,Graze+Frag
24285910.847,E25,P475,0.019079920079920078,0.0025,2085.384,1059.189,5.0378,11.790,0.277337279820719,0.010603989343989343,Fragment
24624600.689,E11,P562,0.3974192225828478,0.0025,5737.774,1059.189,3.0919,21.189,0.5969106315539392,0.0,Merge
25214347.121,P116,FRAG0070,0.0025,0.010131868131868131,1059.189,1688.717,12.570,24.079,0.9794367651885212,0.0,Hit+Run
25245634.379,E11,P321,0.3999192225828478,0.0025,5749.780,1059.189,4.3335,29.764,0.1395862600377344,0.0,Merge
25397681.007,P18,FRAG0069,0.008027639027639028,0.008683982683982685,1562.631,1604.107,19.172,39.350,0.32513501225543234,0.011184149184149185,Fragment
25408561.594,E11,FRAG0082,0.4024192225828478,0.010785547785547786,5761.736,1724.280,1.7107,11.355,0.8468640617278826,0.0,Hit+Run
25513462.456,E33,P484,0.1243826173826174,0.0025,3895.654,1059.189,2.2156,10.016,0.6996673536872411,0.0,Merge
25532842.948,E0,FRAG0001,0.2585494201659659,0.010864135864135866,4971.739,1728.458,1.4777,8.3716,0.9642663810417543,0.0,Hit+Run
25607699.584,E25,FRAG0001,0.010976190476190471,0.010864135864135866,1734.380,1728.458,7.2909,16.358,0.5659161904901833,0.021346173826173827,Graze+Frag
26183939.789,E17,P393,0.21452216852494446,0.0025,4671.803,1059.189,4.3005,23.643,0.8710221182424723,0.0,Hit+Run
26242296.097,E11,FRAG0082,0.4024192225828478,0.010785547785547786,5761.736,1724.280,1.3141,8.7225,0.7980672049492333,0.0,Hit+Run
26320964.804,E1,FRAG0087,0.41234657392946295,0.008156177156177157,5808.731,1570.927,1.2187,8.2190,0.48274522988555796,0.0,Merge
26448167.553,E11,FRAG0082,0.4024192225828478,0.010785547785547786,5761.736,1724.280,1.0993,7.2967,0.7976054050428109,0.0,Hit+Run
26734437.384,E11,P578,0.4024192225828478,0.0025,5761.736,1059.189,2.064,14.207,0.2937072868155169,0.0,Merge
26954018.708,P97,P277,0.0025,0.0025,1059.189,1059.189,19.451,26.698,0.85725,0.0,Graze+Frag
26978106.551,E1,FRAG0066,0.4205027510856401,0.005576090576090576,5846.780,1383.897,1.4063,9.6447,0.23587082410854587,0.0,Merge
26997145.051,E11,P301,0.4049192225828478,0.0025,5773.643,1059.189,2.2903,15.800,0.8819111132275553,0.0,Hit+Run
27323690.294,P18,P314,0.005527472527472528,0.0025,1379.863,1059.189,21.629,35.058,0.9246975331533137,0.0,Hit+Run
27466963.176,E11,FRAG0082,0.4049192225828478,0.010785547785547786,5773.643,1724.280,3.1158,20.727,0.6285003504252342,0.0,Merge
27507164.094,E11,P304,0.4157047703683956,0.0025,5824.458,1059.189,2.2347,15.561,0.7570321158730335,0.0,Merge
27512181.664,E36,FRAG0060,0.008027639027639028,0.005975357975357975,1562.631,1416.169,8.4977,16.460,0.44993572429433465,0.008475524475524476,Fragment
27609493.573,P109,FRAG0067,0.005,0.005576090576090576,1334.495,1383.897,7.386,13.015,0.6850206980305356,0.010006433566433567,Graze+Frag
27718432.811,E11,FRAG0079,0.4182047703683956,0.006166167166167166,5836.110,1431.085,2.1396,14.607,0.6675970478019868,0.0,Merge
27766599.24,E62,P488,0.025,0.0025,2281.955,1059.189,5.5698,14.276,0.30488494457322624,0.010972360972360973,Fragment
27773708.316,P3,FRAG0070,0.0025,0.010131868131868131,1059.189,1688.717,5.6552,10.832,0.7461989900544896,0.0,Hit+Run
27851567.525,E1,P72,0.4260788416617307,0.008027972027972029,5872.511,1562.652,1.5115,10.318,0.8735513337882276,0.0,Hit+Run
28267198.948,P116,P429,0.0025,0.0025,1059.189,1059.189,11.244,15.433,0.37625,0.0,Merge
28341814.65,P314,FRAG0083,0.0025,0.010603729603729605,1059.189,1714.536,1.3122,2.5481,0.8013825750490582,0.0,Hit+Run
28428209.19,E53,P404,0.025,0.0025,2281.955,1059.189,4.3405,11.125,0.055663357936196096,0.006663336663336663,Fragment
28586891.711,E11,P116,0.4243709375345628,0.005,5864.654,1334.495,2.2927,15.819,0.15013658200928975,0.0,Merge
28736612.476,P3,FRAG0084,0.0025,0.005592074592074592,1059.189,1385.218,13.094,21.285,0.36874802321202443,0.0,Fragment
28893183.892,E11,P301,0.4293709375345628,0.0025,5887.596,1059.189,1.8553,13.069,0.8666822101680058,0.0,Hit+Run
28925742.269,E1,P453,0.4260788416617307,0.0024999999999999905,5872.511,1059.189,3.372,23.688,0.30541424536763057,0.0,Merge
28957119.168,E11,P301,0.4293709375345628,0.0025,5887.596,1059.189,1.1233,7.9129,0.739637751626852,0.0,Merge
29314276.877,P3,P443,0.008091908091908092,0.0025,1566.790,1059.189,21.191,38.024,0.36735719820755486,0.0,Fragment
29344386.839,E17,FRAG0072,0.21452216852494446,0.0069723609723609725,4671.803,1490.918,3.5173,18.839,0.1402438239735914,0.0,Merge
29417621.921,P195,P493,0.0025000000000000022,0.0025,1059.189,1059.189,20.137,27.640,0.9349500000000001,0.0,Hit+Run
29427671.27,E11,P668,0.4318709375345628,0.0025,5899.001,1059.189,3.2738,23.109,0.727478286064943,0.0,Merge
29520368.383,P186,FRAG0037,0.0025,0.006794205794205795,1059.189,1478.109,11.219,19.184,0.7508631300951931,0.0,Graze+Frag
29563821.228,E11,P223,0.4343709375345628,0.0025,5910.362,1059.189,5.5308,39.121,0.6064234726449985,0.0,Merge
29749630.027,E1,FRAG0083,0.4285788416617307,0.010603729603729605,5883.974,1714.536,1.2268,8.3327,0.3351425217120412,0.0,Merge
30241628.276,P265,FRAG0019,0.0025,0.006632034632034632,1059.189,1466.254,27.837,47.294,0.6487811466729939,0.0,Graze+Frag
30649689.564,E11,P535,0.4368709375345628,0.0025000000000000022,5921.679,1059.189,3.4329,24.332,0.8274898129906376,0.0,Merge
30756415.269,E1,P712,0.43918257126546034,0.0025,5932.105,1059.189,3.5237,25.022,0.9964769454556559,0.0,Hit+Run
30966350.545,E11,P265,0.4393709375345628,0.009131868131868132,5932.953,1631.224,3.6048,24.799,0.9649842684998028,0.0,Hit+Run
30980058.908,E11,P265,0.4393709375345628,0.009131868131868132,5932.953,1631.224,1.0521,7.2379,0.7901529318757226,0.0,Graze+Merge
31038372.847,E48,P358,0.030000000000000002,0.0025,2424.939,1059.189,7.943,21.673,0.6471369160601009,0.01006027306027306,Fragment
31065541.744,P289,FRAG0021,0.008093906093906094,0.006711954711954711,1566.919,1472.121,4.9461,9.7536,0.9050268996462579,0.0,Hit+Run
31136862.339,E0,P389,0.2585494201659659,0.0025,4971.739,1059.189,1.8544,10.900,0.6762337307244981,0.0,Merge
31155070.006,E11,P18,0.4485028056664309,0.005527472527472528,5973.775,1379.863,1.5673,11.002,0.9664604121054533,0.0,Hit+Run
31256268.642,E11,P18,0.4485028056664309,0.005527472527472528,5973.775,1379.863,1.0369,7.2792,0.967191532867742,0.0,Hit+Run
31328574.146,E68,P406,0.04250000000000002,0.0025,2723.475,1059.189,6.5289,20.118,0.9560726975902647,0.0,Hit+Run
31363118.044,E0,E17,0.2610494201659659,0.22149452949730544,4987.712,4721.879,1.1459,7.2172,0.982225180484664,0.0,Hit+Run
31533784.948,E1,P230,0.43918257126546034,0.0025,5932.105,1059.189,2.9491,20.942,0.5543242408601669,0.0,Merge
31706084.246,E17,FRAG0088,0.22149452949730544,0.008475524475524476,4721.879,1591.168,1.221,6.5839,0.5056927934346913,0.0,Merge
32036202.046,E0,E17,0.2610494201659659,0.2299700539728299,4987.712,4781.354,1.137,7.2017,0.6057305375395247,0.0,Hit+Run
32098499.971,E0,E17,0.2610494201659659,0.2299700539728299,4987.712,4781.354,1.0394,6.5835,0.9676167521450669,0.0,Hit+Run
32224342.665,E0,FRAG0091,0.2610494201659659,0.01006027306027306,4987.712,1684.730,1.5043,8.5668,0.673730043649861,0.0,Merge
32529712.482,P238,FRAG0065,0.0025,0.005576090576090576,1059.189,1383.897,8.9131,14.478,0.8568597860257614,0.0,Hit+Run
32662893.416,E33,P387,0.12688261738261739,0.0025,3921.581,1059.189,1.8819,8.5692,0.9971714161251003,0.0,Hit+Run
32707490.262,E1,FRAG0073,0.44168257126546034,0.007492840492840493,5943.340,1527.130,2.3632,16.371,0.837902536418347,0.0,Hit+Run
32737564.594,P3,FRAG0033,0.010592074592074594,0.005964368964368965,1713.908,1415.300,20.111,41.331,0.38580899660620077,0.016546933066933067,Fragment
32843051.6,E0,E68,0.27110969322623896,0.04250000000000002,5050.978,2723.475,1.1398,6.4676,0.18847482442730593,0.010184981684981685,Fragment
33127170.846,E53,P555,0.020836663336663338,0.0025,2147.516,1059.189,5.3978,13.009,0.9565929298189004,0.0,Hit+Run
33278191.691,E1,P611,0.44168257126546034,0.0025,5943.340,1059.189,3.3628,23.928,0.8562107539971378,0.0,Hit+Run
33324684.563,P302,FRAG0093,0.0025,0.010184815184815186,1059.189,1691.654,9.0524,17.367,0.7917229528542493,0.007385148185148185,Hit+Run
33499143.601,P3,FRAG0057,0.005527805527805529,0.0069720279720279724,1379.890,1490.894,8.6942,16.208,0.9547963480561877,0.0,Hit+Run
33571733.871,P18,FRAG0070,0.005527472527472528,0.010131868131868131,1379.863,1688.717,7.3257,14.785,0.9026770462555674,0.0,Hit+Run
33921129.466,P282,FRAG0064,0.0025,0.005576090576090576,1059.189,1383.897,10.395,16.885,0.6484543523369417,0.007936270396270395,Graze+Frag
33997999.965,E17,P372,0.2299700539728299,0.0025,4781.354,1059.189,2.1436,12.082,0.942674052622225,0.0,Hit+Run
34138062.864,P325,FRAG0055,0.0025,0.00555011655011655,1059.189,1381.744,12.897,20.925,0.7863642882049481,0.007717369297369297,Graze+Frag
34149906.703,P314,P489,0.0025,0.0025,1059.189,1059.189,11.770,16.155,0.1829,0.0,Merge
34171848.937,P325,P419,0.00804995004995005,0.0025,1564.077,1059.189,19.872,35.605,0.7296694053190529,0.0,Graze+Frag
34262171.491,E1,FRAG0068,0.44168257126546034,0.005576090576090576,5943.340,1383.897,2.0657,14.418,0.7675720954440389,0.0,Merge
34669968.237,P72,P165,0.008027972027972029,0.005527805527805528,1562.652,1379.890,16.642,31.913,0.7887760815691548,0.008027639027639028,Graze+Frag
34770304.251,E0,P159,0.3034248780414238,0.0025,5244.179,1059.189,1.0976,6.8316,0.6340401388468038,0.0,Merge
34836028.124,E0,P414,0.3059248780414238,0.0025,5258.543,1059.189,3.9382,24.583,0.9983996507696346,0.0,Hit+Run
34858771.827,E0,E17,0.3059248780414238,0.2299700539728299,5258.543,4781.354,0.9989,6.5201,0.7429077374237671,0.007878781218781218,Perfect
35244022.38,E11,P72,0.4485028056664309,0.00552813852813853,5973.775,1379.918,1.5965,11.207,0.9895238768473636,0.007878781218781218,Hit+Run
35248776.893,E11,FRAG0021,0.4485028056664309,0.006711954711954711,5973.775,1472.121,2.419,16.898,0.8166519722200783,0.0,Hit+Run
35308765.424,P149,P555,0.0025,0.0025,1059.189,1059.189,11.107,15.245,0.9883,0.0,Hit+Run
35414339.309,E11,FRAG0092,0.4485028056664309,0.01102863802863803,5973.775,1737.138,3.0856,21.281,0.8755075735564752,0.0,Hit+Run
35447669.684,E11,P72,0.4485028056664309,0.00552813852813853,5973.775,1379.918,1.068,7.4975,0.4061751403199096,0.0,Merge
35455713.088,E1,FRAG0065,0.44725866184155094,0.005576090576090576,5968.246,1383.897,2.0608,14.449,0.6367520637269366,0.0,Merge
35506137.267,E11,P3,0.45403094419456946,0.005527805527805529,5998.219,1379.890,1.3698,9.6585,0.2746229595428963,0.0,Merge
35509415.515,E0,P97,0.5358949320142538,0.005,6338.994,1334.495,1.5866,11.901,0.6054414592675286,0.0,Merge
35541105.193,E1,P303,0.45283475241764154,0.005,5992.947,1334.495,1.8459,13.035,0.588135362656039,0.0,Merge
35765460.438,E11,FRAG0092,0.459558749722375,0.01102863802863803,6022.463,1737.138,1.2728,8.8555,0.5560198608450061,0.0,Merge
35801634.669,E11,FRAG0021,0.470587387751013,0.006711954711954711,6070.259,1472.121,1.5069,10.709,0.704137115719928,0.0,Merge
35820199.128,E1,FRAG0071,0.45783475241764154,0.009145854145854147,6014.923,1632.056,1.7775,12.409,0.4939690949363786,0.0,Merge
35835481.932,E0,P325,0.5408949320142538,0.01055011655011655,6358.648,1711.642,1.2683,9.3666,0.42531287596658107,0.0,Merge
36194414.471,E11,FRAG0073,0.47729934246296774,0.007492840492840493,6098.983,1527.130,2.1931,15.622,0.5877362006205346,0.0,Merge
36238475.117,P163,FRAG0094,0.0025000000000000022,0.008027639027639028,1059.189,1562.631,14.135,25.306,0.14903197693523995,0.0,Fragment
36266188.434,E11,P163,0.4847921829558082,0.01052780552780553,6130.732,1710.434,1.0204,7.2457,0.8790505986830967,0.0,Graze+Merge
36395552.781,E47,P320,0.12419880119880124,0.0025,3893.734,1059.189,3.0566,13.811,0.7666520835713105,0.0,Merge
36821599.9,E41,P109,0.027500000000000004,0.010576090576090576,2355.617,1713.045,1.6308,4.4571,0.7147334936072135,0.0,Hit+Run
37167525.439,E0,P637,0.5514450485643703,0.0025,6399.724,1059.189,2.2941,17.663,0.6168996737938369,0.0,Merge
37297901.623,E1,FRAG0057,0.4669806065634957,0.0069720279720279724,6054.711,1490.894,1.5119,10.705,0.45713613900340583,0.0,Merge
37518895.367,P238,P712,0.0025,0.0025,1059.189,1059.189,9.2848,12.744,0.87015,0.0,Hit+Run
37807081.529,E1,FRAG0059,0.47395263453552366,0.005975357975357975,6084.695,1416.169,2.9363,20.984,0.5708408739643586,0.0,Merge
38161596.295,E11,P712,0.49531998848361375,0.0025,6174.793,1059.189,1.6116,11.944,0.4565806788730331,0.0,Merge
38245245.963,E0,FRAG0011,0.5539450485643702,0.0068481518481518485,6409.380,1482.011,1.3023,9.8082,0.7109989690582906,0.0,Merge
38245421.238,E0,P662,0.560793200412522,0.0025,6435.684,1059.189,2.4842,19.241,0.5525593557651681,0.0,Merge
38536611.229,P238,FRAG0041,0.0025,0.008290376290376291,1059.189,1579.496,9.7023,17.528,0.9858180972312328,0.0,Hit+Run
38874960.451,E53,FRAG0074,0.020836663336663338,0.007492840492840493,2147.516,1527.130,2.4012,5.9565,0.5142847433055941,0.006182297702297702,Fragment
39081682.901,P149,P450,0.0025,0.0025,1059.189,1059.189,5.4179,7.4365,0.92395,0.0,Hit+Run
39195002.463,E0,FRAG0014,0.563293200412522,0.006947052947052947,6445.234,1489.112,1.5964,12.091,0.884536069342481,0.0,Hit+Run
39320817.171,E1,P414,0.47992799251088164,0.0025,6110.159,1059.189,1.0376,7.6043,0.46337449970252514,0.0,Merge
39427903.831,E0,P149,0.563293200412522,0.0025,6445.234,1059.189,1.4151,10.977,0.9946433642067277,0.0,Hit+Run
40073649.633,E11,FRAG0078,0.49781998848361375,0.006166167166167166,6185.165,1431.085,2.4814,18.034,0.9830483039695175,0.0,Hit+Run
40075396.805,E11,FRAG0078,0.49781998848361375,0.006166167166167166,6185.165,1431.085,1.0411,7.5663,0.5487366699646452,0.0,Merge
40585980.542,P191,FRAG0041,0.0025,0.008290376290376291,1059.189,1579.496,22.027,39.796,0.6754493718030031,0.0,Graze+Frag
40962426.856,E1,P316,0.48242799251088164,0.0025,6120.750,1059.189,3.7459,27.503,0.28600680053959665,0.0,Merge
41392487.882,E0,P267,0.563293200412522,0.0025,6445.234,1059.189,1.9173,14.873,0.47572140526215906,0.0,Merge
41422504.384,P184,P450,0.005,0.0025,1334.495,1059.189,15.395,24.346,0.7931089830168289,0.0,Graze+Frag
41769179.988,E47,E22,0.12669880119880123,0.06166749916749917,3919.686,3083.277,1.0169,4.7119,0.7625041251462795,0.0,Graze+Merge
42186058.655,E0,P382,0.5657932004125219,0.0025,6454.754,1059.189,1.6649,12.935,0.341381211724015,0.0,Merge
42718823.662,E1,E25,0.48492799251088164,0.005527972027972023,6131.305,1379.904,4.1659,30.075,0.6907422975395558,0.0,Merge
43387321.725,P191,P372,0.01079054279054279,0.0025,1724.546,1059.189,5.8698,11.458,0.6937248792222181,0.0,Graze+Frag
43515771.574,E47,P499,0.1883663003663004,0.0025,4473.645,1059.189,1.8953,9.9454,0.624048854333217,0.0,Merge
43553591.728,E1,FRAG0061,0.49045596453885365,0.005975357975357975,6154.515,1416.169,3.4607,25.037,0.8358653163433712,0.0,Hit+Run
43553591.728,E1,FRAG0061,0.49045596453885365,0.005975357975357975,6154.515,1416.169,3.4607,25.037,0.8358653163433712,0.0,Hit+Run
43925642.697,E1,P418,0.49045596453885365,0.0025000000000000022,6154.515,1059.189,4.1219,30.442,0.641413038319159,0.0,Merge
44134091.797,E0,P626,0.5682932004125218,0.0025,6464.247,1059.189,2.2402,17.433,0.3434280891350915,0.0,Merge
44381000.267,E11,FRAG0061,0.5039861556497809,0.005975357975357975,6210.597,1416.169,1.1534,8.4262,0.9250628736181135,0.0,Hit+Run
44381000.267,E11,FRAG0061,0.5039861556497809,0.005975357975357975,6210.597,1416.169,1.1534,8.4262,0.9250628736181135,0.0,Hit+Run
44614234.113,E11,FRAG0061,0.5039861556497809,0.005975357975357975,6210.597,1416.169,1.2084,8.8280,0.7814989787071335,0.0,Merge
45959053.668,E1,P306,0.49295596453885365,0.0025,6164.954,1059.189,2.6724,19.772,0.837423714709632,0.0,Merge
46675497.269,E1,FRAG0031,0.49545596453885365,0.005964368964368965,6175.358,1415.300,2.1371,15.518,0.5070025442363829,0.0,Merge
47788310.989,E48,FRAG0070,0.022439726939726942,0.010131868131868131,2201.234,1688.717,3.4763,8.9871,0.5971700574704496,0.01223800865800866,Graze+Frag
50118938.579,E1,FRAG0014,0.5014203335032226,0.006947052947052947,6200.040,1489.112,1.5429,11.208,0.3628511933012584,0.0,Merge
50354529.346,E1,E48,0.5083673864502756,0.020333832833832832,6228.542,2130.101,1.6261,11.554,0.8296631918823473,0.014805860805860806,Hit+Run+Frag
50420687.155,E1,FRAG0098,0.5083675529504421,0.007402930402930403,6228.542,1520.997,1.0405,7.5838,0.46302922876507757,0.0,Merge
51077552.859,E48,P337,0.005527805527805528,0.0025,1379.890,1059.189,15.337,24.859,0.8729401871983228,0.0,Graze+Frag
51936222.095,P393,FRAG0015,0.0025,0.0075944055944055944,1059.189,1533.999,12.224,21.547,0.9185648297628997,0.0,Hit+Run
52262999.722,E11,P310,0.5099615136251389,0.0025000000000000022,6235.045,1059.189,3.276,24.532,0.6923805690934632,0.0,Merge
52309431.8,E0,FRAG0053,0.5707932004125218,0.008395604395604396,6473.713,1586.150,2.6314,19.929,0.483608985042189,0.0,Merge
52317149.581,E11,P457,0.5124615136251389,0.0025,6245.218,1059.189,4.7305,35.486,0.6420997767364436,0.0,Merge
52543953.113,E33,E31,0.12688261738261739,0.07694855144855146,3921.581,3319.408,1.0637,5.0421,0.8805563152414229,0.0,Hit+Run
52566793.375,P336,P629,0.0025,0.0025,1059.189,1059.189,27.951,38.365,0.206,0.0,Merge
53330144.199,E11,P191,0.5149615136251389,0.01329037629037629,6255.357,1848.585,2.0619,14.872,0.6240735266499574,0.0,Merge
53522474.721,E1,FRAG0093,0.5157704833533725,0.010184815184815186,6258.631,1691.654,1.3831,10.050,0.5634927558965243,0.0,Merge
53630515.862,E1,P257,0.5259552985381877,0.005,6299.558,1334.495,2.9492,21.974,0.5994192850667621,0.0,Merge
54031875.238,E0,E36,0.5791888048081262,0.005527472527472526,6505.298,1379.863,1.1383,8.7575,0.8534677578340591,0.0,Hit+Run
54241602.302,E1,FRAG0030,0.5309552985381877,0.005594072594072594,6319.458,1385.383,3.0591,22.807,0.697984384707018,0.0,Merge
54757833.175,E0,E36,0.5791888048081262,0.005527472527472526,6505.298,1379.863,1.0168,7.8227,0.9911611061013424,0.0,Graze+Merge
55794696.478,P336,FRAG1007,0.005,0.005857052966646837,1334.495,1406.760,10.989,19.538,0.7230722604719534,0.0,Graze+Frag
56955262.417,E1,FRAG0035,0.5365493711322603,0.006872460872460872,6341.574,1483.763,2.3489,17.487,0.9954018789595132,0.0,Hit+Run
56975637.153,E11,FRAG0086,0.5282518899155152,0.008156177156177157,6308.714,1570.927,2.4791,18.274,0.8665269218374478,0.0,Hit+Run
57044001.734,E11,FRAG0086,0.5282518899155152,0.008156177156177157,6308.714,1570.927,1.0593,7.8085,0.600476015317459,0.0,Merge
57171421.049,E1,FRAG0035,0.5365493711322603,0.006872460872460872,6341.574,1483.763,1.4007,10.428,0.4209164991708631,0.0,Merge
57893411.221,P289,P238,0.008093906093906094,0.0025,1566.919,1059.189,9.2683,16.631,0.306091437517005,0.0,Fragment
58684262.295,E1,FRAG0099,0.5434218320047212,0.007402930402930403,6368.535,1520.997,1.1667,8.7095,0.13722625485339038,0.0,Merge
58939715.762,E0,E41,0.5847162773355987,0.027500000000000004,6525.927,2355.617,1.3841,10.266,0.44145216847338736,0.0,Merge
61216458.447,E11,P184,0.5364080670716923,0.007499833499833501,6341.017,1527.604,2.9366,21.813,0.650652329261402,0.0,Merge
62102090.811,E48,P334,0.008027639027639028,0.0025,1562.631,1059.189,11.993,21.471,0.9239344249254298,0.0,Hit+Run
67913268.267,E33,FRAG0075,0.12688261738261739,0.007333333333333334,3921.581,1516.215,2.1288,9.4489,0.6554722886724974,0.0,Merge
68138415.994,P186,P693,0.009294039294039295,0.0025,1640.824,1059.189,18.616,34.761,0.3474882703692896,0.0062664002664002665,Fragment
68454939.267,E1,FRAG0097,0.5508247624076515,0.006118881118881119,6397.323,1427.418,1.3643,10.283,0.12942233444343587,0.0,Merge
69833724.586,E31,P550,0.07694855144855146,0.0025,3319.408,1059.189,4.4126,16.792,0.9389806647466448,0.0,Hit+Run
71220038.873,E11,P334,0.5439079005715258,0.0025,6370.433,1059.189,1.6753,12.835,0.40771125671074365,0.0,Merge
72625738.11,E11,P538,0.5464079005715258,0.0025,6380.178,1059.189,3.1327,24.041,0.9963871871215269,0.0,Hit+Run
74382290.0,E11,P538,0.5464079005715258,0.0025,6380.178,1059.189,1.6936,12.997,0.5836129117199166,0.0,Merge
76436228.532,P336,FRAG0100,0.010857142857142857,0.0062664002664002665,1728.087,1438.798,7.8361,16.279,0.8329714801144747,0.0,Hit+Run
76859154.29,E33,P289,0.13421595071595072,0.010594072594072596,3995.721,1714.015,6.1645,27.736,0.736968114119371,0.013487292707292708,Graze+Frag
77448337.067,P149,FRAG0010,0.0025,0.0058518148518148525,1059.189,1406.341,16.231,26.689,0.67300993519318,0.008304422244422243,Graze+Frag
78023649.018,E0,FRAG0100,0.6122162773355987,0.0062664002664002665,6626.672,1438.798,1.4491,11.337,0.7819263555362063,0.0,Merge
82616352.759,E1,P611,0.5569436435265327,0.0025,6420.925,1059.189,2.4766,19.135,0.6443144711233755,0.0,Merge
85070431.213,E1,P109,0.5594436435265326,0.010576090576090576,6430.518,1713.045,2.4859,18.581,0.730499885493597,0.0,Merge
85482858.474,E31,P137,0.07694855144855146,0.005,3319.408,1334.495,5.9081,22.149,0.8579000045251842,0.0,Hit+Run
85735862.074,E33,P186,0.13132284382284384,0.005527639027639029,3966.802,1379.877,5.1927,23.471,0.729899799910144,0.0,Merge
86309272.314,P118,P317,0.0025,0.0025,1059.189,1059.189,10.987,15.081,0.5422,0.0,Graze+Frag
87747132.943,E1,E33,0.5700197341026232,0.13685048285048287,6470.787,4021.696,1.2217,8.9588,0.7501623036462446,0.007174538794538794,Hit+Run
89726134.963,E11,P149,0.5489079005715257,0.008351981351981353,6389.894,1583.398,1.4224,10.624,0.5238831400665985,0.0,Merge
89756634.877,E1,FRAG0020,0.5700197341026232,0.006632034632034632,6470.787,1466.254,2.2187,16.895,0.6549833685089554,0.0,Merge
89894604.751,E1,E33,0.5766517687346578,0.13685048285048287,6495.786,4021.696,1.0064,7.4057,0.5343012975345743,0.018274725274725276,Fragment
89924496.61,E1,FRAG0105,0.6952275263104154,0.006091575091575092,6913.577,1425.291,1.0549,8.6431,0.7837279558426556,0.0,Merge
90445614.352,E1,FRAG0103,0.7013191014019905,0.006091575091575092,6933.711,1425.291,1.1458,9.4172,0.8780154137226682,0.0,Hit+Run
90658751.317,E0,FRAG0102,0.6184826776019989,0.006743589743589744,6649.204,1474.430,1.4149,11.089,0.8292235324036304,0.0,Hit+Run
90784555.613,E11,P243,0.5572598819235071,0.009447219447219447,6422.140,1649.789,3.5785,26.788,0.5494510247817695,0.0,Merge
91824249.133,E11,FRAG0103,0.5667071013707266,0.006091575091575092,6458.228,1425.291,1.0153,7.7320,0.43704650528578776,0.0,Merge
93343342.847,E11,P540,0.5727986764623016,0.0025,6481.286,1059.189,2.0067,15.659,0.37312316479627644,0.0,Merge
93773137.677,E11,P522,0.5752986764623016,0.0025,6490.701,1059.189,2.2882,17.884,0.31465310027357174,0.0,Merge
96073802.876,E0,P314,0.6184826776019989,0.005,6649.204,1334.495,2.9056,22.940,0.35837426574189324,0.0,Merge
97638598.358,E11,P336,0.5777986764623015,0.010857142857142857,6500.089,1728.087,3.1269,23.629,0.48694325314174736,0.0,Merge
97917119.171,E0,P411,0.6234826776019989,0.0025,6667.074,1059.189,3.0207,24.291,0.40375581019759726,0.0,Merge
98980682.097,E1,P406,0.7013191014019905,0.0025,6933.711,1059.189,2.0977,17.586,0.2867900993697094,0.0,Merge
104627679.112,E11,FRAG0102,0.5886558193194444,0.006743589743589744,6540.550,1474.430,2.5177,19.387,0.6271272855739677,0.0,Merge
105587906.962,E1,P398,0.7038191014019904,0.0025,6941.940,1059.189,1.3427,11.270,0.3963287961459272,0.0,Merge
107816975.009,E31,P493,0.07694855144855146,0.0025,3319.408,1059.189,2.7664,10.528,0.9834810401871646,0.0,Hit+Run
114484372.96,E1,P137,0.7063191014019904,0.005,6950.149,1334.495,1.5392,12.742,0.977844446608077,0.0,Hit+Run
114484386.932,E1,P137,0.7063191014019904,0.005,6950.149,1334.495,1.0488,8.6825,0.652008153658028,0.0,Merge
119405978.187,E1,P646,0.7113191014019904,0.0025,6966.511,1059.189,2.9479,24.838,0.8655947732321416,0.0,Merge
123403673.786,E1,P493,0.7138191014019903,0.0025,6974.663,1059.189,2.1401,18.054,0.4919857952317799,0.0,Merge
127302487.196,E1,P432,0.7163191014019903,0.0025,6982.796,1059.189,2.273,19.199,0.32092090453371475,0.0,Merge
146563541.569,E1,P739,0.7188191014019902,0.0025,6990.910,1059.189,3.7173,31.437,0.22058001203056438,0.0,Merge
169744730.66,E0,E47,0.6259826776019989,0.1908663003663004,6675.973,4493.350,1.0944,8.3616,0.8426461476559942,0.0,Hit+Run
172688963.431,E0,E47,0.6259826776019989,0.1908663003663004,6675.973,4493.350,1.0944,8.3616,0.9973325024675783,0.0,Hit+Run
176952167.3,E11,P332,0.5953994090630342,0.0025,6565.432,1059.189,2.1552,17.050,0.6145549064710907,0.0,Merge
177620439.547,E11,P302,0.5978994090630342,0.0025,6574.608,1059.189,3.8559,30.551,0.9606381872012659,0.0,Hit+Run
177771013.675,E11,P302,0.5978994090630342,0.0025,6574.608,1059.189,1.2071,9.5642,0.7151819532472039,0.0,Merge
177942565.708,E0,E47,0.6259826776019989,0.1908663003663004,6675.973,4493.350,1.1702,8.9407,0.2065672497020227,0.06252014652014654,Fragment
178033091.557,E0,FRAG0115,0.7543288314481527,0.005683649683649684,7104.182,1392.738,1.0111,8.5434,0.06546577014905888,0.0,Merge
187393604.971,E1,FRAG0015,0.7213191014019902,0.0075944055944055944,6999.005,1533.999,2.7698,22.871,0.8975750079123398,0.0,Hit+Run
187945074.282,E11,FRAG0015,0.6003994090630341,0.0075944055944055944,6583.759,1533.999,2.0548,15.887,0.7663438364816006,0.0,Merge
195580796.908,E1,FRAG0110,0.7213191014019902,0.005683649683649684,6999.005,1392.738,2.3448,19.498,0.5099287933279324,0.0,Merge
