time_yr,target,projectile,Mt_Mearth,Mp_Mearth,Rt_km,Rp_km,vimp/vesc,vimp_km/s,b,m_frag_Mearth,Regime
31693.391,E4,P214,0.2910711743036068,0.0024999999999999905,5172.020,1059.189,2.0037,12.287,0.2412864045316909,0.0,Merge
142101.396,E18,P247,0.027500000000000004,0.0025,2355.617,1059.189,3.4123,9.0361,0.597939778891459,0.0,Merge
149778.364,NEPTUNE,K314,16.189423909423912,0.035,19742.59,2552.798,0.9998,24.096,0.9233119952413992,0.0,Perfect
248113.711,E23,P340,0.4525000000000004,0.0025,5991.469,1059.189,1.3559,9.7314,0.8497743496369923,0.0,Hit+Run
251485.035,E4,P2,0.2935711743036068,0.002500000000000014,5186.785,1059.189,1.1314,6.9593,0.8370637841820798,0.0,Hit+Run
269056.43,E4,P2,0.2935711743036068,0.002500000000000014,5186.785,1059.189,1.0628,6.5374,0.349939165331675,0.0,Merge
275725.996,E23,P96,0.4525000000000004,0.002500000000000014,5991.469,1059.189,1.2687,9.1055,0.6272184474670638,0.0,Merge
347945.903,E4,P21,0.2960711743036068,0.0025000000000000022,5201.467,1059.189,1.0515,6.4875,0.6935669465809668,0.0,Merge
375051.214,E23,P137,0.4550000000000004,0.0025,6002.483,1059.189,1.0205,7.3385,0.8032581737145665,0.0,Merge
394630.305,E41,E44,0.03250000000000001,0.030000000000000002,2490.510,2424.939,1.0784,3.4355,0.40766654519615936,0.0,Merge
438900.377,E42,E13,0.05750000000000001,0.03500000000000004,3012.195,2552.798,1.0921,3.9779,0.7097746877623,0.0,Hit+Run
466184.697,E4,P200,0.2985711743036068,0.0025000000000000022,5216.066,1059.189,1.9149,11.850,0.48035723781234285,0.0,Merge
503430.256,E29,P344,0.2238258324906372,0.0025,4738.387,1059.189,1.3471,7.5197,0.8872660240356401,0.0,Hit+Run
504881.666,E23,P479,0.4575000000000004,0.0025,6013.457,1059.189,1.6254,11.711,0.8777891871170899,0.0,Hit+Run
513252.144,E23,P351,0.4575000000000004,0.0025000000000000022,6013.457,1059.189,1.3029,9.3876,0.5379477127944429,0.0,Merge
519282.122,E29,P344,0.2238258324906372,0.0025,4738.387,1059.189,1.0485,5.8528,0.5839642356056235,0.0,Merge
540941.399,E23,P293,0.4600000000000004,0.0025,6024.390,1059.189,1.4912,10.765,0.6973024198719179,0.0,Merge
625658.394,NEPTUNE,K774,16.224423909423912,0.035,19756.81,2552.798,0.9998,24.114,0.8925700987274341,0.0,Perfect
646764.381,E23,P189,0.4625000000000004,0.0025,6035.284,1059.189,1.1485,8.3072,0.5219057569440613,0.0,Merge
658522.03,E4,P174,0.3010711743036068,0.0025,5230.584,1059.189,1.5155,9.4064,0.08340960923302894,0.0,Merge
666259.945,E23,P297,0.4650000000000004,0.0025,6046.139,1059.189,1.4356,10.403,0.9519356298495167,0.0,Hit+Run
694553.23,E55,P298,0.030000000000000002,0.0025,2424.939,1059.189,2.8805,7.8599,0.7437411362678251,0.0,Hit+Run
714116.548,E2,P156,0.030000000000000002,0.0025,2424.939,1059.189,3.5912,9.7992,0.8850978878830182,0.0,Hit+Run
811515.541,E23,P348,0.4650000000000004,0.0025,6046.139,1059.189,1.3169,9.5435,0.6429628693253732,0.0,Merge
925752.112,E41,E48,0.06250000000000001,0.03250000000000001,3097.090,2490.510,1.4802,5.4528,0.7926191518672593,0.0,Hit+Run
1020871.21,E4,P130,0.3035711743036068,0.0024999999999999905,5245.022,1059.189,1.1813,7.3538,0.6447898884494528,0.0,Merge
1024024.607,E38,E73,0.025,0.025,2281.955,2281.955,1.4155,4.1858,0.939,0.0,Hit+Run
1062231.472,E2,P70,0.030000000000000002,0.0025000000000000022,2424.939,1059.189,2.6834,7.3221,0.9764821394195757,0.0,Hit+Run
1084675.01,E4,P343,0.3060711743036068,0.0025,5259.381,1059.189,1.5469,9.6580,0.8850576999378527,0.0,Hit+Run
1138023.716,E29,P260,0.2263258324906372,0.0025,4755.964,1059.189,1.5584,8.7339,0.2956552827072574,0.0,Merge
1165029.703,E23,P161,0.4675000000000004,0.002500000000000014,6056.955,1059.189,1.0165,7.3805,0.9404431356812355,0.0,Graze+Merge
1209946.539,E42,P249,0.05750000000000001,0.0025,3012.195,1059.189,2.1985,7.5402,0.5528864045459613,0.0,Merge
1223841.166,NEPTUNE,K667,16.259423909423912,0.035,19771.01,2552.798,1.0002,24.142,0.1925396211269981,0.0,Merge
1266784.674,E29,P201,0.2288258324906372,0.0025,4773.411,1059.189,1.3149,7.3982,0.4961151665359899,0.0,Merge
1451080.857,E23,P50,0.4700000000000004,0.0025000000000000022,6067.733,1059.189,1.5459,11.245,0.5688933677046184,0.0,Merge
1453543.82,E4,P151,0.3060711743036068,0.0025,5259.381,1059.189,2.1112,13.181,0.9240957946684888,0.0,Hit+Run
1459399.727,E4,P151,0.3060711743036068,0.0025,5259.381,1059.189,1.0466,6.5344,0.4481473390826106,0.0,Merge
1534153.927,E43,E42,0.0675,0.06000000000000001,3177.569,3055.232,1.1771,4.7564,0.857609097972054,0.0,Hit+Run
1535255.257,E23,P75,0.4725000000000004,0.0025,6078.472,1059.189,1.0275,7.4887,0.1733017162061867,0.0,Merge
1590883.372,E23,P336,0.4750000000000004,0.0025,6089.174,1059.189,1.3484,9.8459,0.8807897809220018,0.0,Hit+Run
1598059.701,E23,P336,0.4750000000000004,0.0025,6089.174,1059.189,1.0581,7.7262,0.47651238244464966,0.0,Merge
1634092.198,E23,P511,0.4775000000000004,0.0025,6099.838,1059.189,1.6405,12.001,0.3864039305269628,0.0,Merge
1830304.015,E67,P810,0.027500000000000004,0.0025,2355.617,1059.189,4.9531,13.116,0.7203836076330764,0.0,Hit+Run
1855386.636,E31,P86,0.030000000000000002,0.0025,2424.939,1059.189,1.5393,4.2002,0.6248650497297898,0.0,Merge
1924769.344,E23,P78,0.4800000000000004,0.0025,6110.465,1059.189,1.4767,10.823,0.38607724700475043,0.0,Merge
1994117.956,E23,P45,0.48250000000000043,0.0025000000000000022,6121.055,1059.189,1.2251,8.9956,0.07834342136527729,0.0,Merge
2130864.157,E23,P12,0.48500000000000043,0.0025000000000000022,6131.608,1059.189,1.4129,10.393,0.9289336045143162,0.0,Hit+Run
2133034.532,E4,P439,0.3085711743036068,0.0025,5273.662,1059.189,1.7606,11.024,0.6366349068846882,0.0,Merge
2163187.331,E39,P480,0.17617416750936274,0.0025,4374.965,1059.189,2.056,10.532,0.8200611514174408,0.0,Hit+Run
2163762.31,E23,P12,0.48500000000000043,0.0025000000000000022,6131.608,1059.189,1.045,7.6872,0.20456321986688497,0.0,Merge
2334884.469,E52,P237,0.025,0.0025000000000000022,2281.955,1059.189,2.014,5.1622,0.6705556419847524,0.0,Merge
2483883.573,E4,P6,0.3110711743036068,0.0025,5287.866,1059.189,1.2126,7.6147,0.8421187694750661,0.0,Hit+Run
2498837.151,E4,P6,0.3110711743036068,0.0025,5287.866,1059.189,1.0496,6.5911,0.8452846295106866,0.0,Hit+Run
2555000.538,E23,P129,0.48750000000000043,0.0025000000000000022,6142.126,1059.189,1.7093,12.597,0.8982923606111898,0.0,Hit+Run
2745942.462,E13,P267,0.03500000000000004,0.0025,2552.798,1059.189,3.0557,8.7965,0.9503762751142214,0.0,Hit+Run
2766796.468,E4,P291,0.3110711743036068,0.0025,5287.866,1059.189,3.5914,22.552,0.9787506236439532,0.0,Hit+Run
2784843.828,E23,P404,0.48750000000000043,0.0025,6142.126,1059.189,2.3104,17.026,0.6442936281861875,0.0,Merge
2836224.318,E13,P410,0.03500000000000004,0.0025,2552.798,1059.189,2.4931,7.1769,0.9339795103468755,0.0,Hit+Run
2893533.215,E23,P393,0.49000000000000044,0.0025,6152.607,1059.189,2.9203,21.560,0.5732186746811713,0.0,Merge
2898382.757,E2,P230,0.030000000000000002,0.0025000000000000022,2424.939,1059.189,5.5679,15.192,0.28361829780005493,0.009698301698301699,Fragment
2950558.113,E23,P428,0.49250000000000044,0.0025,6163.053,1059.189,1.242,9.1864,0.8245003523901462,0.0,Merge
2978124.155,E43,P456,0.0675,0.0025,3177.569,1059.189,2.3442,8.5130,0.5811750000000001,0.0,Merge
2989950.282,E23,P212,0.49500000000000044,0.0025,6173.464,1059.189,1.6157,11.971,0.6248872153688892,0.0,Merge
3037689.297,E23,P121,0.49750000000000044,0.0025,6183.839,1059.189,1.5199,11.282,0.7192109921288916,0.0,Merge
3064799.677,E43,P185,0.07,0.0025000000000000022,3216.324,1059.189,2.4033,8.8417,0.7460222738531163,0.0,Merge
3154878.269,E39,P162,0.17617416750936274,0.0024999999999999905,4374.965,1059.189,1.8366,9.4088,0.8781078910769713,0.0,Hit+Run
3176877.654,E23,P176,0.5000000000000004,0.0025,6194.180,1059.189,1.6978,12.625,0.9578158017637185,0.0,Hit+Run
3220797.28,E23,P255,0.5000000000000004,0.002500000000000014,6194.180,1059.189,1.1344,8.4357,0.7865088743084742,0.0,Merge
3229408.775,E60,P429,0.027500000000000004,0.0025000000000000022,2355.617,1059.189,1.9685,5.2127,0.6518840459764983,0.0,Merge
3253901.267,E4,P291,0.3110711743036068,0.0025,5287.866,1059.189,1.7152,10.770,0.6084283115825492,0.0,Merge
3323134.646,E24,P370,0.06,0.0025,3055.232,1059.189,1.0444,3.6367,0.7656603737637065,0.0,Graze+Merge
3340415.68,E24,P399,0.0625,0.0025000000000000022,3097.090,1059.189,1.7457,6.1678,0.7713142403384189,0.0,Hit+Run
3372452.546,E23,P129,0.5025000000000005,0.0025000000000000022,6204.486,1059.189,1.2504,9.3148,0.7931914719689941,0.0,Merge
3384644.336,E4,P74,0.3135711743036068,0.0025,5301.993,1059.189,2.2106,13.921,0.7492256839481075,0.0,Merge
3454608.966,E43,P488,0.07250000000000001,0.0025,3254.167,1059.189,1.9127,7.1256,0.6034007427135043,0.0,Merge
3496098.125,NEPTUNE,K909,16.294423909423912,0.035,19785.18,2552.798,1.0004,24.165,0.38697080688748453,0.0,Merge
3604578.712,E24,E41,0.0625,0.06250000000000001,3097.090,3097.090,1.2407,4.9795,0.8395,0.0,Hit+Run
3696615.911,E23,P176,0.5050000000000006,0.0025,6214.759,1059.189,1.1113,8.2931,0.9429856590979073,0.0,Hit+Run
3697083.981,E4,P169,0.3160711743036068,0.002500000000000014,5316.047,1059.189,1.9234,12.147,0.6697553335878915,0.0,Merge
3745504.174,E52,P172,0.027500000000000004,0.0025,2355.617,1059.189,1.8921,5.0104,0.610770512494806,0.0,Merge
3779244.851,E29,P421,0.2313258324906372,0.0025,4790.732,1059.189,1.5756,8.8996,0.7657084127240792,0.0,Merge
3850205.331,E4,P101,0.3185711743036068,0.0025000000000000022,5330.026,1059.189,2.7888,17.662,0.9344957506091445,0.0,Hit+Run
3864875.326,E49,P458,0.0925,0.0025,3529.455,1059.189,2.8795,11.705,0.4255826256485958,0.0,Merge
4129714.954,E13,P215,0.03500000000000004,0.0025,2552.798,1059.189,4.5523,13.104,0.14113939327754146,0.005811521811521812,Fragment
4154273.273,E68,P635,0.027500000000000004,0.0025,2355.617,1059.189,2.4509,6.4902,0.9358157637795955,0.0,Hit+Run
4202317.85,E23,P641,0.5050000000000006,0.0025,6214.759,1059.189,3.2999,24.625,0.7231521807198231,0.0,Merge
4203246.788,E29,P157,0.2338258324906372,0.0025,4807.928,1059.189,1.6976,9.6257,0.9712360390989365,0.0,Hit+Run
4248147.784,E24,P93,0.0625,0.0025,3097.090,1059.189,2.4705,8.7286,0.996873916263875,0.0,Hit+Run
4249382.989,E29,P184,0.2338258324906372,0.0025,4807.928,1059.189,1.7456,9.8979,0.7063832818961215,0.0,Merge
4252198.963,E68,P445,0.027500000000000004,0.0024999999999999905,2355.617,1059.189,2.2846,6.0498,0.737353287560084,0.0,Hit+Run
4287226.16,E18,E55,0.030000000000000002,0.030000000000000002,2424.939,2424.939,1.1,3.4566,0.9399,0.0,Hit+Run
4296747.942,E2,FRAG0001,0.0228016983016983,0.009698301698301699,2213.007,1664.277,2.7334,7.0703,0.3204829516391622,0.016073260073260074,Fragment
4385900.837,E24,P358,0.0625,0.0025,3097.090,1059.189,1.769,6.2501,0.4910598825070217,0.0,Merge
4482163.96,E23,P241,0.5075000000000005,0.0025,6224.997,1059.189,1.6797,12.556,0.95158654289436,0.0,Hit+Run
4556901.142,E69,P345,0.030000000000000002,0.0025,2424.939,1059.189,2.6807,7.3147,0.845913323058127,0.0,Hit+Run
4580978.896,E4,P257,0.3185711743036068,0.0025,5330.026,1059.189,2.1665,13.721,0.3136675613542566,0.0,Merge
4635795.141,E23,P176,0.5075000000000005,0.0025,6224.997,1059.189,1.1153,8.3376,0.6480359905494325,0.0,Merge
4677069.927,E43,E13,0.07500000000000001,0.031688478188478225,3291.149,2469.605,1.1344,4.3615,0.981959376511848,0.0,Hit+Run
4703830.313,E29,P347,0.2363258324906372,0.0025,4825.002,1059.189,1.7492,9.9562,0.7224147247763999,0.0,Merge
4781883.275,E2,FRAG0003,0.016426739926739927,0.008036630036630037,1983.859,1563.214,5.2935,12.420,0.4618655810404568,0.018936063936063938,Fragment
4802789.165,E4,P297,0.3210711743036068,0.0025,5343.932,1059.189,1.7303,10.989,0.6679161919842298,0.0,Merge
4829896.604,E29,P282,0.2388258324906372,0.0025,4841.957,1059.189,2.6472,15.124,0.6105423681914539,0.0,Merge
4831090.909,E2,P268,0.005527306027306028,0.0025,1379.849,1059.189,9.0854,14.725,0.4634499333763647,0.0,Fragment
4875090.926,E41,P435,0.06250000000000001,0.0025,3097.090,1059.189,3.5672,12.603,0.5794357581752049,0.0,Merge
4920269.142,E29,P187,0.24132583249063722,0.00250000000000006,4858.793,1059.189,1.7913,10.272,0.4344026430985179,0.0,Merge
4963324.709,E60,E63,0.030000000000000006,0.025,2424.939,2281.955,1.216,3.7136,0.641307003825995,0.0,Hit+Run
5120002.705,E51,E63,0.035,0.025,2552.798,2281.955,1.2468,3.9241,0.9285055798316235,0.0,Hit+Run
5281171.707,E49,E46,0.095,0.025,3560.970,2281.955,1.0775,4.3626,0.29796004059384457,0.006441558441558443,Fragment
5364748.201,E4,FRAG0006,0.3235711743036068,0.0063120213120213126,5357.766,1442.281,1.1909,7.4106,0.48109252886724857,0.0,Merge
5378398.425,E2,FRAG0005,0.008027639027639028,0.0063120213120213126,1562.631,1442.281,4.4059,8.5989,0.5635516245901476,0.008811854811854812,Graze+Frag
5566467.145,E39,E69,0.17617416750936274,0.030000000000000002,4374.965,2424.939,1.008,4.9588,0.9298861217965724,0.0,Graze+Merge
5620635.535,E43,E24,0.07500000000000001,0.065,3291.149,3137.846,1.5792,6.5839,0.9939493273296687,0.0,Hit+Run
5736791.071,E58,P202,0.08,0.0025,3362.718,1059.189,3.093,11.936,0.9841212350712865,0.0,Hit+Run
5872459.551,E39,E49,0.20617416750936274,0.11355844155844155,4610.399,3779.203,0.9999,5.5148,0.6076783055363362,0.010441471861471862,Perfect
5909747.217,E29,P239,0.24382583249063727,0.0025,4875.514,1059.189,1.5494,8.9181,0.8544692675855424,0.010441471861471862,Hit+Run
6023048.491,E23,P101,0.5100000000000005,0.0025000000000000022,6235.202,1059.189,1.198,8.9715,0.3922649429181247,0.0,Merge
6205049.194,E43,E24,0.07500000000000001,0.065,3291.149,3137.846,1.0581,4.4114,0.9633875355900821,0.0,Hit+Run
6278493.097,E23,P350,0.5125000000000004,0.0025000000000000022,6245.374,1059.189,1.8335,13.754,0.6543285524092236,0.0,Merge
6291947.487,P6,P47,0.0025,0.002500000000000014,1059.189,1059.189,8.3981,11.527,0.7259499999999993,0.0,Graze+Frag
6323759.233,E4,P29,0.3298831956156281,0.0025,5392.381,1059.189,1.7489,11.215,0.6019608000116303,0.0,Merge
6332132.072,E23,P362,0.5150000000000003,0.0025,6255.512,1059.189,1.1793,8.8621,0.9834767022573427,0.0,Hit+Run
6366100.081,E52,P586,0.030000000000000002,0.0025,2424.939,1059.189,4.3118,11.765,0.7476387128756296,0.0,Hit+Run
6393981.196,E66,P467,0.035,0.0025,2552.798,1059.189,1.2618,3.6323,0.5063207879020064,0.0,Merge
6600381.08,E29,P53,0.24382583249063727,0.0025,4875.514,1059.189,1.0226,5.8859,0.09012141010877224,0.0,Merge
6776648.556,E2,FRAG0009,0.005527805527805529,0.008811854811854812,1379.890,1611.942,3.629,7.0981,0.7343992170226099,0.0,Hit+Run
6826250.385,E48,P444,0.03250000000000001,0.0025,2490.510,1059.189,1.9218,5.3914,0.8234111620125398,0.0,Hit+Run
6847098.775,E39,P615,0.3197326090678043,0.0025,5336.495,1059.189,1.1899,7.5458,0.8679324032987089,0.0,Hit+Run
6855044.246,E24,P243,0.065,0.0025,3137.846,1059.189,4.3555,15.605,0.17823590245029086,0.0,Merge
6880574.819,E4,P8,0.3323831956156281,0.0025,5405.968,1059.189,1.934,12.435,0.7989599927767618,0.0,Merge
7091722.549,E43,P366,0.07500000000000001,0.0025,3291.149,1059.189,1.3764,5.1902,0.3241718424440679,0.0,Merge
7107572.491,E29,P267,0.24632583249063728,0.0025,4892.120,1059.189,1.3975,8.0732,0.7791144305860078,0.0,Merge
7125104.336,E60,P900,0.030000000000000006,0.0025,2424.939,1059.189,1.3807,3.7674,0.8730571601481937,0.0,Hit+Run
7277254.882,E39,P418,0.3197326090678043,0.0025,5336.495,1059.189,2.0687,13.118,0.9576293205786659,0.0,Hit+Run
7444125.384,E29,P239,0.24882583249063728,0.0025,4908.615,1059.189,1.5237,8.8342,0.5718953760839526,0.0,Merge
7458692.415,URANUS,K398,15.97942390942391,0.035,19656.86,2552.798,1.0009,24.012,0.45332727256237393,0.0,Merge
7485875.108,E42,E13,0.06000000000000001,0.031688478188478225,3055.232,2469.605,1.2403,4.5142,0.8818129053330909,0.0,Hit+Run
7543724.066,E23,P502,0.5150000000000003,0.0025,6255.512,1059.189,1.9334,14.529,0.823896917351934,0.0,Merge
7693902.365,E23,P224,0.5175000000000003,0.0025,6265.618,1059.189,2.0536,15.458,0.9429895571890952,0.0,Hit+Run
7761461.704,E23,P332,0.5175000000000003,0.0025,6265.618,1059.189,4.2479,31.976,0.15910382586826172,0.0,Merge
7851294.578,E39,P565,0.3197326090678043,0.0025000000000000022,5336.495,1059.189,1.3022,8.2580,0.9944259164116529,0.0,Hit+Run
7911305.26,E39,E58,0.3197326090678043,0.08,5336.495,3362.718,1.027,6.2197,0.7438642758880818,0.0,Graze+Merge
7947132.989,E29,P224,0.2513258324906373,0.0025,4924.999,1059.189,1.0103,5.8785,0.9715537984982994,0.0,Graze+Merge
8085992.606,E39,P210,0.39973260906780433,0.0025,5748.886,1059.189,1.0963,7.5285,0.7770367071754637,0.0,Merge
8117763.348,E48,E18,0.03250000000000001,0.030000000000000002,2490.510,2424.939,1.1739,3.7397,0.09363258457898366,0.008896769896769897,Fragment
8148304.174,E27,P515,0.025,0.0025,2281.955,1059.189,2.5905,6.6398,0.5328656670161988,0.0,Merge
8344725.609,E4,P113,0.3348831956156281,0.0025000000000000022,5419.488,1059.189,4.0184,25.907,0.19842050854707213,0.0,Merge
8503110.198,E23,P157,0.5200000000000002,0.0025,6275.692,1059.189,1.0445,7.8761,0.7866345062874117,0.0,Merge
8518101.737,E4,P149,0.33738319561562813,0.0025,5432.941,1059.189,1.3399,8.6616,0.4768372381807208,0.0,Merge
8749578.813,E41,E19,0.06500000000000002,0.027500000000000004,3137.846,2355.617,1.7854,6.5454,0.8739874811580125,0.0,Hit+Run
8796831.41,P27,P83,0.0025,0.0025,1059.189,1059.189,17.526,24.056,0.829,0.0,Graze+Frag
8820180.985,E31,P194,0.0325,0.0025,2490.510,1059.189,2.3758,6.6650,0.9012900295853004,0.0,Hit+Run
8845378.799,E24,P564,0.0675,0.0025,3177.569,1059.189,2.9844,10.837,0.7119000000000001,0.0,Merge
9008058.84,E42,P328,0.06000000000000001,0.0025,3055.232,1059.189,4.8023,16.722,0.8997678934046002,0.0,Hit+Run
9025274.968,E31,P378,0.0325,0.0025,2490.510,1059.189,1.5181,4.2588,0.4353498858459279,0.0,Merge
9147134.636,E23,P234,0.5225000000000002,0.0025,6285.733,1059.189,1.626,12.281,0.9924630457632619,0.0,Hit+Run
9180673.062,E39,P516,0.40223260906780434,0.0025,5760.846,1059.189,1.3216,9.0959,0.5814876089977937,0.0,Merge
10063463.03,E43,P537,0.07750000000000001,0.0025,3327.318,1059.189,2.1207,8.0913,0.9882947730577107,0.0,Hit+Run
10118669.803,E4,P321,0.33988319561562813,0.0025,5446.327,1059.189,2.3243,15.064,0.6184292248717158,0.0,Merge
10158418.867,E42,P374,0.06000000000000001,0.0025,3055.232,1059.189,1.9605,6.8266,0.9689008395760687,0.0,Hit+Run
10161742.588,E4,P241,0.34238319561562813,0.0025,5459.648,1059.189,1.5694,10.198,0.8865134389056989,0.0,Hit+Run
10205588.372,E56,FRAG0008,0.030000000000000002,0.006441558441558443,2424.939,1452.080,1.9504,5.3423,0.6655570179295649,0.0,Hit+Run
10244003.723,E42,P410,0.06000000000000001,0.0025,3055.232,1059.189,4.2536,14.811,0.4233371923990779,0.0,Merge
10298501.983,E23,P320,0.5225000000000002,0.0025,6285.733,1059.189,1.472,11.118,0.4028217259987647,0.0,Merge
10369301.619,E31,P534,0.035,0.0025,2552.798,1059.189,3.0182,8.6885,0.9409764056570789,0.0,Hit+Run
10402183.404,E4,P234,0.34238319561562813,0.0025,5459.648,1059.189,2.3183,15.065,0.39078617911516217,0.0,Merge
10582659.534,E2,P128,0.005527805527805529,0.002500000000000014,1379.890,1059.189,17.090,27.700,0.9423001787411053,0.0,Hit+Run
10696970.19,E23,P340,0.5250000000000001,0.0025,6295.742,1059.189,1.2009,9.0862,0.43792405671028267,0.0,Merge
10724679.151,E39,P330,0.40473260906780434,0.0025,5772.756,1059.189,1.5176,10.468,0.9107879131583412,0.0,Hit+Run
10792041.441,E52,P440,0.030000000000000002,0.0025,2424.939,1059.189,6.0179,16.420,0.8407629539692426,0.0,Hit+Run
10902295.756,E23,P359,0.5275000000000001,0.0025,6305.719,1059.189,1.3973,10.590,0.2741501999750754,0.0,Merge
10995252.907,E63,P438,0.025,0.0025,2281.955,1059.189,1.829,4.6880,0.919913825819172,0.0,Hit+Run
11049042.117,E4,P281,0.34488319561562814,0.0025,5472.904,1059.189,2.9874,19.463,0.7152711262363833,0.0,Merge
11340338.524,E23,P251,0.53,0.0025000000000000022,6315.665,1059.189,1.8631,14.144,0.5598144384176703,0.0,Merge
11378337.032,E4,P259,0.34738319561562814,0.0025000000000000022,5486.096,1059.189,3.2575,21.278,0.8564473782879085,0.0,Hit+Run
11419573.975,E48,P474,0.05360323010323012,0.0025,2942.552,1059.189,2.8104,9.4014,0.9520894723585488,0.0,Hit+Run
11573177.441,E23,P261,0.5325,0.0025,6325.580,1059.189,1.752,13.322,0.866592920222682,0.0,Hit+Run
11603104.89,E2,FRAG0007,0.005527805527805529,0.0063120213120213126,1379.890,1442.281,10.935,20.011,0.40127829418073646,0.011799653679653679,Fragment
11742460.901,E24,P479,0.07,0.0025,3216.324,1059.189,2.5729,9.4657,0.6481524565411365,0.0,Merge
11872780.948,E4,P173,0.34738319561562814,0.0025,5486.096,1059.189,2.1051,13.750,0.25446997851654823,0.0,Merge
11886030.542,E29,E19,0.2538258324906373,0.027500000000000004,4941.276,2355.617,1.7546,9.7335,0.434069374538302,0.0118981018981019,Fragment
11967544.731,E31,P203,0.035,0.0025,2552.798,1059.189,2.0893,6.0145,0.8836584046815728,0.0,Hit+Run
12141770.859,E23,P91,0.5325,0.002500000000000014,6325.580,1059.189,1.648,12.532,0.8505750417921547,0.0,Merge
12190684.309,E4,P128,0.34988319561562814,0.002500000000000014,5499.225,1059.189,1.4855,9.7283,0.6298805328228505,0.0,Merge
12305003.447,E2,FRAG0011,0.005527805527805529,0.0063120213120213126,1379.890,1442.281,5.0062,9.1610,0.8122377266882411,0.0,Hit+Run
12339629.297,E2,FRAG0011,0.005527805527805529,0.0063120213120213126,1379.890,1442.281,1.0246,1.8749,0.3096008479045234,0.0,Merge
12370370.495,E29,P382,0.2694277305925354,0.0025000000000000022,5040.511,1059.189,1.3723,8.1861,0.013056390127413898,0.0,Merge
12430294.592,P6,P492,0.005,0.0025,1334.495,1059.189,7.4435,11.771,0.2599653583444027,0.0,Fragment
12600262.623,E13,P415,0.031688478188478225,0.0025,2469.605,1059.189,3.3252,9.2470,0.9543769838021955,0.0,Hit+Run
12603736.187,E4,P119,0.35238319561562814,0.0025,5512.292,1059.189,2.2805,14.972,0.581218543727786,0.0,Merge
12725464.711,E4,FRAG0013,0.35488319561562814,0.00594905094905095,5525.297,1414.087,1.184,7.6278,0.9249721265534375,0.0,Hit+Run
12805630.104,E41,P417,0.06500000000000002,0.0025,3137.846,1059.189,1.6963,6.0777,0.6407969462673837,0.0,Merge
12810437.157,E43,P316,0.07750000000000001,0.0025000000000000022,3327.318,1059.189,1.4024,5.3507,0.8827826056370893,0.0,Hit+Run
12864580.346,E23,P27,0.535,0.005,6335.464,1334.495,1.2936,9.6974,0.7569556374638444,0.0,Merge
12918982.042,E4,P256,0.35488319561562814,0.0025000000000000022,5525.297,1059.189,3.7822,24.894,0.5646563543282426,0.0,Merge
12930373.584,E29,P299,0.2719277305925354,0.0025,5056.053,1059.189,2.8776,17.222,0.8411813715989032,0.0,Hit+Run
13071036.519,E4,P40,0.35738319561562815,0.0025,5538.241,1059.189,3.194,21.075,0.8109127517946135,0.0,Merge
13223470.174,E4,E2,0.35988319561562815,0.011839826839826841,5551.125,1778.725,1.6873,10.735,0.44743131447785467,0.0,Merge
13308071.267,E4,P261,0.37172302245545497,0.0025,5611.345,1059.189,0.9987,6.6830,0.763737874211594,0.0,Perfect
13454326.51,E39,P482,0.40473260906780434,0.0025,5772.756,1059.189,2.0744,14.308,0.8845094976288631,0.0,Hit+Run
13727469.458,E29,P457,0.2719277305925354,0.0025,5056.053,1059.189,1.3936,8.3407,0.9451921997364519,0.0,Hit+Run
13745047.978,E23,P427,0.54,0.0025,6355.139,1059.189,1.4249,10.889,0.4592571428571429,0.0,Merge
13745946.226,E23,FRAG0012,0.5425,0.00594905094905095,6364.932,1414.087,1.1816,8.8640,0.8206723789784789,0.0,Hit+Run
13842277.021,E4,E42,0.37422302245545497,0.06250000000000001,5623.896,3097.090,1.2429,7.8580,0.8837933829794289,0.0,Hit+Run
14146542.16,E48,P476,0.05360323010323012,0.0025,2942.552,1059.189,2.009,6.7205,0.8352474757893693,0.0,Hit+Run
14173069.325,E24,E41,0.07250000000000001,0.06750000000000002,3254.167,3177.569,1.0011,4.1728,0.4117964750864727,0.01004795204795205,Fragment
14223567.241,E29,P28,0.2719277305925354,0.0025,5056.053,1059.189,2.1017,12.578,0.5475037392105304,0.0,Merge
14270311.824,E23,FRAG0013,0.5425,0.00594905094905095,6364.932,1414.087,1.2796,9.5992,0.8609286910878918,0.0,Hit+Run
14457128.004,E29,P248,0.2744277305925354,0.0025,5071.501,1059.189,1.3476,8.0918,0.8486568502093403,0.0,Hit+Run
14470277.645,E43,P305,0.07750000000000001,0.0024999999999999905,3327.318,1059.189,1.4707,5.6113,0.8021503741718702,0.0,Hit+Run
15035614.351,E4,FRAG0004,0.37422302245545497,0.008036630036630037,5623.896,1563.214,2.2884,14.910,0.6270152895882939,0.0,Merge
15047066.539,E23,FRAG0013,0.5425,0.00594905094905095,6364.932,1414.087,1.3074,9.8077,0.8705836602523446,0.0,Hit+Run
15090721.977,E51,P541,0.035,0.0025,2552.798,1059.189,2.4561,7.0704,0.5417293187142489,0.0,Merge
15178311.236,E23,P99,0.5425,0.0025,6364.932,1059.189,1.3375,10.238,0.5191998243174067,0.0,Merge
15197252.38,E67,P170,0.027500000000000004,0.0024999999999999905,2355.617,1059.189,8.4279,22.317,0.36919401207049957,0.023583083583083583,Fragment
15387287.067,E4,P156,0.382259652492085,0.0025,5663.870,1059.189,1.0928,7.3860,0.8095984903297561,0.0,Merge
15725006.77,E23,P534,0.5449999999999999,0.0025,6374.694,1059.189,1.0499,8.0498,0.4743793086279595,0.0,Merge
15765302.304,E23,P290,0.5474999999999999,0.0025,6384.426,1059.189,1.4862,11.413,0.22180249384831502,0.0,Merge
16051004.485,E23,P112,0.5499999999999998,0.0025,6394.129,1059.189,1.9509,15.006,0.616823029935973,0.0,Merge
16086038.423,E29,E42,0.2744277305925354,0.06250000000000001,5071.501,3097.090,1.0731,6.1573,0.7147889942667269,0.0,Graze+Merge
16298348.304,E29,FRAG0009,0.3369277305925354,0.008811854811854812,5430.495,1611.942,2.4439,15.298,0.9483883348859189,0.0,Hit+Run
16301700.117,E39,FRAG0010,0.40473260906780434,0.008896769896769897,5772.756,1617.104,1.1545,7.7168,0.9751377457595368,0.0,Hit+Run
16772915.999,E23,P381,0.5524999999999998,0.0025,6403.802,1059.189,2.315,17.836,0.8697441791027645,0.0,Hit+Run
17135962.812,E23,P90,0.5524999999999998,0.0025,6403.802,1059.189,1.3499,10.400,0.2780160951354535,0.0,Merge
17176138.74,E4,P373,0.384759652492085,0.0025,5676.191,1059.189,2.0568,13.933,0.8004367229430516,0.0,Merge
17341655.154,P93,P450,0.0025,0.0025,1059.189,1059.189,11.276,15.478,0.6473,0.0,Graze+Frag
17465433.534,E55,P440,0.030000000000000002,0.0025,2424.939,1059.189,2.3492,6.4102,0.1418439486911686,0.0,Merge
17660492.334,E25,E56,0.03250000000000001,0.030000000000000002,2490.510,2424.939,1.1308,3.6024,0.46025887354734174,0.0,Merge
17777298.669,E24,P466,0.12995204795204796,0.0025,3952.952,1059.189,2.9878,13.722,0.5390594961834823,0.0,Merge
17988845.039,E23,P360,0.5549999999999997,0.0025000000000000022,6413.447,1059.189,2.2335,17.235,0.6653212442497148,0.0,Merge
18293622.543,E23,P512,0.5574999999999997,0.0025,6423.062,1059.189,2.3793,18.390,0.93166459666652,0.0,Hit+Run
18465901.967,E74,E67,0.027500000000000004,0.006416916416916413,2355.617,1450.226,3.1609,8.4304,0.3924745314518975,0.012305694305694307,Fragment
18757342.273,E24,E48,0.13245204795204796,0.05360323010323012,3978.140,2942.552,1.0481,4.8551,0.8766552895148161,0.0,Hit+Run
18894335.994,E29,P303,0.3369277305925354,0.0025,5430.495,1059.189,1.5069,9.7365,0.27597291324500817,0.0,Merge
18926930.255,E4,P180,0.387259652492085,0.0025,5688.458,1059.189,1.715,11.645,0.9141798737758899,0.0,Hit+Run
18965341.732,E23,P820,0.5574999999999997,0.0025,6423.062,1059.189,1.8355,14.186,0.9335531639867691,0.0,Hit+Run
19226807.762,E4,P180,0.387259652492085,0.0025,5688.458,1059.189,1.0689,7.2579,0.6240938404244664,0.0,Merge
19538863.484,P77,P500,0.0025,0.0025,1059.189,1059.189,18.704,25.673,0.43555,0.0,Merge
19787655.69,E29,FRAG0014,0.3394277305925354,0.01004795204795205,5443.893,1684.042,1.1086,6.9351,0.9950011494987234,0.0,Hit+Run
20341067.194,E29,P110,0.3394277305925354,0.0025,5443.893,1059.189,1.6926,10.965,0.41404200751094855,0.0,Merge
20398897.455,E4,P114,0.389759652492085,0.0025000000000000022,5700.673,1059.189,1.3245,9.0142,0.4169334147717508,0.0,Merge
20486472.111,P109,P314,0.002500000000000014,0.0025,1059.189,1059.189,18.868,25.898,0.9929500000000009,0.0,Hit+Run
20492314.247,P6,P507,0.0075001665001665,0.0025000000000000022,1527.627,1059.189,7.0295,12.348,0.5872952383875201,0.009438727938727938,Fragment
20621012.998,E23,P203,0.5574999999999997,0.0025,6423.062,1059.189,2.6207,20.255,0.8198957488954144,0.0,Merge
20777994.197,E39,P202,0.40473260906780434,0.0025,5772.756,1059.189,1.051,7.2495,0.41513136815538826,0.0,Merge
20862707.333,P82,P441,0.0025,0.0025,1059.189,1059.189,5.3612,7.3587,0.8925500000000001,0.0,Hit+Run
21052765.067,E31,P147,0.035,0.0025,2552.798,1059.189,5.8952,16.970,0.36984599149793407,0.009746253746253746,Fragment
21484728.305,E48,P190,0.05360323010323012,0.0025000000000000022,2942.552,1059.189,4.1887,14.012,0.7924519805072661,0.0,Hit+Run
21700086.775,E4,E31,0.392259652492085,0.02775374625374626,5712.835,2362.840,1.2821,8.2607,0.9028000639764155,0.0,Hit+Run
21716878.087,E4,E31,0.392259652492085,0.02775374625374626,5712.835,2362.840,1.0442,6.7279,0.86311421255103,0.0,Hit+Run
21841661.235,E4,E31,0.392259652492085,0.02775374625374626,5712.835,2362.840,1.0411,6.7079,0.9510456088464919,0.0,Hit+Run
21844063.653,E23,P248,0.5599999999999996,0.0025,6432.649,1059.189,1.9183,14.850,0.9665494726200857,0.0,Hit+Run
21873322.933,E29,P190,0.3419277305925354,0.0025000000000000022,5457.226,1059.189,1.4868,9.6572,0.8148468379227654,0.0,Merge
21914961.299,E63,P106,0.025,0.0025000000000000022,2281.955,1059.189,7.5872,19.447,0.4762461286982765,0.01815884115884116,Fragment
22305994.245,E60,P548,0.030000000000000006,0.0025,2424.939,1059.189,2.9695,8.1028,0.8826619025031404,0.0,Hit+Run
22792926.517,E68,P197,0.027500000000000004,0.0025,2355.617,1059.189,2.0447,5.4145,0.8851136713147567,0.0,Hit+Run
22818687.908,E13,P599,0.031688478188478225,0.0025,2469.605,1059.189,5.8077,16.150,0.6665312307495865,0.0,Merge
23193621.331,E13,P299,0.03418847818847823,0.0025,2532.913,1059.189,3.0784,8.7896,0.4114455855089767,0.0,Merge
23300595.664,E29,P384,0.3444277305925354,0.0025,5470.494,1059.189,1.6372,10.661,0.6647851613746288,0.0,Merge
23440500.303,E4,P578,0.392259652492085,0.0024999999999999905,5712.835,1059.189,1.6547,11.287,0.7751779135348725,0.0,Merge
23603057.587,E4,P362,0.394759652492085,0.0025,5724.946,1059.189,1.2635,8.6381,0.9557700465240421,0.0,Hit+Run
23789587.108,E4,P362,0.394759652492085,0.0025,5724.946,1059.189,1.3624,9.3143,0.9778795072506269,0.0,Hit+Run
23974094.235,E4,E31,0.394759652492085,0.02775374625374626,5724.946,2362.840,1.0157,6.5588,0.9037839150600064,0.0,Graze+Merge
24194129.115,E23,P286,0.5599999999999996,0.0025,6432.649,1059.189,3.3196,25.698,0.17584554676431874,0.0,Merge
24330489.595,E29,P565,0.3469277305925354,0.0025000000000000022,5483.697,1059.189,1.9021,12.418,0.9199159378388551,0.0,Hit+Run
24383315.55,E4,P820,0.42251339874583127,0.0025,5856.084,1059.189,2.6883,18.829,0.8304047106907864,0.0,Merge
24607080.031,E39,P425,0.40723260906780434,0.0025,5784.618,1059.189,1.6795,11.610,0.39709085477032835,0.0,Merge
24718985.742,E24,P565,0.13245204795204796,0.0025000000000000022,3978.140,1059.189,1.0656,4.9276,0.9950621614223766,0.0,Hit+Run
24731437.661,E24,P565,0.13245204795204796,0.0025000000000000022,3978.140,1059.189,1.0517,4.8633,0.6543718309163343,0.0,Merge
24767057.003,E39,FRAG0013,0.40973260906780434,0.00594905094905095,5796.431,1414.087,1.2576,8.5309,0.7907017028587379,0.0,Merge
24915837.353,E43,P720,0.07750000000000001,0.0025,3327.318,1059.189,2.0447,7.8013,0.5324154587529413,0.0,Merge
24963012.517,E39,P700,0.4156816600168553,0.0025,5824.350,1059.189,1.7023,11.854,0.630280110792983,0.0,Merge
25200742.075,E82,P617,0.027500000000000004,0.0025,2355.617,1059.189,3.2808,8.6878,0.9467149890985677,0.0,Hit+Run
25305203.449,E4,P259,0.4250133987458313,0.0025000000000000022,5867.612,1059.189,2.4864,17.451,0.8902896688115141,0.0,Hit+Run
25316188.627,E4,P259,0.4250133987458313,0.0025000000000000022,5867.612,1059.189,1.0542,7.3992,0.4470931372014436,0.0,Merge
25455379.955,E33,P580,0.03250000000000001,0.0025,2490.510,1059.189,2.7635,7.7527,0.89581746051262,0.0,Hit+Run
25652931.057,E29,P296,0.3469277305925354,0.0025,5483.697,1059.189,2.5725,16.796,0.3908134127316492,0.0,Merge
25893792.88,E23,P199,0.5624999999999996,0.0025000000000000022,6442.207,1059.189,1.883,14.600,0.7778160451839566,0.0,Merge
26389177.499,E27,P559,0.0275,0.0024999999999999905,2355.617,1059.189,4.126,10.926,0.41230803627529444,0.00559007659007659,Fragment
27149998.486,E23,P381,0.5649999999999995,0.0025,6451.737,1059.189,1.1166,8.6714,0.9689295882829987,0.0,Hit+Run
27601106.135,E4,P343,0.4275133987458313,0.0025,5879.094,1059.189,2.1269,14.959,0.20522604547099202,0.0,Merge
27964159.742,E39,E74,0.4181816600168553,0.021611222111222107,5836.003,2173.803,1.2404,8.2116,0.4971287179174804,0.0,Merge
27990962.896,E33,P6,0.03250000000000001,0.01,2490.510,1681.359,5.5493,15.824,0.9022710539351387,0.0,Hit+Run
27995065.339,E29,E62,0.3494277305925354,0.030000000000000002,5496.838,2424.939,1.1996,7.4173,0.21212201246763399,0.0,Merge
28579314.226,E29,P305,0.37942773059253543,0.0024999999999999905,5649.849,1059.189,1.8925,12.757,0.4958431681075657,0.0,Merge
28589574.436,E23,FRAG0014,0.5649999999999995,0.01004795204795205,6451.737,1684.042,1.7215,12.930,0.8144983706670059,0.0,Hit+Run
28612976.531,E23,FRAG0002,0.5649999999999995,0.005811521811521812,6451.737,1403.105,2.0005,15.236,0.5609961146411395,0.0,Merge
28742554.936,P17,P233,0.0025,0.0025,1059.189,1059.189,13.685,18.784,0.39305,0.0,Merge
29276171.492,E4,P362,0.4300133987458313,0.0025,5890.531,1059.189,2.9911,21.081,0.6334058516501339,0.0,Merge
29367995.607,E24,P635,0.13495204795204796,0.0025,4003.013,1059.189,2.5325,11.789,0.7397606758538081,0.0,Merge
29549757.33,E24,P398,0.13745204795204796,0.0025,4027.580,1059.189,2.1193,9.9315,0.1503581797629283,0.0,Merge
29553149.439,E29,P68,0.38192773059253543,0.0025,5662.231,1059.189,3.1163,21.055,0.5035961461393581,0.0,Merge
30602163.069,E33,P525,0.03250000000000001,0.0025,2490.510,1059.189,5.6102,15.738,0.7453218110139069,0.0,Hit+Run
30960734.745,E29,P235,0.38442773059253543,0.0025,5674.558,1059.189,2.5171,17.046,0.9930427016391553,0.0,Hit+Run
31294814.694,E23,P235,0.5708115218115213,0.0025,6473.782,1059.189,1.0236,7.9781,0.8336110402356119,0.0,Merge
31547990.548,E29,P383,0.38442773059253543,0.0025,5674.558,1059.189,2.4247,16.421,0.8922552719751677,0.0,Hit+Run
31579523.387,E23,P383,0.5733115218115212,0.0025,6483.219,1059.189,1.1763,9.1824,0.9665850689101392,0.0,Hit+Run
32007414.296,E29,P679,0.38442773059253543,0.0025,5674.558,1059.189,2.1627,14.646,0.40003171288875344,0.0,Merge
32170058.744,E43,P524,0.08000000000000002,0.0025,3362.718,1059.189,2.3022,8.8842,0.6132411436221973,0.0,Merge
32198260.579,E23,P181,0.5733115218115212,0.0025,6483.219,1059.189,1.7727,13.838,0.23388865918225776,0.0,Merge
33065651.554,E29,FRAG1002,0.38692773059253543,0.006428825696393524,5686.832,1451.123,1.7099,11.340,0.36401370051796644,0.0,Merge
33267030.473,E23,P89,0.5758115218115212,0.0025000000000000022,6492.629,1059.189,2.8767,22.490,0.8075572982237074,0.0,Merge
33546814.696,P138,FRAG0021,0.0025,0.009746253746253746,1059.189,1667.015,4.0982,7.7601,0.1850917033039965,0.006718281718281718,Fragment
34075620.198,E4,P77,0.4325133987458313,0.005,5901.925,1334.495,3.5343,24.552,0.45044827140204263,0.0,Merge
34143858.807,E4,P615,0.4375133987458313,0.0025,5924.580,1059.189,2.4572,17.425,0.38285382178634064,0.0,Merge
34253220.898,E4,P17,0.4400133987458313,0.005,5935.844,1334.495,2.8326,19.799,0.640747277496234,0.0,Merge
34286596.157,E39,P183,0.43979288212807743,0.0025000000000000022,5934.852,1059.189,1.0505,7.4635,0.5584361885772624,0.0,Merge
34366471.093,E63,P295,0.009341158841158843,0.0025,1643.592,1059.189,4.6934,8.7768,0.2816163218787135,0.006313020313020314,Fragment
34512416.809,E4,P248,0.4450133987458313,0.0025,5958.243,1059.189,3.261,23.266,0.8432894177402931,0.0,Merge
34800169.327,E23,P383,0.5783115218115211,0.0025,6502.012,1059.189,1.9472,15.247,0.6269660599680034,0.0,Merge
35183906.265,E38,P614,0.025,0.0025,2281.955,1059.189,4.6714,11.973,0.6348354748674143,0.0,Merge
35330029.846,E39,FRAG0022,0.44229288212807744,0.006052947052947053,5946.076,1422.272,1.1462,7.9880,0.362574056421259,0.0,Merge
36021654.958,E39,P415,0.4483458291810245,0.0025,5973.078,1059.189,1.3282,9.5013,0.7086389598181195,0.0,Merge
36606422.745,E29,FRAG0024,0.39335655628892896,0.006052947052947053,5718.155,1422.272,1.3238,8.8455,0.9243797384400554,0.0,Hit+Run
36900916.22,E57,P592,0.05750000000000001,0.0025,3012.195,1059.189,1.973,6.7668,0.7861596326382155,0.0,Hit+Run
36908193.58,E57,P592,0.05750000000000001,0.0025,3012.195,1059.189,1.0599,3.6351,0.6990798389608976,0.0,Merge
37741701.012,E63,P270,0.00552813852813853,0.0025,1379.918,1059.189,5.1324,8.3189,0.6216429303780914,0.0,Graze+Frag
37755162.356,E29,P93,0.39335655628892896,0.005,5718.155,1334.495,2.3648,15.878,0.5256293169053691,0.0,Merge
38033533.956,E24,P371,0.13995204795204796,0.0025,4051.852,1059.189,2.2625,10.671,0.9498110154835239,0.0,Hit+Run
38355899.104,E4,P298,0.4475133987458313,0.0025,5969.379,1059.189,2.6573,18.996,0.9355063758483214,0.0,Hit+Run
38376639.576,E4,P298,0.4475133987458313,0.0025,5969.379,1059.189,1.0369,7.4126,0.08832742904060412,0.0,Merge
39187077.974,E13,P310,0.03668847818847823,0.0025,2593.206,1059.189,4.5107,13.200,0.31133559851005105,0.0,Merge
39245615.569,E24,E27,0.13995204795204796,0.0244099234099234,4051.852,2263.858,1.2755,5.8133,0.9768259293393221,0.0,Hit+Run
39602604.734,E29,FRAG0024,0.39835655628892896,0.006052947052947053,5742.281,1422.272,1.3596,9.1260,0.9298025901212074,0.0,Hit+Run
39695961.059,P111,P444,0.0025000000000000022,0.0025,1059.189,1059.189,4.9185,6.7510,0.9126500000000001,0.0,Hit+Run
39795522.229,E13,P353,0.03918847818847823,0.0025,2650.818,1059.189,6.5761,19.694,0.9391449796168787,0.0,Hit+Run
40080637.758,E66,FRAG0009,0.037500000000000006,0.008811854811854812,2612.187,1611.942,2.2857,6.7616,0.8436164840749931,0.0,Hit+Run
40141795.874,E39,P109,0.4508458291810245,0.002500000000000014,5984.160,1059.189,1.5134,10.847,0.7356846085277927,0.0,Merge
40382366.556,P171,P357,0.0025000000000000022,0.0025,1059.189,1059.189,10.003,13.730,0.5974000000000002,0.0,Graze+Frag
40383656.953,E23,P647,0.5808115218115211,0.0025,6511.368,1059.189,2.1375,16.762,0.7036403686802599,0.0,Merge
40743588.805,E13,P337,0.03918847818847823,0.0025,2650.818,1059.189,5.592,16.747,0.7340106798238129,0.0,Graze+Frag
40948302.661,E29,P523,0.39835655628892896,0.0025000000000000022,5742.281,1059.189,2.1526,14.764,0.8766904645933828,0.0,Hit+Run
41216048.451,E23,P125,0.583311521811521,0.0025,6520.697,1059.189,2.0427,16.043,0.45550931023814767,0.0,Merge
41540122.86,E39,P271,0.4533458291810245,0.0025,5995.200,1059.189,2.3418,16.818,0.6540474837060702,0.0,Merge
41635462.009,E23,P51,0.585811521811521,0.0025,6529.999,1059.189,1.658,13.042,0.8286843498879025,0.0,Merge
41663690.281,E4,P512,0.4500133987458313,0.0025,5980.474,1059.189,2.643,18.931,0.5734393087539528,0.0,Merge
42161613.717,E4,P501,0.4525133987458313,0.0025000000000000022,5991.529,1059.189,3.269,23.462,0.9446105676516696,0.0,Hit+Run
42247219.194,E4,P501,0.4525133987458313,0.0025000000000000022,5991.529,1059.189,1.0171,7.2998,0.8996574379028631,0.0,Graze+Merge
43872535.394,E23,FRAG0024,0.5883115218115209,0.006052947052947053,6539.275,1422.272,1.5139,11.686,0.9839860368776518,0.0,Hit+Run
43884710.781,E23,FRAG0024,0.5883115218115209,0.006052947052947053,6539.275,1422.272,1.0246,7.9093,0.2818898229185393,0.0,Merge
44067518.442,E39,P395,0.4558458291810245,0.0025,6006.200,1059.189,1.1229,8.0802,0.06817702241323163,0.0,Merge
44983514.393,E39,P274,0.4583458291810245,0.0025,6017.160,1059.189,1.6712,12.049,0.43757454212264957,0.0,Merge
45200644.243,E23,P371,0.5943644688644679,0.0025,6561.625,1059.189,1.7067,13.494,0.907594408153666,0.0,Hit+Run
45551981.078,E29,P391,0.39835655628892896,0.0025,5742.281,1059.189,2.1429,14.697,0.3769667685294159,0.0,Merge
46336173.973,E48,P459,0.05360323010323012,0.0025,2942.552,1059.189,4.5008,15.056,0.839291723625307,0.0,Hit+Run
46458719.273,E25,P452,0.06250000000000001,0.0025,3097.090,1059.189,7.162,25.304,0.7493320452944779,0.0,Graze+Frag
47128455.199,E24,P331,0.13995204795204796,0.0025,4051.852,1059.189,1.8855,8.8933,0.7822998999074714,0.0,Merge
47390669.19,E4,P314,0.4550133987458313,0.0025,6002.542,1059.189,2.7476,19.758,0.8914903840455134,0.0,Hit+Run
47408903.467,E29,P482,0.40085655628892897,0.0025,5754.269,1059.189,1.6044,11.028,0.5094292207868598,0.0,Merge
47708181.685,E4,P314,0.4550133987458313,0.0025,6002.542,1059.189,1.0397,7.4767,0.8840102969177478,0.0,Hit+Run
47965448.704,E23,FRAG0027,0.5943644688644679,0.006313020313020314,6561.625,1442.357,1.5615,12.085,0.25282479085280507,0.0,Merge
48697144.405,E27,P604,0.0244099234099234,0.0025,2263.858,1059.189,3.0089,7.6498,0.8806642509667273,0.0,Hit+Run
49221906.884,E4,P381,0.4550133987458313,0.0025,6002.542,1059.189,2.2851,16.432,0.4124248039081647,0.0,Merge
49836695.449,E4,P316,0.4575133987458313,0.0025000000000000022,6013.515,1059.189,3.4564,24.904,0.8040744361366117,0.0,Merge
51153258.485,P162,P646,0.0024999999999999905,0.0025,1059.189,1059.189,9.9945,13.718,0.4709999999999997,0.0,Merge
51748000.662,E23,P311,0.6006774891774882,0.0025000000000000022,6584.775,1059.189,2.1828,17.323,0.17900608728380132,0.0,Merge
51809624.069,E23,P314,0.6031774891774881,0.0025,6593.898,1059.189,2.2924,18.220,0.8821057347941385,0.0,Hit+Run
52019181.282,E63,P751,0.008027639027639028,0.0025,1562.631,1059.189,25.998,46.543,0.8122421844203173,0.0,Graze+Frag
52095123.435,E4,P241,0.4600133987458313,0.0025,6024.449,1059.189,2.3147,16.710,0.9454716740724112,0.0,Hit+Run
52121795.192,E4,P241,0.4600133987458313,0.0025,6024.449,1059.189,1.027,7.4141,0.4770307295018579,0.0,Merge
52743342.119,E23,P272,0.6031774891774881,0.0025,6593.898,1059.189,3.8216,30.374,0.3934925660094579,0.0,Merge
52745920.76,P167,P354,0.0025,0.0025,1059.189,1059.189,13.226,18.154,0.8528,0.0,Graze+Frag
53831529.552,E23,P355,0.6056774891774881,0.0025,6602.995,1059.189,4.4758,35.625,0.38796614691811243,0.0,Merge
54054404.662,E39,E83,0.4608458291810245,0.025,6028.080,2281.955,1.5066,10.292,0.8349326895786476,0.019472527472527472,Hit+Run+Frag
54327355.064,E4,E25,0.4625133987458313,0.064998334998335,6035.343,3137.819,1.083,7.3374,0.7316235346663762,0.0,Graze+Merge
54610071.565,E23,FRAG0020,0.608177489177488,0.006152847152847154,6612.067,1430.054,1.7306,13.513,0.5103267992069073,0.0,Merge
55018133.124,E29,P738,0.40335655628892897,0.0025,5766.206,1059.189,1.6343,11.259,0.6569291991079367,0.0,Merge
55032034.072,E23,P306,0.6143303363303352,0.0025,6634.290,1059.189,1.5938,12.750,0.29241484865773787,0.0,Merge
56058611.029,E39,P799,0.46084549618069154,0.0025,6028.079,1059.189,1.5782,11.400,0.34447289028146694,0.0,Merge
56228633.559,E38,FRAG0009,0.0275,0.008811854811854812,2355.617,1611.942,7.0035,18.929,0.31223702240329776,0.03078421578421579,Fragment
56956978.194,P171,P481,0.005,0.0025,1334.495,1059.189,10.838,17.140,0.9507718681547166,0.0,Hit+Run
59155970.996,E4,P167,0.5275117337441663,0.005,6305.766,1334.495,1.0114,7.5438,0.6842842391068201,0.0,Merge
59604401.985,P171,FRAG0034,0.005,0.006156843156843158,1334.495,1430.363,6.0437,10.846,0.3992589146461197,0.005629037629037629,Fragment
60110434.388,E39,P300,0.46334549618069154,0.0025,6038.960,1059.189,1.3089,9.4735,0.6917687607031394,0.0,Merge
60289945.128,E23,P509,0.6168303363303351,0.0025,6643.278,1059.189,3.4901,27.960,0.32860752316903014,0.0,Merge
60528331.639,E51,P345,0.037500000000000006,0.0025,2612.187,1059.189,7.2095,21.260,0.2489540704098187,0.01385880785880786,Fragment
60849324.022,P218,P900,0.0025,0.0025,1059.189,1059.189,23.738,32.583,0.9673,0.0,Hit+Run
61942232.252,P111,P140,0.0025000000000000022,0.0025,1059.189,1059.189,9.6045,13.183,0.9725000000000003,0.0,Hit+Run
61945380.493,E13,P441,0.04168831168831169,0.0025,2706.025,1059.189,4.7722,14.606,0.32650121980597907,0.00561127539127539,Fragment
62267304.95,E23,P481,0.6193303363303351,0.0025,6652.240,1059.189,1.6783,13.464,0.12646401612644315,0.0,Merge
62455847.649,E4,P335,0.5325117337441663,0.0025,6325.627,1059.189,3.0805,23.425,0.9916533366130392,0.0,Hit+Run
62487500.652,E4,P335,0.5325117337441663,0.0025,6325.627,1059.189,1.0104,7.6835,0.7101837966535984,0.0,Merge
63505808.578,E4,P490,0.5350117337441662,0.0025,6335.510,1059.189,2.9775,22.679,0.8684156297320663,0.0,Hit+Run
63975435.501,E4,P457,0.5350117337441662,0.0025,6335.510,1059.189,1.8765,14.293,0.7930204290449886,0.0,Merge
64229566.034,E24,P563,0.14245204795204797,0.0025,4075.836,1059.189,2.1201,10.063,0.4741756914249632,0.0,Merge
64412392.826,E29,E48,0.40585655628892897,0.05360323010323012,5778.095,2942.552,1.9369,12.560,0.5574255369319742,0.02193406593406594,Fragment
64427235.755,E29,FRAG0040,0.4375257204580932,0.0073113553113553125,5924.636,1514.699,1.0493,7.2492,0.8684667716109226,0.0,Hit+Run
64939485.558,E57,E45,0.06000000000000001,0.025,3055.232,2281.955,1.9261,6.8673,0.9812234379535999,0.0,Hit+Run
65339363.756,E39,P871,0.46584549618069154,0.0025,6049.801,1059.189,1.9315,14.006,0.5602179138446985,0.0,Merge
65620036.395,P218,P464,0.0025,0.0025000000000000022,1059.189,1059.189,8.3684,11.486,0.9838499999999998,0.0,Hit+Run
65952363.108,E43,P523,0.08250000000000002,0.0025000000000000022,3397.388,1059.189,2.324,9.0678,0.43544353191182006,0.0,Merge
66145398.089,E29,P218,0.4375257204580932,0.0025,5924.636,1059.189,1.1537,8.1816,0.8711569894632024,0.0,Hit+Run
66206523.012,E63,P140,0.01052780552780553,0.0025,1710.434,1059.189,7.945,15.394,0.8303834357265166,0.0,Hit+Run
66303368.837,E55,P453,0.0325,0.0025000000000000022,2490.510,1059.189,7.8747,22.091,0.938685918248617,0.0,Hit+Run
66567237.813,E23,P490,0.621830336330335,0.0025,6661.179,1059.189,1.4752,11.852,0.946411680424872,0.0,Hit+Run
67102347.994,E23,P371,0.621830336330335,0.0025,6661.179,1059.189,2.2113,17.766,0.9589223645037859,0.0,Hit+Run
67570751.412,E23,P371,0.621830336330335,0.0025,6661.179,1059.189,1.0479,8.4190,0.7320907200660989,0.0,Merge
67899569.298,E24,E83,0.14495204795204797,0.005527805527805528,4099.541,1379.890,2.2843,10.695,0.8974287227002543,0.0,Hit+Run
69471207.564,P232,P517,0.0025,0.0025,1059.189,1059.189,12.186,16.726,0.76485,0.0,Graze+Frag
69805273.339,E39,P408,0.46834549618069155,0.0025,6060.604,1059.189,1.725,12.532,0.48018057916852114,0.0,Merge
70815562.569,E29,E13,0.4375257204580932,0.03857725607725608,5924.636,2636.964,1.4439,9.6198,0.42737981839891254,0.010257409257409257,Fragment
71263046.246,P313,P548,0.0025,0.0025,1059.189,1059.189,20.565,28.227,0.54565,0.0,Graze+Frag
71478827.57,E39,FRAG0030,0.47084549618069155,0.006490842490842491,6071.369,1455.774,1.0941,7.7841,0.9685612695895088,0.0,Hit+Run
72265161.452,E23,P627,0.624330336330335,0.0025,6670.094,1059.189,2.8144,22.643,0.9634130514450716,0.0,Hit+Run
72527460.4,E23,P627,0.624330336330335,0.0025,6670.094,1059.189,1.0632,8.5541,0.49637691435973236,0.0,Merge
72807613.159,E29,P318,0.46584556727794,0.0025000000000000022,6049.802,1059.189,3.4911,25.316,0.13692702874197848,0.0,Merge
73211025.971,E57,P459,0.06000000000000001,0.0025,3055.232,1059.189,2.7497,9.5747,0.7765018454511765,0.0,Hit+Run
73350735.522,P218,FRAG0010,0.0025,0.008896769896769897,1059.189,1617.104,3.6191,6.6723,0.49712344401072245,0.0,Hit+Run
73427855.776,P171,P638,0.005527805527805529,0.0025,1379.890,1059.189,5.1834,8.4015,0.8496316092899815,0.0,Hit+Run
73863449.077,E4,FRAG0039,0.5375117337441662,0.005611055611055611,6345.363,1386.783,2.2261,16.668,0.9763237565810133,0.0,Hit+Run
74331328.287,E4,E51,0.5375117337441662,0.02614119214119215,6345.363,2316.162,1.409,10.154,0.9550800398723216,0.0,Hit+Run
74449075.284,E4,E51,0.5375117337441662,0.02614119214119215,6345.363,2316.162,1.0765,7.7585,0.9182306680800552,0.0,Hit+Run
74885281.283,E29,FRAG0035,0.46834556727794,0.006156843156843158,6060.605,1430.363,1.7703,12.587,0.15687574282342162,0.0,Merge
74935227.047,E23,P474,0.6268303363303349,0.0025,6678.985,1059.189,2.6856,21.638,0.9999262477982399,0.0,Hit+Run
74949458.325,E23,P552,0.6268303363303349,0.0025,6678.985,1059.189,2.6887,21.663,0.9896551020504634,0.0,Hit+Run
75061500.565,E29,E24,0.4745024104347832,0.14495204795204797,6087.047,4099.541,1.1661,8.1242,0.3642695304129268,0.040997668997669,Fragment
75601247.582,E4,P474,0.5375117337441662,0.0025,6345.363,1059.189,1.9586,14.943,0.7536055597521398,0.0,Merge
75705468.858,E4,E51,0.5400117337441661,0.02614119214119215,6355.185,2316.162,1.8045,13.026,0.4127663441849621,0.007110223110223111,Fragment
75744258.436,E29,E43,0.5784567893891621,0.08500000000000002,6502.556,3431.364,1.0266,7.4955,0.971463785466117,0.0,Graze+Merge
76085745.741,E33,FRAG0010,0.03250000000000001,0.008896769896769897,2490.510,1617.104,7.9348,22.505,0.6553057803392927,0.03586813186813187,Graze+Frag
76756604.405,E29,FRAG0043,0.6634567893891621,0.010257409257409257,6806.618,1695.663,1.5486,12.315,0.49963179770469396,0.0,Merge
76880508.434,E29,P171,0.6737141986465713,0.005527805527805529,6841.517,1379.890,1.361,11.052,0.8128527202008344,0.0,Merge
76943171.125,E29,P314,0.6792420041743769,0.0025,6860.177,1059.189,1.5431,12.791,0.33238135864638446,0.0,Merge
77057794.906,E4,FRAG0051,0.5590427027751351,0.007110223110223111,6428.981,1500.680,1.1156,8.4218,0.5146647389404931,0.0,Merge
77745059.938,P138,P864,0.005527972027972028,0.0025,1379.904,1059.189,24.906,40.370,0.5809631799027937,0.0,Graze+Frag
78698371.677,P138,P490,0.008027639027639028,0.0025,1562.631,1059.189,10.171,18.209,0.5325347753005235,0.010377902097902098,Fragment
78826534.28,E23,P82,0.6268303363303349,0.0025,6678.985,1059.189,1.9981,16.098,0.5963306384150228,0.0,Merge
79211254.33,E4,P138,0.5661529258853583,0.01052780552780553,6456.122,1710.434,1.0144,7.6157,0.6020085638694137,0.0,Merge
79268356.894,E23,FRAG0039,0.6293303363303349,0.005611055611055611,6687.853,1386.783,2.1933,17.376,0.6587106980644377,0.0,Merge
79603894.008,E29,P866,0.6817420041743768,0.0025,6868.583,1059.189,1.3608,11.294,0.22257688386674923,0.0,Merge
80490294.489,E55,FRAG0055,0.0325,0.0059780219780219785,2490.510,1416.379,4.8609,13.629,0.9922798527357197,0.0,Hit+Run
80868039.148,E23,FRAG0053,0.6349413919413904,0.0059780219780219785,6707.670,1416.379,1.317,10.451,0.9871542774274459,0.0,Hit+Run
81061040.289,E4,P701,0.5766807314131638,0.0025,6495.895,1059.189,2.1035,16.454,0.47444004714405813,0.0,Merge
81448868.562,E4,FRAG0054,0.5791807314131637,0.0059780219780219785,6505.268,1416.379,1.5809,12.139,0.7948408237327542,0.0,Merge
83390093.924,E4,FRAG0047,0.5851587533911857,0.005856809856809857,6527.573,1406.741,1.8425,14.207,0.7054666224507579,0.0,Merge
83915444.909,E39,P525,0.47084549618069155,0.0025,6071.369,1059.189,2.4286,17.678,0.35684590630498736,0.0,Merge
84730024.015,E55,P57,0.0325,0.002500000000000014,2490.510,1059.189,6.9566,19.516,0.6843517786528893,0.006023643023643024,Fragment
86435143.133,E4,FRAG0033,0.5910155632479955,0.006156843156843158,6549.279,1430.363,2.4816,19.179,0.8072881057348099,0.0,Merge
87172398.622,E23,FRAG0056,0.6349413919413904,0.0059780219780219785,6707.670,1416.379,1.719,13.641,0.6862026764552946,0.0,Merge
87643448.523,E39,P900,0.47334549618069155,0.0025,6082.096,1059.189,1.5082,10.999,0.4850322041814286,0.0,Merge
87750917.742,E29,E38,0.6842420041743768,0.00552763902763902,6876.969,1379.877,2.533,20.684,0.8495384757995582,0.0,Hit+Run
88470832.083,E23,P636,0.6409194139194124,0.0025,6728.656,1059.189,3.2993,26.792,0.4794305429853807,0.0,Merge
88831716.538,E27,P443,0.0244099234099234,0.0025,2263.858,1059.189,3.4888,8.8699,0.9297830662329926,0.0,Hit+Run
89174981.396,E29,P518,0.6842420041743768,0.0025,6876.969,1059.189,1.4415,11.980,0.7099531122563406,0.0,Merge
89559892.004,E4,P369,0.5971724064048387,0.0025,6571.942,1059.189,3.5681,28.259,0.6520156354185566,0.0,Merge
89723501.515,E4,FRAG0053,0.5996724064048387,0.0059780219780219785,6581.100,1416.379,2.1531,16.740,0.7285105036333778,0.0,Merge
92013701.885,E23,P197,0.6434194139194124,0.0025,6737.393,1059.189,3.2946,26.791,0.870023106351324,0.0,Hit+Run
92442769.073,E23,P218,0.6434194139194124,0.0025,6737.393,1059.189,1.8854,15.331,0.6257287756346778,0.0,Merge
93098237.148,E55,P392,0.028976356976356994,0.0025,2397.039,1059.189,2.7517,7.4190,0.9276120680493649,0.0,Hit+Run
93336362.884,E4,FRAG0057,0.6056504283828607,0.0059780219780219785,6602.897,1416.379,2.2349,17.437,0.441330676182175,0.0,Merge
96859813.585,E23,P464,0.6459194139194123,0.0025000000000000022,6746.108,1059.189,1.3647,11.112,0.9263552284182821,0.0,Hit+Run
96923063.419,E23,P464,0.6459194139194123,0.0025000000000000022,6746.108,1059.189,1.1011,8.9663,0.6033668454551249,0.0,Merge
96937452.183,E4,P216,0.6116284503608826,0.0025,6624.550,1059.189,3.7504,29.955,0.3022704131134205,0.0,Merge
97792658.561,E4,P277,0.6141284503608826,0.0025000000000000022,6633.564,1059.189,3.952,31.611,0.8219570313233987,0.0,Merge
98146295.619,E29,FRAG0058,0.6867420041743767,0.006023643023643024,6885.334,1419.973,1.2964,10.578,0.6933991797513877,0.0,Merge
99221052.111,E29,E55,0.6927656471980197,0.028976356976356994,6905.407,2397.039,1.7054,13.420,0.38897654244501373,0.006265068265068265,Fragment
99453265.134,E23,P459,0.6484194139194124,0.0025,6754.800,1059.189,2.3407,19.086,0.33653020750505197,0.0,Merge
100024088.052,E23,FRAG0059,0.6509194139194123,0.006265068265068265,6763.470,1438.696,1.6831,13.460,0.5730114691818191,0.0,Merge
101861413.932,E39,E33,0.47584549618069155,0.005528638028638039,6092.784,1379.960,1.4604,10.472,0.5964985212606133,0.0,Merge
103027173.057,E27,E38,0.0244099234099234,0.00552763902763902,2263.858,1379.877,3.4877,8.9316,0.3012069926439838,0.014354978354978355,Fragment
105124127.898,P353,P506,0.0025,0.0025,1059.189,1059.189,11.511,15.801,0.9301,0.0,Hit+Run
106618160.979,E23,P197,0.6571844821844806,0.0025,6785.100,1059.189,1.2778,10.469,0.6733815847482538,0.0,Merge
108986228.671,E23,P667,0.6596844821844805,0.0025,6793.693,1059.189,2.0313,16.665,0.466127132507691,0.0,Merge
111933974.882,E23,FRAG0050,0.6621844821844804,0.005856809856809857,6802.264,1406.741,3.5834,28.880,0.8365064197630254,0.0,Hit+Run
112269933.875,P353,FRAG0050,0.0025,0.005856809856809857,1059.189,1406.741,5.6865,9.3525,0.27266526311707706,0.008110949050949052,Fragment
112864746.588,E23,P250,0.6621844821844804,0.0025000000000000022,6802.264,1059.189,2.0676,16.985,0.9746378079279704,0.0,Hit+Run
113056135.303,E23,P250,0.6621844821844804,0.0025000000000000022,6802.264,1059.189,1.0271,8.4377,0.37327658943548153,0.0,Merge
113429236.509,E23,FRAG0060,0.6646844821844804,0.0071774891774891774,6810.814,1505.398,1.4592,11.717,0.2325904100539134,0.0,Merge
116308023.648,E4,P762,0.6166284503608825,0.0025,6642.553,1059.189,2.6678,21.370,0.9794254691500702,0.0,Hit+Run
116339575.503,E4,P762,0.6166284503608825,0.0025,6642.553,1059.189,1.0436,8.3596,0.14946674339882635,0.0,Merge
117351020.303,E23,P353,0.6718619713619696,0.008356643356643358,6835.241,1583.693,1.0776,8.6538,0.9591657749037421,0.0,Hit+Run
117416442.49,E23,P353,0.6718619713619696,0.008356643356643358,6835.241,1583.693,1.2156,9.7621,0.6204456451510408,0.0,Merge
120395744.712,E23,P576,0.6802186147186129,0.0025,6863.463,1059.189,2.0771,17.226,0.5938546086894902,0.0,Merge
124029212.025,E4,P463,0.6191284503608825,0.0025,6651.518,1059.189,5.1422,41.250,0.5595043412800258,0.0,Merge
128748068.967,E23,P392,0.6827186147186128,0.0025,6871.862,1059.189,1.6466,13.673,0.1620261980730536,0.0,Merge
133318249.241,E29,P572,0.7154769359093085,0.0025,6980.058,1059.189,1.1641,9.8286,0.8428079845577707,0.0,Merge
143209579.6,E29,P638,0.7179769359093084,0.0025,6988.178,1059.189,2.7227,23.016,0.9915169557613754,0.0,Hit+Run
143326122.481,E29,P638,0.7179769359093084,0.0025,6988.178,1059.189,1.0385,8.7790,0.5423036774154659,0.0,Merge
145362303.309,E4,FRAG0040,0.6216284503608824,0.0073113553113553125,6660.458,1514.699,2.3001,18.024,0.9406748406292906,0.0,Hit+Run
145366981.839,E4,FRAG0040,0.6216284503608824,0.0073113553113553125,6660.458,1514.699,1.062,8.3222,0.967153216101707,0.0,Hit+Run
149462210.149,E23,E27,0.6852186147186128,0.015582584082584066,6880.239,1949.277,1.5958,12.701,0.7914656347941962,0.010054945054945055,Hit+Run+Frag
149914186.789,E4,E27,0.6216284503608824,0.005527805527805528,6660.458,1379.890,1.6359,12.908,0.527677573795018,0.0,Merge
151187257.253,E4,FRAG0062,0.627156255888688,0.010054945054945055,6680.143,1684.433,1.1778,9.1843,0.5362753624422671,0.0,Merge
152002523.632,E39,FRAG0045,0.4813741342093296,0.005856809856809857,6116.290,1406.741,1.4408,10.359,0.6579679644739103,0.0,Merge
153992102.848,E29,P769,0.7204769359093084,0.0025,6996.280,1059.189,1.2629,10.689,0.7061878884927913,0.0,Merge
156445647.092,E23,FRAG0031,0.6852184482184462,0.006156843156843158,6880.239,1430.363,2.6263,21.401,0.8895644394632564,0.0,Hit+Run
156476835.528,E23,FRAG0031,0.6852184482184462,0.006156843156843158,6880.239,1430.363,1.0483,8.5424,0.8889021299690075,0.0,Hit+Run
156798686.604,E4,P580,0.637211200943633,0.0025,6715.654,1059.189,4.505,36.508,0.3442975452778509,0.0,Merge
160920692.796,E4,P162,0.639711200943633,0.0049999999999999906,6724.425,1334.495,1.6061,12.834,0.045058012685947495,0.0,Merge
168030076.148,E29,P590,0.7229769359093083,0.0025,7004.363,1059.189,2.9125,24.681,0.5056381162476478,0.0,Merge
171500029.499,E63,P963,0.01052780552780553,0.0025,1710.434,1059.189,5.4969,10.651,0.7610304238032027,0.0,Hit+Run
171658922.325,E4,P611,0.644711200943633,0.0025,6741.899,1059.189,4.5301,36.864,0.7789263306183664,0.0,Merge
171831638.835,E39,P330,0.4872309440661395,0.0025,6140.995,1059.189,2.1433,15.792,0.6079429005923453,0.0,Merge
180239285.021,E29,FRAG0030,0.7254769359093083,0.006490842490842491,7012.427,1455.774,2.542,21.114,0.895164503374865,0.0,Hit+Run
182048319.41,E4,FRAG0030,0.6472112009436329,0.006490842490842491,6750.602,1455.774,1.797,14.329,0.49183519760218025,0.0,Merge
182121873.273,E4,P602,0.6537020434344755,0.0025000000000000022,6773.094,1059.189,4.6288,37.853,0.5394411258360887,0.0,Merge
196740040.247,E4,FRAG0048,0.6562020434344755,0.005856809856809857,6781.717,1406.741,3.1476,25.286,0.5709641105780258,0.0,Merge
197262049.678,E4,P304,0.6620588532912853,0.0025000000000000022,6801.834,1059.189,3.3474,27.497,0.422852839080231,0.0,Merge
