time_yr,target,projectile,Mt_Mearth,Mp_Mearth,Rt_km,Rp_km,vimp/vesc,vimp_km/s,b,m_frag_Mearth,Regime
55320.925,E72,P862,0.027500000000000004,0.0025,2355.617,1059.189,1.7016,4.5060,0.928365660397007,0.0,Hit+Run
60803.078,E47,P370,0.16499999999999998,0.0025,4280.440,1059.189,1.05,5.2541,0.9552295841647046,0.0,Hit+Run
71612.806,E61,P739,0.052500000000000005,0.0025,2922.224,1059.189,1.1571,3.8422,0.40368153913402194,0.0,Merge
84962.662,NEPTUNE,K236,16.029423909423908,0.02,19677.34,2118.379,0.9998,24.238,0.1428241539956204,0.0,Perfect
93927.428,E30,E22,0.08391838808072452,0.027500000000000004,3416.747,2355.617,1.0163,3.9891,0.884557304212856,0.0,Graze+Merge
107784.85,E6,P202,0.21119968712944476,0.0025,4647.559,1059.189,1.3014,7.1150,0.8443667784821646,0.0,Hit+Run
157166.901,E6,P167,0.21119968712944476,0.0024999999999999905,4647.559,1059.189,1.1436,6.2522,0.6187788177958612,0.0,Merge
173682.465,E19,P58,0.07250000000000001,0.0025,3254.167,1059.189,2.2374,8.3353,0.8459530542693829,0.0,Hit+Run
263472.519,E0,P161,0.19926300828740456,0.0025,4558.298,1059.189,1.5971,8.5514,0.6094784182986996,0.0,Merge
267639.421,E11,P148,0.1351771464001163,0.0025,4005.237,1059.189,1.7092,7.9618,0.7989236614590582,0.0,Hit+Run
360936.863,E0,FRAG1004,0.20176300828740457,0.006300312870555246,4577.282,1441.389,1.2421,6.5247,0.6246859904961698,0.0,Merge
527641.767,E6,P120,0.21369968712944476,0.002500000000000014,4665.825,1059.189,1.5602,8.5659,0.859813552274378,0.0,Hit+Run
563408.492,E0,P168,0.2080633211579598,0.0025,4624.438,1059.189,2.0322,11.051,0.7183644770686858,0.0,Merge
639777.669,E23,P169,0.037500000000000006,0.0025,2612.187,1059.189,1.432,4.2229,0.7048125240010471,0.0,Merge
640458.101,E6,P71,0.21369968712944476,0.0025,4665.825,1059.189,1.5866,8.7109,0.7954294094974343,0.0,Merge
641298.515,E61,P231,0.05500000000000001,0.0025,2967.891,1059.189,6.7662,22.842,0.9953695874394897,0.0,Hit+Run
672620.05,E36,P260,0.06,0.0025,3055.232,1059.189,1.8497,6.4408,0.698977897220228,0.0,Merge
685568.753,E23,P97,0.04000000000000001,0.0025,2668.991,1059.189,1.1547,3.4831,0.9426923091809551,0.0,Hit+Run
740474.897,E0,P58,0.2105633211579598,0.0025,4642.886,1059.189,2.476,13.522,0.2457391042078488,0.0,Merge
742001.47,E17,P324,0.037500000000000006,0.0025,2612.187,1059.189,2.1869,6.4491,0.795030803875197,0.0,Hit+Run
753083.246,E11,P48,0.1351771464001163,0.0024999999999999905,4005.237,1059.189,1.9431,9.0514,0.8415508494937479,0.0,Hit+Run
783294.995,E30,P364,0.11141838808072452,0.0025,3755.313,1059.189,1.2221,5.3111,0.4389060812889263,0.0,Merge
791637.095,E25,P96,0.07500000000000001,0.0025,3291.149,1059.189,2.2092,8.3307,0.36048514101423185,0.0,Merge
925235.345,E95,P713,0.025,0.0025,2281.955,1059.189,1.3,3.3321,0.9374665656837149,0.0,Hit+Run
951864.715,E25,P272,0.07750000000000001,0.0025000000000000022,3327.318,1059.189,2.0691,7.8944,0.6859428684289568,0.0,Merge
1000337.654,E0,P44,0.2130633211579598,0.0025,4661.189,1059.189,2.7246,14.942,0.5896991364222147,0.0,Merge
1221774.55,E11,P117,0.1351771464001163,0.0025,4005.237,1059.189,2.2746,10.595,0.9623147013100202,0.0,Hit+Run
1246142.774,E36,P288,0.0625,0.0025,3097.090,1059.189,1.5207,5.3728,0.6239217596709093,0.0,Merge
1255366.545,E25,E36,0.08000000000000002,0.065,3362.718,3137.846,1.2901,5.4436,0.9175285823861994,0.0,Hit+Run
1255546.899,E25,E36,0.08000000000000002,0.065,3362.718,3137.846,1.0493,4.4275,0.527176736939604,0.008230902430902432,Graze+Merge
1379652.449,E25,P426,0.14500000000000002,0.0025,4099.993,1059.189,1.7475,8.3479,0.6703278870040766,0.008230902430902432,Merge
1502859.238,E0,E11,0.21556332115795981,0.1351771464001163,4679.349,4005.237,1.3058,7.4139,0.4854146670662055,0.033093573093573095,Fragment
1511160.565,E30,P393,0.11391838808072452,0.0025,3783.192,1059.189,2.1145,9.2628,0.33406967438825125,0.0,Merge
1512970.659,E0,FRAG0001,0.317646894464503,0.006618714618714619,5324.866,1465.272,1.037,6.4024,0.8998761720575104,0.0,Hit+Run
1549131.684,E3,P123,0.08000000000000003,0.0025,3362.718,1059.189,3.6808,14.204,0.4513375728419817,0.0,Merge
1572951.831,E6,P342,0.21619968712944476,0.0025,4683.949,1059.189,1.1286,6.2222,0.7715320622123871,0.0,Merge
1610135.024,E3,P52,0.08250000000000003,0.0025,3397.388,1059.189,2.355,9.1887,0.3751431408505019,0.0,Merge
1647244.483,E20,P171,0.07250000000000001,0.0025,3254.167,1059.189,2.9285,10.910,0.8627770559729477,0.0,Hit+Run
1663381.658,E0,FRAG0002,0.317646894464503,0.006618714618714619,5324.866,1465.272,1.0225,6.3129,0.8359633981815302,0.0,Graze+Merge
1679544.121,E0,P62,0.3242656090832176,0.0025,5361.596,1059.189,2.0421,13.015,0.6395551105835017,0.0,Merge
1820430.853,E0,P60,0.3267656090832176,0.0024999999999999905,5375.340,1059.189,1.3575,8.6758,0.885930777297176,0.0,Hit+Run
1848264.492,E6,P250,0.21869968712944476,0.0025,4701.934,1059.189,1.6267,9.0054,0.5358832658147552,0.0,Merge
1858287.352,E20,P178,0.07250000000000001,0.0024999999999999905,3254.167,1059.189,1.367,5.0927,0.24639995320108848,0.0,Merge
1899319.173,E0,P60,0.3267656090832176,0.0024999999999999905,5375.340,1059.189,1.0482,6.6990,0.9095723058191091,0.0,Hit+Run
1905819.276,E38,P463,0.025,0.0025,2281.955,1059.189,3.0539,7.8276,0.5945393016375301,0.0,Merge
1985433.034,E0,FRAG0004,0.3267656090832176,0.006618714618714619,5375.340,1465.272,1.0575,6.5957,0.08769506391697794,0.0,Merge
2001468.52,E0,P40,0.3333843237019322,0.0025000000000000022,5411.390,1059.189,1.5274,9.8318,0.9936161338004673,0.0,Hit+Run
2004378.688,E0,P40,0.3333843237019322,0.0025000000000000022,5411.390,1059.189,1.0315,6.6397,0.9508808552572439,0.0,Hit+Run
2047145.024,E25,P208,0.14750000000000002,0.0025,4123.422,1059.189,1.7185,8.2599,0.3290710192187656,0.0,Merge
2049657.166,E6,P156,0.22119968712944477,0.0025,4719.782,1059.189,1.1184,6.2167,0.15468611857995687,0.0,Merge
2123751.646,E0,P190,0.3333843237019322,0.0025,5411.390,1059.189,1.9912,12.817,0.9081455767140203,0.0,Hit+Run
2195229.175,E3,P106,0.08500000000000003,0.0025,3431.364,1059.189,4.0439,15.948,0.8280105614402034,0.0,Hit+Run
2218162.777,E23,P297,0.04000000000000001,0.0025,2668.991,1059.189,1.5493,4.6734,0.43798538483969346,0.0,Merge
2279525.806,E0,P202,0.3333843237019322,0.0025,5411.390,1059.189,1.5138,9.7442,0.5308875698481077,0.0,Merge
2302223.922,E6,P136,0.22369968712944477,0.0025000000000000022,4737.497,1059.189,1.2309,6.8696,0.3100747715066724,0.0,Merge
2309593.702,E0,P60,0.3358843237019322,0.0024999999999999905,5424.883,1059.189,1.2883,8.3148,0.9236587855367335,0.0,Hit+Run
2322285.78,E0,P60,0.3358843237019322,0.0024999999999999905,5424.883,1059.189,1.0785,6.9607,0.831962224943594,0.0,Merge
2333354.404,E19,P155,0.07250000000000001,0.0025,3254.167,1059.189,2.2825,8.5033,0.6801272437562192,0.0,Merge
2437536.864,E6,P114,0.22619968712944477,0.0025,4755.080,1059.189,1.7926,10.044,0.9692912288013268,0.0,Hit+Run
2467988.737,E6,P328,0.22619968712944477,0.0025,4755.080,1059.189,1.6831,9.4308,0.6247397651715606,0.0,Merge
2495726.487,E25,P435,0.15000000000000002,0.0025,4146.588,1059.189,1.4867,7.1890,0.85452352170508,0.0,Hit+Run
2520642.49,E3,P135,0.08500000000000003,0.0025,3431.364,1059.189,2.1141,8.3375,0.5254153396514246,0.0,Merge
2538751.522,E25,P410,0.15000000000000002,0.0025000000000000022,4146.588,1059.189,1.4732,7.1237,0.47354048625435313,0.0,Merge
2581458.364,E24,P376,0.05500000000000001,0.0025,2967.891,1059.189,1.1406,3.8506,0.7424369335010677,0.0,Hit+Run
2629132.921,E23,P127,0.04250000000000001,0.0025000000000000022,2723.475,1059.189,2.9383,9.0544,0.2940432936936999,0.0,Merge
2655909.041,E6,P218,0.22869968712944477,0.0025,4772.534,1059.189,1.814,10.204,0.936220397288619,0.0,Hit+Run
2797644.973,E6,P148,0.22869968712944477,0.0025,4772.534,1059.189,2.1103,11.871,0.31834767005705666,0.0,Merge
2814193.123,E20,P206,0.075,0.0025,3291.149,1059.189,2.7217,10.263,0.7567540116611461,0.0,Hit+Run
2862150.772,E0,P184,0.3383843237019322,0.0025000000000000022,5438.309,1059.189,1.4315,9.2635,0.5482251686196281,0.0,Merge
2866377.565,E17,P95,0.037500000000000006,0.0024999999999999905,2612.187,1059.189,3.1838,9.3889,0.5539743904575161,0.0,Merge
2953293.242,E25,P239,0.15250000000000002,0.0025,4169.498,1059.189,1.2144,5.9072,0.36809240081001665,0.0,Merge
3040441.782,E19,P131,0.07500000000000001,0.0025000000000000022,3291.149,1059.189,1.9169,7.2284,0.9943791591796566,0.0,Hit+Run
3213290.481,E0,P13,0.3408843237019322,0.0025,5451.669,1059.189,2.5292,16.410,0.8410874272866492,0.0,Hit+Run
3224501.244,E23,P207,0.04500000000000001,0.0025,2775.862,1059.189,3.6329,11.422,0.9293041147336562,0.0,Hit+Run
3232567.126,E25,P214,0.15500000000000003,0.0025,4192.159,1059.189,1.0314,5.0464,0.797902208299905,0.0,Merge
3333784.497,E0,P318,0.3408843237019322,0.0025,5451.669,1059.189,1.5862,10.291,0.66826468463661,0.0,Merge
3384070.272,E0,P159,0.3433843237019322,0.0025,5464.964,1059.189,1.4515,9.4422,0.7005275291929708,0.0,Merge
3453582.518,E6,P365,0.23119968712944478,0.0025,4789.861,1059.189,1.2181,6.8790,0.663974269014236,0.0,Merge
3628323.732,E30,P218,0.11641838808072452,0.0025,3810.667,1059.189,1.3697,6.0471,0.4149601876847028,0.0,Merge
3645747.64,URANUS,K596,15.909423909423909,0.02,19628.11,2118.379,1.0032,24.257,0.8084476589274667,0.0,Merge
3842868.321,E3,P25,0.08750000000000004,0.0025,3464.680,1059.189,3.3184,13.223,0.9376502710834895,0.0,Hit+Run
3888610.885,E6,P315,0.23369968712944478,0.0025,4807.063,1059.189,1.1782,6.6793,0.45634811430364725,0.0,Merge
3936543.567,E3,FRAG0001,0.08750000000000004,0.006618714618714619,3464.680,1465.272,1.7525,6.8411,0.8442515988100435,0.0,Hit+Run
3949173.391,E19,P105,0.07500000000000001,0.002500000000000014,3291.149,1059.189,2.5374,9.5683,0.5671683320427482,0.0,Merge
3988761.168,E19,P212,0.07750000000000003,0.0025,3327.318,1059.189,2.4016,9.1631,0.7496597775830345,0.0,Merge
4001176.372,E6,P197,0.23619968712944478,0.0025,4824.144,1059.189,1.27,7.2272,0.9495226443096242,0.0,Hit+Run
4027459.572,E3,P25,0.08750000000000004,0.0025,3464.680,1059.189,1.2171,4.8500,0.2550335214169746,0.0,Merge
4055414.979,E0,P121,0.34588432370193223,0.0025000000000000022,5478.194,1059.189,1.9068,12.436,0.9206043464423039,0.0,Hit+Run
4075710.143,E30,P427,0.11891838808072452,0.0025,3837.751,1059.189,2.8603,12.724,0.8809614147015126,0.0,Hit+Run
4082116.08,E0,P24,0.34588432370193223,0.0024999999999999905,5478.194,1059.189,2.1565,14.064,0.29279005884483983,0.0,Merge
4218912.08,E3,P209,0.09000000000000004,0.002500000000000014,3497.368,1059.189,2.2303,8.9778,0.5755827796907337,0.0,Merge
4411062.69,E19,P33,0.08000000000000003,0.0025,3362.718,1059.189,2.2185,8.5612,0.9176563591380276,0.0,Hit+Run
4495269.428,E17,P40,0.039999999999999994,0.0025000000000000022,2668.991,1059.189,5.0159,15.130,0.64881685890849,0.0,Merge
4561693.946,E0,P198,0.34838432370193223,0.0025000000000000022,5491.361,1059.189,1.0097,6.6022,0.21728871529152097,0.0,Merge
4568550.583,E30,P173,0.11891838808072452,0.0025,3837.751,1059.189,2.3839,10.605,0.6441261335674523,0.0,Merge
4632890.383,E19,P179,0.08000000000000003,0.0025,3362.718,1059.189,2.3114,8.9197,0.31407315515372947,0.0,Merge
4772391.55,E6,P157,0.23619968712944478,0.0025,4824.144,1059.189,1.0047,5.7175,0.7243595025760986,0.0,Merge
4851282.678,E0,P255,0.35088432370193223,0.0025,5504.465,1059.189,2.3645,15.500,0.3552428395638404,0.0,Merge
4902533.232,E24,P379,0.05500000000000001,0.0025,2967.891,1059.189,2.222,7.5013,0.7223909888998873,0.0,Merge
4905351.841,E0,P175,0.35338432370193223,0.0025000000000000022,5517.507,1059.189,1.3266,8.7186,0.7658756774333448,0.0,Merge
5015279.829,E47,E25,0.16499999999999998,0.15750000000000003,4280.440,4214.577,1.2164,6.6960,0.6200705320114739,0.0,Hit+Run
5430008.645,E23,P68,0.04500000000000001,0.0025000000000000022,2775.862,1059.189,2.6555,8.3495,0.20744494063608213,0.0,Merge
5477189.809,E30,P215,0.12141838808072453,0.0025000000000000022,3864.458,1059.189,1.4969,6.7092,0.9305501993627348,0.0,Hit+Run
5508509.203,E0,E17,0.35588432370193224,0.042499999999999996,5530.488,2723.475,1.1984,7.4383,0.9074355450129025,0.0,Hit+Run
5931332.287,P13,P106,0.0025,0.0025,1059.189,1059.189,12.484,17.136,0.8958000000000002,0.0,Hit+Run
5951884.07,E6,P220,0.23869968712944478,0.0025,4841.104,1059.189,1.8475,10.553,0.9680084876354873,0.0,Hit+Run
5957002.807,E6,P323,0.23869968712944478,0.0025,4841.104,1059.189,1.4517,8.2925,0.9685007787802417,0.0,Hit+Run
5975793.855,E0,P264,0.35588432370193224,0.0025,5530.488,1059.189,1.8919,12.465,0.0877871501598747,0.0,Merge
6059641.93,NEPTUNE,K699,16.049423909423908,0.02,19685.52,2118.379,1.0018,24.298,0.6335256434182731,0.0,Merge
6088688.065,E38,P450,0.0275,0.0025,2355.617,1059.189,2.4759,6.5564,0.8955990020013629,0.0,Hit+Run
6126797.055,E0,P268,0.35838432370193224,0.0025,5543.408,1059.189,1.4921,9.8555,0.4713401120914899,0.0,Merge
6195258.302,E6,P232,0.23869968712944478,0.0025,4841.104,1059.189,2.3358,13.342,0.7969373148333184,0.0,Merge
6231162.426,E25,P197,0.15750000000000003,0.0025,4214.577,1059.189,1.7304,8.5153,0.06409253293318078,0.0,Merge
6472204.298,E30,P486,0.12141838808072453,0.0025,3864.458,1059.189,1.13,5.0647,0.5276728230698098,0.0,Merge
6541193.195,E20,E23,0.075,0.047500000000000014,3291.149,2826.344,1.0868,4.3449,0.7818068383013096,0.0,Hit+Run
6669392.348,E25,P416,0.16000000000000003,0.0025,4236.759,1059.189,1.2061,5.9689,0.82464,0.0,Hit+Run
6865946.323,E0,P130,0.36088432370193224,0.0025000000000000022,5556.268,1059.189,2.4456,16.193,0.8260334543738939,0.0,Merge
6929186.124,E19,P369,0.08250000000000003,0.0025,3397.388,1059.189,1.5495,6.0458,0.5936272379197028,0.0,Merge
7037144.039,E20,P182,0.075,0.0025,3291.149,1059.189,3.4161,12.881,0.8536651272202712,0.0,Hit+Run
7077290.413,E6,P222,0.24119968712944478,0.0025,4857.946,1059.189,2.6702,15.309,0.2834078898805396,0.0,Merge
7167342.455,E0,E17,0.36338432370193224,0.042499999999999996,5569.068,2723.475,1.2081,7.5512,0.41039972266029534,0.009308358308358309,Fragment
7191360.37,E0,P230,0.3965759653935739,0.0025000000000000022,5733.713,1059.189,1.3143,9.0001,0.9623288165423765,0.0,Hit+Run
7268491.775,P14,P3,0.0025,0.0024999999999999905,1059.189,1059.189,11.766,16.151,0.9082000000000006,0.0,Hit+Run
7268615.286,E20,P103,0.075,0.0025,3291.149,1059.189,1.3862,5.2272,0.07134050114930128,0.0,Merge
7348709.293,E0,P106,0.3965759653935739,0.0025,5733.713,1059.189,2.1277,14.570,0.49817250023972504,0.0,Merge
7357967.452,E0,P267,0.39907596539357393,0.0025,5745.736,1059.189,1.818,12.477,0.7825431514676142,0.0,Merge
7365959.491,E47,P246,0.16499999999999998,0.0025,4280.440,1059.189,1.2578,6.2939,0.4682356496396475,0.0,Merge
7387564.607,E0,P170,0.40157596539357393,0.0025,5757.709,1059.189,2.2461,15.449,0.6712218331332899,0.0,Merge
7438793.293,E20,P230,0.0775,0.0025000000000000022,3327.318,1059.189,2.5719,9.8128,0.8493312283311986,0.0,Hit+Run
7453868.955,E0,FRAG1005,0.40407596539357393,0.008059845312479157,5769.633,1564.718,1.2233,8.1927,0.5722157326769136,0.0,Merge
7487981.123,E30,P205,0.12391838808072453,0.0025000000000000022,3890.801,1059.189,1.3853,6.2546,0.9841779867693362,0.0,Hit+Run
7648419.494,E6,P333,0.2436996871294448,0.0025,4874.673,1059.189,1.3454,7.7425,0.5587026797609387,0.0,Merge
7915517.74,E0,E20,0.4121358107060531,0.0775,5807.741,3327.318,1.3754,8.9963,0.5879544578271632,0.015084915084915086,Fragment
7945989.763,E19,P41,0.08500000000000003,0.0024999999999999905,3431.364,1059.189,2.3409,9.2319,0.7797175866496713,0.0,Hit+Run
7972406.963,E3,P150,0.09250000000000005,0.0025,3529.455,1059.189,5.0976,20.722,0.9174678400029731,0.0,Hit+Run
7992989.146,E3,P150,0.09250000000000005,0.0025,3529.455,1059.189,1.042,4.2358,0.548265489901173,0.0,Merge
8073323.551,E0,P162,0.474550895621138,0.0025,6087.254,1059.189,1.6191,11.818,0.6494882273304592,0.0,Merge
8154150.014,E0,P174,0.477050895621138,0.0025,6097.925,1059.189,2.7157,19.860,0.8323274100274319,0.0,Merge
8229908.761,E30,P417,0.12391838808072453,0.0025,3890.801,1059.189,1.4248,6.4330,0.6831316095369622,0.0,Merge
8295357.34,E35,P642,0.030000000000000002,0.0025,2424.939,1059.189,5.2793,14.405,0.9018017876307515,0.0,Hit+Run
8334557.26,E6,P341,0.2461996871294448,0.0025,4891.285,1059.189,1.3981,8.0752,0.6678742738999405,0.0,Merge
8334920.887,E23,P306,0.047500000000000014,0.0025,2826.344,1059.189,4.7463,15.211,0.6381495241229522,0.0,Merge
8375369.854,P12,FRAG0001,0.0024999999999999905,0.006618714618714619,1059.189,1465.272,11.089,18.829,0.572587848094166,0.0,Graze+Frag
8383597.216,E3,P190,0.09500000000000006,0.0025,3560.970,1059.189,5.7262,23.501,0.47539617662249983,0.0,Merge
8506477.305,E3,P12,0.09750000000000006,0.00911854811854812,3591.937,1630.430,2.3677,9.5579,0.042368389675731616,0.00691941391941392,Fragment
8518577.25,E35,P108,0.030000000000000002,0.0025,2424.939,1059.189,7.104,19.384,0.7996296008404494,0.0,Hit+Run
8597970.556,E0,P193,0.479550895621138,0.0025,6108.558,1059.189,2.0271,14.852,0.30884755873222525,0.0,Merge
8610571.2,E19,P313,0.08500000000000003,0.0025,3431.364,1059.189,2.7766,10.950,0.9536334262434236,0.0,Hit+Run
8693752.352,E0,FRAG0007,0.482050895621138,0.007542457542457543,6119.155,1530.493,1.2605,9.0094,0.2873335315371181,0.0,Merge
8755737.869,E6,P450,0.2486996871294448,0.0025,4907.785,1059.189,1.9735,11.440,0.7333332652562323,0.0,Merge
8789382.215,E6,P282,0.2511996871294448,0.0025,4924.175,1059.189,1.8559,10.796,0.7781252906568001,0.0,Merge
8918690.005,E6,P336,0.2536996871294448,0.0025000000000000022,4940.457,1059.189,1.2848,7.5010,0.9798326331012296,0.0,Hit+Run
8919476.393,E6,P349,0.2536996871294448,0.0025,4940.457,1059.189,1.413,8.2494,0.6670009520228557,0.0,Merge
9157642.784,E0,P107,0.48959335316359553,0.0025,6150.905,1059.189,2.2915,16.913,0.7079845820329032,0.0,Merge
9742394.804,E47,P422,0.16749999999999998,0.0025,4301.950,1059.189,2.6912,13.539,0.8721633268654908,0.0,Hit+Run
9785749.743,E37,P120,0.025,0.002500000000000014,2281.955,1059.189,6.9921,17.921,0.7078466768720687,0.0,Graze+Frag
9913924.458,E3,P115,0.09969913419913426,0.0025,3618.742,1059.189,5.8928,24.607,0.6675198662171321,0.0,Merge
9926940.167,E0,P461,0.49209335316359554,0.0025,6161.356,1059.189,1.7978,13.293,0.9431623229229288,0.0,Hit+Run
10033010.101,P47,P240,0.0025,0.0025,1059.189,1059.189,3.1091,4.2675,0.94695,0.0,Hit+Run
10084027.613,E0,P225,0.49209335316359554,0.0025,6161.356,1059.189,1.9638,14.520,0.9212322842916801,0.0,Hit+Run
10174882.201,E47,P455,0.16749999999999998,0.0025,4301.950,1059.189,2.0765,10.446,0.514278660583396,0.0,Merge
10176370.201,E0,P57,0.49209335316359554,0.0025000000000000022,6161.356,1059.189,1.238,9.1541,0.3188815344940727,0.0,Merge
10424214.435,E0,P13,0.49459335316359554,0.0025,6171.773,1059.189,1.6772,12.424,0.03738418505509173,0.0,Merge
10869139.242,E0,P230,0.49709335316359554,0.0025000000000000022,6182.154,1059.189,1.268,9.4096,0.5281175027025035,0.0,Merge
11225556.199,E25,P254,0.16000000000000003,0.0025,4236.759,1059.189,2.7168,13.445,0.50512,0.0,Merge
11328634.163,E0,FRAG0005,0.49959335316359554,0.006618714618714619,6192.500,1465.272,1.172,8.5133,0.7061180149392515,0.0,Merge
11333688.171,E3,P33,0.10219913419913426,0.0025,3648.740,1059.189,3.1382,13.221,0.19918014740742215,0.0,Merge
11410693.955,E19,P216,0.08500000000000003,0.0025,3431.364,1059.189,1.9706,7.7715,0.6533305924984993,0.0,Merge
11498406.934,E19,P133,0.08750000000000004,0.0025,3464.680,1059.189,3.4114,13.594,0.04518611941021472,0.0,Merge
11873752.409,E35,P261,0.030000000000000002,0.0025,2424.939,1059.189,8.6056,23.481,0.885028288300736,0.0,Hit+Run
11881535.085,E19,P100,0.09000000000000004,0.0025,3497.368,1059.189,2.4869,10.010,0.4863939291772478,0.0,Merge
11941201.596,E25,P177,0.16250000000000003,0.0025,4258.712,1059.189,2.3094,11.492,0.6250443871008524,0.0,Merge
12126228.394,E6,P324,0.2561996871294448,0.0025,4956.632,1059.189,2.0135,11.796,0.9184377163238466,0.0,Hit+Run
12305717.09,E3,P225,0.10469913419913426,0.0025,3678.252,1059.189,3.5366,15.030,0.7211403556588257,0.0,Merge
12677878.863,E19,P740,0.09250000000000004,0.0025,3529.455,1059.189,11.074,45.017,0.28890083895465846,0.015854145854145855,Fragment
12737430.087,E25,P323,0.16500000000000004,0.0025,4280.440,1059.189,2.5851,12.935,0.20409655264210627,0.0,Merge
12971682.568,E0,P219,0.5062120677823102,0.0025,6219.727,1059.189,1.8205,13.597,0.6208689706485863,0.0,Merge
13032147.381,E19,P357,0.07914585414585419,0.0025,3350.707,1059.189,4.1332,15.889,0.5362016646443305,0.0,Merge
13657304.387,E19,P542,0.0816458541458542,0.0024999999999999905,3385.622,1059.189,7.3311,28.498,0.8595807121174083,0.0,Hit+Run
13679740.112,E19,P437,0.0816458541458542,0.0025,3385.622,1059.189,4.9466,19.228,0.6714403169973372,0.0,Merge
13923827.85,E47,FRAG1001,0.16999999999999998,0.006081611919275508,4323.248,1424.514,3.6574,18.085,0.9092885967141473,0.0,Hit+Run
14203635.948,E47,P280,0.16999999999999998,0.0025,4323.248,1059.189,3.5891,18.152,0.7678723170253539,0.0,Merge
14255160.782,E6,E30,0.2561996871294448,0.12641838808072453,4956.632,3916.792,1.0571,6.2016,0.8943631091907596,0.0,Hit+Run
14377484.253,E0,P97,0.5087120677823102,0.0025,6229.949,1059.189,2.2203,16.612,0.6355469645587476,0.0,Merge
14562723.117,E3,P453,0.10719913419913427,0.0025,3707.298,1059.189,8.8817,38.067,0.3886586801634819,0.008984348984348986,Fragment
14565722.628,E3,FRAG0012,0.10071478521478529,0.008984348984348986,3630.988,1622.392,1.0456,4.2687,0.927206845910003,0.0,Hit+Run
14689239.112,E0,P344,0.5112120677823101,0.0025,6240.138,1059.189,2.2232,16.663,0.8359135278113656,0.0,Merge
14699090.922,E0,P164,0.51371206778231,0.0025000000000000022,6250.293,1059.189,2.45,18.394,0.28337806609238114,0.0,Merge
14804935.263,E3,FRAG0012,0.10071478521478529,0.008984348984348986,3630.988,1622.392,3.2124,13.115,0.6827394128884839,0.0,Merge
14865238.944,E30,P205,0.12641838808072453,0.0025000000000000022,3916.792,1059.189,2.4717,11.240,0.26353431983880043,0.0,Merge
14955940.442,E0,P542,0.5162120677823101,0.0024999999999999905,6260.416,1059.189,1.3607,10.233,0.9505739083399167,0.0,Hit+Run
15078728.716,E47,P237,0.1725,0.0025,4344.337,1059.189,1.6595,8.4375,0.6049158725050723,0.0,Merge
15233719.035,E30,P405,0.12891838808072453,0.0025,3942.443,1059.189,4.2013,19.240,0.98757485785002,0.0,Hit+Run
15252276.725,E47,E38,0.175,0.0275,4365.224,2355.617,1.4817,7.2663,0.508238119084905,0.008121212121212121,Fragment
15393396.673,E0,P160,0.5162120677823101,0.0025,6260.416,1059.189,1.6093,12.103,0.6542144884732789,0.0,Merge
15458171.129,E23,P307,0.05000000000000002,0.0025000000000000022,2875.083,1059.189,4.0267,13.141,0.9413161611970731,0.0,Hit+Run
15491984.979,E0,E19,0.51871206778231,0.0841458541458542,6270.506,3419.831,1.3209,9.3081,0.7089501635572633,0.011320679320679322,Hit+Run+Frag
15492916.879,E0,E19,0.5187133997836421,0.07282384282384283,6270.512,3259.005,1.0494,7.3867,0.646494250580475,0.0058069597069597065,Fragment
15567033.696,E0,FRAG0015,0.5857303828006251,0.005660339660339661,6529.698,1390.832,1.0749,8.2982,0.39340446710389104,0.0,Merge
15660295.809,E0,P180,0.5913907224609647,0.0025,6550.664,1059.189,1.4493,11.438,0.193166521189299,0.0,Merge
15756792.374,E0,FRAG0016,0.5938907224609646,0.005806859806859807,6559.882,1402.730,1.0553,8.1822,0.2847998892051039,0.0,Merge
15960211.136,E0,FRAG0014,0.5996975822678244,0.005660339660339661,6581.192,1390.832,1.0816,8.4206,0.5867083748213847,0.0,Merge
16077626.802,E6,P702,0.2561996871294448,0.0025,4956.632,1059.189,3.9013,22.856,0.48587307913893635,0.0,Merge
16177298.973,P14,P228,0.0025,0.0025,1059.189,1059.189,12.786,17.550,0.1295,0.0,Merge
16303459.628,E23,P81,0.05000000000000002,0.0025,2875.083,1059.189,6.0676,19.802,0.7353096199025658,0.0,Graze+Frag
16390092.978,E47,P324,0.19437878787878787,0.0025,4520.746,1059.189,1.1602,6.1570,0.8723195622880379,0.0,Hit+Run
16663798.305,E23,P274,0.052500832500832505,0.0025,2922.240,1059.189,1.0241,3.4006,0.8112542411289001,0.0,Graze+Merge
16700981.501,E0,P199,0.6053579219281641,0.0025,6601.833,1059.189,1.9753,15.719,0.8130545477310642,0.0,Merge
16705544.963,E0,P298,0.607857921928164,0.0025,6610.909,1059.189,3.6731,29.273,0.3924260841712961,0.0,Merge
16992880.706,E0,P262,0.610357921928164,0.0025,6619.960,1059.189,3.2343,25.814,0.7814658915982036,0.0,Merge
17247516.796,E3,P48,0.10969913419913427,0.0024999999999999905,3735.897,1059.189,5.0844,21.973,0.5913439908205775,0.0,Merge
17329533.797,E61,P111,0.05500000000000001,0.0025,2967.891,1059.189,4.3963,14.841,0.8498890924294532,0.0,Hit+Run
17494769.614,E3,P54,0.11219913419913426,0.0025,3764.064,1059.189,5.8926,25.672,0.29522505737296506,0.0,Merge
17505441.502,E25,P183,0.16750000000000004,0.0025000000000000022,4301.950,1059.189,4.7326,23.809,0.6070397983013558,0.0,Merge
17559439.086,E0,P303,0.6128579219281639,0.0025,6628.986,1059.189,1.9147,15.304,0.5168214480027122,0.0,Merge
17631643.01,E47,P321,0.19437878787878787,0.0025,4520.746,1059.189,1.6613,8.8163,0.3933418291918291,0.0,Merge
17771399.197,E23,P286,0.05500083250083251,0.0025,2967.906,1059.189,4.4988,15.187,0.9975818610296985,0.0,Hit+Run
17771550.929,E23,P286,0.05500083250083251,0.0025,2967.906,1059.189,1.0491,3.5417,0.5751424973016968,0.0,Merge
18733561.756,E47,P389,0.19687878787878788,0.0025,4540.045,1059.189,1.5633,8.3344,0.864834578307284,0.0,Hit+Run
19057845.708,E25,P256,0.17000000000000004,0.0025,4323.248,1059.189,3.3662,17.025,0.5772697010942698,0.0,Merge
19177969.921,E25,P358,0.17250000000000004,0.0025,4344.337,1059.189,2.4999,12.710,0.5299847729337369,0.0,Merge
19290611.166,E25,FRAG0003,0.17500000000000004,0.006618714618714619,4365.224,1465.272,1.4109,7.0352,0.5749176765644499,0.0,Merge
19591452.615,E0,P396,0.6153579219281639,0.0025,6637.987,1059.189,2.5146,20.128,0.9438022711589932,0.0,Hit+Run
19790898.036,E0,P396,0.6153579219281639,0.0025,6637.987,1059.189,0.9934,7.9517,0.6947433384920366,0.0,Perfect
19879521.441,E0,P387,0.6178579219281638,0.0025,6646.965,1059.189,2.4898,19.958,0.8481480997001367,0.0,Merge
19939895.113,E0,P295,0.6203579219281637,0.0025,6655.918,1059.189,3.0781,24.709,0.5110707256876355,0.0,Merge
20005261.546,E0,P313,0.6228579219281637,0.0025,6664.847,1059.189,2.1801,17.525,0.3804397955212295,0.0,Merge
20018796.024,E0,P292,0.6253579219281636,0.0025,6673.752,1059.189,2.9358,23.634,0.5494904694699257,0.0,Merge
20290875.633,E3,P118,0.11469913419913426,0.0025,3791.815,1059.189,4.3973,19.310,0.16641447650076222,0.0,Merge
20531050.832,E6,P144,0.2586996871294448,0.0025,4972.702,1059.189,1.257,7.3901,0.8727941009780604,0.0,Hit+Run
20585263.853,E0,P117,0.6278579219281636,0.0025,6682.633,1059.189,3.606,29.070,0.7337944052863851,0.0,Merge
20656031.326,E25,P397,0.18161871461871465,0.0025,4419.577,1059.189,2.4631,12.756,0.9988233328192051,0.0,Hit+Run
20759094.899,E0,P139,0.6303579219281635,0.0025,6691.491,1059.189,2.5654,20.710,0.7299559504743772,0.0,Merge
20950087.73,E47,P362,0.19687878787878788,0.0025000000000000022,4540.045,1059.189,1.2063,6.4311,0.6264496486032324,0.0,Merge
21242741.876,E30,P332,0.12891838808072453,0.0025,3942.443,1059.189,1.9428,8.8972,0.8370227005754141,0.0,Hit+Run
21833092.015,E25,P403,0.18161871461871465,0.0025,4419.577,1059.189,2.5283,13.094,0.756901900488015,0.0,Merge
22148141.323,E30,P59,0.12891838808072453,0.0025000000000000022,3942.443,1059.189,4.6934,21.493,0.2579092453416287,0.0,Merge
22251767.032,E3,P307,0.11719913419913426,0.0025000000000000022,3819.167,1059.189,3.6862,16.313,0.7305051198806518,0.0,Merge
22677201.575,E3,P414,0.11969913419913426,0.0025,3846.132,1059.189,9.9895,44.545,0.9830711112990841,0.0,Hit+Run
22754474.827,E0,P249,0.6328579219281635,0.0025,6700.325,1059.189,1.4819,11.980,0.9450984865391105,0.0,Hit+Run
22768393.586,E0,P249,0.6328579219281635,0.0025,6700.325,1059.189,1.0517,8.5023,0.5751759724839668,0.0,Merge
22837700.055,E0,P21,0.6353579219281634,0.0025000000000000022,6709.137,1059.189,2.9881,24.190,0.6962768549971782,0.0,Merge
22841094.971,P47,P345,0.0025,0.0025,1059.189,1059.189,11.207,15.382,0.67235,0.0,Graze+Frag
22863298.398,E61,P234,0.05500000000000001,0.0025,2967.891,1059.189,5.123,17.294,0.6197292211445778,0.0,Merge
23205041.933,P47,FRAG0010,0.005,0.007927072927072927,1334.495,1556.078,10.462,19.767,0.8670652701350928,0.0,Hit+Run
23750458.988,P8,FRAG0009,0.0025,0.00691941391941392,1059.189,1487.134,6.5361,11.231,0.8356800348417234,0.0,Hit+Run
23897970.128,E0,P151,0.6378579219281635,0.0025,6717.925,1059.189,1.8575,15.058,0.947077811351108,0.0,Hit+Run
23936084.07,E0,P55,0.6378579219281635,0.0024999999999999905,6717.925,1059.189,1.8135,14.702,0.2885114821153504,0.0,Merge
23968573.639,E0,P196,0.6403579219281634,0.0025,6726.690,1059.189,3.9872,32.368,0.957354249967115,0.0,Hit+Run
24352905.449,E0,P84,0.6403579219281634,0.0024999999999999905,6726.690,1059.189,1.3874,11.263,0.40753000605494827,0.0,Merge
24549457.207,E3,P144,0.11969913419913426,0.0025,3846.132,1059.189,3.6586,16.314,0.649291104854659,0.0,Merge
24822584.682,E3,P461,0.12219913419913427,0.0025,3872.724,1059.189,5.3969,24.245,0.7583039009511281,0.0,Merge
25461423.44,E0,P247,0.6428579219281634,0.0025,6735.433,1059.189,2.0619,16.762,0.8531385074907174,0.0,Merge
25687357.21,E0,P270,0.6453579219281633,0.0025,6744.152,1059.189,2.2839,18.592,0.641197896299751,0.0,Merge
26433172.706,E0,P462,0.6478579219281633,0.0025,6752.850,1059.189,3.4835,28.396,0.8020048894816725,0.0,Merge
26683869.034,E0,P14,0.6503579219281632,0.005,6761.525,1334.495,1.6359,13.149,0.6304671648716054,0.0,Merge
26686544.484,E0,P319,0.6553579219281632,0.0025,6778.808,1059.189,2.649,21.682,0.12774052229497804,0.0,Merge
26775633.973,E3,P121,0.12469913419913427,0.0025000000000000022,3898.955,1059.189,3.9726,17.976,0.5004482755663583,0.0,Merge
26922612.41,P10,P397,0.0025,0.0025,1059.189,1059.189,13.435,18.441,0.82785,0.0,Graze+Frag
27337319.425,E25,P229,0.18411871461871465,0.0025,4439.763,1059.189,5.5014,28.633,0.3987666385912378,0.0,Merge
28013484.205,E6,P182,0.2586996871294448,0.0025,4972.702,1059.189,2.2439,13.192,0.29010696527267354,0.0,Merge
28328020.077,E25,P281,0.18661871461871465,0.0025,4459.767,1059.189,5.2958,27.696,0.7510309697929408,0.0,Merge
28570734.804,E0,P187,0.6578579219281632,0.0025,6787.417,1059.189,2.5704,21.067,0.5923609044621643,0.0,Merge
28667659.847,E0,P520,0.6603579219281631,0.0025,6796.004,1059.189,3.279,26.911,0.9406025671461256,0.0,Hit+Run
28946306.37,E0,P352,0.6603579219281631,0.0025000000000000022,6796.004,1059.189,3.8579,31.662,0.3968491515359895,0.0,Merge
28973821.118,E61,P361,0.05750000000000001,0.0025,3012.195,1059.189,15.564,53.382,0.5726402744795585,0.04091375291375292,Fragment
29094824.463,E25,P283,0.18911871461871466,0.0025,4479.594,1059.189,2.1543,11.320,0.40713406945556646,0.0,Merge
29248776.381,E30,FRAG0022,0.13141838808072454,0.005844821844821845,3967.764,1405.780,4.6146,20.837,0.8611826075424478,0.0,Hit+Run
29403306.18,E0,FRAG0010,0.6628579219281632,0.007927072927072927,6804.569,1556.078,2.2019,17.620,0.6431284904578528,0.0,Merge
29434245.934,E37,P211,0.0275001665001665,0.0025,2355.622,1059.189,10.112,26.778,0.6511256467479093,0.01632833832833833,Fragment
29504132.348,E0,P240,0.6707849948552361,0.0025,6831.587,1059.189,2.5304,20.882,0.4530567176190655,0.0,Merge
29518585.229,E23,P335,0.05750083250083251,0.0025,3012.209,1059.189,3.4407,11.800,0.9507764091353392,0.0,Hit+Run
30455682.412,E25,P131,0.19161871461871466,0.0025000000000000022,4499.246,1059.189,4.5567,24.058,0.34878969368720625,0.0,Merge
30493920.816,E3,P196,0.12719913419913426,0.0025,3924.839,1059.189,1.6242,7.4024,0.4107512409948854,0.0,Merge
30513615.745,E23,P185,0.05750083250083251,0.0025,3012.209,1059.189,6.0617,20.790,0.9485568704010727,0.0,Hit+Run
30765886.836,E0,P223,0.6732849948552361,0.0025,6840.064,1059.189,2.3521,19.436,0.883663868209057,0.0,Hit+Run
30850401.471,E30,P299,0.13141838808072454,0.0025,3967.764,1059.189,3.3683,15.532,0.8132136102837361,0.0,Hit+Run
31310875.33,E3,FRAG0009,0.12969913419913426,0.00691941391941392,3950.386,1487.134,4.8483,21.712,0.9045713976132717,0.0,Hit+Run
32123877.09,E25,P338,0.19411871461871466,0.0025,4518.729,1059.189,6.7637,35.877,0.5237362449418088,0.0,Merge
32345054.115,E0,P206,0.6732849948552361,0.0025,6840.064,1059.189,1.7329,14.319,0.804865816266848,0.0,Merge
32593191.865,E0,P158,0.675784994855236,0.0025,6848.519,1059.189,4.4393,36.732,0.5065561754402678,0.0,Merge
33272864.347,E6,P542,0.2611996871294448,0.0024999999999999905,4988.669,1059.189,2.8926,17.064,0.22568315060257568,0.0,Merge
33456090.726,E0,P171,0.678284994855236,0.0025,6856.954,1059.189,2.801,23.206,0.9775052949080291,0.0,Hit+Run
33541767.951,E0,E25,0.678284994855236,0.19661871461871466,6856.954,4538.045,1.1951,9.3558,0.5902577321585692,0.02964868464868465,Fragment
33572318.25,E0,FRAG0027,0.845255024825266,0.0059297369297369295,7378.868,1412.555,1.0821,9.5127,0.21788895226483887,0.0,Merge
33613829.994,E23,P47,0.05750083250083251,0.005,3012.209,1334.495,6.0628,20.539,0.5366490267756723,0.018866133866133866,Fragment
33823573.442,E0,P171,0.851184761755003,0.0025,7396.083,1059.189,1.4671,13.170,0.9478577013394018,0.0,Hit+Run
33836593.68,E0,P171,0.851184761755003,0.0025,7396.083,1059.189,1.0164,9.1244,0.5237010020227943,0.0,Merge
34020172.349,E6,P335,0.2636996871294448,0.0025,5004.534,1059.189,1.8541,10.975,0.43403765286803053,0.0,Merge
34083434.647,E3,P435,0.12969913419913426,0.0025,3950.386,1059.189,10.209,46.857,0.4906463546022273,0.010053946053946055,Fragment
34115385.605,E3,FRAG0034,0.12214518814518821,0.010053946053946055,3872.154,1684.377,1.1284,4.9173,0.7751930053104629,0.0,Hit+Run
34140582.976,E0,P10,0.853684761755003,0.005,7403.317,1334.495,1.5614,13.828,0.7293330162230219,0.0,Merge
35051518.327,E3,FRAG0034,0.12214518814518821,0.010053946053946055,3872.154,1684.377,3.9363,17.153,0.85526283298951,0.0,Hit+Run
35287620.627,P86,FRAG0011,0.0025,0.007927072927072927,1059.189,1556.078,5.7997,10.346,0.9856543438037658,0.0,Hit+Run
35586724.715,E23,P492,0.04363469863469864,0.0025,2747.500,1059.189,3.8009,11.821,0.9953733143573584,0.0,Hit+Run
35816096.34,E0,P3,0.858684761755003,0.0024999999999999905,7417.742,1059.189,1.633,14.705,0.9781312578345562,0.0,Hit+Run
35919948.184,E3,FRAG0034,0.12214518814518821,0.010053946053946055,3872.154,1684.377,1.4118,6.1523,0.3891992929394943,0.0,Merge
36094176.566,E6,P384,0.2661996871294448,0.0025,5020.300,1059.189,3.227,19.167,0.13873045525955605,0.0,Merge
36306895.442,E47,E23,0.19937878787878788,0.04363469863469864,4559.181,2747.500,1.3453,6.9315,0.7081483203012027,0.0,Hit+Run
36364813.894,E0,P151,0.858684761755003,0.0025,7417.742,1059.189,2.0945,18.861,0.42501194482934684,0.0,Merge
36379723.44,E0,P642,0.8611847617550029,0.0025,7424.934,1059.189,3.4462,31.065,0.7611233868218876,0.0,Merge
36530996.079,E47,FRAG0033,0.19937878787878788,0.006288711288711289,4559.181,1440.503,3.0949,16.189,0.6913601339156789,0.0,Merge
36578807.086,E0,FRAG0028,0.8636847617550029,0.0059297369297369295,7432.112,1412.555,2.6357,23.349,0.8376040058344819,0.0,Merge
36675238.806,E0,FRAG0029,0.8696144986847398,0.0059297369297369295,7449.082,1412.555,1.5922,14.139,0.4260995217060262,0.0,Merge
36983378.597,E0,FRAG0030,0.8755442356144768,0.0059297369297369295,7465.975,1412.555,2.1111,18.793,0.9594692606191514,0.0,Hit+Run
37422130.429,E3,FRAG0006,0.13219913419913426,0.009308358308358309,3975.606,1641.666,1.8119,8.1249,0.6305315676389605,0.0,Merge
38286688.738,E0,P418,0.8755442356144768,0.0025,7465.975,1059.189,1.8254,16.550,0.778022742905043,0.0,Merge
39773407.381,E3,P8,0.14150749250749256,0.0025,4066.807,1059.189,5.6494,26.752,0.8733406199215049,0.0,Hit+Run
39963007.197,E0,P223,0.8780442356144768,0.0025,7473.074,1059.189,1.8195,16.514,0.6244010421088966,0.0,Merge
40182756.565,E3,P8,0.14150749250749256,0.0025,4066.807,1059.189,1.1201,5.3041,0.47403799091851306,0.0,Merge
40698052.616,E3,FRAG0009,0.14400749250749256,0.00691941391941392,4090.617,1487.134,7.2367,33.631,0.821680089237898,0.0,Hit+Run
40938125.622,E3,FRAG0009,0.14400749250749256,0.00691941391941392,4090.617,1487.134,1.0981,5.1033,0.473177430896369,0.0,Merge
42079603.719,E6,P427,0.2686996871294448,0.0025,5035.967,1059.189,3.5649,21.245,0.5628240232188846,0.0,Merge
42612252.799,E0,P259,0.8805442356144767,0.0025,7480.160,1059.189,3.284,29.835,0.4944814733408985,0.0,Merge
42771559.785,E6,P181,0.2711996871294448,0.0025,5051.537,1059.189,2.5314,15.135,0.3132241735137304,0.0,Merge
44062287.427,E3,P372,0.15092690642690648,0.0025,4155.112,1059.189,4.9987,24.225,0.9660434580393699,0.0,Hit+Run
44669972.382,E6,P595,0.2736996871294448,0.0024999999999999905,5067.012,1059.189,4.9986,29.986,0.9487721021298263,0.0,Hit+Run
45575611.833,E0,P372,0.8830442356144766,0.0025,7487.232,1059.189,1.4661,13.333,0.8992820376691388,0.0,Hit+Run
45718437.316,E0,P372,0.8830442356144766,0.0025,7487.232,1059.189,1.027,9.3398,0.7910878519388529,0.0,Merge
45786691.272,E35,P207,0.030000000000000002,0.0025,2424.939,1059.189,4.4936,12.261,0.6059339633490254,0.0,Merge
46221347.91,E6,P420,0.2736996871294448,0.0025,5067.012,1059.189,4.9388,29.627,0.44382452271193845,0.0,Merge
47818327.443,P145,P616,0.0025000000000000022,0.0025,1059.189,1059.189,20.159,27.670,0.5562000000000001,0.0,Graze+Frag
47827990.31,P145,P624,0.005,0.0025,1334.495,1059.189,9.7315,15.389,0.4549811901026529,0.0074459540459540455,Fragment
48364089.825,E0,P165,0.8855442356144766,0.0024999999999999905,7494.291,1059.189,2.3415,21.315,0.8758180947482163,0.0,Merge
49686682.711,E0,P346,0.8880442356144765,0.0025,7501.337,1059.189,3.0416,27.716,0.4426042207617002,0.0,Merge
52424151.907,E47,P495,0.20566749916749916,0.0025,4606.620,1059.189,1.3244,7.1721,0.8050066155692358,0.0,Merge
53113627.073,E6,FRAG0022,0.2761996871294448,0.005844821844821845,5082.393,1405.780,2.8138,16.574,0.34591933197313574,0.0,Merge
56403535.217,E0,P145,0.8905442356144765,0.0075001665001665,7508.370,1527.627,1.899,16.913,0.9282428558930969,0.0,Hit+Run
56675684.288,E0,P145,0.8905442356144765,0.0075001665001665,7508.370,1527.627,1.0977,9.7769,0.9685434364237702,0.0,Hit+Run
56828279.886,E0,P145,0.8905442356144765,0.0075001665001665,7508.370,1527.627,1.0412,9.2736,0.5890532275916358,0.0,Merge
57633031.831,E6,P377,0.28204450897426664,0.0025,5117.993,1059.189,4.3206,26.198,0.7552068213223101,0.0,Merge
58038835.508,E61,P428,0.019086247086247093,0.0025,2085.614,1059.189,13.458,31.503,0.9412044933139567,0.0,Hit+Run
61271617.799,E3,P520,0.15092690642690648,0.0025,4155.112,1059.189,7.5279,36.482,0.6284103530560481,0.0,Merge
64671811.642,E3,P460,0.15342690642690648,0.0025,4177.928,1059.189,6.2761,30.595,0.6303846599913566,0.0,Merge
67911704.227,E0,P94,0.898044402114643,0.0025000000000000022,7529.389,1059.189,2.9824,27.284,0.5986810915958032,0.0,Merge
68290835.655,E6,P284,0.28454450897426664,0.0025,5133.070,1059.189,2.6132,15.895,0.2999967855614426,0.0,Merge
68309598.073,E47,P394,0.20816749916749916,0.0025,4625.210,1059.189,4.2961,23.366,0.8617549830813486,0.0,Hit+Run
69539530.875,E47,P241,0.20816749916749916,0.0025,4625.210,1059.189,4.1071,22.338,0.6023578642008519,0.0,Merge
73028639.79,E0,P621,0.9005444021146429,0.0025,7536.370,1059.189,3.465,31.730,0.377100825092376,0.0,Merge
75411664.007,P3,P43,0.0024999999999999905,0.0025,1059.189,1059.189,28.853,39.603,0.15869999999999992,0.0,Merge
76923995.824,P111,P368,0.0025,0.0025,1059.189,1059.189,25.167,34.544,0.66995,0.0,Graze+Frag
77160859.682,E0,P185,0.9030444021146429,0.0025,7543.337,1059.189,3.1005,28.420,0.6034650762577165,0.0,Merge
80031451.406,E0,P299,0.9055444021146428,0.0025,7550.292,1059.189,2.7824,25.529,0.34351072551262635,0.0,Merge
81434334.92,E6,P595,0.28704450897426664,0.0024999999999999905,5148.060,1059.189,2.4875,15.178,0.6735252412452314,0.0,Merge
83427630.759,E47,P109,0.21066749916749916,0.0025,4643.652,1059.189,5.0328,27.490,0.3244865211716687,0.0,Merge
84468585.637,E61,P324,0.019086247086247093,0.0025,2085.614,1059.189,2.9624,6.9341,0.8523365380546062,0.0,Hit+Run
86311870.773,E3,P192,0.1559269064269065,0.0025,4200.498,1059.189,2.9609,14.518,0.8050900062975386,0.0,Hit+Run
88829007.043,E3,P111,0.1559269064269065,0.005,4200.498,1334.495,5.3276,25.665,0.7809824047262762,0.0,Hit+Run
88833756.704,E3,P111,0.1559269064269065,0.005,4200.498,1334.495,1.0777,5.1917,0.12635659351562048,0.0,Merge
91218878.642,E3,P186,0.1609269064269065,0.0025,4244.925,1059.189,7.0102,34.765,0.5984702471302921,0.0,Merge
93789830.639,E0,P429,0.9080444021146428,0.0025,7557.234,1059.189,2.848,26.156,0.8305882642298806,0.0,Merge
94732085.199,E47,FRAG0008,0.21316749916749916,0.007542457542457543,4661.948,1530.493,2.107,11.238,0.3728841007104262,0.0,Merge
95634676.264,E6,P308,0.28954450897426665,0.0025,5162.962,1059.189,2.2433,13.730,0.9898339825196915,0.0,Hit+Run
100877420.115,E0,P308,0.9105444021146427,0.0025,7564.163,1059.189,1.416,13.017,0.6848958317649929,0.0,Merge
102361563.021,E0,P90,0.9130444021146427,0.0025,7571.079,1059.189,3.1765,29.230,0.3965261990456918,0.0,Merge
104511209.864,E3,P3,0.1634269064269065,0.0049999999999999906,4266.794,1334.495,3.6001,17.637,0.9917250261561954,0.0,Hit+Run
107529222.598,E3,P457,0.1634269064269065,0.0025,4266.794,1059.189,7.8312,39.052,0.7347143477721849,0.0,Merge
108564631.505,E3,P485,0.1659269064269065,0.0025,4288.441,1059.189,8.3689,41.961,0.7784362355897395,0.0,Merge
108799513.042,E0,P3,0.9155444021146426,0.0049999999999999906,7577.983,1334.495,1.4981,13.602,0.8450799841624113,0.0,Merge
109741073.944,E0,P141,0.9205444021146426,0.0025,7591.753,1059.189,3.1161,28.757,0.5124094141676742,0.0,Merge
111035895.294,E0,P394,0.9230444021146426,0.0025,7598.619,1059.189,2.4185,22.340,0.4354952639626824,0.0,Merge
112107140.29,E61,P275,0.019086247086247093,0.0025,2085.614,1059.189,10.857,25.414,0.970119738458044,0.0,Hit+Run
112208152.864,E6,E61,0.28954450897426665,0.019086247086247093,5162.962,2085.614,1.5864,9.2483,0.9757421789717937,0.0,Hit+Run
112406605.884,E6,E61,0.28954450897426665,0.019086247086247093,5162.962,2085.614,1.2091,7.0487,0.6151898094590394,0.0,Merge
114735111.448,E6,P275,0.3086307560605137,0.0025,5274.001,1059.189,1.1448,7.1688,0.6520477405040069,0.0,Merge
116091249.446,E0,P477,0.9255444021146425,0.0025,7605.473,1059.189,1.7909,16.559,0.13447245243516673,0.0,Merge
119064833.435,E6,P729,0.3111307560605137,0.0025,5288.203,1059.189,2.1413,13.447,0.5789419935479443,0.0,Merge
138581727.021,E0,P330,0.9280444021146425,0.0025,7612.315,1059.189,2.9689,27.477,0.7015808916664656,0.0,Merge
140066664.511,E0,E37,0.9305444021146424,0.01367182817182817,7619.144,1866.104,1.4373,12.811,0.6814075249174874,0.0,Merge
158468043.677,E6,E47,0.3136307560605137,0.22070995670995672,5302.329,4716.297,1.2775,8.3353,0.8751101654589509,0.0,Hit+Run
166209697.799,E6,E47,0.3136307560605137,0.22070995670995672,5302.329,4716.297,1.2303,8.0273,0.9223190113972264,0.0,Hit+Run
181785502.142,E0,P573,0.9442162302864706,0.0025,7656.277,1059.189,2.5566,23.805,0.6269641057827581,0.0,Merge
182338627.018,E6,E47,0.3136307560605137,0.22070995670995672,5302.329,4716.297,1.0962,7.1524,0.5373975579117138,0.0,Graze+Merge
