time_yr,target,projectile,Mt_Mearth,Mp_Mearth,Rt_km,Rp_km,vimp/vesc,vimp_km/s,b,m_frag_Mearth,Regime
2389.224,E47,P536,0.07613076638285318,0.0025,3307.607,1059.189,1.2682,4.8079,0.7326762181912653,0.0,Merge
52932.463,E5,P71,0.34165650044592244,0.0025,5455.782,1059.189,1.2384,8.0415,0.7282223448631363,0.0,Merge
82015.269,E68,P297,0.025,0.0025000000000000022,2281.955,1059.189,4.4284,11.350,0.6432362025068646,0.0,Merge
352518.591,E5,FRAG1018,0.34415650044592244,0.0060087753954500235,5469.057,1418.804,1.4104,8.9845,0.5024519510924512,0.0,Merge
395769.765,E37,P240,0.024133178701053457,0.0025,2255.270,1059.189,5.728,14.506,0.8454388719388087,0.0,Hit+Run
664031.828,E43,E57,0.030000000000000002,0.030000000000000002,2424.939,2424.939,1.3174,4.1398,0.3382,0.008532134532134533,Fragment
672298.961,E5,P179,0.35016527584137247,0.002499999999999968,5500.703,1059.189,1.8557,12.156,0.9639803945602357,0.0,Hit+Run
826976.434,P35,P147,0.002500000000000014,0.0025,1059.189,1059.189,13.500,18.530,0.8076500000000008,0.0,Graze+Frag
840763.833,E5,P125,0.35016527584137247,0.0025,5500.703,1059.189,1.431,9.3741,0.7878879425267892,0.0,Merge
969990.011,E33,FRAG1012,0.10048267998221673,0.006417919126871575,3628.197,1450.302,1.0434,4.2769,0.4502294108534706,0.0,Merge
976545.733,E63,P356,0.027500000000000004,0.0025,2355.617,1059.189,2.3768,6.2940,0.8642809748189997,0.0,Hit+Run
1083863.409,E33,P377,0.1069005991090883,0.0025,3703.854,1059.189,1.792,7.6729,0.7668143595804213,0.0,Merge
1207018.449,URANUS,K550,15.944423909423909,0.035,19642.50,2552.798,1.0016,24.010,0.6260381961311128,0.0,Merge
1221124.878,E43,P248,0.05146786546786547,0.0025,2902.947,1059.189,1.5915,5.2476,0.22661548270387485,0.0,Merge
1244969.975,E5,P83,0.35266527584137247,0.0025,5513.762,1059.189,1.6958,11.136,0.8105029544119408,0.0,Merge
1255906.689,E27,P303,0.030000000000000002,0.0025,2424.939,1059.189,1.51,4.1203,0.8292094233103938,0.0,Hit+Run
1297463.017,NEPTUNE,K837,16.259423909423912,0.035,19771.01,2552.798,1.0002,24.142,0.34717355787388804,0.0,Merge
1467541.868,E73,P190,0.04799106354337359,0.0025,2836.050,1059.189,3.9301,12.641,0.8426081299796514,0.0,Hit+Run
1470767.78,E92,E95,0.025,0.025,2281.955,2281.955,1.2894,3.8129,0.4755,0.0,Merge
1480351.978,E47,P181,0.07863076638285318,0.0025000000000000022,3343.423,1059.189,2.0976,8.0448,0.12765814770824907,0.0,Merge
1683866.795,E7,P35,0.037500000000000006,0.005,2612.187,1334.495,2.7755,8.1372,0.3400683017879109,0.006487179487179488,Fragment
2116724.951,E32,P381,0.19999999999999996,0.0025,4563.911,1059.189,1.5979,8.5670,0.8461305048463111,0.0,Hit+Run
2191083.198,E33,P55,0.10940059910908831,0.0025000000000000022,3732.505,1059.189,1.6724,7.2205,0.9036633452917622,0.0,Hit+Run
2258156.463,E1,FRAG1019,0.25925178122696146,0.0060087753954500235,4976.237,1418.804,1.8015,10.365,0.9824794941290736,0.0,Hit+Run
2290171.218,E5,P287,0.3551652758413725,0.0025,5526.761,1059.189,1.049,6.9065,0.1645620866516357,0.0,Merge
2763159.377,E33,P344,0.10940059910908831,0.0025,3732.505,1059.189,2.2883,9.8796,0.9387941244251632,0.0,Hit+Run
2904261.362,E21,P268,0.2938806812054764,0.0025,5188.608,1059.189,1.2012,7.3915,0.41183001242223377,0.0,Merge
2968108.735,E32,FRAG0001,0.19999999999999996,0.008532134532134533,4563.911,1594.702,1.4309,7.4389,0.7993829496640574,0.0,Hit+Run
3015232.387,E5,P112,0.3576652758413725,0.0025,5539.698,1059.189,1.2307,8.1231,0.9549194600079965,0.0,Hit+Run
3030787.859,E5,P86,0.3576652758413725,0.0025,5539.698,1059.189,2.0932,13.816,0.9325050867489078,0.0,Hit+Run
3034388.231,E21,FRAG1003,0.2963806812054764,0.00775410561628993,5203.279,1544.677,1.1513,6.9054,0.9423486358548623,0.0,Hit+Run
3070759.112,E5,P112,0.3576652758413725,0.0025,5539.698,1059.189,1.032,6.8116,0.8158999764235356,0.0,Merge
3091733.246,E5,P540,0.3601652758413725,0.0025,5552.575,1059.189,1.4909,9.8650,0.45920386834295074,0.0,Merge
3152007.717,NEPTUNE,K650,16.294423909423912,0.035,19785.18,2552.798,1.0016,24.194,0.2828102051709174,0.0,Merge
3173818.344,E21,P314,0.2963806812054764,0.0025,5203.279,1059.189,1.8414,11.365,0.6086101098411281,0.0,Merge
3189906.716,E33,P148,0.10940059910908831,0.0025000000000000022,3732.505,1059.189,2.224,9.6020,0.7659444594650373,0.0,Merge
3349420.003,E5,P392,0.3626652758413725,0.0025,5565.393,1059.189,1.3776,9.1378,0.5934552633481159,0.0,Merge
3580147.772,E32,E19,0.19999999999999996,0.04,4563.911,2668.991,1.0138,5.2174,0.516783295455313,0.005640692640692641,Fragment
3629342.176,E5,P141,0.3651652758413725,0.0025,5578.152,1059.189,1.4167,9.4202,0.587285187375059,0.0,Merge
3804786.64,NEPTUNE,K933,16.329423909423912,0.035,19799.34,2552.798,0.9999,24.171,0.8603695536720777,0.0,Perfect
4130628.86,E5,P97,0.3676652758413725,0.0025,5590.852,1059.189,1.6417,10.943,0.8290382699932652,0.0,Merge
4254937.838,E5,P350,0.3701652758413725,0.0025,5603.496,1059.189,1.8843,12.590,0.9608728741001409,0.0,Hit+Run
4378945.01,P38,FRAG1019,0.0025,0.0060087753954500235,1059.189,1418.804,5.9357,9.8268,0.32587904832816217,0.0,Fragment
4423769.106,E47,P491,0.08113076638285319,0.0025,3378.487,1059.189,1.3127,5.0912,0.37441662319203733,0.0,Merge
4777888.24,E21,P421,0.2988806812054764,0.0025,5217.868,1059.189,1.7873,11.064,0.48337777272474647,0.0,Merge
4813671.509,E21,E33,0.3013806812054764,0.11190059910908831,5232.376,3760.722,1.0179,6.1649,0.6234796798469984,0.0,Graze+Merge
4826167.186,E81,P64,0.025,0.0025,2281.955,1059.189,5.2862,13.549,0.5409932002608703,0.010308251748251748,Fragment
4838374.22,E21,P157,0.4132812803145647,0.0025,5813.117,1059.189,1.6551,11.501,0.7370960353056855,0.0,Merge
4840498.598,P37,P196,0.005000000000000004,0.002500000000000014,1334.495,1059.189,9.1862,14.527,0.9438587854966188,0.0,Hit+Run
4883723.324,E21,P260,0.4157812803145647,0.0025,5824.815,1059.189,1.3356,9.3013,0.7593238327330638,0.0,Merge
4892476.671,E18,P353,0.0475,0.0025,2826.344,1059.189,2.6196,8.3956,0.7012152527693216,0.0,Merge
4898879.661,E5,P36,0.3701652758413725,0.0025,5603.496,1059.189,1.3933,9.3097,0.8203373316387549,0.0,Merge
5051637.014,NEPTUNE,K848,16.364423909423913,0.035,19813.48,2552.798,1.0,24.192,0.629229169558611,0.0,Merge
5187229.216,E62,P778,0.025,0.0025,2281.955,1059.189,4.4663,11.447,0.9133571603444789,0.0,Hit+Run
5203115.185,E43,P354,0.05396786546786547,0.0025,2949.209,1059.189,1.7925,6.0107,0.22749617968143165,0.0,Merge
5302980.975,E7,P364,0.036012820512820516,0.0025,2577.188,1059.189,2.5003,7.2697,0.29837279160647384,0.0,Merge
5370932.213,E18,P250,0.05,0.0025,2875.083,1059.189,1.6226,5.2956,0.8683113599366216,0.0,Hit+Run
5422250.204,E21,FRAG1017,0.4182812803145647,0.00586682129894656,5836.466,1407.542,1.3335,9.1163,0.36731665135976066,0.0,Merge
5485493.9,E32,P100,0.23435930735930732,0.0024999999999999905,4811.582,1059.189,2.9358,16.660,0.7684405678648285,0.0,Merge
5497472.534,E21,P171,0.42414810161351124,0.0025,5863.627,1059.189,1.0816,7.5860,0.5451293011657005,0.0,Merge
5530532.796,E21,P124,0.42664810161351124,0.0025,5875.125,1059.189,2.5338,17.808,0.8345450396693067,0.0,Merge
5704694.061,E49,P325,0.035,0.0025,2552.798,1059.189,2.7362,7.8767,0.7248500838530121,0.0,Hit+Run
6104732.879,E5,P475,0.3726652758413725,0.0025,5616.082,1059.189,1.6644,11.147,0.535840744627464,0.0,Merge
6110373.939,E1,P74,0.25925178122696146,0.002499999999999968,4976.237,1059.189,1.5009,8.8307,0.7970485650090395,0.0,Merge
6172042.034,E21,P136,0.42914810161351125,0.0025,5886.578,1059.189,1.5138,10.661,0.7852140435387829,0.0,Merge
6210729.788,E5,P168,0.3751652758413725,0.0025000000000000022,5628.613,1059.189,1.5532,10.427,0.9050820537218423,0.0,Hit+Run
6388572.001,URANUS,K365,15.97942390942391,0.035,19656.86,2552.798,1.0096,24.220,0.5259021190092982,0.0,Merge
6596875.215,E21,P469,0.43164810161351125,0.0025,5897.986,1059.189,1.7624,12.438,0.8618285247983076,0.0,Hit+Run
6637750.928,E32,P302,0.23685930735930733,0.0025,4828.630,1059.189,1.2151,6.9217,0.9631312249462373,0.0,Hit+Run
7070577.613,E21,FRAG1003,0.43164810161351125,0.00775410561628993,5897.986,1544.677,1.2771,8.7669,0.7189164493380366,0.0,Merge
7128634.32,E1,FRAG1014,0.2617517812269614,0.006949516312841692,4992.181,1489.288,2.8748,16.537,0.6509930860646646,0.0,Merge
7292439.095,E1,P151,0.2687012975398031,0.0025,5035.977,1059.189,1.532,9.1299,0.500361636510741,0.0,Merge
7347809.098,E32,P158,0.23685930735930733,0.0025,4828.630,1059.189,1.6441,9.3655,0.2872007450410186,0.0,Merge
7481362.968,E1,P48,0.2712012975398031,0.0025,5051.547,1059.189,3.9739,23.761,0.42970171879634694,0.0,Merge
7826985.894,E5,P179,0.3751652758413725,0.002499999999999968,5628.613,1059.189,1.6461,11.051,0.7424803680429699,0.0,Merge
8113606.78,E1,P202,0.2737012975398031,0.002500000000000014,5067.022,1059.189,3.1564,18.935,0.7249577451906112,0.0,Merge
8230720.355,E21,P233,0.43940220722980117,0.0025,5933.094,1059.189,1.8465,13.114,0.35502084497917036,0.0,Merge
8357278.001,E32,P37,0.23935930735930733,0.005000000000000004,4845.559,1334.495,1.5186,8.5313,0.8505527583406275,0.0,Hit+Run
8550186.457,E32,P198,0.23935930735930733,0.0025,4845.559,1059.189,2.1491,12.288,0.6011867150726643,0.0,Merge
8617130.647,E49,P312,0.035,0.0025,2552.798,1059.189,8.3927,24.160,0.6915618243468918,0.008188145188145188,Fragment
8639667.359,E1,P182,0.2762012975398031,0.0025,5082.402,1059.189,2.7239,16.393,0.19463699232640036,0.0,Merge
8821447.602,E5,P469,0.37766527584137244,0.0025,5641.087,1059.189,2.6069,17.543,0.6960140267973915,0.0,Merge
8845274.316,E40,P235,0.04,0.0025,2668.991,1059.189,5.07,15.293,0.951855782417222,0.0,Hit+Run
8899907.096,E47,P235,0.08363076638285319,0.0025,3412.839,1059.189,1.0657,4.1784,0.6849291806256774,0.0,Merge
9030579.75,P38,P58,0.008508824508824508,0.0025,1593.249,1059.189,5.9746,10.874,0.5496760731000354,0.0,Fragment
9053296.251,E21,P391,0.44190220722980117,0.0025,5944.325,1059.189,1.7998,12.808,0.9636007464697766,0.0,Hit+Run
9299896.089,E5,P273,0.38016527584137244,0.0025,5653.507,1059.189,2.1483,14.491,0.5869368374156374,0.0,Merge
9461154.005,E1,FRAG0002,0.2787012975398031,0.006487179487179488,5097.691,1455.500,1.9685,11.601,0.6546758899108451,0.0,Merge
9486350.213,E5,P50,0.38266527584137244,0.0025,5665.873,1059.189,2.9338,19.836,0.29133688711781514,0.0,Merge
9576863.469,E21,P142,0.44190220722980117,0.0025,5944.325,1059.189,1.3154,9.3614,0.572915091929093,0.0,Merge
9609807.21,E21,P350,0.44440220722980117,0.0025,5955.514,1059.189,1.4102,10.056,0.6342911322649841,0.0,Merge
9771091.269,E21,P344,0.4469022072298012,0.0025,5966.660,1059.189,1.6003,11.434,0.25596210744446296,0.0,Merge
10166763.535,E5,P304,0.38516527584137245,0.0025,5678.185,1059.189,2.4523,16.619,0.25115110178647915,0.0,Merge
10375567.088,E1,P234,0.2851884770269826,0.0025,5136.940,1059.189,2.4112,14.678,0.5145951909398034,0.0,Merge
10449876.973,E43,P483,0.056467865467865475,0.0025,2994.063,1059.189,4.6249,15.760,0.5855528444637822,0.0,Merge
10579055.878,E21,P515,0.4494022072298012,0.0025,5977.766,1059.189,1.491,10.674,0.24244210585566767,0.0,Merge
11185381.489,E32,FRAG0003,0.24185930735930733,0.005640692640692641,4862.371,1389.220,2.0049,11.270,0.625647244092923,0.0,Merge
11500470.57,E18,P227,0.05,0.002500000000000014,2875.083,1059.189,4.579,14.944,0.9066772464849064,0.0,Hit+Run
11501793.175,E1,P168,0.2876884770269826,0.0025000000000000022,5151.906,1059.189,3.3783,20.630,0.697665644999528,0.0,Merge
11546541.062,E32,P82,0.24749999999999997,0.0024999999999999905,4899.881,1059.189,2.3754,13.745,0.8963411297735164,0.0,Hit+Run
11602618.51,E40,P433,0.04,0.0025,2668.991,1059.189,3.5806,10.800,0.7571319761465509,0.0,Hit+Run
12268108.856,E32,E7,0.24749999999999997,0.03851282051282052,4899.881,2635.495,1.1102,6.1108,0.9807725922204372,0.0,Hit+Run
12640113.551,E32,E18,0.24749999999999997,0.05,4899.881,2875.083,1.0039,5.5480,0.5429281981290331,0.006313306693306693,Fragment
13565521.779,E37,P366,0.024133178701053457,0.0025,2255.270,1059.189,5.4815,13.882,0.9518587025796375,0.0,Hit+Run
13587787.857,E27,E59,0.030000000000000002,0.027500000000000004,2424.939,2355.617,2.4092,7.4649,0.7186216980953996,0.006366373626373626,Hit+Run
13842185.381,E5,P582,0.38766527584137245,0.0025,5690.444,1059.189,3.8084,25.869,0.9519153715796256,0.0,Hit+Run
14049961.731,E5,P334,0.38766527584137245,0.0025,5690.444,1059.189,3.9266,26.672,0.9919614083788748,0.0,Hit+Run
14068880.193,E21,P582,0.4519022072298012,0.0025,5988.830,1059.189,1.0538,7.5596,0.5521468135713697,0.0,Merge
14251525.616,E32,P498,0.29118697968697965,0.0025000000000000022,5172.706,1059.189,1.5963,9.7904,0.6362235888586024,0.0,Merge
14319071.352,E1,P57,0.2901884770269826,0.0025,5166.787,1059.189,4.074,24.956,0.7658093023954572,0.0,Merge
14323466.72,E1,P324,0.2926884770269826,0.0025,5181.582,1059.189,2.5392,15.602,0.302138536025296,0.0,Merge
14387435.267,E63,E37,0.027500000000000004,0.024133178701053457,2355.617,2255.270,2.5912,7.7469,0.9829870589531452,0.0,Hit+Run
14485488.64,E27,P481,0.030000000000000002,0.0025,2424.939,1059.189,3.0428,8.3028,0.7385907671789407,0.0,Hit+Run
14548506.117,E65,P446,0.030000000000000002,0.0025,2424.939,1059.189,6.8572,18.711,0.830810213702885,0.0,Hit+Run
14688987.38,E1,P38,0.2951884770269826,0.01100865800865801,5196.293,1736.088,2.7597,16.386,0.6590203594765108,0.0,Merge
14722497.686,E21,P389,0.4544022072298012,0.0025,5999.853,1059.189,2.7743,19.941,0.9855202356756398,0.0,Hit+Run
14971543.073,E49,P259,0.029311854811854818,0.0025000000000000022,2406.254,1059.189,6.4929,17.575,0.946408191200727,0.0,Hit+Run
14989174.489,E1,P208,0.3061971350356406,0.0025,5260.102,1059.189,2.2698,14.173,0.35825974943441063,0.0,Merge
15255384.467,E5,P341,0.38766527584137245,0.0025,5690.444,1059.189,2.3211,15.766,0.974256844741312,0.0,Hit+Run
15321448.621,E21,P321,0.4544022072298012,0.0025,5999.853,1059.189,1.8208,13.087,0.5500044368311398,0.0,Merge
15759621.842,E32,P227,0.29368697968697965,0.002500000000000014,5187.467,1059.189,1.0458,6.4337,0.9378977310976925,0.0,Hit+Run
15895281.964,E1,P207,0.3086971350356406,0.0025,5274.379,1059.189,2.4359,15.254,0.4496102114059373,0.0,Merge
15918861.25,URANUS,K181,16.014423909423908,0.035,19671.20,2552.798,1.0029,24.078,0.618885185336903,0.0,Merge
16463214.441,E1,P389,0.3111971350356406,0.0025,5288.579,1059.189,1.1982,7.5254,0.9373656148815186,0.0,Hit+Run
16841950.283,E21,P286,0.4569022072298012,0.0025000000000000022,6010.836,1059.189,2.4466,17.620,0.59598028999703,0.0,Merge
16983417.654,E49,P165,0.029311854811854818,0.0025000000000000022,2406.254,1059.189,3.9728,10.753,0.9840423247026194,0.0,Hit+Run
17058988.146,E1,P219,0.3111971350356406,0.0025,5288.579,1059.189,3.6685,23.040,0.889460075057781,0.0,Hit+Run
17069296.445,E1,P219,0.3111971350356406,0.0025,5288.579,1059.189,1.0687,6.7120,0.9924361571832414,0.0,Hit+Run
17097028.733,E32,P423,0.29368697968697965,0.0025,5187.467,1059.189,1.23,7.5669,0.5701793714996245,0.0,Merge
17242491.941,E32,P223,0.29618697968697966,0.0025,5202.145,1059.189,1.7476,10.783,0.689428059510597,0.0,Merge
17314312.489,E48,P288,0.025,0.0025,2281.955,1059.189,5.701,14.612,0.9504432994357115,0.0,Hit+Run
17427635.305,E21,P555,0.4594022072298012,0.0025,6021.779,1059.189,1.6121,11.632,0.8584113126660036,0.0,Hit+Run
17743086.279,E32,P45,0.29868697968697966,0.0025,5216.741,1059.189,2.2931,14.192,0.9934858909733209,0.0,Hit+Run
17823175.303,E5,P82,0.38766527584137245,0.0024999999999999905,5690.444,1059.189,2.8472,19.340,0.8857340265534983,0.0,Hit+Run
17857314.549,E49,P86,0.029311854811854818,0.0025,2406.254,1059.189,4.9152,13.304,0.6040903348089747,0.0,Merge
17871083.435,E5,E49,0.38766527584137245,0.03181185481185482,5690.444,2472.806,1.2746,8.1630,0.2654483038984254,0.006398601398601399,Fragment
17872237.706,E5,FRAG0007,0.4130785292546259,0.006398601398601399,5812.166,1448.845,1.047,7.1098,0.7110506397501157,0.0,Merge
18008341.022,E47,P501,0.08613076638285319,0.0025,3446.513,1059.189,3.4189,13.547,0.5636713074502874,0.0,Merge
18166956.725,E21,P341,0.4594022072298012,0.0025,6021.779,1059.189,1.5502,11.185,0.37954128080328653,0.0,Merge
18620978.429,E5,P555,0.4194771306532273,0.0025,5842.023,1059.189,1.3715,9.5815,0.6687517439068337,0.0,Merge
18625641.775,E32,E65,0.29868697968697966,0.030000000000000002,5216.741,2424.939,1.1825,6.9287,0.8857634571569291,0.0,Hit+Run
18661438.594,E32,P163,0.29868697968697966,0.0025,5216.741,1059.189,1.7109,10.589,0.885426013273746,0.0,Hit+Run
19240523.552,E5,P654,0.4219771306532273,0.0025,5853.606,1059.189,3.0566,21.399,0.5547245018794991,0.0,Merge
19312121.828,E5,P82,0.4244771306532273,0.0024999999999999905,5865.143,1059.189,1.3458,9.4417,0.8389868311616288,0.0,Merge
19424695.508,E32,E65,0.29868697968697966,0.030000000000000002,5216.741,2424.939,1.1939,6.9955,0.899143776047315,0.0,Hit+Run
19439545.162,E5,P51,0.4269771306532273,0.0025,5876.635,1059.189,2.8737,20.203,0.7345979153651006,0.0,Merge
19677242.034,E32,E65,0.29868697968697966,0.030000000000000002,5216.741,2424.939,1.0177,5.9631,0.4156773557324502,0.0,Merge
20163945.408,P4,P320,0.005000000000000004,0.0025,1334.495,1059.189,7.5574,11.951,0.7291072177628347,0.0,Graze+Frag
20273192.025,E32,P205,0.3286869796869797,0.002500000000000014,5385.855,1059.189,1.222,7.8262,0.5457684098574062,0.0,Merge
20310256.182,E21,E59,0.4619022072298012,0.027500000000000004,6032.683,2355.617,1.005,6.8583,0.5903734170414346,0.0,Merge
20727768.727,E5,P703,0.4294771306532273,0.0025,5888.082,1059.189,2.7109,19.098,0.6320096290162555,0.0,Merge
20868330.607,E1,P231,0.3111971350356406,0.0024999999999999996,5288.579,1059.189,3.5586,22.350,0.8066459766494412,0.0,Merge
21074911.433,E5,P328,0.4319771306532273,0.0025,5899.485,1059.189,2.4453,17.262,0.5183379240589323,0.0,Merge
21098370.639,E1,P185,0.3136971350356406,0.0025,5302.703,1059.189,2.6207,16.506,0.4807687252574106,0.0,Merge
21104893.389,E21,P37,0.4894022072298012,0.005000000000000004,6150.104,1334.495,2.284,16.584,0.8023911577313839,0.0,Merge
21253567.408,P55,P563,0.0025000000000000022,0.0025,1059.189,1059.189,9.1837,12.605,0.5247000000000002,0.0,Graze+Frag
21296629.938,E7,P575,0.03851282051282052,0.0025,2635.495,1059.189,3.8811,11.552,0.8159675203254433,0.0,Hit+Run
21332624.461,E21,P237,0.4944022072298012,0.0025,6170.977,1059.189,2.4562,18.192,0.6939841812007644,0.0,Merge
21720412.365,E37,P292,0.024133178701053457,0.0025000000000000022,2255.270,1059.189,4.3081,10.910,0.1980742499970923,0.006715950715950716,Fragment
21831969.485,E21,P221,0.4969022072298012,0.0025,6181.361,1059.189,1.8203,13.506,0.942671210635236,0.0,Hit+Run
21846564.373,P45,P388,0.0025,0.0025,1059.189,1059.189,10.223,14.032,0.92965,0.0,Hit+Run
21988620.883,E32,P332,0.3311869796869797,0.0025,5399.475,1059.189,2.3201,14.899,0.5944830389708404,0.0,Merge
22586761.742,E21,P584,0.4969022072298012,0.0025,6181.361,1059.189,1.5071,11.182,0.8686541902022754,0.0,Hit+Run
22628936.701,E5,P471,0.4344771306532273,0.0025,5910.843,1059.189,3.3084,23.403,0.8059739968534549,0.0,Merge
23780015.92,E32,P263,0.3336869796869797,0.0025,5413.028,1059.189,1.926,12.401,0.4722858423073033,0.0,Merge
24077851.2,E5,P122,0.4369771306532273,0.0025,5922.159,1059.189,1.9578,13.877,0.5746268472340604,0.0,Merge
24543460.465,E32,P221,0.3361869796869797,0.0025,5426.512,1059.189,1.1879,7.6693,0.6470948684406863,0.0,Merge
25735479.433,E37,FRAG0004,0.01991722798510274,0.00743989343989344,2115.453,1523.524,11.680,28.612,0.24700787102093963,0.02182917082917083,Fragment
25752173.428,P4,P250,0.0075001665001665,0.0025,1527.627,1059.189,7.8152,13.728,0.8832755033244988,0.0,Hit+Run
25771314.883,E40,P446,0.04,0.0025,2668.991,1059.189,3.0514,9.2045,0.9603033593069056,0.0,Hit+Run
25859509.993,E7,P478,0.03851282051282052,0.0025,2635.495,1059.189,2.2243,6.6209,0.48905265489564115,0.0,Merge
26040449.018,E32,P424,0.3386869796869797,0.0025,5439.930,1059.189,1.6856,10.911,0.7584289381287985,0.0,Merge
26351186.131,E1,P219,0.3161971350356406,0.0025,5316.753,1059.189,1.8739,11.836,0.3041983773945155,0.0,Merge
26771257.803,P130,P398,0.0025,0.0025,1059.189,1059.189,10.401,14.276,0.4604,0.0,Merge
26871179.059,E5,P81,0.4394771306532273,0.0025,5933.431,1059.189,2.3832,16.927,0.7497588890472248,0.0,Merge
27078674.024,E5,P240,0.4419771306532273,0.0025,5944.661,1059.189,2.4393,17.361,0.8764402665208116,0.0,Hit+Run
27867370.581,E1,P90,0.3186971350356406,0.0025,5330.728,1059.189,2.2916,14.515,0.8521766301467181,0.0,Hit+Run
27960692.011,E43,P244,0.05896786546786548,0.0025000000000000022,3037.612,1059.189,1.0756,3.7222,0.9011696706271869,0.0,Hit+Run
28003798.989,E1,P90,0.3186971350356406,0.0025,5330.728,1059.189,1.1262,7.1336,0.3971818831256509,0.0,Merge
28061072.304,E21,P584,0.4969022072298012,0.0025,6181.361,1059.189,1.2361,9.1717,0.32150876464882255,0.0,Merge
28471039.544,E1,P389,0.3211971350356406,0.0025,5344.631,1059.189,4.1606,26.427,0.8572179895946129,0.0,Hit+Run
28728318.521,E1,P553,0.3211971350356406,0.0025,5344.631,1059.189,1.5178,9.6409,0.9854960589166772,0.0,Hit+Run
28810770.818,E5,P259,0.4419771306532273,0.0025000000000000022,5944.661,1059.189,2.002,14.248,0.7164470549779364,0.0,Merge
29063027.091,E21,P334,0.4994022072298012,0.0025,6191.710,1059.189,2.7448,20.402,0.6537634369640192,0.0,Merge
29705614.715,E21,P558,0.5019022072298012,0.0025,6202.025,1059.189,1.2066,8.9847,0.11804083363307645,0.0,Merge
30263527.429,E21,P215,0.5044022072298011,0.0025,6212.306,1059.189,4.4935,33.519,0.7116624882081054,0.0,Merge
30858789.661,E32,P554,0.3411869796869797,0.0025000000000000022,5453.282,1059.189,1.5627,10.142,0.28897286039464626,0.0,Merge
31436488.627,E5,FRAG0011,0.4444771306532273,0.007276390276390278,5955.848,1512.281,1.2128,8.4273,0.7636082015096404,0.0,Merge
31667983.064,E1,P389,0.3211971350356406,0.0025,5344.631,1059.189,1.1221,7.1275,0.6519063106536386,0.0,Merge
31747041.832,E21,E37,0.5069022072298011,0.005527950595825351,6222.552,1379.903,1.7775,13.037,0.6858966807633381,0.0,Merge
31982399.419,E21,P644,0.5124301578256264,0.0025,6245.090,1059.189,2.4126,18.097,0.25632615675305287,0.0,Merge
33475342.516,E21,P189,0.5149301578256263,0.0025,6255.230,1059.189,2.1322,16.022,0.5381720323028438,0.0,Merge
33841614.39,E32,P363,0.3436869796869797,0.0025,5466.569,1059.189,1.3188,8.5817,0.5105726217892603,0.0,Merge
34215843.838,E1,P240,0.3236971350356406,0.0025,5358.461,1059.189,1.4647,9.3294,0.8848036913072986,0.0,Hit+Run
34573190.096,E1,P553,0.3236971350356406,0.0025,5358.461,1059.189,2.4467,15.584,0.3060116569445361,0.0,Merge
34700661.495,E7,P592,0.04101282051282052,0.0025,2691.330,1059.189,2.2282,6.7806,0.5644551570324037,0.0,Merge
35258042.624,E5,P463,0.45175352092961757,0.0025,5988.173,1059.189,2.544,18.247,0.5418562918299414,0.0,Merge
35456414.45,E5,FRAG1011,0.45425352092961757,0.009342490429714433,5999.199,1643.670,2.8414,19.771,0.841848870086929,0.0,Hit+Run
37131984.671,E21,P343,0.5174301578256263,0.0025000000000000022,6265.336,1059.189,1.3217,9.9488,0.8983319939201699,0.0,Hit+Run
37330547.711,E27,P403,0.030000000000000002,0.0025000000000000022,2424.939,1059.189,3.1681,8.6447,0.9659030029126778,0.0,Hit+Run
37764625.71,E47,P274,0.0886307663828532,0.0025,3479.541,1059.189,2.6186,10.483,0.7963784027207872,0.0,Hit+Run
38156689.872,E32,P256,0.3461869796869797,0.0025,5479.792,1059.189,1.6053,10.473,0.5316393429987166,0.0,Merge
38167112.282,E21,P539,0.5174301578256263,0.0025,6265.336,1059.189,1.4494,10.910,0.8784013755062106,0.0,Hit+Run
38798477.264,E21,P197,0.5174301578256263,0.0025,6265.336,1059.189,2.1071,15.860,0.8872974455278921,0.0,Hit+Run
39007888.191,E21,P326,0.5174301578256263,0.0025,6265.336,1059.189,2.3711,17.848,0.551812958748716,0.0,Merge
39355748.567,P92,P281,0.0025,0.0025,1059.189,1059.189,8.9542,12.290,0.7487,0.0,Graze+Frag
39539326.874,E5,P569,0.45425352092961757,0.0025,5999.199,1059.189,2.3005,16.533,0.47622074104621104,0.0,Merge
39540881.422,E1,P172,0.32619713503564063,0.0025000000000000022,5372.221,1059.189,5.1372,32.811,0.5315076710616011,0.0,Merge
39579535.808,E1,P240,0.32869713503564063,0.0025,5385.910,1059.189,1.0971,7.0263,0.8298936229875783,0.0,Merge
40695724.844,E52,P539,0.025,0.0025,2281.955,1059.189,2.9253,7.4980,0.7669932633416959,0.0,Hit+Run
40695847.449,E21,P276,0.5199301578256262,0.0025,6275.411,1059.189,1.8694,14.095,0.30433335302239617,0.0,Merge
41372573.461,E5,P166,0.4567535209296176,0.0025,6010.184,1059.189,1.9444,14.001,0.8432856503756943,0.0,Merge
41592696.274,E5,P325,0.4592535209296176,0.0025,6021.130,1059.189,1.1602,8.3708,0.5792949751060821,0.0,Merge
42562630.68,E5,P366,0.4617535209296176,0.0025,6032.036,1059.189,2.8912,20.900,0.5552936999273337,0.0,Merge
42753103.413,E32,E40,0.3486869796869797,0.04,5492.951,2668.991,1.06,6.5353,0.48819099033252883,0.005823509823509824,Fragment
43378745.961,E1,P299,0.33119713503564063,0.0025,5399.531,1059.189,3.2816,21.073,0.6039309059202809,0.0,Merge
43412640.59,E21,P391,0.5224301578256262,0.0025,6285.453,1059.189,1.6919,12.779,0.7595969119556658,0.0,Merge
44154804.058,E5,P444,0.4642535209296176,0.0025,6042.902,1059.189,1.5873,11.496,0.43325906712798046,0.0,Merge
44376386.88,E21,P402,0.5249301578256261,0.0025,6295.463,1059.189,4.8223,36.484,0.4181480364520511,0.0,Merge
44703978.128,E1,P462,0.33369713503564064,0.0025000000000000022,5413.082,1059.189,2.3916,15.399,0.9071047900886041,0.0,Hit+Run
44709603.874,E5,FRAG0009,0.4667535209296176,0.007276390276390278,6053.730,1512.281,4.4623,31.556,0.6280955741935752,0.0,Merge
45139546.057,E5,P246,0.47402991120600785,0.0025,6085.025,1059.189,2.3749,17.328,0.79092725758774,0.0,Merge
46231666.964,E1,P379,0.33369713503564064,0.0025,5413.082,1059.189,2.8387,18.278,0.07552237003964685,0.0,Merge
47763602.455,E5,P130,0.47652991120600785,0.005,6095.704,1334.495,2.813,20.231,0.9230272308012183,0.0,Hit+Run
48491281.119,E5,FRAG0010,0.47652991120600785,0.007276390276390278,6095.704,1512.281,2.1073,15.013,0.28964266039592984,0.0,Merge
48732548.95,E21,P293,0.5274301578256261,0.0025,6305.441,1059.189,2.9104,22.056,0.8153390950126777,0.0,Merge
49100172.059,E5,P165,0.4838063014823981,0.0025000000000000022,6126.574,1059.189,2.1569,15.852,0.2503230195252528,0.0,Merge
50203241.753,E21,P275,0.529930157825626,0.0025,6315.388,1059.189,1.5404,11.693,0.7871778876868061,0.0,Merge
50295877.397,E21,E52,0.532430157825626,0.025,6325.304,2281.955,1.3398,9.6329,0.7714771538383396,0.019472527472527472,Hit+Run+Frag
50342453.63,E21,FRAG0014,0.532429824825293,0.006490842490842491,6325.302,1455.774,1.0546,7.8412,0.8946056091641708,0.0,Hit+Run
50943997.221,E5,P163,0.4863063014823981,0.0025,6137.108,1059.189,3.0652,22.569,0.3800994760448692,0.0,Merge
51471786.639,E21,FRAG0013,0.532429824825293,0.006490842490842491,6325.302,1455.774,1.3892,10.329,0.9527285542393531,0.0,Hit+Run
53142671.904,E1,P462,0.33619713503564064,0.0025000000000000022,5426.567,1059.189,4.3672,28.195,0.6565505278506442,0.0,Merge
53971440.679,E63,P250,0.027500000000000004,0.0025,2355.617,1059.189,5.3504,14.168,0.4077551953192679,0.009426573426573426,Fragment
54152409.372,E21,E43,0.532429824825293,0.05896786546786548,6325.302,3037.612,1.2622,8.9623,0.6501683932290813,0.006336330336330336,Fragment
54232156.838,E1,P666,0.33869713503564064,0.0025,5439.984,1059.189,4.0251,26.055,0.8981299814337199,0.0,Hit+Run
56999278.573,E21,P191,0.5850613599568282,0.0025,6527.211,1059.189,1.9033,14.964,0.7939615048255838,0.0,Merge
57229982.515,E5,P595,0.4888063014823981,0.0025,6147.607,1059.189,3.6611,27.006,0.9401232977063159,0.0,Hit+Run
57401781.056,E32,P396,0.38286346986346986,0.0025,5666.851,1059.189,4.5326,30.652,0.7195997661498339,0.0,Merge
58044510.378,E1,FRAG0017,0.33869713503564064,0.006336330336330336,5439.984,1444.130,2.27,14.357,0.7372778602252598,0.0,Merge
59019628.159,P164,P274,0.0025,0.0025,1059.189,1059.189,4.5293,6.2168,0.42625,0.0,Merge
59417134.552,E21,E7,0.5875613599568281,0.04351282051282052,6536.494,2744.940,1.3666,10.067,0.8580639819057977,0.018009990009990012,Hit+Run+Frag
59786062.792,E21,FRAG0018,0.5875616929571611,0.006003330003330004,6536.496,1418.375,1.0143,7.8278,0.6696832477611983,0.0,Merge
59795080.089,E5,E7,0.4888063014823981,0.025502497502497504,6147.607,2297.143,1.4053,9.7981,0.9532894611370895,0.0,Hit+Run
59815789.629,E5,E7,0.4888063014823981,0.025502497502497504,6147.607,2297.143,1.0329,7.2016,0.5155552473289703,0.0,Merge
61418165.18,E21,P693,0.5935650229604911,0.0025,6558.682,1059.189,2.5505,20.156,0.5963008098288121,0.0,Merge
61834811.415,E21,P167,0.596065022960491,0.0025000000000000022,6567.877,1059.189,2.0857,16.507,0.7363501264394637,0.0,Merge
62042514.966,E46,FRAG0016,0.030000000000000002,0.009426573426573426,2424.939,1648.586,5.3967,15.000,0.805133087584354,0.0,Hit+Run
62184333.057,E1,FRAG0005,0.345033465371971,0.008188145188145188,5473.699,1572.976,3.2098,20.303,0.38598071834963005,0.0,Merge
62383111.338,E46,P196,0.030000000000000002,0.002500000000000014,2424.939,1059.189,3.4781,9.4906,0.482394704798081,0.0,Merge
63462497.382,E5,P92,0.5143087989848957,0.005,6252.713,1334.495,3.9495,29.192,0.6395112459357335,0.0,Merge
64169996.322,E21,P170,0.5985650229604911,0.0025000000000000022,6577.047,1059.189,2.3173,18.367,0.7953191170506924,0.0,Merge
64263019.43,E21,FRAG1015,0.601065022960491,0.007226300088484399,6586.191,1508.802,1.6323,12.641,0.46497974174115914,0.0,Merge
64907050.209,P130,P468,0.005,0.0025,1334.495,1059.189,7.8978,12.489,0.6405194085393187,0.0,Graze+Frag
65287082.816,E32,P474,0.38536346986346987,0.0025,5679.159,1059.189,2.3131,15.678,0.9263342856655936,0.0,Hit+Run
65825785.563,P159,P318,0.0025,0.0025,1059.189,1059.189,5.9335,8.1442,0.8872,0.0,Hit+Run
66456988.065,E5,P257,0.5193087989848957,0.0025,6272.910,1059.189,1.359,10.242,0.585617619965787,0.0,Merge
66516885.504,E5,P510,0.5218087989848956,0.0025,6282.960,1059.189,1.3831,10.442,0.8002010275502461,0.0,Merge
67895431.325,P164,P489,0.005,0.0025,1334.495,1059.189,11.936,18.877,0.006132573325731137,0.0,Fragment
68013574.487,P187,P547,0.0025,0.0025,1059.189,1059.189,12.413,17.038,0.61905,0.0,Graze+Frag
68164219.1,E32,P410,0.38536346986346987,0.0025,5679.159,1059.189,2.3295,15.790,0.35052536567038517,0.0,Merge
70176065.069,E1,P343,0.3532216105601162,0.0025000000000000022,5516.660,1059.189,1.9797,13.008,0.669715671205885,0.0,Merge
70444333.634,E32,P832,0.38786346986346987,0.0025,5691.413,1059.189,1.7815,12.103,0.3839463728802532,0.0,Merge
70815372.458,E1,P197,0.3557216105601162,0.0025,5529.645,1059.189,2.9697,19.563,0.6910341132814073,0.0,Merge
72347746.364,E5,FRAG0014,0.5243087989848956,0.006490842490842491,6292.978,1455.774,3.1128,23.017,0.8460748039415827,0.0,Hit+Run
76198003.1,E32,P187,0.39036346986346987,0.005,5703.615,1334.495,1.4144,9.4710,0.5134631533279083,0.0,Merge
76825906.687,E1,FRAG0016,0.3582216105601162,0.009426573426573426,5542.569,1648.586,1.8466,11.796,0.574284345662319,0.0,Merge
77862388.009,E1,P245,0.36764818398668964,0.0025,5590.766,1059.189,4.9803,33.196,0.460968016931831,0.0,Merge
78707641.802,E1,P528,0.37014818398668964,0.0025,5603.409,1059.189,3.7945,25.353,0.9087270022571874,0.0,Hit+Run
78899180.071,E21,P368,0.6082913230489754,0.0025,6612.480,1059.189,1.4017,11.174,0.707303775259721,0.0,Merge
79135731.944,E21,P608,0.6107913230489753,0.0025,6621.526,1059.189,3.2046,25.583,0.7405417612377385,0.0,Merge
80224677.552,E5,FRAG0014,0.5243087989848956,0.006490842490842491,6292.978,1455.774,1.9952,14.753,0.7402545438594285,0.0,Merge
82293128.316,E21,P352,0.6132913230489753,0.0025,6630.548,1059.189,2.1076,16.850,0.7393011243845381,0.0,Merge
82827349.027,E21,FRAG0019,0.6157913230489752,0.006003330003330004,6639.545,1418.375,1.2916,10.136,0.5352557727324,0.0,Merge
84509813.25,E5,P322,0.5307996414757381,0.0025000000000000022,6318.840,1059.189,2.743,20.835,0.9878179104490239,0.0,Hit+Run
85793882.867,E1,P318,0.37014818398668964,0.0025,5603.409,1059.189,4.2434,28.352,0.6749221835366893,0.0,Merge
87868332.835,E5,P607,0.5307996414757381,0.0025000000000000022,6318.840,1059.189,2.3055,17.512,0.2034901469764939,0.0,Merge
95444727.516,E5,P373,0.533299641475738,0.0025000000000000022,6328.745,1059.189,3.3476,25.470,0.7752523935719998,0.0,Merge
96178776.286,E5,P130,0.535799641475738,0.0075001665001665,6338.619,1527.627,1.2256,9.1000,0.8091840466006712,0.0,Hit+Run
96720766.121,E1,P504,0.37264818398668964,0.0025,5615.996,1059.189,3.7554,25.152,0.49057619757383253,0.0,Merge
101641614.791,E5,P595,0.535799641475738,0.0025,6338.619,1059.189,2.1503,16.387,0.730699364026056,0.0,Merge
103006296.062,E21,FRAG0013,0.6217946530523052,0.006490842490842491,6661.052,1455.774,1.2395,9.7429,0.9767344211229848,0.0,Hit+Run
104465195.027,E5,P130,0.5382996414757379,0.0075001665001665,6348.462,1527.627,1.661,12.353,0.5263456815816399,0.0,Merge
105945965.089,E5,P446,0.5457998079759044,0.0025,6377.811,1059.189,1.9171,14.706,0.3733038550639816,0.0,Merge
113574285.321,E21,FRAG0013,0.6217946530523052,0.006490842490842491,6661.052,1455.774,1.4086,11.072,0.7403879975946538,0.0,Merge
114758514.094,E21,P302,0.6282854955431477,0.0025,6684.150,1059.189,1.5309,12.344,0.6527615049417962,0.0,Merge
120680984.88,E5,P338,0.5482998079759044,0.0025,6387.533,1059.189,3.3479,25.724,0.3875379118991031,0.0,Merge
128245471.171,E32,P159,0.3953634698634699,0.0025,5727.864,1059.189,1.6263,11.124,0.574132149842389,0.0,Merge
128516152.959,E1,P666,0.37514818398668964,0.0025,5628.527,1059.189,3.7829,25.397,0.867291066653192,0.0,Hit+Run
128525946.52,E1,P666,0.37514818398668964,0.0025,5628.527,1059.189,1.0541,7.0769,0.739869555259409,0.0,Merge
141855787.987,E32,E63,0.3978634698634699,0.020573426573426576,5739.911,2138.435,1.5993,10.413,0.9051000826174714,0.0089004329004329,Hit+Run+Frag
142255368.02,P212,FRAG0008,0.0025,0.006715950715950716,1059.189,1472.413,12.398,21.133,0.09576879619625242,0.00919052947052947,Fragment
144732719.313,E21,E63,0.6307854955431477,0.011672660672660673,6693.004,1770.314,1.126,8.7649,0.99280170512007,0.0,Hit+Run
148688958.205,E47,P319,0.0886307663828532,0.0025,3479.541,1059.189,3.0611,12.254,0.9763071773824823,0.0,Hit+Run
150722981.157,E21,P602,0.6307854955431477,0.0025,6693.004,1059.189,1.682,13.582,0.6987245374134825,0.0,Merge
150805813.372,E47,E63,0.0886307663828532,0.011672660672660673,3479.541,1770.314,1.9659,7.6772,0.6344206402110851,0.0,Merge
151177729.242,E5,P335,0.5507998079759043,0.0025,6397.227,1059.189,2.3608,18.169,0.5830622828310309,0.0,Merge
151277123.357,E5,P55,0.5532998079759043,0.005,6406.891,1334.495,3.0569,23.193,0.6301463840460021,0.0,Merge
152454465.857,E32,E47,0.3978638028638029,0.10030342705551387,5739.913,3626.038,1.3326,8.6829,0.9544508534646527,0.0,Hit+Run
153509668.36,E32,E47,0.3978638028638029,0.10030342705551387,5739.913,3626.038,1.0591,6.9009,0.6615090864451947,0.007990995670995671,Graze+Merge
155401688.845,E21,P319,0.6332854955431476,0.0025,6701.834,1059.189,1.509,12.202,0.6103390925039844,0.007990995670995671,Merge
165289092.235,E21,FRAG0021,0.6357854955431476,0.0089004329004329,6710.641,1617.325,1.5266,12.000,0.059064835145607064,0.0,Merge
183753454.369,E21,P474,0.6446859284435804,0.0025,6741.811,1059.189,1.5972,12.997,0.7246516914144193,0.0,Merge
