time_yr,target,projectile,Mt_Mearth,Mp_Mearth,Rt_km,Rp_km,vimp/vesc,vimp_km/s,b,m_frag_Mearth,Regime
11917.756,E30,P177,0.032499999999999994,0.0025,2490.510,1059.189,2.374,6.6600,0.7406210145027582,0.0,Hit+Run
79049.981,NEPTUNE,K293,16.11942390942391,0.035,19714.10,2552.798,0.9999,24.061,0.6641044638193667,0.0,Perfect
92447.557,E26,P231,0.28261139087609943,0.0025,5121.420,1059.189,1.7152,10.407,0.30468613232072456,0.0,Merge
116738.319,E62,P118,0.22579439205543783,0.0025,4752.238,1059.189,1.9238,10.772,0.6001395131682996,0.0,Merge
170828.702,NEPTUNE,K322,16.15442390942391,0.035,19728.36,2552.798,0.9998,24.077,0.39915091287499455,0.0,Perfect
181890.248,E62,P493,0.22829439205543783,0.0025000000000000022,4769.713,1059.189,1.0582,5.9490,0.801839014731871,0.0,Merge
181973.166,E62,E49,0.23079439205543784,0.08750000000000001,4787.060,3464.680,1.0374,5.7563,0.8601548039013407,0.0,Graze+Merge
300775.591,E22,E14,0.12499999999999996,0.062289909377007825,3902.089,3093.616,1.0145,4.6897,0.7470952588394794,0.0,Graze+Merge
322328.57,NEPTUNE,K403,16.189423909423912,0.035,19742.59,2552.798,0.9998,24.096,0.6652769751844857,0.0,Perfect
349590.262,E53,E35,0.12250000000000001,0.11276808225299478,3875.899,3770.415,1.0037,4.9741,0.20194804494872798,0.022931734931734934,Fragment
474148.577,E47,FRAG1001,0.16750000000000007,0.00860731826683428,4301.950,1599.373,2.1089,10.292,0.9544543344266653,0.0,Hit+Run
483112.654,E26,P172,0.28511139087609944,0.0025,5136.477,1059.189,2.213,13.470,0.34322398458846587,0.0,Merge
488446.448,ICE1,K448,15.909423909423909,0.035,19628.11,2552.798,1.0005,23.965,0.9384472100972574,0.0,Graze+Merge
496258.949,E2,P122,0.44873313314169533,0.0025000000000000022,5974.798,1059.189,1.1335,8.1110,0.8027002820664042,0.0,Merge
508531.659,NEPTUNE,K425,16.224423909423912,0.035,19756.81,2552.798,0.9998,24.114,0.23255174910787202,0.0,Perfect
711752.23,E47,P271,0.16750000000000007,0.0025,4301.950,1059.189,2.4556,12.354,0.8079687678911239,0.0,Hit+Run
736979.621,E9,P31,0.12,0.002500000000000014,3849.351,1059.189,2.1677,9.6749,0.9156493670437578,0.0,Hit+Run
782627.579,NEPTUNE,K241,16.259423909423912,0.035,19771.01,2552.798,1.0023,24.193,0.3888875236286332,0.0,Merge
864180.08,E62,P484,0.31829439205543786,0.0025,5328.482,1059.189,1.0388,6.5770,0.9238567476025072,0.0,Hit+Run
874557.414,E61,P229,0.09,0.0025000000000000022,3497.368,1059.189,2.2459,9.0406,0.5681375830471811,0.0,Merge
902076.699,E47,P308,0.16750000000000007,0.0025,4301.950,1059.189,1.467,7.3804,0.9968612576731983,0.0,Hit+Run
915638.867,E53,P509,0.21233634732125983,0.0025,4655.882,1059.189,1.0126,5.5467,0.23714963883130488,0.0,Merge
932630.094,E47,P177,0.16750000000000007,0.0025,4301.950,1059.189,1.1355,5.7126,0.8967177456731861,0.0,Hit+Run
1026508.52,NEPTUNE,K420,16.294423909423912,0.035,19785.18,2552.798,1.0001,24.158,0.9421397282815684,0.0,Graze+Merge
1083239.653,E2,P208,0.45123313314169533,0.002499999999999968,5985.873,1059.189,1.1132,7.9815,0.5979022296190174,0.0,Merge
1130602.512,E61,P602,0.0925,0.0025,3529.455,1059.189,1.7863,7.2615,0.6547188341805253,0.0,Merge
1194200.927,E47,FRAG1018,0.16750000000000007,0.0058013255901635,4301.950,1402.284,1.6366,8.0593,0.47459778910777983,0.0,Merge
1243648.138,NEPTUNE,K439,16.329423909423912,0.035,19799.34,2552.798,1.001,24.198,0.7307782165957624,0.0,Merge
1257906.448,P39,P373,0.005,0.0025,1334.495,1059.189,6.1376,9.7062,0.8249983643106307,0.0,Hit+Run
1332018.89,E47,P39,0.17330132559016356,0.005,4351.054,1334.495,1.101,5.5085,0.49720430412579714,0.0,Merge
1465326.99,E26,P125,0.28761139087609944,0.0025,5151.446,1059.189,2.113,12.902,0.526953075999001,0.0,Merge
1490440.763,E53,P543,0.21483634732125984,0.0025,4674.083,1059.189,1.1829,6.5068,0.7095984971579962,0.0,Merge
1545822.56,E62,P396,0.31829439205543786,0.0025,5328.482,1059.189,1.044,6.6099,0.9104264147479697,0.0,Hit+Run
1561345.376,E33,P499,0.02749999999999999,0.0025,2355.617,1059.189,1.4104,3.7348,0.7834335566301683,0.0,Hit+Run
1570199.46,E22,P336,0.1872899093770078,0.0025,4465.108,1059.189,1.0042,5.2586,0.7856355737686792,0.0,Merge
1594487.85,E2,P188,0.4537331331416953,0.0025,5996.907,1059.189,1.4388,10.336,0.5533634556653045,0.0,Merge
1596306.25,E22,P470,0.1897899093770078,0.0025,4484.887,1059.189,1.2659,6.6607,0.808303930180514,0.0,Merge
1648583.202,E47,P181,0.17830132559016357,0.002500000000000014,4392.502,1059.189,1.1562,5.9487,0.8959534809409853,0.0,Hit+Run
1723432.832,ICE1,K524,15.944423909423909,0.035,19642.50,2552.798,1.0133,24.291,0.5399291821594457,0.0,Merge
1761007.883,E2,P224,0.4562331331416953,0.0025,6007.901,1059.189,1.5968,11.493,0.2599678074664404,0.0,Merge
1810722.404,E47,P585,0.17830132559016357,0.0025,4392.502,1059.189,1.6794,8.6406,0.41792362460799387,0.0,Merge
1826024.591,E26,P106,0.29011139087609944,0.002500000000000014,5166.329,1059.189,1.4166,8.6768,0.7715238204541442,0.0,Merge
1867355.506,E2,P201,0.4587331331416953,0.0025,6018.855,1059.189,1.3918,10.037,0.6993324277837801,0.0,Merge
1869033.872,E47,P68,0.18080132559016357,0.0025,4412.936,1059.189,2.6365,13.632,0.19031962112911388,0.0,Merge
2047053.349,NEPTUNE,K554,16.364423909423913,0.035,19813.48,2552.798,0.9999,24.189,0.22368064946297234,0.0,Perfect
2098626.172,E2,P206,0.4612331331416953,0.0025,6029.769,1059.189,1.2526,9.0513,0.6415119373452342,0.0,Merge
2241027.97,E62,P364,0.31829439205543786,0.0025,5328.482,1059.189,1.2904,8.1700,0.7002959274151738,0.0,Merge
2248613.492,E40,P307,0.05500000000000001,0.0025,2967.891,1059.189,2.0081,6.7792,0.8922656297297425,0.0,Hit+Run
2349995.266,P23,P304,0.0025,0.0025,1059.189,1059.189,3.4509,4.7366,0.9756,0.0,Hit+Run
2577428.734,E75,P369,0.025,0.0025,2281.955,1059.189,6.7246,17.236,0.5849774978202694,0.010246087246087247,Fragment
2637189.658,E62,P611,0.32079439205543786,0.0025,5342.396,1059.189,1.2962,8.2297,0.3988278991137112,0.0,Merge
2686448.47,E2,P81,0.4637331331416953,0.0025,6040.643,1059.189,2.0951,15.168,0.9945174462538547,0.0,Hit+Run
2799901.353,E2,P59,0.4637331331416953,0.0025,6040.643,1059.189,1.6939,12.263,0.3591289366616066,0.0,Merge
2879240.112,E47,P307,0.18330132559016357,0.0025,4433.183,1059.189,2.4915,12.946,0.4459518122187735,0.0,Merge
2889843.122,E2,P81,0.4662331331416953,0.0025,6051.479,1059.189,1.3176,9.5575,0.9896769275856832,0.0,Hit+Run
3046342.108,ICE1,K605,15.97942390942391,0.035,19656.86,2552.798,1.0021,24.041,0.378982307909427,0.0,Merge
3120697.33,E26,P342,0.29261139087609944,0.0025,5181.127,1059.189,1.6118,9.9028,0.19669016906970338,0.0,Merge
3142056.667,ICE1,K407,16.014423909423908,0.035,19671.20,2552.798,1.003,24.081,0.2902352006178068,0.0,Merge
3260700.08,E9,FRAG1010,0.12,0.0077100906229921745,3849.351,1541.749,2.6028,11.318,0.20420961326012935,0.0,Merge
3261958.349,E26,P329,0.29511139087609944,0.0025000000000000022,5195.840,1059.189,1.9875,12.248,0.6699320560605166,0.0,Merge
3365178.626,E30,P381,0.032499999999999994,0.0025,2490.510,1059.189,2.3608,6.6230,0.9405101079395105,0.0,Hit+Run
3377393.136,E53,E87,0.21733634732125984,0.027500000000000004,4692.143,2355.617,1.0036,5.2848,0.509775288476606,0.0,Merge
3418324.602,E30,P261,0.032499999999999994,0.0025,2490.510,1059.189,2.5648,7.1953,0.9335641548857238,0.0,Hit+Run
3479134.098,E61,P378,0.095,0.0025,3560.970,1059.189,1.072,4.3997,0.24394113148674,0.0,Merge
3546241.926,ICE1,K610,16.049423909423908,0.035,19685.52,2552.798,1.004,24.123,0.9319461843672664,0.0,Graze+Merge
3568255.383,E26,P381,0.29761139087609945,0.0025,5210.471,1059.189,1.0885,6.7282,0.3906818060671915,0.0,Merge
3795044.149,E2,P196,0.4662331331416953,0.0025,6051.479,1059.189,1.828,13.259,0.48500892684760577,0.0,Merge
3857149.827,E2,P177,0.4687331331416953,0.0025,6062.276,1059.189,1.1642,8.4609,0.8277730007536374,0.0,Merge
3868565.017,ICE1,K519,16.084423909423908,0.035,19699.82,2552.798,1.0022,24.098,0.7731159036785763,0.0,Merge
3878975.579,E2,P175,0.4712331331416953,0.0025000000000000022,6073.035,1059.189,1.9822,14.433,0.6558194106631999,0.0,Merge
3900158.905,E40,P337,0.05500000000000001,0.0025,2967.891,1059.189,1.8785,6.3417,0.6932064519069925,0.0,Merge
3923890.643,E63,P584,0.025,0.0025,2281.955,1059.189,3.0713,7.8722,0.872241403930258,0.0,Hit+Run
4088563.358,E26,E30,0.30011139087609945,0.032499999999999994,5225.020,2490.510,1.251,7.3383,0.5611347110640759,0.0,Merge
4113789.924,ICE1,K678,16.119423909423908,0.035,19714.10,2552.798,1.0022,24.117,0.7679565550152229,0.0,Merge
4200996.541,E22,P225,0.1922899093770078,0.0025,4504.494,1059.189,2.8039,14.822,0.15253322752634754,0.0,Merge
4226233.438,P43,P400,0.0025,0.0025,1059.189,1059.189,9.4845,13.018,0.96445,0.0,Hit+Run
4303274.973,E62,P534,0.32329439205543786,0.0025000000000000022,5356.238,1059.189,1.7069,10.867,0.6603220752357053,0.0,Merge
4332297.349,E26,P235,0.3326113908760994,0.0025,5407.205,1059.189,1.2777,8.2176,0.3728619696510674,0.0,Merge
4618949.494,E62,P623,0.32579439205543786,0.0025000000000000022,5370.009,1059.189,1.5157,9.6766,0.8433551682446813,0.0,Hit+Run
4628126.829,NEPTUNE,K891,16.399423909423913,0.035,19827.59,2552.798,1.0,24.210,0.9111851194483706,0.0,Graze+Merge
4677434.798,E9,P109,0.12771009062299216,0.0025000000000000022,3930.087,1059.189,1.1973,5.4646,0.7917240622226643,0.0,Hit+Run
4679160.727,E9,P109,0.12771009062299216,0.0025000000000000022,3930.087,1059.189,1.0475,4.7809,0.6834931537067016,0.0,Merge
4741239.904,E22,P210,0.1947899093770078,0.0025000000000000022,4523.931,1059.189,2.3051,12.242,0.7920556703207386,0.0,Merge
4837525.036,E47,P189,0.18580132559016357,0.0025,4453.247,1059.189,1.8332,9.5724,0.2768517374591391,0.0,Merge
4844673.955,E33,P348,0.02749999999999999,0.0025000000000000022,2355.617,1059.189,4.0196,10.644,0.9484395500667594,0.0,Hit+Run
5010612.199,E2,P116,0.4737331331416953,0.0025,6083.755,1059.189,1.8805,13.718,0.9288806463351971,0.0,Hit+Run
5018931.972,NEPTUNE,K914,16.434423909423913,0.035,19841.69,2552.798,0.9999,24.226,0.40348792427488706,0.0,Perfect
5227089.584,E47,P654,0.18830132559016358,0.0025,4473.131,1059.189,6.6949,35.126,0.5561173261489805,0.0,Merge
5318691.165,ICE1,K782,16.154423909423908,0.035,19728.36,2552.798,1.0022,24.135,0.45325055967326916,0.0,Merge
5412749.967,E84,P497,0.030000000000000002,0.0025,2424.939,1059.189,3.0947,8.4444,0.9496863002409203,0.0,Hit+Run
5689633.168,E61,P309,0.0975,0.0025,3591.937,1059.189,2.191,9.0765,0.40119551688829386,0.0,Merge
5868766.939,E26,P199,0.3351113908760994,0.0025,5420.719,1059.189,1.6484,10.630,0.8012403772362603,0.0,Merge
5897390.828,E65,P112,0.027500000000000004,0.0024999999999999905,2355.617,1059.189,16.596,43.949,0.5405463898700363,0.024471528471528472,Fragment
5916866.276,E22,P205,0.1972899093770078,0.0025,4543.203,1059.189,1.234,6.5837,0.9753983003934417,0.0,Hit+Run
6002986.24,E79,P784,0.027500000000000004,0.0025,2355.617,1059.189,9.2088,24.385,0.8775945854934405,0.0,Hit+Run
6080134.212,E2,P308,0.4737331331416953,0.0025,6083.755,1059.189,1.3199,9.6287,0.6018219922065379,0.0,Merge
6194421.006,E22,P164,0.1972899093770078,0.0025,4543.203,1059.189,1.8363,9.7971,0.6857306308718774,0.0,Merge
6401861.105,E38,P627,0.030000000000000002,0.0025,2424.939,1059.189,5.7964,15.816,0.5354991860794166,0.008508158508158508,Fragment
6405594.582,E2,P116,0.4762331331416953,0.0025,6094.438,1059.189,1.6068,11.743,0.5713939375880343,0.0,Merge
6580760.402,P36,P450,0.0025000000000000022,0.0025,1059.189,1059.189,7.3927,10.147,0.6649500000000002,0.0,Graze+Frag
6755916.056,P24,P361,0.005000000000000013,0.0025,1334.495,1059.189,4.6783,7.3984,0.6050619845832733,0.0,Graze+Frag
6821783.073,E47,P499,0.19080132559016358,0.0025,4492.840,1059.189,2.1083,11.114,0.19736991657196573,0.0,Merge
7117033.961,NEPTUNE,K717,16.469423909423913,0.035,19855.76,2552.798,1.003,24.319,0.5582299846465639,0.0,Merge
7301458.804,E62,P555,0.32579439205543786,0.0025,5370.009,1059.189,1.4024,8.9532,0.6948471471355355,0.0,Merge
7525628.587,E2,P105,0.4787331331416953,0.0025,6105.084,1059.189,2.6404,19.333,0.7125734351338848,0.0,Merge
7733812.217,E53,P332,0.24483634732125983,0.0025,4882.240,1059.189,1.4622,8.4287,0.7892698559407406,0.0,Merge
7867924.945,E81,P492,0.027500000000000004,0.0025,2355.617,1059.189,6.3414,16.792,0.8063357262877555,0.0,Hit+Run
7910189.926,E2,P265,0.4812331331416953,0.0025,6115.693,1059.189,1.5802,11.592,0.2882733273638786,0.0,Merge
8177110.724,E2,P268,0.4837331331416953,0.0025000000000000022,6126.265,1059.189,1.1806,8.6767,0.1963520537457083,0.0,Merge
8198640.867,E62,P551,0.32829439205543787,0.0025000000000000022,5383.710,1059.189,2.4389,15.613,0.6127480779268599,0.0,Merge
8259521.551,E33,P370,0.02749999999999999,0.0025,2355.617,1059.189,1.4894,3.9440,0.8337217544626411,0.0,Hit+Run
8291961.804,E53,P405,0.24733634732125984,0.0025,4898.801,1059.189,1.8412,10.652,0.9463794207176708,0.0,Hit+Run
8308786.136,E2,P215,0.4862331331416953,0.0025,6136.800,1059.189,1.2469,9.1807,0.510491062739464,0.0,Merge
8371201.998,E26,P181,0.3376113908760994,0.002500000000000014,5434.165,1059.189,1.4166,9.1596,0.9270130383637528,0.0,Hit+Run
8422584.826,E22,P542,0.1997899093770078,0.0025,4562.312,1059.189,2.2146,11.868,0.2848654258188184,0.0,Merge
8941916.641,E26,P138,0.3376113908760994,0.0024999999999999905,5434.165,1059.189,1.2194,7.8845,0.4978604825517711,0.0,Merge
8985267.651,P24,P31,0.0075001665001665,0.002500000000000014,1527.627,1059.189,9.5202,16.723,0.5876495643231985,0.0,Fragment
9124714.655,E47,P417,0.19330132559016358,0.0025,4512.377,1059.189,2.9308,15.522,0.1187304214363657,0.0,Merge
9191005.12,E2,P24,0.4887331331416953,0.01,6147.300,1681.359,1.4375,10.250,0.6954784383500472,0.0,Merge
9285440.981,E2,P383,0.4987331331416953,0.0025,6188.944,1059.189,1.4718,10.934,0.5012200653195044,0.0,Merge
9562281.873,E47,FRAG1001,0.19580132559016358,0.00860731826683428,4531.747,1599.373,1.1007,5.6781,0.5397189602250999,0.0,Merge
9596475.412,E2,P101,0.5012331331416953,0.0025000000000000022,6199.268,1059.189,2.136,15.897,0.14220350087762718,0.0,Merge
9785084.674,E26,P323,0.34011139087609943,0.0025,5447.546,1059.189,2.3186,15.031,0.5218369778167417,0.0,Merge
9921449.272,E47,P392,0.20440864385699786,0.0025,4597.202,1059.189,2.2769,12.303,0.4656213828115024,0.0,Merge
10001442.545,E53,E40,0.24733634732125984,0.05750000000000001,4898.801,3012.195,1.1071,6.1399,0.515640702952356,0.0098997668997669,Fragment
10095938.497,E47,P198,0.20690864385699786,0.0024999999999999905,4615.868,1059.189,2.8555,15.497,0.807910993904112,0.0,Merge
10256676.107,E26,P205,0.34261139087609943,0.0025,5460.860,1059.189,1.5355,9.9807,0.613337001409489,0.0,Merge
10327802.905,E9,P25,0.13021009062299216,0.002500000000000014,3955.566,1059.189,4.4618,20.506,0.960740593428716,0.0,Hit+Run
10329405.954,E9,P25,0.13021009062299216,0.002500000000000014,3955.566,1059.189,1.0484,4.8184,0.5667422958772845,0.0,Merge
10577957.733,E22,P643,0.2022899093770078,0.0025,4581.263,1059.189,3.6039,19.401,0.7542232717881132,0.0,Merge
10601659.738,E2,P473,0.5037331331416952,0.0025,6209.558,1059.189,1.749,13.040,0.31480278839416426,0.0,Merge
10692805.005,E9,P81,0.13271009062299216,0.0025,3980.721,1059.189,3.5488,16.422,0.8290946126058314,0.0,Hit+Run
10735177.128,E79,P457,0.027500000000000004,0.0025,2355.617,1059.189,4.6652,12.353,0.7114848730372069,0.0,Hit+Run
10817026.339,E2,P81,0.5062331331416952,0.0025,6219.813,1059.189,1.2401,9.2623,0.9227604661502347,0.0,Hit+Run
10841935.611,E2,P81,0.5062331331416952,0.0025,6219.813,1059.189,1.1247,8.4004,0.5462735123713722,0.0,Merge
10902556.476,E22,P375,0.2047899093770078,0.0025000000000000022,4600.058,1059.189,2.6551,14.356,0.9850797280674627,0.0,Hit+Run
11099554.659,E26,P530,0.34511139087609943,0.0025,5474.111,1059.189,1.3429,8.7514,0.5550943671153771,0.0,Merge
11131123.117,E2,P220,0.5087331331416951,0.0025,6230.035,1059.189,1.5132,11.321,0.12008408770382017,0.0,Merge
11155616.273,NEPTUNE,K942,16.504423909423913,0.035,19869.82,2552.798,1.0003,24.271,0.3908810964810671,0.0,Merge
11162214.023,E33,P448,0.02749999999999999,0.0025,2355.617,1059.189,4.9568,13.126,0.767153701090438,0.0,Hit+Run
11204980.466,E62,P310,0.33079439205543787,0.0025000000000000022,5397.341,1059.189,1.0214,6.5564,0.7246020008072677,0.0,Merge
11379782.689,E47,P586,0.20940864385699787,0.0025,4634.384,1059.189,1.7241,9.3972,0.9008178153256651,0.0,Hit+Run
11749519.146,E26,P264,0.34761139087609944,0.0024999999999999905,5487.297,1059.189,1.4397,9.4065,0.6750063639827941,0.0,Merge
11790207.758,E53,E63,0.29493658042149296,0.025,5194.814,2281.955,1.0922,6.3831,0.8340306502164959,0.0,Hit+Run
11865188.261,E2,P370,0.511233133141695,0.0025,6240.224,1059.189,1.2745,9.5526,0.7805180732199873,0.0,Merge
12046399.893,E62,P510,0.33329439205543787,0.0025,5410.904,1059.189,1.241,7.9874,0.9936851358543085,0.0,Hit+Run
12141941.22,E63,P186,0.025,0.0025000000000000022,2281.955,1059.189,2.6975,6.9141,0.5248064323702217,0.0,Merge
12452970.415,E22,E33,0.2047899093770078,0.02749999999999999,4600.058,2355.617,1.6982,8.7678,0.8140419669338887,0.014309690309690311,Hit+Run+Frag
12513213.878,E2,FRAG1017,0.513733133141695,0.00828254496380656,6250.379,1578.998,1.2621,9.2072,0.8926059088679664,0.0,Hit+Run
12825281.888,E26,P246,0.35011139087609944,0.0025,5500.421,1059.189,1.5341,10.048,0.4513799132033991,0.0,Merge
13156880.961,E62,P464,0.33329439205543787,0.0025,5410.904,1059.189,1.2679,8.1606,0.7550066829231356,0.0,Merge
13729627.417,E2,P353,0.513733133141695,0.0025,6250.379,1059.189,1.3807,10.366,0.4560223958094228,0.0,Merge
13766292.102,E47,P418,0.20940864385699787,0.0025,4634.384,1059.189,1.3418,7.3135,0.7031865100387116,0.0,Merge
13925141.246,E22,FRAG0013,0.2047900758771743,0.007154845154845156,4600.059,1503.813,1.1152,5.8710,0.7739776592638552,0.0,Hit+Run
13974501.481,E62,P440,0.3357943920554379,0.0025,5424.399,1059.189,1.7597,11.356,0.6096561075434597,0.0,Merge
14264270.707,E22,P448,0.2047900758771743,0.0025,4600.059,1059.189,1.4031,7.5867,0.9863803206891018,0.0,Hit+Run
14331082.955,E62,P304,0.3382943920554379,0.0025,5437.827,1059.189,1.1921,7.7136,0.7002115290389764,0.0,Merge
14408371.26,E47,P244,0.21190864385699787,0.0025000000000000022,4652.753,1059.189,1.8631,10.198,0.9866020481445192,0.0,Hit+Run
14449392.283,E62,P261,0.3407943920554379,0.0025,5451.190,1059.189,1.6949,10.995,0.9634897505049234,0.0,Hit+Run
14483016.785,E22,P448,0.2047900758771743,0.0025,4600.059,1059.189,1.025,5.5423,0.9348463179435813,0.0,Hit+Run
14512911.008,E26,P241,0.35261139087609944,0.0025,5513.482,1059.189,1.7149,11.261,0.5699981754008281,0.0,Merge
14591390.696,E26,P678,0.35511139087609944,0.0025,5526.481,1059.189,3.488,22.963,0.8389157565336667,0.0,Merge
14821315.855,E26,P217,0.35761139087609944,0.0025,5539.420,1059.189,2.1444,14.153,0.37382172097531047,0.0,Merge
14939935.49,E62,E84,0.3407943920554379,0.030000000000000002,5451.190,2424.939,1.0596,6.4954,0.4864186510073606,0.0,Merge
14998063.572,E26,P129,0.36011139087609945,0.0025,5552.298,1059.189,2.0299,13.430,0.6587356188255575,0.0,Merge
15204819.603,E38,P698,0.02399184149184149,0.0025,2250.859,1059.189,10.675,26.983,0.8486497487252362,0.0,Hit+Run
15370797.023,E32,P429,0.030000000000000002,0.0025,2424.939,1059.189,4.8235,13.161,0.7571042560660117,0.0,Hit+Run
15541637.041,E2,P212,0.5162331331416949,0.0025,6260.501,1059.189,1.5476,11.639,0.4775116588281851,0.0,Merge
15894282.453,E53,FRAG0002,0.29493658042149296,0.005732933732933734,5194.814,1396.752,1.7779,10.727,0.5820119074040454,0.0,Merge
16841912.063,P49,P158,0.0025000000000000022,0.0025000000000000022,1059.189,1059.189,8.0489,11.047,0.5851,0.0,Graze+Frag
17054422.189,E63,P357,0.027500000000000004,0.0025000000000000022,2355.617,1059.189,4.9216,13.032,0.6476071347753827,0.0,Merge
17256018.23,E26,P481,0.36261139087609945,0.0025,5565.117,1059.189,2.0571,13.644,0.7083770033244803,0.0,Merge
17717032.432,E33,P294,0.01319014319014319,0.0024999999999999905,1843.926,1059.189,4.8855,10.147,0.8881361258828221,0.0,Hit+Run
17733064.937,E26,P448,0.36511139087609945,0.0025,5577.877,1059.189,1.5226,10.123,0.8106623421442846,0.0,Merge
17803352.128,E22,P577,0.2047900758771743,0.0025,4600.059,1059.189,2.6841,14.513,0.8706320243016866,0.0,Hit+Run
18000050.219,E47,FRAG1017,0.21190864385699787,0.00828254496380656,4652.753,1578.998,1.3373,7.1020,0.7755893095965615,0.0,Hit+Run
18559887.75,E62,P213,0.3707943920554379,0.0025,5606.668,1059.189,1.1039,7.3804,0.9847625151594439,0.0,Hit+Run
18741866.793,E2,P311,0.5187331331416949,0.0025,6270.591,1059.189,2.8807,21.703,0.8150301024180822,0.0,Merge
18765271.464,E2,FRAG1017,0.5212331331416948,0.00828254496380656,6280.649,1578.998,1.3725,10.064,0.3930775706689778,0.0,Merge
19842942.205,E2,P243,0.5295156781055014,0.0024999999999999905,6313.741,1059.189,3.4031,25.827,0.8792906594396539,0.0,Hit+Run
19897429.015,E26,P385,0.36761139087609945,0.0025,5590.579,1059.189,1.9718,13.142,0.7330218462579111,0.0,Merge
20256050.151,E2,P243,0.5295156781055014,0.0024999999999999905,6313.741,1059.189,1.2304,9.3378,0.6992022043557435,0.0,Merge
20455785.937,E62,P282,0.3707943920554379,0.0025000000000000022,5606.668,1059.189,1.4648,9.7933,0.5662300351941729,0.0,Merge
20614731.533,E2,FRAG0006,0.5320156781055013,0.006117882117882118,6323.662,1427.340,5.5978,41.671,0.8677389850258657,0.0,Hit+Run
20728224.433,E2,P204,0.5320156781055013,0.0025000000000000022,6323.662,1059.189,1.947,14.801,0.7201735945725289,0.0,Merge
20793031.473,E2,FRAG0006,0.5345156781055014,0.006117882117882118,6333.551,1427.340,1.4312,10.672,0.3141929295442434,0.0,Merge
20875379.29,E26,P306,0.37011139087609946,0.0025,5603.224,1059.189,3.1655,21.150,0.2817417326469256,0.0,Merge
21544718.522,E53,P575,0.30066951415442666,0.0025,5228.257,1059.189,2.3737,14.726,0.4725635918046256,0.0,Merge
21634278.929,E2,E47,0.5406335602233835,0.21190864385699787,6357.624,4652.753,1.1716,8.6536,0.6388586646008312,0.0,Hit+Run
21735380.892,E26,P577,0.37261139087609946,0.0025,5615.812,1059.189,1.9049,12.758,0.7227779287756398,0.0,Merge
21788273.164,E68,P344,0.025,0.0025,2281.955,1059.189,7.4384,19.065,0.26936967325197225,0.01956943056943057,Fragment
22012968.781,P90,P296,0.0025,0.0025,1059.189,1059.189,18.111,24.860,0.3143,0.0,Merge
22399352.377,P136,P902,0.0025,0.002500000000000014,1059.189,1059.189,24.344,33.414,0.987749999999999,0.0,Hit+Run
22464613.912,E2,P190,0.5406335602233835,0.0025,6357.624,1059.189,1.0209,7.8052,0.7933300026062075,0.0,Merge
22623704.16,E22,P445,0.2047900758771743,0.0025,4600.059,1059.189,2.5299,13.679,0.9824786927209868,0.0,Hit+Run
23024009.842,E26,P548,0.37511139087609946,0.0025000000000000022,5628.343,1059.189,2.1599,14.500,0.39202531490077513,0.0,Merge
23088462.31,E2,P23,0.5431335602233834,0.0025,6367.408,1059.189,2.855,21.863,0.6609533651478667,0.0,Merge
23230265.415,E26,P454,0.37761139087609946,0.0025,5640.819,1059.189,1.6992,11.434,0.9165055916191028,0.0,Hit+Run
23334089.334,E2,P299,0.5456335602233834,0.0025,6377.163,1059.189,2.1746,16.680,0.06483198545990758,0.0,Merge
24241361.72,P130,P322,0.0025,0.0025,1059.189,1059.189,11.534,15.832,0.5507,0.0,Graze+Frag
24273958.276,P123,P181,0.0025000000000000022,0.002500000000000014,1059.189,1059.189,10.584,14.528,0.9036999999999992,0.0,Hit+Run
25076207.982,E53,P242,0.30316951415442667,0.0025,5242.708,1059.189,4.0626,25.278,0.8558015072409901,0.0,Hit+Run
25873088.916,E63,P75,0.030000000000000006,0.0025,2424.939,1059.189,7.7713,21.205,0.5018825878371034,0.01667075591075591,Fragment
25932995.96,E53,P902,0.30316951415442667,0.002500000000000014,5242.708,1059.189,1.5249,9.4883,0.9072144878451439,0.0,Hit+Run
25999233.491,E26,P142,0.37761139087609946,0.0025,5640.819,1059.189,1.7863,12.020,0.7509856583908137,0.0,Merge
28012000.213,E2,P33,0.5481335602233833,0.0024999999999999905,6386.888,1059.189,1.5407,11.837,0.7973662307541454,0.0,Merge
28026453.644,E22,P457,0.2047900758771743,0.0025,4600.059,1059.189,1.6396,8.8655,0.9785770647528714,0.0,Hit+Run
28136904.267,E2,FRAG0007,0.5506335602233833,0.006117882117882118,6396.583,1427.340,5.6178,42.339,0.5866862198624622,0.0,Merge
28182674.846,E2,P104,0.5567514423412654,0.0024999999999999996,6420.186,1059.189,2.1567,16.661,0.15013158141770477,0.0,Merge
28202767.016,E26,P599,0.38011139087609946,0.0025,5653.240,1059.189,1.8861,12.722,0.9986863434015523,0.0,Hit+Run
28247829.01,E22,P486,0.2047900758771743,0.0025,4600.059,1059.189,1.5907,8.6011,0.8702256047216747,0.0,Hit+Run
28282479.174,E22,P457,0.2047900758771743,0.0025,4600.059,1059.189,1.0456,5.6537,0.6792896860320414,0.0,Merge
28376418.647,E47,P375,0.21190864385699787,0.0025000000000000022,4652.753,1059.189,3.5055,19.188,0.3142594700909474,0.0,Merge
28896263.113,E26,P103,0.38011139087609946,0.0025000000000000022,5653.240,1059.189,1.5295,10.316,0.7408874821136326,0.0,Merge
28999511.962,E9,P287,0.13271009062299216,0.0025,3980.721,1059.189,4.0785,18.873,0.19485342567386738,0.0,Merge
29011572.107,E22,P623,0.2072900758771743,0.0025000000000000022,4618.702,1059.189,1.8542,10.069,0.6190382571814744,0.0,Merge
29058006.06,P136,P528,0.0025,0.0025,1059.189,1059.189,18.483,25.369,0.95905,0.0,Hit+Run
29412750.744,E22,P338,0.2097900758771743,0.0025,4637.196,1059.189,1.6338,8.9108,0.8535411991580514,0.0,Hit+Run
29557113.921,E22,P454,0.2097900758771743,0.0025,4637.196,1059.189,1.0998,5.9984,0.328472936442798,0.0,Merge
29877290.869,E9,P136,0.13521009062299216,0.0025,4005.562,1059.189,2.7375,12.753,0.49880193335329115,0.0,Merge
30428148.134,E2,P445,0.5592514423412653,0.0025,6429.781,1059.189,2.4697,19.110,0.5720629927012787,0.0,Merge
30462323.174,P49,P497,0.005,0.0025,1334.495,1059.189,11.455,18.115,0.8474658829494457,0.0,Graze+Frag
31567734.818,E2,P475,0.5617514423412653,0.0025000000000000022,6439.348,1059.189,2.3892,18.516,0.5720114715773595,0.0,Merge
31796950.721,E26,P181,0.38261139087609947,0.002500000000000014,5665.607,1059.189,1.6435,11.111,0.5502334130272156,0.0,Merge
31935717.561,E47,P218,0.21440864385699787,0.0025,4670.979,1059.189,3.3224,18.262,0.45599801840664544,0.0,Merge
32350425.962,E62,FRAG0018,0.3732943920554379,0.0055567765567765565,5619.241,1382.297,1.4237,9.3565,0.7366811466479939,0.0,Merge
32556428.96,E2,P486,0.5642514423412652,0.0025,6448.886,1059.189,2.132,16.549,0.7053505171712935,0.0,Merge
33528535.624,E62,P434,0.37885116861221446,0.0025,5646.986,1059.189,1.7756,11.962,0.7720825593194266,0.0,Merge
33578617.673,E26,P338,0.38511139087609947,0.0025,5677.920,1059.189,1.9961,13.526,0.7523521634965376,0.0,Merge
33627499.069,E2,P567,0.5667514423412652,0.0025,6458.396,1059.189,2.1737,16.899,0.9847921285531341,0.0,Hit+Run
34757191.674,E79,P537,0.027500000000000004,0.0025,2355.617,1059.189,6.0291,15.965,0.5147469577858867,0.010088911088911091,Fragment
34879212.286,P43,P472,0.0025,0.0025,1059.189,1059.189,9.8821,13.564,0.8482,0.0,Hit+Run
34921019.355,E63,P621,0.015829670329670337,0.0025,1959.526,1059.189,7.6359,16.810,0.8374370943188724,0.0,Hit+Run
36012923.031,E2,E47,0.5667514423412652,0.21690864385699787,6458.396,4689.063,1.0969,8.2167,0.960173935226313,0.0,Hit+Run
36107771.384,E2,E47,0.5667514423412652,0.21690864385699787,6458.396,4689.063,1.0652,7.9792,0.6611081140932515,0.0175209324009324,Graze+Merge
36478964.718,E22,P255,0.2122900758771743,0.0025,4655.543,1059.189,1.6401,8.9833,0.7509501675181334,0.0175209324009324,Merge
37008632.841,E9,P599,0.13771009062299217,0.0025,4030.099,1059.189,2.8057,13.157,0.9181040710742375,0.0,Hit+Run
37082318.518,E26,P348,0.38761139087609947,0.0025000000000000022,5690.180,1059.189,3.3856,22.996,0.47380440065620305,0.0,Merge
37237910.63,E9,P599,0.13771009062299217,0.0025,4030.099,1059.189,1.1772,5.5203,0.9614198315432395,0.0,Hit+Run
37500270.602,E22,P165,0.2147900758771743,0.0025,4673.747,1059.189,2.6762,14.719,0.8984813071396119,0.0,Hit+Run
39040805.533,E9,P316,0.13771009062299217,0.0025,4030.099,1059.189,2.9238,13.710,0.7438115869932995,0.0,Merge
39378855.968,E26,P239,0.3901113908760995,0.0025,5702.387,1059.189,2.7505,18.725,0.7673656663536703,0.0,Merge
39725565.31,E2,P180,0.783660086198263,0.0025,7195.093,1059.189,3.1631,27.579,0.44455677929340753,0.0,Merge
39905288.204,E26,P606,0.3926113908760995,0.0025,5714.542,1059.189,5.7547,39.266,0.32142407735486467,0.0,Merge
40871970.226,E2,P43,0.7861600861982629,0.0025,7202.736,1059.189,1.7676,15.429,0.6212437302693783,0.0,Merge
40890307.11,E22,P271,0.2147900758771743,0.0025,4673.747,1059.189,2.0898,11.494,0.588688278636706,0.0,Merge
41270348.14,P90,P352,0.005,0.0025,1334.495,1059.189,11.133,17.607,0.9800967187850309,0.0,Hit+Run
41456391.5,E2,P193,0.7886600861982629,0.0025,7210.363,1059.189,1.6521,14.437,0.8206481909265756,0.0,Merge
41659258.852,E65,P510,0.0055284715284715236,0.0025,1379.946,1059.189,19.777,32.057,0.8781603292251725,0.0,Graze+Frag
41717030.463,E22,P90,0.2172900758771743,0.005,4691.810,1334.495,2.6719,14.498,0.4064056843874597,0.0,Merge
41884429.403,E2,P173,0.7911600861982628,0.0025,7217.973,1059.189,2.5717,22.498,0.8269504830876359,0.0,Merge
42182312.156,E62,P257,0.38135116861221446,0.0025000000000000022,5659.380,1059.189,2.3194,15.663,0.6275499342793693,0.0,Merge
42488987.435,E2,P159,0.7936600861982628,0.0025000000000000022,7225.568,1059.189,2.2148,19.397,0.9758508539860701,0.0,Hit+Run
42493485.798,E2,P159,0.7936600861982628,0.0025000000000000022,7225.568,1059.189,1.0508,9.2031,0.6619633552376684,0.0,Merge
42679253.099,E2,P477,0.7961600861982627,0.0025000000000000022,7233.147,1059.189,2.3195,20.337,0.3267519038139711,0.0,Merge
42708253.033,E63,P621,0.015829670329670337,0.0025,1959.526,1059.189,5.9571,13.114,0.7872596759863023,0.0,Hit+Run
42788062.768,E9,P528,0.14021009062299217,0.0025,4054.341,1059.189,5.4191,25.577,0.5890988810594907,0.0,Merge
43055367.414,P49,P301,0.0075001665001665,0.0025,1527.627,1059.189,7.6459,13.430,0.8210322472902658,0.0,Hit+Run
43099954.919,E26,P258,0.3951113908760995,0.0025,5726.646,1059.189,1.0303,7.0460,0.892436576732877,0.0,Hit+Run
43100839.627,E2,P352,0.7986600861982627,0.0025,7240.710,1059.189,1.9419,17.045,0.980822703132656,0.0,Hit+Run
43198378.602,E2,P352,0.7986600861982627,0.0025,7240.710,1059.189,1.0651,9.3491,0.5992414077931346,0.0,Merge
43403664.044,E22,P395,0.2222900758771743,0.0025,4727.525,1059.189,3.3839,18.842,0.894409781686662,0.0,Hit+Run
43493624.346,E62,P396,0.38385116861221447,0.0025,5671.720,1059.189,1.6198,10.964,0.7472513185816246,0.0,Merge
43803572.722,E26,E22,0.3951113908760995,0.2222900758771743,5726.646,4727.525,1.2083,8.2960,0.9966413989784411,0.0,Hit+Run
44276555.873,E22,P373,0.2222900758771743,0.0025,4727.525,1059.189,1.5312,8.5263,0.4931181441597271,0.0,Merge
44372572.281,E62,P258,0.38635116861221447,0.0025,5684.006,1059.189,1.2266,8.3218,0.9692790628637227,0.0,Hit+Run
46618228.27,E26,P244,0.3951113908760995,0.0025000000000000022,5726.646,1059.189,1.4296,9.7768,0.629473704572154,0.0,Merge
48348897.76,E2,P261,0.8011600861982626,0.0025,7248.257,1059.189,3.5827,31.482,0.4714123747833541,0.0,Merge
49226879.012,E2,P674,0.8036600861982626,0.0025,7255.789,1059.189,3.0451,26.787,0.5013182606755808,0.0,Merge
49249440.62,E2,P281,0.8061600861982625,0.0025,7263.305,1059.189,2.1699,19.109,0.07435673909180653,0.0,Merge
49397945.094,E32,E33,0.030000000000000002,0.01319014319014319,2424.939,1843.926,10.082,28.651,0.7835714138650189,0.03285381285381286,Graze+Frag
49641105.507,E26,E65,0.3976113908760995,0.008027972027972029,5738.699,1562.652,2.3536,15.673,0.8507421751349372,0.0,Hit+Run
50896345.327,E2,P130,0.8086600861982625,0.005,7270.805,1334.495,2.3935,20.793,0.9627882434009554,0.0,Hit+Run
51181176.955,E26,P412,0.3976113908760995,0.0025,5738.699,1059.189,2.7806,19.058,0.6354206109756574,0.0,Merge
52398008.899,E22,P318,0.2247900758771743,0.0025,4745.182,1059.189,2.8338,15.843,0.642733124272355,0.0,Merge
53818468.752,E2,P604,0.8086600861982625,0.0025,7270.805,1059.189,2.9245,25.783,0.9217256639676351,0.0,Hit+Run
53826026.134,E26,FRAG0012,0.4001113908760995,0.007154845154845156,5750.701,1503.813,1.247,8.3475,0.38826767282681895,0.0,Merge
53978268.368,E2,P604,0.8086600861982625,0.0025,7270.805,1059.189,1.2557,11.070,0.808779356280692,0.0,Merge
56002734.829,E2,P130,0.8111600861982624,0.005,7278.290,1334.495,1.9509,16.967,0.1376596942639655,0.0,Merge
56872428.702,E26,FRAG0023,0.40726623603094464,0.006570762570762572,5784.777,1461.725,4.2188,28.483,0.8777946357641644,0.0,Hit+Run
56933618.67,E26,FRAG0023,0.40726623603094464,0.006570762570762572,5784.777,1461.725,1.0439,7.0480,0.8362837944948516,0.0,Hit+Run
57811391.451,E22,P346,0.2272900758771743,0.0025000000000000022,4762.708,1059.189,2.8875,16.207,0.6557632659139182,0.0,Merge
57887258.081,E2,E65,0.8161600861982624,0.008027972027972029,7293.214,1562.652,1.4803,12.758,0.269464267193739,0.0,Merge
58634554.243,E9,P152,0.14271009062299217,0.0025000000000000022,4078.296,1059.189,3.8232,18.159,0.8267750653601954,0.0,Hit+Run
58645254.366,E9,P152,0.14271009062299217,0.0025000000000000022,4078.296,1059.189,1.0648,5.0576,0.9099685620954315,0.0,Hit+Run
58710496.171,E9,P152,0.14271009062299217,0.0025000000000000022,4078.296,1059.189,1.157,5.4955,0.706906572926792,0.0,Merge
58936898.025,E62,P256,0.38635116861221447,0.0025000000000000022,5684.006,1059.189,3.8858,26.363,0.23998064979328798,0.0,Merge
59943479.115,E2,P415,0.8241880582262344,0.0025000000000000022,7317.048,1059.189,2.8935,25.681,0.5239542478290726,0.0,Merge
61647430.319,E53,P365,0.30316951415442667,0.0025,5242.708,1059.189,1.9971,12.426,0.9453166644093878,0.0,Hit+Run
62913558.777,E63,FRAG0009,0.015829670329670337,0.006117882117882118,1959.526,1427.340,10.020,22.790,0.8108025894860343,0.010737262737262738,Graze+Frag
63378708.14,E2,P508,0.8266880582262344,0.0025,7324.439,1059.189,2.7384,24.331,0.4170851592846586,0.0,Merge
63881764.872,E22,P312,0.22979007587717432,0.0025,4780.106,1059.189,3.299,18.589,0.8964598291535398,0.0,Hit+Run
65681424.792,E62,P365,0.38885116861221447,0.0025,5696.240,1059.189,1.0131,6.8891,0.0717570953110902,0.0,Merge
67607965.183,E2,E38,0.8291880582262343,0.02399184149184149,7331.815,2250.859,3.8841,32.743,0.7511865424574132,0.008122544122544123,Fragment
67613579.619,E2,FRAG0027,0.8450573555955317,0.008122544122544123,7378.293,1568.764,1.0552,9.2060,0.827547682600582,0.0,Hit+Run
67670119.902,E2,P313,0.8450573555955317,0.0025,7378.293,1059.189,3.7474,33.555,0.9486208533990004,0.0,Hit+Run
68758340.742,E22,FRAG0027,0.22979007587717432,0.008122544122544123,4780.106,1568.764,2.0676,11.307,0.25997861509454917,0.0,Merge
69716886.969,E9,FRAG0023,0.14521009062299217,0.006570762570762572,4101.972,1461.725,3.5427,16.531,0.7119859937942423,0.0,Merge
71447226.191,E9,P411,0.15178085319375476,0.0025,4162.933,1059.189,2.1713,10.544,0.5709349950518399,0.0,Merge
72135104.88,E26,P621,0.40726623603094464,0.0025,5784.777,1059.189,3.8929,26.911,0.8772719322192165,0.0,Hit+Run
72621591.184,E22,P500,0.23791261999971844,0.0025,4835.777,1059.189,2.9375,16.759,0.9427152265844052,0.0,Hit+Run
74510982.806,E2,P500,0.8450573555955317,0.0025,7378.293,1059.189,1.4933,13.371,0.6478919526948003,0.0,Merge
75897730.134,E2,P165,0.8475573555955317,0.0025,7385.562,1059.189,2.5542,22.895,0.6915258028609264,0.0,Merge
79263380.097,E32,P563,0.010336330336330336,0.0025000000000000022,1700.001,1059.189,9.2185,17.764,0.9260945860550015,0.0,Hit+Run
79270213.041,E9,FRAG0026,0.15428085319375476,0.010737262737262738,4185.665,1721.703,5.0156,23.683,0.9983467542492563,0.0,Hit+Run
79748031.414,E22,FRAG0026,0.23791261999971844,0.010737262737262738,4835.777,1721.703,1.3993,7.6982,0.8704056096075099,0.0,Hit+Run
84555788.448,E2,P294,0.8500573555955316,0.0024999999999999905,7392.816,1059.189,3.2311,28.992,0.2963422051238583,0.0,Merge
85625998.049,E22,E9,0.23791261999971844,0.15428085319375476,4835.777,4185.665,1.4389,8.4761,0.7922545572304364,0.0,Hit+Run
85884077.469,E2,FRAG0026,0.8525573555955316,0.010737262737262738,7400.056,1721.703,2.1147,18.380,0.963363112036077,0.0,Hit+Run
87765428.918,E62,P325,0.3913511686122145,0.0025,5708.421,1059.189,3.0477,20.771,0.8520949374718904,0.0,Hit+Run
87845429.222,E62,P325,0.3913511686122145,0.0025,5708.421,1059.189,1.0752,7.3281,0.664418117448632,0.0,Merge
87866305.269,E22,P501,0.23791261999971844,0.0025,4835.777,1059.189,6.5657,37.460,0.7921039181951807,0.0,Merge
89518260.348,E2,E9,0.8525573555955316,0.15428085319375476,7400.056,4185.665,1.1064,9.2148,0.7458996542792979,0.0,Hit+Run
90849704.337,E22,E9,0.24041261999971844,0.15428085319375476,4852.657,4185.665,1.5709,9.2745,0.7139669199772218,0.01735067599067599,Hit+Run
91432073.596,E9,FRAG0026,0.15428085319375476,0.010737262737262738,4185.665,1721.703,4.1631,19.658,0.6127539198543341,0.013317349317349318,Fragment
91560301.76,E26,P439,0.40726623603094464,0.0025,5784.777,1059.189,2.483,17.165,0.6592006743788101,0.0,Merge
91812552.432,P258,P560,0.0025,0.0025,1059.189,1059.189,22.209,30.484,0.76605,0.0,Graze+Frag
91989430.681,E22,FRAG0029,0.24041261999971844,0.006658674658674659,4852.657,1468.215,2.889,16.137,0.7470678463538061,0.0,Merge
93129407.504,E2,E22,0.8525573555955316,0.2470712946583931,7400.056,4897.050,1.1731,9.9109,0.41432011866033464,0.06412454212454212,Fragment
93136570.233,E2,FRAG0040,1.0355041081293825,0.00582950382950383,7895.466,1404.551,1.0231,9.6722,0.734446745399869,0.0,Merge
93344723.021,E2,FRAG0037,1.0413336119588863,0.00582950382950383,7910.254,1404.551,1.0585,10.026,0.7830593159478075,0.0,Merge
93577844.864,E2,FRAG0030,1.04716311578839,0.00582950382950383,7924.988,1404.551,1.3288,12.612,0.9684592388867104,0.0,Hit+Run
93628691.302,E2,P449,1.04716311578839,0.0024999999999999905,7924.988,1059.189,1.9586,18.914,0.7725475336253818,0.0,Merge
94430959.399,E2,FRAG0030,1.04966311578839,0.00582950382950383,7931.290,1404.551,1.1863,11.269,0.3108513532341891,0.0,Merge
94455425.694,E2,FRAG0039,1.0554926196178938,0.00582950382950383,7945.945,1404.551,1.1981,11.403,0.3950667013951901,0.0,Merge
94502814.23,E2,FRAG0038,1.0613221234473975,0.00582950382950383,7960.547,1404.551,1.5528,14.809,0.2850126325224853,0.0,Merge
94737981.437,E2,FRAG0033,1.0671516272769013,0.00582950382950383,7975.095,1404.551,1.757,16.789,0.319781050528542,0.0,Merge
94984771.519,E9,FRAG0035,0.1517007666136682,0.00582950382950383,4162.201,1404.551,4.4439,21.120,0.7303428647021193,0.0,Merge
95737890.794,E26,P590,0.40976623603094464,0.0025,5796.589,1059.189,2.936,20.341,0.7251043061868166,0.0,Merge
98459027.184,E53,FRAG0025,0.30316951415442667,0.006570762570762572,5242.708,1461.725,2.5336,15.385,0.8102838553240399,0.0,Hit+Run
98764186.293,E2,FRAG0036,1.072981131106405,0.00582950382950383,7989.591,1404.551,1.9814,18.970,0.8174875716578329,0.0,Merge
99066876.525,E62,FRAG0031,0.3938511686122145,0.00582950382950383,5720.551,1404.551,1.7025,11.392,0.1081469656886991,0.0,Merge
99979856.831,E26,P472,0.41226623603094464,0.0025,5808.354,1059.189,2.9848,20.723,0.3478646865158379,0.0,Merge
104727584.207,E2,P49,1.0788106349359088,0.0075001665001665,8004.034,1527.627,1.8167,17.327,0.8975887239861883,0.0,Hit+Run
104927059.55,E2,FRAG0034,1.0788106349359088,0.00582950382950383,8004.034,1404.551,2.9553,28.349,0.8341270011232856,0.0,Merge
105160903.169,E2,P49,1.0846401387654125,0.0075001665001665,8018.425,1527.627,1.0294,9.8371,0.58831698654569,0.0,Merge
106402932.776,E9,FRAG0028,0.15753027044317203,0.006658674658674659,4214.847,1468.215,2.0092,9.6485,0.8607597780614252,0.0,Hit+Run
106455672.274,E9,FRAG0028,0.15753027044317203,0.006658674658674659,4214.847,1468.215,1.5923,7.6465,0.2750040717776809,0.0,Merge
106528040.144,E2,P237,1.0921403052655791,0.0025,8036.864,1059.189,3.4555,33.867,0.8280677604555478,0.0,Merge
106564599.436,E2,P258,1.094640305265579,0.005,8042.992,1334.495,1.9942,19.293,0.6831513271651038,0.0,Merge
107357572.712,E2,P567,1.099640305265579,0.0025,8055.219,1059.189,3.5529,34.905,0.826078063161422,0.0,Merge
113295404.507,E9,P312,0.16418894510184667,0.0025,4273.415,1059.189,10.056,50.234,0.8195659957073146,0.0,Hit+Run
113299723.434,E9,P312,0.16418894510184667,0.0025,4273.415,1059.189,1.0394,5.1918,0.9478660992692011,0.0,Hit+Run
117058304.342,E62,P458,0.3996806724417183,0.0025,5748.637,1059.189,3.0253,20.774,0.8680595003885603,0.0,Hit+Run
119063359.807,E53,P459,0.30316951415442667,0.0025,5242.708,1059.189,2.1898,13.625,0.5813493664430873,0.0,Merge
124485718.357,E2,P603,1.102140305265579,0.0025000000000000022,8061.319,1059.189,2.5409,24.983,0.9912571102634883,0.0,Hit+Run
124511558.199,E2,P603,1.102140305265579,0.0025000000000000022,8061.319,1059.189,1.0657,10.478,0.759683893242504,0.0,Merge
124557920.477,E2,FRAG0032,1.1046403052655789,0.00582950382950383,8067.410,1404.551,2.0085,19.429,0.612808807911296,0.0,Merge
125598133.145,E62,P599,0.3996806724417183,0.0025,5748.637,1059.189,2.0688,14.206,0.9810423419760985,0.0,Hit+Run
127764551.33,P312,P714,0.0025,0.0025,1059.189,1059.189,20.212,27.742,0.2825,0.0,Merge
128371656.696,E2,P312,1.1104698090950826,0.005,8081.576,1334.495,1.4185,13.793,0.8123570012651716,0.0,Merge
132473472.449,E2,P397,1.1154698090950825,0.0025000000000000022,8093.688,1059.189,3.6228,35.771,0.5318047487339702,0.0,Merge
138192460.102,E26,P430,0.41476623603094465,0.0025,5820.071,1059.189,4.1939,29.181,0.7866400350941518,0.0,Merge
157028305.05,E26,P767,0.41726623603094465,0.0025,5831.741,1059.189,3.2391,22.586,0.5337564868256648,0.0,Merge
159608267.386,E2,P320,1.1179698090950825,0.0025,8099.730,1059.189,3.0133,29.776,0.7103133522656322,0.0,Merge
165230534.1,E26,FRAG0017,0.41976623603094465,0.0055567765567765565,5843.365,1382.297,5.0865,34.865,0.40669326837558467,0.0,Merge
167777085.829,E2,FRAG1009,1.1204698090950824,0.005779848060272441,8105.763,1400.552,3.1947,31.066,0.8795305326062536,0.0,Hit+Run
169559871.647,E26,P562,0.4253230125877212,0.0025,5869.036,1059.189,2.4733,17.364,0.21830272381543067,0.0,Merge
173856737.339,E2,P36,1.1204698090950824,0.005,8105.763,1334.495,1.9476,18.999,0.9816805999477957,0.0,Hit+Run
174001383.913,E2,P36,1.1204698090950824,0.005,8105.763,1334.495,1.0561,10.302,0.5986422761161577,0.0,Merge
178974391.947,E62,P452,0.3996806724417183,0.0025,5748.637,1059.189,2.4533,16.846,0.44914479402400315,0.0,Merge
180579447.879,E2,P809,1.1254698090950823,0.0025,8117.802,1059.189,1.5407,15.260,0.1971733309547228,0.0,Merge
183632236.881,E26,FRAG1009,0.4278230125877212,0.005779848060272441,5880.513,1400.552,3.0877,21.288,0.10232857062279344,0.0,Merge
185419069.482,E9,P274,0.16418894510184667,0.0025,4273.415,1059.189,5.9737,29.839,0.5349176710028675,0.0,Merge
