time_yr,target,projectile,Mt_Mearth,Mp_Mearth,Rt_km,Rp_km,vimp/vesc,vimp_km/s,b,m_frag_Mearth,Regime
38894.414,E0,P97,0.07750000000000003,0.0025,3327.318,1059.189,1.3132,5.0104,0.460733935954604,0.0,Merge
76244.775,E56,P627,0.052500000000000005,0.0025,2922.224,1059.189,1.0626,3.5284,0.9013107819210526,0.0,Hit+Run
83060.488,E4,P118,0.09500000000000004,0.0025,3560.970,1059.189,1.2087,4.9607,0.4110388796899792,0.0,Merge
103574.054,E4,P75,0.09750000000000004,0.0025000000000000022,3591.937,1059.189,1.2984,5.3788,0.45749417556232014,0.0,Merge
103811.015,E32,P435,0.025,0.0025,2281.955,1059.189,1.5334,3.9303,0.7029291777660492,0.0,Hit+Run
113104.513,E47,P492,0.05750000000000001,0.0025,3012.195,1059.189,1.1325,3.8841,0.560728764894131,0.0,Merge
137605.08,E47,E35,0.06000000000000001,0.027500000000000004,3055.232,2355.617,1.0018,3.5992,0.18994801916379736,0.006875790875790876,Fragment
255066.872,E0,P65,0.08000000000000003,0.0025,3362.718,1059.189,1.0441,4.0292,0.6425191496111041,0.0,Merge
310894.745,E13,P149,0.06,0.0025000000000000022,3055.232,1059.189,1.4184,4.9390,0.9562772081591517,0.0,Hit+Run
319289.904,E10,P106,0.030000000000000002,0.0025,2424.939,1059.189,1.2909,3.5224,0.9732805586345936,0.0,Hit+Run
329385.516,E4,P128,0.10000000000000005,0.0025,3622.378,1059.189,1.6516,6.9044,0.7612183919333122,0.0,Merge
333993.084,E3,P47,0.03250000000000001,0.0025,2490.510,1059.189,2.0553,5.7659,0.6205051394716175,0.0,Merge
360753.586,E0,P89,0.08250000000000003,0.0025,3397.388,1059.189,1.0456,4.0797,0.31690104379506934,0.0,Merge
418318.265,NEPTUNE,K697,16.329423909423912,0.035,19799.34,2552.798,0.9998,24.169,0.8210403987425602,0.0,Perfect
494280.271,E6,P129,0.03250000000000001,0.0025,2490.510,1059.189,2.1072,5.9115,0.8702788048401112,0.0,Hit+Run
510167.501,E8,P187,0.11405378317857043,0.0025,3784.690,1059.189,1.1583,5.0762,0.9371325184675868,0.0,Hit+Run
523726.428,E26,FRAG1001,0.1025,0.008446216821429616,3652.317,1589.331,1.3959,5.7376,0.21537711097958953,0.0,Merge
524455.826,E46,P362,0.025,0.0025,2281.955,1059.189,1.2096,3.1004,0.35836274735119134,0.0,Merge
538424.669,E33,P125,0.03250000000000001,0.0025,2490.510,1059.189,1.4194,3.9819,0.7613185513802035,0.0,Hit+Run
574065.317,E42,P644,0.025,0.0025,2281.955,1059.189,1.0215,2.6182,0.8578986982043671,0.0,Graze+Merge
619768.743,E6,P126,0.03250000000000001,0.0025,2490.510,1059.189,1.6865,4.7313,0.6623211800782528,0.0,Merge
638117.847,E10,P220,0.030000000000000002,0.0025000000000000022,2424.939,1059.189,1.6137,4.4032,0.9530270801904669,0.0,Hit+Run
646622.905,E6,P157,0.03500000000000001,0.0025,2552.798,1059.189,2.6214,7.5462,0.8733397509917775,0.0,Hit+Run
651194.512,E24,P184,0.03250000000000001,0.0025,2490.510,1059.189,1.5491,4.3458,0.1900665335627105,0.0,Merge
659346.312,E4,P163,0.10250000000000005,0.0025,3652.317,1059.189,1.2991,5.4791,0.45216881452089064,0.0,Merge
666295.425,E6,E3,0.03500000000000001,0.03500000000000001,2552.798,2552.798,1.3202,4.3673,0.82235,0.0,Hit+Run
679472.644,E26,E33,0.1109462168214296,0.03250000000000001,3750.000,2490.510,1.0147,4.3463,0.6814347328411391,0.0,Graze+Merge
731342.124,E12,E10,0.06,0.030000000000000002,3055.232,2424.939,1.2681,4.5912,0.5136308913632814,0.006667998667998669,Fragment
747501.815,E6,P30,0.03500000000000001,0.0025,2552.798,1059.189,2.166,6.2353,0.945570326820344,0.0,Hit+Run
747587.549,E4,E12,0.10500000000000005,0.08333200133200133,3681.772,3408.770,1.2771,5.8803,0.7176050490236467,0.00571077589077589,Hit+Run
793159.591,E4,P33,0.10500000000000005,0.0025,3681.772,1059.189,1.3905,5.9156,0.9346231376661006,0.0,Hit+Run
919839.437,E1,P108,0.037500000000000006,0.0025,2612.187,1059.189,1.9237,5.6729,0.5077268495125654,0.0,Merge
927105.661,E40,P162,0.027500000000000004,0.0025,2355.617,1059.189,2.4227,6.4155,0.5835224491973756,0.0,Merge
936092.604,E8,P122,0.11405378317857043,0.0025,3784.690,1059.189,1.3616,5.9672,0.4683318589040117,0.0,Merge
942033.634,E13,P207,0.06,0.0025,3055.232,1059.189,2.1564,7.5088,0.5588555884924505,0.0,Merge
964916.566,P3,P39,0.0025,0.0025,1059.189,1059.189,7.4145,10.177,0.849,0.0,Hit+Run
986764.057,E4,P3,0.10500000000000005,0.0025,3681.772,1059.189,1.1794,5.0175,0.9511644528570338,0.0,Hit+Run
995104.517,P2,P4,0.0025,0.0025,1059.189,1059.189,11.660,16.005,0.2724,0.0,Merge
1002009.357,E3,P43,0.03500000000000001,0.0025,2552.798,1059.189,3.2853,9.4574,0.3859600534244636,0.0,Merge
1095551.764,E1,E3,0.04000000000000001,0.03750000000000001,2668.991,2612.187,1.1768,4.0275,0.8688458622138674,0.0,Hit+Run
1100138.793,E3,P164,0.03750000000000001,0.0025,2612.187,1059.189,2.0002,5.8985,0.5548993412764149,0.0,Merge
1116924.29,E23,P116,0.025,0.0025000000000000022,2281.955,1059.189,5.7493,14.736,0.9747576005710314,0.0,Hit+Run
1127531.853,E12,P93,0.08333200133200133,0.0025,3408.770,1059.189,2.9695,11.628,0.5014019317991897,0.0,Merge
1149105.738,E23,P248,0.025,0.0025,2281.955,1059.189,5.9194,15.172,0.3027676880136899,0.012392940392940394,Fragment
1280526.352,E12,E30,0.08583200133200133,0.027500000000000004,3442.523,2355.617,1.2328,4.8694,0.8455292654389415,0.0,Hit+Run
1280587.703,E12,P33,0.08583200133200133,0.0025,3442.523,1059.189,2.0005,7.9170,0.8957095675033201,0.0,Hit+Run
1345599.536,E12,P116,0.08583200133200133,0.0025000000000000022,3442.523,1059.189,2.1835,8.6413,0.5299468370868273,0.0,Merge
1401761.318,E4,E1,0.10500000000000005,0.04000000000000001,3681.772,2668.991,1.0903,4.6545,0.8199219651410831,0.0,Hit+Run
1444566.454,E47,E31,0.08062420912420915,0.027500000000000004,3371.441,2355.617,1.0191,3.9561,0.9385427198977313,0.0,Graze+Merge
1585000.638,E40,P181,0.030000000000000002,0.0025,2424.939,1059.189,1.9724,5.3820,0.7989336050176271,0.0,Hit+Run
1623249.365,E26,E12,0.1434462168214296,0.08833200133200134,4085.296,3475.627,1.3888,6.8698,0.26783518051416105,0.03781129537129537,Fragment
1776313.691,E13,P60,0.0625,0.0025,3097.090,1059.189,1.081,3.8193,0.8367392140624197,0.0,Hit+Run
1777615.096,E4,P84,0.10500000000000005,0.0025,3681.772,1059.189,1.0097,4.2955,0.4939873517818086,0.0,Merge
1791062.828,E26,P68,0.19396802834324112,0.0025,4517.559,1059.189,1.6776,8.8961,0.9673860453686229,0.0,Hit+Run
1872871.659,E13,P294,0.0625,0.0025,3097.090,1059.189,3.3568,11.860,0.9486621189980109,0.0,Hit+Run
1877442.347,E6,P305,0.03500000000000001,0.0025,2552.798,1059.189,3.0304,8.7236,0.763580373044846,0.0,Hit+Run
1917430.365,E26,P160,0.19396802834324112,0.0025,4517.559,1059.189,2.7279,14.465,0.8488727490719981,0.0,Hit+Run
1928289.798,E40,P133,0.030000000000000002,0.0025,2424.939,1059.189,4.7117,12.856,0.5885340677784698,0.0,Merge
2009001.835,E18,P167,0.030000000000000002,0.0025,2424.939,1059.189,1.9255,5.2540,0.38669527916002583,0.0,Merge
2010961.346,E4,P155,0.10750000000000005,0.0025,3710.764,1059.189,2.8333,12.155,0.6289689016696492,0.0,Merge
2048986.715,E26,P270,0.19396802834324112,0.0025,4517.559,1059.189,1.246,6.6074,0.6541318302086443,0.0,Merge
2085524.62,E8,P250,0.11655378317857043,0.0025,3812.144,1059.189,3.1955,14.113,0.254334196451212,0.0,Merge
2102034.081,E4,P98,0.11000000000000006,0.0025,3739.309,1059.189,3.9491,17.083,0.868959986592015,0.0,Hit+Run
2126563.381,E1,P137,0.04000000000000001,0.0025,2668.991,1059.189,7.7058,23.244,0.9209290602448212,0.0,Hit+Run
2143164.938,E6,FRAG0005,0.03500000000000001,0.006301698301698302,2552.798,1441.494,3.686,10.589,0.9842955311786751,0.0,Hit+Run
2144940.425,E6,P190,0.03500000000000001,0.0025,2552.798,1059.189,3.0483,8.7752,0.7617428045795402,0.0,Hit+Run
2151971.883,E4,E0,0.11000000000000006,0.08500000000000003,3739.309,3431.364,1.7802,8.2939,0.28733137175318263,0.05390550116550116,Fragment
2158877.074,E6,P53,0.03500000000000001,0.0025,2552.798,1059.189,6.4723,18.631,0.6927633114203612,0.0,Merge
2169776.007,E4,FRAG0016,0.14109590409590417,0.00598934398934399,4062.861,1417.273,1.0561,4.8882,0.20528807611268693,0.0,Merge
2189710.454,E4,FRAG0019,0.14708524808524814,0.00598934398934399,4119.554,1417.273,1.034,4.8573,0.33325010235994784,0.0,Merge
2199430.711,E4,P112,0.15307459207459212,0.0025,4174.728,1059.189,1.158,5.6405,0.44651306989050665,0.0,Merge
2206781.063,E23,P151,0.015107059607059607,0.0025,1929.244,1059.189,7.8085,16.933,0.3631332571244279,0.012079254079254078,Fragment
2213831.191,E13,P255,0.0625,0.0025,3097.090,1059.189,1.5871,5.6074,0.9578275765926035,0.0,Hit+Run
2219747.506,E65,P341,0.025,0.0025,2281.955,1059.189,10.479,26.859,0.8796176525892878,0.0,Hit+Run
2321681.418,E57,E52,0.052500000000000005,0.025,2922.224,2281.955,1.2941,4.4616,0.8932578912134702,0.0,Hit+Run
2371691.997,E23,P388,0.005527805527805527,0.0025,1379.890,1059.189,10.361,16.794,0.9631194910475855,0.0,Hit+Run
2399260.671,E4,FRAG0014,0.15557459207459212,0.00598934398934399,4197.332,1417.273,1.9095,9.1514,0.6676582235728084,0.0,Merge
2401426.669,E4,P26,0.1615639360639361,0.0025,4250.519,1059.189,2.2358,11.103,0.6732358702054492,0.0,Merge
2403701.603,E58,P142,0.027500000000000004,0.0025,2355.617,1059.189,17.720,46.924,0.7101052242626534,0.024472860472860472,Graze+Frag
2429445.493,E26,FRAG0018,0.19646802834324112,0.00598934398934399,4536.885,1417.273,2.9949,15.602,0.647140423607777,0.0,Merge
2449108.471,E8,FRAG0020,0.11905378317857043,0.006039627039627039,3839.207,1421.228,3.0066,13.099,0.6123977261284622,0.0,Merge
2462835.779,E18,P119,0.0325,0.0025000000000000022,2490.510,1059.189,4.8098,13.493,0.8005386297344137,0.0,Hit+Run
2516157.458,E6,P113,0.03750000000000001,0.0025,2612.187,1059.189,6.8156,20.099,0.5453652328354559,0.010410589410589411,Fragment
2528300.291,P36,P13,0.0025000000000000022,0.0025,1059.189,1059.189,12.959,17.787,0.9525500000000001,0.0,Hit+Run
2532483.127,E26,P77,0.2024573723325851,0.0025,4582.527,1059.189,3.6228,19.508,0.9917664342185054,0.0,Hit+Run
2538858.997,P36,P134,0.0025000000000000022,0.0025,1059.189,1059.189,12.574,17.259,0.4353,0.0,Merge
2547370.96,P17,P137,0.0025,0.0025,1059.189,1059.189,7.0665,9.6993,0.87465,0.0,Hit+Run
2563335.472,P42,P19,0.0025000000000000022,0.0025,1059.189,1059.189,11.224,15.407,0.6177000000000001,0.0,Graze+Frag
2614117.485,P7,P18,0.0025,0.0025,1059.189,1059.189,12.536,17.207,0.8709,0.0,Hit+Run
2630744.147,P34,P37,0.0025,0.0025,1059.189,1059.189,19.34,26.545,0.81165,0.0,Graze+Frag
2721536.499,P42,P289,0.005,0.0025000000000000022,1334.495,1059.189,6.0378,9.5484,0.5420637313280349,0.007156849816849817,Fragment
2763553.879,E43,P464,0.025,0.0025,2281.955,1059.189,6.3244,16.210,0.9292707338403486,0.0,Hit+Run
2765649.252,E8,P258,0.12509341021819748,0.0025,3903.060,1059.189,1.4503,6.5703,0.728975005133746,0.0,Merge
2851009.543,E26,P235,0.2024573723325851,0.0025,4582.527,1059.189,2.0062,10.803,0.4337455166852432,0.0,Merge
2898179.691,E40,P363,0.0325,0.0025,2490.510,1059.189,5.0557,14.183,0.6653381091824229,0.0,Merge
2911448.495,E26,P299,0.2049573723325851,0.0025,4601.312,1059.189,1.3411,7.2536,0.1446114526717605,0.0,Merge
2927324.107,E17,P257,0.027500000000000004,0.0025,2355.617,1059.189,4.2108,11.150,0.24240428968903865,0.005887112887112887,Fragment
2934667.384,E8,P77,0.12759341021819748,0.0025,3928.890,1059.189,1.4718,6.7153,0.3026961249128298,0.0,Merge
2946110.053,E22,P351,0.030000000000000002,0.0025,2424.939,1059.189,2.3739,6.4776,0.5973036151460298,0.0,Merge
3001758.331,P25,P389,0.0025,0.0025,1059.189,1059.189,5.8979,8.0953,0.57185,0.0,Graze+Frag
3022555.08,E22,P165,0.0325,0.0025000000000000022,2490.510,1059.189,2.947,8.2675,0.6030350151242143,0.0,Merge
3023961.583,E18,P252,0.0325,0.0025,2490.510,1059.189,3.9756,11.153,0.778999159153479,0.0,Hit+Run
3044850.187,E18,P18,0.0325,0.0025,2490.510,1059.189,5.6321,15.800,0.17940203998517928,0.009381285381285381,Fragment
3058439.799,E26,P233,0.2074573723325851,0.0024999999999999905,4619.945,1059.189,2.647,14.379,0.5338964351312101,0.0,Merge
3079848.242,E26,E8,0.2099573723325851,0.13009341021819748,4638.428,3954.385,1.1236,6.3149,0.524742736990363,0.02082017982017982,Fragment
3127986.778,E4,E30,0.1640639360639361,0.027500000000000004,4272.331,2355.617,2.4301,11.672,0.8707166067395556,0.010050616050616051,Hit+Run+Frag
3139409.299,E49,P510,0.027500000000000004,0.0025,2355.617,1059.189,10.404,27.553,0.7979198687629795,0.0,Graze+Frag
3189528.291,P32,P179,0.0025000000000000022,0.0025,1059.189,1059.189,14.485,19.883,0.8235000000000001,0.0,Graze+Frag
3259485.122,E26,P222,0.3192306027306028,0.0025,5333.701,1059.189,1.6125,10.220,0.22559946253009897,0.0,Merge
3282273.893,P2,FRAG0002,0.005,0.006667998667998669,1334.495,1468.900,7.4362,13.553,0.7417948032715117,0.0061401931401931405,Graze+Frag
3299218.091,P22,FRAG0032,0.0025,0.010050616050616051,1059.189,1684.191,4.6452,8.8766,0.7362721692307465,0.0,Hit+Run
3302869.404,P42,P110,0.0075001665001665,0.0025000000000000022,1527.627,1059.189,12.343,21.682,0.7711903990047888,0.009245807525807526,Graze+Frag
3311646.869,P54,P55,0.0025,0.0025,1059.189,1059.189,18.992,26.068,0.9655,0.0,Hit+Run
3332654.786,P46,P285,0.0025000000000000022,0.0025,1059.189,1059.189,12.472,17.119,0.9293500000000001,0.0,Hit+Run
3356219.026,E51,P624,0.025,0.0025,2281.955,1059.189,1.9433,4.9809,0.7766233657576513,0.0,Hit+Run
3409336.981,P50,P317,0.0025000000000000022,0.0025,1059.189,1059.189,8.6433,11.863,0.19100000000000003,0.0,Merge
3430984.627,P48,P226,0.0025,0.0025,1059.189,1059.189,11.409,15.661,0.69895,0.0,Graze+Frag
3535474.642,E26,P2,0.3217306027306028,0.005527805527805529,5347.588,1379.890,1.2788,7.9685,0.7485454406913415,0.0,Merge
3553346.551,E18,P230,0.025618714618714622,0.0025,2300.627,1059.189,4.8389,12.506,0.8875700486187257,0.0,Hit+Run
3558182.502,E26,E3,0.3272584082584083,0.040000000000000015,5378.041,2668.991,1.2367,7.4643,0.27294434096787407,0.009814851814851816,Fragment
3576628.003,E51,P603,0.025,0.0025,2281.955,1059.189,1.7066,4.3742,0.9804946828613879,0.0,Hit+Run
3595496.205,E15,P85,0.027500000000000004,0.0025,2355.617,1059.189,7.692,20.369,0.4791520194024082,0.0178011988011988,Fragment
3627558.866,E26,P61,0.3574435564435565,0.0025,5538.553,1059.189,1.9402,12.803,0.4357646105521364,0.0,Merge
3629872.51,E18,P276,0.025618714618714622,0.0025,2300.627,1059.189,4.9283,12.737,0.9332427243191337,0.0,Hit+Run
3634450.703,P13,P136,0.0025,0.0025,1059.189,1059.189,15.872,21.786,0.8183,0.0,Graze+Frag
3654769.776,E26,E15,0.3599435564435565,0.012198801198801203,5551.435,1796.523,1.134,7.2101,0.539507656060617,0.0,Merge
3678049.886,E38,E29,0.052500000000000005,0.025,2922.224,2281.955,1.0244,3.5318,0.9482863506922986,0.0,Graze+Merge
3732291.332,E49,P354,0.03,0.0025,2424.939,1059.189,1.4654,3.9986,0.9874788734201668,0.0,Hit+Run
3766343.368,E47,P426,0.10812420912420914,0.0025,3717.932,1059.189,2.4618,10.584,0.931288252739752,0.0,Hit+Run
3842439.105,P39,P33,0.0025,0.0025,1059.189,1059.189,21.190,29.086,0.89265,0.0,Graze+Frag
3860360.457,P42,P243,0.01,0.0025,1681.359,1059.189,8.5991,16.407,0.7922277749896073,0.0,Graze+Frag
3879089.663,E4,P292,0.16406376956376958,0.0025000000000000022,4272.329,1059.189,3.046,15.210,0.41789584733202656,0.0,Merge
3880069.709,E22,P439,0.035,0.0025,2552.798,1059.189,4.4088,12.691,0.8119225588244346,0.0,Hit+Run
3908458.208,P34,P120,0.005,0.0025,1334.495,1059.189,17.461,27.613,0.7934992376830117,0.007301678321678322,Graze+Frag
3916437.11,P34,P271,0.007499833499833501,0.0025,1527.604,1059.189,6.6123,11.615,0.9646465141167445,0.0,Hit+Run
3951987.063,E1,P286,0.04000000000000001,0.0025,2668.991,1059.189,4.5946,13.859,0.9453411256633135,0.0,Hit+Run
3980566.959,E26,P45,0.3721423576423577,0.0025,5613.454,1059.189,1.2147,8.1317,0.9550027158189872,0.0,Hit+Run
3992004.442,E46,P168,0.0275,0.0025000000000000022,2355.617,1059.189,6.9379,18.372,0.39444158464482726,0.015944721944721945,Fragment
4006497.597,E56,P535,0.052500000000000005,0.0025,2922.224,1059.189,1.5448,5.1297,0.6864054098147951,0.0,Merge
4039403.225,E4,P173,0.1665637695637696,0.0025,4293.920,1059.189,3.2709,16.422,0.9976160677451468,0.0,Hit+Run
4171498.964,E1,P36,0.04000000000000001,0.005000000000000003,2668.991,1334.495,4.6444,13.911,0.7562666666666666,0.0,Hit+Run
4179853.505,P54,P285,0.0025,0.0025,1059.189,1059.189,13.650,18.736,0.8708,0.0,Graze+Frag
4239718.344,E4,E6,0.1665637695637696,0.029589410589410604,4293.920,2413.825,1.3212,6.3831,0.8362195144564228,0.0,Hit+Run
4258335.32,E4,FRAG0011,0.1665637695637696,0.00598934398934399,4293.920,1417.273,2.3782,11.678,0.6422242163566348,0.0,Merge
4260421.497,E4,P310,0.1725531135531136,0.0025,4344.783,1059.189,2.4346,12.379,0.9018444745110533,0.0,Hit+Run
4275886.918,E54,P353,0.027500000000000004,0.0025,2355.617,1059.189,5.6003,14.830,0.47784135306658243,0.00946028638028638,Fragment
4308732.212,P45,P41,0.0025,0.0025,1059.189,1059.189,16.853,23.132,0.8779,0.0,Graze+Frag
4314112.21,E38,P558,0.07750000000000001,0.0025,3327.318,1059.189,2.1818,8.3244,0.8405322265908737,0.0,Hit+Run
4341606.058,E13,P123,0.0625,0.0025,3097.090,1059.189,4.1253,14.575,0.662670035680568,0.0,Merge
4447055.846,P32,P22,0.005,0.0025,1334.495,1059.189,9.6643,15.283,0.7476721897398209,0.0,Graze+Frag
4462507.833,P7,P78,0.0025,0.0025,1059.189,1059.189,13.459,18.473,0.88495,0.0,Hit+Run
4497659.268,P46,P138,0.0025000000000000022,0.0025,1059.189,1059.189,10.226,14.037,0.3274000000000001,0.0,Merge
4549322.121,E26,P224,0.3721423576423577,0.0025,5613.454,1059.189,1.276,8.5421,0.30748193501747695,0.0,Merge
4558717.407,E47,P121,0.10812420912420914,0.0025,3717.932,1059.189,1.5896,6.8341,0.8089428463126344,0.0,Hit+Run
4567354.588,E4,FRAG0032,0.1725531135531136,0.010050616050616051,4344.783,1684.191,1.5711,7.7249,0.8639878355033578,0.0,Hit+Run
4581361.171,E4,FRAG0032,0.1725531135531136,0.010050616050616051,4344.783,1684.191,1.0415,5.1209,0.763529161494543,0.0,Graze+Merge
4617042.323,E4,P91,0.18260372960372964,0.0025000000000000022,4427.552,1059.189,1.1756,6.1005,0.5483257077699825,0.0,Merge
4627960.266,P54,P58,0.005,0.0025,1334.495,1059.189,15.052,23.804,0.580475940613751,0.0,Graze+Frag
4657295.975,E58,P45,0.00552713952713953,0.005,1379.835,1334.495,28.106,49.452,0.7373644770985616,0.010508358308358308,Graze+Frag
4658956.475,E1,FRAG0012,0.04000000000000001,0.00598934398934399,2668.991,1417.273,1.3609,4.0789,0.583208042960369,0.0,Merge
4660019.017,E37,P338,0.030000000000000002,0.0025,2424.939,1059.189,2.6906,7.3417,0.9254656456067071,0.0,Hit+Run
4727901.896,E4,E1,0.18510372960372964,0.045989343989344,4447.666,2796.058,1.8009,9.0878,0.16246511020848048,0.033628957708957706,Fragment
4727906.534,E6,FRAG0021,0.029589410589410604,0.006039627039627039,2413.825,1421.228,9.5173,25.917,0.9766572654348203,0.0,Hit+Run
4745017.697,E13,P247,0.065,0.0025,3137.846,1059.189,4.289,15.367,0.7475590556209977,0.0,Merge
4829805.798,E4,FRAG0042,0.197464701964702,0.005604728604728605,4544.544,1386.262,1.8772,9.8137,0.4925524175015498,0.0,Merge
4834415.842,E17,FRAG0037,0.024112887112887116,0.005933732933732934,2254.638,1412.873,2.9967,7.6632,0.9238609275636751,0.0,Hit+Run
4837526.65,P36,P223,0.005000000000000003,0.0025000000000000022,1334.495,1059.189,12.644,19.997,0.492724391389198,0.00747082917082917,Fragment
4841617.871,P54,P55,0.007499833499833501,0.0025,1527.604,1059.189,15.308,26.890,0.6509518533889731,0.00990969696969697,Graze+Frag
4848174.353,E4,P51,0.2030694305694306,0.0025,4587.140,1059.189,2.4778,13.357,0.8644052121321718,0.0,Hit+Run
4858987.669,E4,E30,0.2030694305694306,0.01744955044955045,4587.140,2024.208,1.2474,6.4363,0.7351109828227304,0.006615051615051615,Hit+Run+Frag
4866491.281,E4,FRAG0047,0.20306976356976364,0.006615051615051615,4587.142,1465.002,1.1666,6.1349,0.8321387130340758,0.0,Hit+Run
4891297.361,P42,P388,0.012500166500166502,0.0025,1811.197,1059.189,8.1912,16.729,0.4911657829599284,0.014402144522144522,Fragment
4918243.737,E26,FRAG0030,0.3746423576423577,0.006940059940059941,5625.996,1488.612,2.3279,15.231,0.5721197950406625,0.0,Merge
4937352.406,P7,P174,0.0025,0.0025,1059.189,1059.189,5.6577,7.7656,0.80325,0.0,Hit+Run
4965775.517,P34,P554,0.007499833499833501,0.0025,1527.604,1059.189,34.255,60.173,0.9963584931850453,0.0,Hit+Run
4984704.886,E4,FRAG0035,0.20306976356976364,0.005933732933732934,4587.142,1412.873,1.6385,8.6398,0.5022908016125307,0.0,Merge
4990760.642,P49,P115,0.0025,0.0025000000000000022,1059.189,1059.189,16.524,22.680,0.9968499999999997,0.0,Hit+Run
4993538.112,E50,P422,0.025,0.0025,2281.955,1059.189,2.9855,7.6523,0.6522516175345677,0.0,Merge
5007318.62,P17,P230,0.0025,0.0025,1059.189,1059.189,11.754,16.134,0.52735,0.0,Graze+Frag
5010586.377,E13,P74,0.0675,0.0025,3177.569,1059.189,2.6489,9.6195,0.129,0.0,Merge
5010935.364,E4,P70,0.20900349650349656,0.0025000000000000022,4631.393,1059.189,2.562,13.954,0.7035903691585396,0.0,Merge
5018620.962,P48,P78,0.005,0.0025,1334.495,1059.189,12.396,19.605,0.732842512424871,0.0,Graze+Frag
5026242.092,P17,FRAG0036,0.005,0.005933732933732934,1334.495,1412.873,3.9643,7.0656,0.8535837052929197,0.0,Hit+Run
5096825.993,P32,P376,0.0075001665001665,0.0025,1527.627,1059.189,5.5673,9.7796,0.453596251991407,0.009446466866466868,Fragment
5154868.997,P51,FRAG0029,0.0025,0.006940059940059941,1059.189,1488.612,4.9943,8.5888,0.839477360093113,0.0,Hit+Run
5160122.026,E4,E30,0.21150349650349656,0.010834165834165835,4649.786,1726.867,1.2283,6.4799,0.5803616034289325,0.0,Merge
5176869.263,E4,P5,0.2223376623376624,0.0025000000000000022,4727.862,1059.189,2.0843,11.607,0.8588014624811176,0.0,Hit+Run
5180749.654,P6,FRAG0003,0.0025000000000000022,0.006196470196470197,1059.189,1433.426,15.264,25.472,0.817269889036559,0.008301105561105561,Graze+Frag
5183675.913,E39,P144,0.027500000000000004,0.0025,2355.617,1059.189,5.1582,13.659,0.4514210790338842,0.008386280386280386,Fragment
5246569.21,P72,FRAG0046,0.0025,0.005604728604728605,1059.189,1386.262,8.851,14.395,0.4293149155458008,0.008021398601398602,Fragment
5254683.138,P50,P193,0.005000000000000003,0.0025,1334.495,1059.189,7.8574,12.426,0.9582982081453866,0.0,Hit+Run
5291701.29,E13,P262,0.07,0.0025,3216.324,1059.189,3.2128,11.819,0.9687682608329568,0.0,Hit+Run
5319509.973,E13,FRAG0015,0.07,0.00598934398934399,3216.324,1417.273,1.8926,6.8475,0.9753930761368474,0.0,Hit+Run
5358550.892,E18,P221,0.025618714618714622,0.0025,2300.627,1059.189,4.8656,12.575,0.7884870475115434,0.0,Hit+Run
5362554.567,P50,P281,0.005000000000000003,0.0025,1334.495,1059.189,4.7674,7.5393,0.7283824590970664,0.0,Hit+Run
5423318.681,E22,P323,0.035,0.0025,2552.798,1059.189,1.8764,5.4016,0.8409702757183103,0.0,Hit+Run
5454632.456,E4,FRAG0026,0.2223376623376624,0.010410589410589411,4727.862,1704.062,2.3406,12.579,0.8540682879936466,0.0,Hit+Run
5463177.918,P7,P157,0.0025,0.0025,1059.189,1059.189,19.374,26.593,0.5997,0.0,Graze+Frag
5479173.733,P17,P109,0.005,0.0025,1334.495,1059.189,10.563,16.705,0.8357024922973614,0.0,Graze+Frag
5534128.875,E24,P412,0.03500000000000001,0.0025,2552.798,1059.189,3.4439,9.9140,0.7112803474938292,0.0,Hit+Run
5587668.96,E4,P173,0.2223376623376624,0.0025,4727.862,1059.189,1.9273,10.732,0.3384716951159884,0.0,Merge
5667327.867,P49,P227,0.0025,0.0025,1059.189,1059.189,18.036,24.756,0.41555,0.0,Merge
5678246.625,P8,P310,0.0025,0.0025,1059.189,1059.189,14.422,19.795,0.5573500000000001,0.0,Graze+Frag
5685258.512,E24,FRAG0004,0.03500000000000001,0.006196470196470197,2552.798,1433.426,5.1498,14.790,0.40550449864324145,0.02896293706293706,Fragment
5700421.765,E13,E18,0.07,0.025618714618714622,3216.324,2300.627,2.2313,8.2992,0.8742509076631682,0.0,Hit+Run
5837647.875,P51,FRAG0015,0.0025,0.00598934398934399,1059.189,1417.273,6.3691,10.535,0.9030514280704336,0.0,Hit+Run
5841628.524,E40,P412,0.035,0.0025,2552.798,1059.189,4.167,11.995,0.844292034097902,0.0,Hit+Run
5847384.18,E4,E23,0.2248376623376624,0.005527805527805527,4745.517,1379.890,2.0291,11.117,0.7687612907864785,0.0,Merge
5855261.92,P8,P361,0.005,0.0025,1334.495,1059.189,11.328,17.915,0.4752744327441632,0.0,Fragment
5862666.147,E46,P149,0.014055278055278057,0.0025000000000000022,1883.390,1059.189,5.4642,11.579,0.49949284806406014,0.010592407592407592,Fragment
5900702.979,P6,FRAG0022,0.008696303696303696,0.006118215118215118,1604.865,1427.366,23.739,46.879,0.6666669871337281,0.009286713286713287,Graze+Frag
5957154.446,E49,FRAG0006,0.03,0.006301698301698302,2424.939,1441.494,2.5567,6.9991,0.18551902920372534,0.008717902097902097,Fragment
5985611.466,E40,P346,0.035,0.0025,2552.798,1059.189,2.1381,6.1549,0.3178993444979376,0.0,Merge
5994499.583,P44,P330,0.0025,0.0025,1059.189,1059.189,12.096,16.603,0.6606,0.0,Graze+Frag
6018643.993,P6,FRAG0056,0.005527805527805527,0.009286713286713287,1379.890,1640.392,17.103,33.842,0.2405901660633844,0.014803463203463204,Fragment
6029497.828,E4,P129,0.2303654678654679,0.0025,4784.093,1059.189,3.1314,17.661,0.6713616881045836,0.0,Merge
6031152.76,E26,E18,0.3815824175824176,0.025618714618714622,5660.524,2300.627,1.1617,7.4228,0.948924961764693,0.0,Hit+Run
6045216.751,E18,P88,0.025618714618714622,0.0025,2300.627,1059.189,5.4082,13.978,0.9494712462696536,0.0,Hit+Run
6076868.901,P36,P98,0.0075001665001665,0.0025,1527.627,1059.189,7.575,13.306,0.5539886004337182,0.009638834498834499,Fragment
6083525.782,P86,P478,0.0025,0.0025,1059.189,1059.189,6.1934,8.5009,0.41415,0.0,Merge
6097918.509,E4,P266,0.2328654678654679,0.0025,4801.337,1059.189,1.7028,9.6410,0.8301633742221481,0.0,Hit+Run
6102651.063,E26,FRAG0036,0.3815824175824176,0.005933732933732934,5660.524,1412.873,1.4288,9.4484,0.9753512308380182,0.0,Hit+Run
6111731.403,P5,FRAG0045,0.0025000000000000022,0.005604728604728605,1059.189,1386.262,14.535,23.640,0.7553291779866043,0.007955617715617716,Graze+Frag
6113286.195,P51,P208,0.0025,0.0025,1059.189,1059.189,7.8565,10.783,0.6253,0.0,Graze+Frag
6160624.695,E26,P88,0.3815824175824176,0.0025,5660.524,1059.189,1.023,6.9098,0.7844202868079606,0.0,Merge
6196591.574,P72,FRAG0047,0.008104895104895106,0.006615051615051615,1567.627,1465.002,6.9318,13.644,0.8380311164015768,0.0,Hit+Run
6242888.232,E26,E13,0.3840824175824176,0.07,5672.859,3216.324,1.0106,6.4531,0.4026249136209041,0.012763236763236763,Fragment
6253597.919,E4,FRAG0028,0.2328654678654679,0.009381285381285381,4801.337,1645.942,1.4713,8.0574,0.7260153032057197,0.0,Merge
6290254.001,P32,FRAG0060,0.01,0.006381618381618381,1681.359,1447.562,6.664,13.623,0.9199612026661111,0.0,Hit+Run
6329902.35,P42,P236,0.00552797202797203,0.0025,1379.904,1059.189,12.656,20.513,0.9113014803655859,0.0,Hit+Run
6363692.921,P51,FRAG0036,0.005,0.005933732933732934,1334.495,1412.873,6.0543,10.790,0.6038183031068278,0.010383982683982685,Graze+Frag
6372938.555,P20,FRAG0059,0.0025,0.006381618381618381,1059.189,1447.562,4.79,8.0553,0.9923226174711924,0.0,Hit+Run
6379451.047,P25,P215,0.005,0.0025,1334.495,1059.189,11.323,17.907,0.1939565690928966,0.007481332001332001,Fragment
6380025.766,P54,P252,0.01,0.0025,1681.359,1059.189,10.207,19.476,0.4961469849253431,0.012308211788211787,Fragment
6407723.018,P72,P205,0.008104895104895106,0.0025,1567.627,1059.189,5.358,9.6182,0.314979587694659,0.010116989676989678,Fragment
6412230.668,E18,P201,0.025618714618714622,0.0025,2300.627,1059.189,3.763,9.7259,0.21364130162709646,0.0,Merge
6507385.684,P72,FRAG0034,0.010604728604728605,0.009814851814851816,1714.590,1670.917,8.904,19.536,0.9107995260880368,0.0,Hit+Run
6591282.776,E47,E36,0.10812420912420914,0.025,3717.932,2281.955,1.2471,5.2482,0.8367363150170404,0.0,Hit+Run
6607065.383,E4,P30,0.2422467532467533,0.0025,4864.966,1059.189,3.2759,18.811,0.784171808604725,0.0,Merge
6638834.171,P36,P42,0.01,0.00552797202797203,1681.359,1379.904,4.0592,8.1677,0.9527063637843999,0.0,Hit+Run
6666209.117,E6,P135,0.029589410589410604,0.0025,2413.825,1059.189,3.1206,8.4746,0.708089438968268,0.0,Hit+Run
6671426.28,P60,P273,0.0025,0.0025,1059.189,1059.189,7.6124,10.448,0.2077,0.0,Merge
6689842.576,P17,P69,0.007499833499833501,0.0025,1527.604,1059.189,10.275,18.049,0.7092381165927213,0.0,Graze+Frag
6713273.077,E4,P42,0.2447467532467533,0.00552797202797203,4881.644,1379.904,1.222,6.9023,0.9935508745651237,0.0,Hit+Run
6724415.615,E26,P282,0.44131918081918087,0.0025,5941.710,1059.189,1.4245,10.133,0.5204268874054121,0.0,Merge
6756144.167,E4,FRAG0033,0.2447467532467533,0.0061401931401931405,4881.644,1429.073,1.2731,7.1716,0.7118964206884228,0.0,Merge
6766284.8,P72,P137,0.010604728604728605,0.0025,1714.590,1059.189,11.447,22.230,0.8079117057032714,0.005918414918414918,Graze+Frag
6795609.96,E26,P42,0.44381918081918087,0.00552797202797203,5952.908,1379.904,1.3797,9.6493,0.642959711222985,0.0,Merge
6824656.247,E18,P347,0.02811871461871462,0.0025,2373.152,1059.189,5.5821,14.895,0.445059987796629,0.009792873792873793,Fragment
6928392.594,E32,P655,0.025,0.0025,2281.955,1059.189,4.332,11.103,0.7024510875751863,0.0,Hit+Run
6930602.286,E26,P51,0.4493471528471529,0.010933732933732935,5977.522,1732.141,1.0476,7.2318,0.4869063183331591,0.0,Merge
6980228.942,E54,P329,0.020539793539793544,0.0025,2137.269,1059.189,2.7774,6.6619,0.895237371165382,0.0,Hit+Run
7021400.75,E26,FRAG0010,0.46028088578088583,0.006301698301698302,6025.616,1441.494,1.0059,7.1039,0.7033412542536601,0.0,Merge
7075515.579,P48,P236,0.007499833499833501,0.0025,1527.604,1059.189,12.051,21.168,0.8829158269090572,0.0,Hit+Run
7085473.37,E39,P68,0.021613719613719617,0.0025,2173.887,1059.189,6.881,16.789,0.5899545730445042,0.010936763236763236,Fragment
7089726.574,E6,P54,0.029589410589410604,0.005527639027639028,2413.825,1379.877,5.8593,15.926,0.5693359325162474,0.021164861804861806,Fragment
7120431.88,E4,P236,0.2508869463869464,0.0025,4922.131,1059.189,2.5957,15.094,0.583036739429304,0.0,Merge
7160662.44,P20,P158,0.0025,0.0025,1059.189,1059.189,5.6765,7.7915,0.76525,0.0,Hit+Run
7210633.96,E26,P318,0.46658258408258413,0.0025,6052.991,1059.189,1.5752,11.429,0.50358037762444,0.0,Merge
7216055.26,E26,P336,0.46908258408258413,0.0025,6063.782,1059.189,2.1175,15.393,0.054908814314404045,0.0,Merge
7217205.926,E4,P49,0.2533869463869464,0.005,4938.426,1334.495,2.0972,12.025,0.6794061721415786,0.0,Merge
7287104.287,P5,FRAG0067,0.008104895104895106,0.0070549450549450545,1567.627,1496.781,4.2357,8.4169,0.5480337543018075,0.009632034632034632,Graze+Frag
7325984.355,E32,P121,0.025,0.0025,2281.955,1059.189,2.1866,5.6046,0.9589806242725513,0.0,Hit+Run
7338688.284,E26,P242,0.47158258408258413,0.0025,6074.535,1059.189,1.7055,12.421,0.9617959028346265,0.0,Hit+Run
7400576.741,P17,FRAG0047,0.01,0.006615051615051615,1681.359,1465.002,4.4772,9.1920,0.3985421786145483,0.015762537462537463,Fragment
7433356.638,E26,FRAG0013,0.47158258408258413,0.00598934398934399,6074.535,1417.273,1.2575,8.9699,0.3839249873286091,0.0,Merge
7445310.834,E26,E18,0.4775719280719281,0.020825840825840825,6100.144,2147.144,1.2339,8.5697,0.7858828687072471,0.0152980352980353,Hit+Run+Frag
7452589.92,E26,E18,0.4775719280719281,0.005527805527805528,6100.144,1379.890,1.076,7.7256,0.8999301498346003,0.0,Hit+Run
7455553.629,E4,FRAG0068,0.2583869463869464,0.009632034632034632,4970.697,1660.478,1.0805,6.1371,0.9666030275142825,0.0,Hit+Run
7476711.445,E17,E18,0.024112887112887116,0.005527805527805528,2254.638,1379.890,3.4012,8.6777,0.9223192624916087,0.0,Hit+Run
7539805.856,E4,FRAG0068,0.2583869463869464,0.009632034632034632,4970.697,1660.478,1.1273,6.4030,0.41332680059819715,0.0,Merge
7547590.824,E4,E6,0.2680189810189811,0.013952214452214468,5031.711,1878.775,1.6759,9.5643,0.5802443143209166,0.0,Merge
7558052.726,P130,FRAG0069,0.0025,0.005543789543789544,1059.189,1381.219,4.9472,8.0244,0.7179147587011341,0.0,Hit+Run
7796096.524,E4,FRAG0072,0.28197119547119553,0.00764901764901765,5117.550,1537.667,1.463,8.6225,0.7584184376764214,0.0,Merge
7810114.226,E18,P412,0.005527805527805528,0.0025,1379.890,1059.189,5.6709,9.1916,0.5719653462459523,0.0,Graze+Frag
7847241.529,E4,P242,0.2896202131202132,0.0025,5163.412,1059.189,1.5156,9.2776,0.633954548007031,0.0,Merge
7859057.973,P124,P148,0.0025,0.0025,1059.189,1059.189,6.3599,8.7295,0.68295,0.0,Graze+Frag
7900209.81,P103,P234,0.0025000000000000022,0.0025,1059.189,1059.189,9.4896,13.025,0.8616000000000001,0.0,Hit+Run
7908283.199,E38,P424,0.07750000000000001,0.0025,3327.318,1059.189,1.9326,7.3736,0.5083699108936048,0.0,Merge
8006865.609,P6,FRAG0031,0.005527805527805527,0.006940059940059941,1379.890,1488.612,4.5003,8.3823,0.9244321009379894,0.0,Hit+Run
8020663.463,P119,FRAG0031,0.0025000000000000022,0.006940059940059941,1059.189,1488.612,13.033,22.413,0.8312459671699004,0.008330402930402929,Graze+Frag
8048078.167,P13,FRAG0021,0.005,0.006039627039627039,1334.495,1421.228,5.4861,9.8102,0.46687812243402854,0.010668111888111887,Fragment
8059775.042,E4,FRAG0029,0.2921202131202132,0.006940059940059941,5178.226,1488.612,1.9849,11.877,0.8140738693029552,0.0,Hit+Run
8127333.049,E4,FRAG0070,0.2921202131202132,0.005543789543789544,5178.226,1381.219,1.229,7.3967,0.704250899750275,0.0,Merge
8150882.741,E26,P214,0.4775719280719281,0.0025,6100.144,1059.189,1.5786,11.549,0.9811409727293066,0.0,Hit+Run
8152187.427,P119,FRAG0044,0.009440226440226442,0.005604728604728605,1649.382,1386.262,5.3751,10.690,0.8118562677943246,0.0,Hit+Run
8189432.114,E26,P295,0.4775719280719281,0.0025,6100.144,1059.189,1.1809,8.6394,0.9422872789764136,0.0,Hit+Run
8193893.274,E39,P295,0.01317698967698968,0.0025,1843.313,1059.189,3.4056,7.0712,0.5165717407201748,0.0,Merge
8311666.374,E26,FRAG0009,0.4775719280719281,0.006301698301698302,6100.144,1441.494,1.1046,7.9048,0.6238751688053641,0.0,Merge
8359620.799,P25,FRAG0065,0.007499833499833501,0.0070549450549450545,1527.604,1496.781,5.0975,9.9907,0.9927153353984101,0.0,Hit+Run
8416762.327,E26,P94,0.4838736263736264,0.0025,6126.858,1059.189,1.4088,10.354,0.9278896616063776,0.0,Hit+Run
8485512.334,E26,P158,0.4838736263736264,0.0025,6126.858,1059.189,1.4812,10.887,0.6785880563011265,0.0,Merge
8515676.378,E4,P6,0.2976640026640027,0.005527805527805527,5210.778,1379.890,1.2443,7.5400,0.7438243516898341,0.0,Merge
8562065.638,E37,P453,0.030000000000000002,0.0025,2424.939,1059.189,9.1648,25.007,0.7786801265735006,0.0,Graze+Frag
8578641.25,E47,P464,0.10812420912420914,0.0025,3717.932,1059.189,1.6424,7.0611,0.5953053522652819,0.0,Merge
8655868.244,P13,FRAG0061,0.01103962703962704,0.0069723609723609725,1737.715,1490.918,1.6152,3.4084,0.6698148851413268,0.0,Hit+Run
8660593.484,P90,FRAG0034,0.0025,0.009814851814851816,1059.189,1670.917,15.513,29.435,0.6977962726815932,0.01215951381951382,Graze+Frag
8716125.709,E4,P271,0.30319180819180824,0.0025,5242.836,1059.189,2.6581,16.539,0.9692801048017472,0.0,Hit+Run
8727099.632,E26,P313,0.4863736263736264,0.0025,6137.391,1059.189,1.6058,11.824,0.5112658368592047,0.0,Merge
8729086.819,E4,P72,0.30319180819180824,0.007186313686313687,5242.836,1506.014,1.3007,7.8807,0.5343942414508921,0.0,Merge
8738560.457,E26,P214,0.4888736263736264,0.0025,6147.889,1059.189,1.1188,8.2534,0.7117722277775237,0.0,Merge
8753512.885,P141,P298,0.0025,0.0025,1059.189,1059.189,12.232,16.790,0.53555,0.0,Graze+Frag
8760698.329,P76,P259,0.0025,0.0025,1059.189,1059.189,12.950,17.776,0.57485,0.0,Graze+Frag
8826460.305,E46,P314,0.005962870462870468,0.0025,1415.182,1059.189,10.349,17.099,0.978811007113098,0.0,Hit+Run
8828737.959,P5,P352,0.005527805527805527,0.0025,1379.890,1059.189,9.4085,15.249,0.711307645731984,0.007592440892440892,Graze+Frag
8852577.263,E4,P161,0.3103781218781219,0.0025,5283.936,1059.189,3.3832,21.228,0.7625443752171676,0.0,Merge
8858821.927,P13,P119,0.01103962703962704,0.009440226440226442,1737.715,1649.382,4.4946,9.8741,0.9716970973125726,0.0,Hit+Run
8908487.832,P125,P20,0.0025,0.0025,1059.189,1059.189,15.571,21.373,0.58895,0.0,Graze+Frag
8934024.56,P127,P203,0.0025,0.0025,1059.189,1059.189,5.6293,7.7267,0.9823999999999999,0.0,Hit+Run
8969911.675,P13,FRAG0029,0.01103962703962704,0.006940059940059941,1737.715,1488.612,3.4415,7.2584,0.45932213083918416,0.012704002664002664,Fragment
9036637.365,E46,P294,0.005962870462870468,0.0025,1415.182,1059.189,5.516,9.1139,0.6204931994957344,0.0068119147519147515,Graze+Frag
9158083.061,P115,FRAG0044,0.0025000000000000022,0.005604728604728605,1059.189,1386.262,6.7405,10.963,0.9258077400919587,0.0,Hit+Run
9266505.604,E26,FRAG0048,0.4913736263736264,0.009472194472194473,6158.351,1651.241,1.2142,8.6873,0.8083552772093836,0.0,Hit+Run
9272758.696,P94,P181,0.0025,0.0025,1059.189,1059.189,8.1422,11.175,0.7185,0.0,Graze+Frag
9289038.867,E26,P245,0.4913736263736264,0.0025,6158.351,1059.189,1.5417,11.393,0.2178341673722174,0.0,Merge
9359623.307,E26,FRAG0052,0.4938736263736264,0.005792540792540793,6168.777,1401.576,1.3091,9.5019,0.7488561817934741,0.0,Merge
9399231.594,P95,P359,0.0025000000000000022,0.0025,1059.189,1059.189,6.9527,9.5431,0.7783000000000001,0.0,Graze+Frag
9441998.403,E4,P13,0.3128781218781219,0.005527472527472528,5298.084,1379.863,1.4797,9.1285,0.6267624399000753,0.0,Merge
9522485.584,E26,FRAG0061,0.4996661671661672,0.0069723609723609725,6192.801,1490.918,1.3208,9.5820,0.7382630338343273,0.0,Merge
9531158.932,P145,FRAG0062,0.0025,0.005918414918414918,1059.189,1411.656,13.170,21.719,0.958345752389809,0.0,Hit+Run
9567490.284,E26,P82,0.5066385281385282,0.0025,6221.473,1059.189,1.4637,10.935,0.8695596866080229,0.0,Hit+Run
9573114.225,P86,P269,0.005,0.0025,1334.495,1059.189,7.4246,11.741,0.44260454211799555,0.007384595404595405,Fragment
9608873.985,P56,P323,0.0025,0.0025,1059.189,1059.189,5.695,7.8168,0.54755,0.0,Graze+Frag
9716352.748,E26,P82,0.5066385281385282,0.0025,6221.473,1059.189,1.1321,8.4581,0.967145885714387,0.0,Hit+Run
9750032.443,E26,P44,0.5066385281385282,0.005,6221.473,1334.495,1.391,10.226,0.7837804060008028,0.0,Merge
9750040.385,E4,P554,0.31840559440559446,0.0025,5329.102,1059.189,1.0421,6.5987,0.8762418627728064,0.0,Hit+Run
9786519.588,E17,P314,0.024112887112887116,0.0025,2254.638,1059.189,3.1583,7.9963,0.7722230458015011,0.0,Hit+Run
9851662.6,E58,P220,0.01052780552780553,0.0025000000000000022,1710.434,1059.189,12.640,24.492,0.9429045289805486,0.0,Hit+Run
10008386.492,P127,FRAG0062,0.0025,0.005918414918414918,1059.189,1411.656,3.7904,6.2507,0.4979059721778329,0.0,Hit+Run
10045109.448,E26,P218,0.5116385281385282,0.0025,6241.873,1059.189,2.4917,18.681,0.7285684575365107,0.0,Merge
10280341.889,E26,P105,0.5141385281385281,0.0025,6252.023,1059.189,1.953,14.667,0.836400708637678,0.0,Merge
10283144.491,E26,P212,0.5166385281385281,0.0025,6262.140,1059.189,1.3497,10.154,0.3707847773365074,0.0,Merge
10309270.889,P150,P394,0.0025,0.0025,1059.189,1059.189,6.5874,9.0417,0.97755,0.0,Hit+Run
10312507.183,E36,P314,0.025,0.0025,2281.955,1059.189,2.2905,5.8709,0.2619251259942479,0.0,Merge
10324055.229,P46,P472,0.005000000000000003,0.0025,1334.495,1059.189,6.176,9.7670,0.8585602656023592,0.0,Hit+Run
10425348.94,E4,P554,0.31840559440559446,0.0025,5329.102,1059.189,1.0986,6.9565,0.6147207051383102,0.0,Merge
10444839.357,P125,FRAG0017,0.005,0.00598934398934399,1334.495,1417.273,10.461,18.678,0.9037214839952835,0.0,Hit+Run
10450884.628,P125,P190,0.005,0.0025,1334.495,1059.189,19.145,30.277,0.46858435275245647,0.007492387612387612,Fragment
10471985.696,P57,P81,0.0025000000000000022,0.0025,1059.189,1059.189,17.870,24.528,0.17305000000000004,0.0,Merge
10534035.122,E49,P171,0.02758408258408258,0.0025000000000000022,2358.015,1059.189,2.2015,5.8359,0.5859837374714192,0.0,Merge
10604292.688,P7,P124,0.005,0.005,1334.495,1334.495,8.6813,15.013,0.7717,0.0,Graze+Frag
10643343.533,P82,FRAG0074,0.0025,0.006226107226107226,1059.189,1435.707,7.0656,11.805,0.8832605377317365,0.0,Hit+Run
10655960.087,P34,P57,0.007499833499833501,0.005000000000000003,1527.604,1334.495,15.062,28.123,0.8554180085841077,0.009171182151182152,Graze+Frag
10808642.279,P5,FRAG0075,0.008027639027639028,0.006226107226107226,1562.631,1435.707,10.053,19.583,0.7601721561857301,0.013407692307692308,Graze+Frag
10829608.81,P101,FRAG0073,0.0025000000000000022,0.006786879786879787,1059.189,1477.578,10.289,17.589,0.7985359356606961,0.007855011655011655,Graze+Frag
10852571.552,P17,P255,0.005527472527472528,0.0025,1379.863,1059.189,6.1407,9.9530,0.6125802929938257,0.007422737262737263,Graze+Frag
11073236.778,E26,P183,0.519138528138528,0.0025,6272.224,1059.189,1.7023,12.828,0.8996724092199975,0.0,Hit+Run
11145029.22,E26,P36,0.519138528138528,0.01,6272.224,1681.359,1.1805,8.6025,0.7830044835725634,0.0,Merge
11165844.819,P125,P115,0.0075001665001665,0.0025000000000000022,1527.627,1059.189,2.5982,4.5640,0.6129248144016161,0.0,Hit+Run
11204807.96,P32,P150,0.01,0.0025,1681.359,1059.189,2.1623,4.1258,0.978489954565883,0.0,Hit+Run
11212482.938,P125,FRAG0044,0.0075001665001665,0.005604728604728605,1527.627,1386.262,10.428,19.758,0.25615204722708423,0.013068285048285048,Fragment
11234501.16,E24,P276,0.012233766233766243,0.0025,1798.238,1059.189,6.5416,13.271,0.9167941663345094,0.0,Hit+Run
11277798.554,P102,P174,0.0025000000000000022,0.0025,1059.189,1059.189,23.538,32.308,0.9515500000000002,0.0,Hit+Run
11323662.401,P17,P186,0.008027972027972029,0.0025000000000000022,1562.652,1059.189,14.063,25.178,0.522345925137174,0.010474085914085914,Fragment
11419941.511,E40,P307,0.037500000000000006,0.0025,2612.187,1059.189,3.8221,11.271,0.7822237925365952,0.0,Hit+Run
11422755.037,E4,P135,0.32090559440559446,0.0025,5343.013,1059.189,2.1975,13.953,0.4640145438125361,0.0,Merge
11661191.484,E54,FRAG0005,0.020539793539793544,0.006301698301698302,2137.269,1441.494,17.167,42.006,0.4847543518302538,0.021313686313686315,Fragment
11666952.793,E26,P445,0.529138528138528,0.0025,6312.242,1059.189,2.4817,18.829,0.629645851509131,0.0,Merge
11687273.324,E38,E37,0.08000000000000002,0.0325001665001665,3362.718,2490.514,6.9234,27.117,0.5990950555919489,0.10661638361638366,Graze+Frag
11700079.127,P125,FRAG0076,0.005527805527805528,0.0069723609723609725,1379.890,1490.918,10.745,20.032,0.7952564925632288,0.011553113553113552,Graze+Frag
11704551.449,E40,FRAG0049,0.037500000000000006,0.008386280386280386,2612.187,1585.563,1.481,4.3746,0.4732459023716076,0.0,Merge
11759342.105,E58,FRAG0026,0.01052780552780553,0.010410589410589411,1710.434,1704.062,7.5048,16.603,0.7556073860767023,0.01541058941058941,Graze+Frag
11764121.676,P183,FRAG0015,0.0025,0.00598934398934399,1059.189,1417.273,2.3463,3.8811,0.7446303572372003,0.0,Hit+Run
11775780.477,P95,P187,0.005,0.0025,1334.495,1059.189,7.2385,11.447,0.8994812548849652,0.0,Hit+Run
11778605.92,P125,FRAG0101,0.005527805527805528,0.0069723609723609725,1379.890,1490.918,2.4139,4.5002,0.9320531065151749,0.0,Hit+Run
11794127.087,E21,P237,0.027500000000000004,0.0025,2355.617,1059.189,12.040,31.884,0.42044796404515955,0.028706446886446888,Fragment
11844089.832,P17,FRAG0050,0.01052780552780553,0.005792540792540793,1710.434,1401.576,8.0519,16.474,0.8654371743614595,0.0,Hit+Run
11987317.866,E4,P291,0.32340559440559447,0.0025,5356.852,1059.189,5.1963,33.087,0.8379210731277459,0.0,Hit+Run
11989881.432,E4,P291,0.32340559440559447,0.0025,5356.852,1059.189,1.0459,6.6597,0.9441223091798078,0.0,Hit+Run
12081777.029,P211,P568,0.0025,0.0025,1059.189,1059.189,12.599,17.294,0.73775,0.0,Graze+Frag
12137119.729,P92,FRAG0048,0.0025,0.009472194472194473,1059.189,1651.241,5.9225,11.120,0.9896572330008897,0.0,Hit+Run
12266542.431,E26,FRAG0099,0.531638528138528,0.005611388611388612,6322.167,1386.811,2.4683,18.409,0.9779745372884409,0.0,Hit+Run
12286379.949,P220,FRAG0101,0.0025000000000000022,0.0069723609723609725,1059.189,1490.918,8.6934,14.969,0.6111474607791184,0.009209324009324008,Graze+Frag
12343334.435,E4,P267,0.32340559440559447,0.0025,5356.852,1059.189,4.0898,26.041,0.8070292041503379,0.0,Merge
12367837.754,E26,FRAG0099,0.531638528138528,0.005611388611388612,6322.167,1386.811,1.0317,7.6948,0.817890151813637,0.0,Merge
12384511.934,P7,P374,0.01,0.0025,1681.359,1059.189,5.0066,9.5529,0.9740113184957025,0.0,Hit+Run
12458851.736,E4,P325,0.32590559440559447,0.0025,5370.620,1059.189,2.2416,14.312,0.534070912243827,0.0,Merge
12508249.009,E26,P82,0.5372499167499166,0.0025,6344.333,1059.189,1.3271,10.123,0.8657607557403896,0.0,Hit+Run
12561090.281,E4,FRAG0015,0.32840559440559447,0.00598934398934399,5384.318,1417.273,2.687,16.832,0.6517458657964842,0.0,Merge
12572145.609,E4,FRAG0050,0.33439493839493845,0.005792540792540793,5416.853,1401.576,1.3285,8.3837,0.19281129110201847,0.0,Merge
12607696.996,P48,P170,0.007499833499833501,0.0025,1527.604,1059.189,11.252,19.765,0.38272874551518954,0.0,Fragment
12630257.684,E4,P166,0.3401874791874792,0.0025,5447.952,1059.189,1.7684,11.465,0.6002914397558639,0.0,Merge
12648748.458,E58,FRAG0059,0.00552780552780553,0.006381618381618381,1379.890,1447.562,3.2425,5.9454,0.9435142965241338,0.0,Hit+Run
12660915.748,E26,P354,0.5372499167499166,0.0025,6344.333,1059.189,1.5995,12.201,0.4236683337999096,0.0,Merge
12699238.269,P102,FRAG0077,0.0025000000000000022,0.008725940725940727,1059.189,1606.686,2.6886,4.9291,0.24180523939079215,0.0,Merge
12747736.867,P17,P540,0.01052780552780553,0.0025,1710.434,1059.189,12.594,24.404,0.6694449236408926,0.0075001665001665,Graze+Frag
12766531.974,P199,P240,0.0025,0.0025,1059.189,1059.189,11.824,16.229,0.90515,0.0,Hit+Run
12812688.484,P210,FRAG0039,0.0025,0.007972360972360973,1059.189,1559.036,2.8778,5.1420,0.7163276284372683,0.0,Hit+Run
12818264.508,P102,FRAG0074,0.01122594072594073,0.006226107226107226,1747.436,1435.707,4.3864,9.1761,0.5769079001537597,0.012702344322344322,Graze+Frag
12852523.528,E4,P115,0.3426874791874792,0.0025000000000000022,5461.265,1059.189,1.5119,9.8280,0.3857796254835506,0.0,Merge
13034280.387,E4,P102,0.3451874791874792,0.005527972027972032,5474.513,1379.904,1.1325,7.2374,0.9517117253931046,0.0,Hit+Run
13046893.496,P102,P274,0.005527972027972032,0.0025,1379.904,1059.189,7.9294,12.852,0.79741708255233,0.0,Graze+Frag
13064204.461,E47,P172,0.11062420912420914,0.0025,3746.369,1059.189,1.4167,6.1410,0.7066210065527485,0.0,Merge
13126770.424,E26,E17,0.5397499167499166,0.024112887112887116,6354.158,2254.638,1.1319,8.1842,0.6589024329582277,0.0,Merge
13139751.673,E4,P102,0.3451874791874792,0.008027639027639028,5474.513,1562.631,1.1052,6.9955,0.7276122297027752,0.0,Merge
13262802.082,P39,P182,0.005,0.0025,1334.495,1059.189,11.710,18.519,0.8776827442453209,0.0,Hit+Run
13349313.021,P56,FRAG0066,0.005,0.0070549450549450545,1334.495,1496.781,5.2975,9.7660,0.9526735023591844,0.0,Hit+Run
13420542.299,P176,P206,0.0025,0.0025,1059.189,1059.189,17.920,24.597,0.7951,0.0,Graze+Frag
13453913.623,P86,P50,0.007499833499833501,0.005000000000000003,1527.604,1334.495,4.6917,8.7598,0.6959911918597844,0.005703036963036963,Graze+Frag
13480330.982,P213,P82,0.0025000000000000022,0.0025,1059.189,1059.189,10.221,14.029,0.8635500000000002,0.0,Hit+Run
13520580.8,P220,FRAG0062,0.009472194472194473,0.005918414918414918,1651.241,1411.656,16.166,32.376,0.8865140175132696,0.006478588078588078,Graze+Frag
13747702.757,P130,FRAG0110,0.0025,0.005962037962037962,1059.189,1415.116,17.831,29.461,0.948658222725067,0.0,Hit+Run
13955824.672,P176,FRAG0080,0.005,0.007104562104562105,1334.495,1500.282,21.083,38.922,0.6719135669926145,0.01207936063936064,Graze+Frag
14042897.914,E26,P191,0.5638628038628037,0.0025000000000000022,6447.405,1059.189,1.7863,13.862,0.4933514478372568,0.0,Merge
14114687.093,P56,P3,0.005,0.0025,1334.495,1059.189,14.061,22.236,0.8416678136232999,0.0,Graze+Frag
14173451.939,E4,P90,0.35321511821511825,0.005527972027972029,5516.626,1379.904,2.5675,16.544,0.7509585320352488,0.0,Merge
14212817.15,P220,P34,0.008912087912087911,0.00552747252747253,1618.031,1379.863,7.9158,15.521,0.26694679902634144,0.008912087912087913,Fragment
14230345.169,E4,FRAG0110,0.35874309024309026,0.005962037962037962,5545.257,1415.116,1.997,12.914,0.9271077090123785,0.0,Hit+Run
14232564.928,E4,FRAG0110,0.35874309024309026,0.005962037962037962,5545.257,1415.116,1.0747,6.9502,0.42694596653753863,0.0,Merge
14233588.421,E26,FRAG0063,0.5663628038628037,0.009792873792873793,6456.920,1669.669,1.1603,8.7285,0.7663361404646972,0.0,Merge
14298668.921,E26,FRAG0108,0.5761556776556774,0.0075001665001665,6493.923,1527.627,1.6852,12.842,0.6924972529773366,0.0,Merge
14394383.313,E4,P174,0.36470512820512824,0.0025,5575.808,1059.189,2.1795,14.485,0.7823781222927969,0.0,Merge
14404389.427,P220,P188,0.005527472527472528,0.0025,1379.863,1059.189,19.781,32.062,0.584689446628296,0.0,Graze+Frag
14652062.697,P119,P220,0.009440226440226442,0.008027639027639028,1649.382,1562.631,11.31,23.564,0.5120150113681059,0.017387159507159508,Fragment
14772725.753,E14,P366,0.03250000000000001,0.0025,2490.510,1059.189,4.7959,13.454,0.3151638496728297,0.006802517482517482,Fragment
14794772.537,P176,P387,0.005527805527805527,0.0025,1379.890,1059.189,5.7789,9.3667,0.7686173287930275,0.0,Hit+Run
14830135.38,P76,P556,0.005,0.0025,1334.495,1059.189,14.143,22.366,0.7657354057174289,0.007267958707958708,Graze+Frag
14840187.93,P189,FRAG0060,0.0025,0.006381618381618381,1059.189,1447.562,9.3477,15.719,0.7229990337470544,0.008432667332667333,Graze+Frag
14867519.587,P119,FRAG0116,0.005527805527805527,0.00597002997002997,1379.890,1415.748,2.3891,4.3287,0.7882583297825625,0.0,Hit+Run
15141429.328,P101,FRAG0114,0.009287046287046288,0.008912087912087913,1640.412,1618.031,6.8036,14.365,0.12751990314839082,0.018047179487179488,Fragment
15176864.634,E26,P586,0.5836558441558439,0.0025,6521.980,1059.189,4.1218,32.380,0.781742562486277,0.0,Merge
15323952.064,E4,FRAG0065,0.36720512820512824,0.0070549450549450545,5588.519,1496.781,1.54,9.9996,0.8671499416041897,0.0,Hit+Run
15344090.009,E24,FRAG0118,0.012233766233766243,0.006335664335664336,1798.238,1444.079,9.211,19.694,0.18002802549661068,0.018486640026640026,Fragment
15344713.24,E4,P203,0.36720512820512824,0.0025,5588.519,1059.189,2.3541,15.684,0.5854414961051622,0.0,Merge
15443732.466,P7,P374,0.01,0.0025,1681.359,1059.189,13.163,25.117,0.26460763521491343,0.0069723609723609725,Fragment
15515574.549,P141,P309,0.005,0.0025,1334.495,1059.189,4.8094,7.6058,0.8170817696537779,0.0,Hit+Run
15521339.779,E14,E43,0.028197802197802206,0.025,2375.375,2281.955,2.6889,8.1191,0.9215210098033257,0.0,Hit+Run
15575327.907,E58,P338,0.00552780552780553,0.0025,1379.890,1059.189,7.2051,11.678,0.8186855119213825,0.0,Hit+Run
15624007.137,E26,P204,0.5861558441558439,0.0025,6531.278,1059.189,3.5529,27.953,0.6214226937413446,0.0,Merge
15832787.071,P17,P82,0.00552763902763903,0.0025,1379.877,1059.189,15.055,24.402,0.9361295073309784,0.0,Hit+Run
15864619.623,E49,FRAG0105,0.030084082584082582,0.006118215118215118,2427.203,1427.366,4.5253,12.390,0.7046916791188004,0.006452880452880453,Graze+Frag
15872507.204,P249,FRAG0048,0.0025000000000000022,0.009472194472194473,1059.189,1651.241,9.6183,18.060,0.9390508710369746,0.0,Hit+Run
15942556.636,E4,P125,0.36970512820512824,0.005527805527805528,5601.173,1379.890,2.646,17.331,0.9840675854112362,0.0,Hit+Run
15975039.959,E4,FRAG0081,0.36970512820512824,0.007104562104562105,5601.173,1500.282,5.2628,34.250,0.8517559599667911,0.0,Hit+Run
16001194.285,P146,P566,0.0025,0.0025,1059.189,1059.189,10.976,15.066,0.8064,0.0,Graze+Frag
16052541.225,E26,P153,0.5886558441558438,0.0025,6540.551,1059.189,1.7839,14.056,0.8212113811127315,0.0,Merge
16057149.023,P125,P183,0.005527805527805528,0.0025,1379.890,1059.189,3.8482,6.2373,0.9191613234874368,0.0,Hit+Run
16311789.745,P125,FRAG0109,0.005527805527805528,0.005962037962037962,1379.890,1415.116,8.0476,14.577,0.5113235837208907,0.011344715284715284,Graze+Frag
16478103.729,E26,P307,0.5911558441558438,0.0025,6549.797,1059.189,1.9943,15.738,0.6035912129825581,0.0,Merge
16717436.873,E4,E24,0.36970512820512824,0.005527805527805536,5601.173,1379.890,2.1854,14.314,0.9177142308955334,0.0,Hit+Run
16723144.647,E4,P82,0.36970512820512824,0.0025,5601.173,1059.189,2.2055,14.730,0.5298959170415403,0.0,Merge
17101886.03,E26,P322,0.5936558441558437,0.0025,6559.017,1059.189,3.1723,25.071,0.2825690347988902,0.0,Merge
17143255.419,P101,P119,0.005527805527805529,0.005527805527805527,1379.890,1379.890,8.5172,15.230,0.2712,0.005527805527805528,Fragment
17148966.516,P183,FRAG0069,0.0025,0.005543789543789544,1059.189,1381.219,15.773,25.585,0.8427827086910479,0.0074868598068598075,Graze+Frag
17320592.378,E26,P240,0.5961558441558437,0.0025,6568.211,1059.189,2.0474,16.205,0.30286067817086026,0.0,Merge
17340269.062,E26,P286,0.5986558441558436,0.0025,6577.379,1059.189,1.7041,13.508,0.8909290291369688,0.0,Hit+Run
17525263.944,E4,FRAG0078,0.37220512820512824,0.007577089577089577,5613.770,1532.832,1.907,12.420,0.6254277903527725,0.0,Merge
17754284.028,E26,FRAG0066,0.5986558441558436,0.0070549450549450545,6577.379,1496.781,2.2167,17.153,0.7647660197722013,0.0,Merge
17758369.372,E26,P249,0.6057107892107887,0.0025000000000000022,6603.116,1059.189,1.4492,11.535,0.7817080928527137,0.0,Merge
17778949.429,P48,P17,0.01,0.00552763902763903,1681.359,1379.877,14.599,29.376,0.47778552250440876,0.01,Fragment
17859238.247,E47,P216,0.11312420912420915,0.0025,3774.380,1059.189,2.0751,9.0674,0.634220997866692,0.0,Merge
17875197.081,E4,P125,0.3797822177822178,0.005527805527805528,5651.608,1379.890,2.21,14.616,0.7072247285183461,0.0,Merge
17890207.992,E26,P221,0.6082107892107886,0.0025,6612.188,1059.189,2.6752,21.325,0.6341216386016859,0.0,Merge
17935213.5,P130,P143,0.0025,0.0025,1059.189,1059.189,20.366,27.954,0.8956,0.0,Graze+Frag
17962252.34,E26,FRAG0065,0.6107107892107886,0.0070549450549450545,6621.235,1496.781,2.3948,18.664,0.593120524987674,0.0,Merge
18250291.667,P86,FRAG0008,0.0067968697968698,0.006301698301698302,1478.303,1441.494,12.381,23.429,0.42959830805724536,0.007571095571095571,Fragment
18271137.576,P86,P253,0.005527472527472532,0.0025,1379.863,1059.189,17.676,28.650,0.5637571684229288,0.00800979020979021,Fragment
18609008.576,E26,FRAG0084,0.6177657342657337,0.005611388611388612,6646.634,1386.811,3.7586,29.580,0.9767934066562572,0.0,Hit+Run
18644469.757,E4,P266,0.38531002331002334,0.0025,5678.896,1059.189,4.403,29.843,0.4221612879283604,0.0,Merge
18708741.677,E26,FRAG0084,0.6177657342657337,0.005611388611388612,6646.634,1386.811,1.1542,9.0837,0.9302124573129171,0.0,Hit+Run
18782619.121,E26,FRAG0124,0.6177657342657337,0.005962037962037962,6646.634,1415.116,1.739,13.665,0.8782205413459906,0.0,Hit+Run
18827860.159,E4,FRAG0115,0.38781002331002334,0.00597002997002997,5691.152,1415.748,2.0426,13.583,0.6693023288227087,0.0,Merge
18929077.811,P8,FRAG0058,0.007499833499833501,0.009286713286713287,1527.604,1640.392,7.2205,14.849,0.42568516261355377,0.01125874125874126,Fragment
19009911.527,P196,FRAG0017,0.0025,0.00598934398934399,1059.189,1417.273,6.6953,11.075,0.24734045697316084,0.008338141858141858,Fragment
19162399.967,P60,P262,0.005,0.0025,1334.495,1059.189,18.554,29.342,0.7981822936772064,0.007319367299367299,Graze+Frag
19176568.394,E4,P504,0.39378005328005333,0.0025,5720.207,1059.189,7.8312,53.492,0.7676559407336746,0.0,Merge
19198147.899,P56,FRAG0084,0.007499833499833501,0.005611388611388612,1527.604,1386.811,9.3471,17.712,0.9847819131540589,0.0,Hit+Run
19307820.401,E26,FRAG0124,0.6177657342657337,0.005962037962037962,6646.634,1415.116,1.1239,8.8321,0.6570989217543697,0.0,Merge
19361901.426,E49,P499,0.029749417249417247,0.0025,2418.169,1059.189,2.992,8.1405,0.8399783911294283,0.0,Hit+Run
19483787.294,P189,FRAG0041,0.008881784881784881,0.005604728604728605,1616.195,1386.262,14.629,28.710,0.31005554208351055,0.014469030969030969,Fragment
19537347.499,E4,FRAG0121,0.39628005328005333,0.006520812520812521,5732.286,1458.011,2.0696,13.839,0.9533218035698622,0.0,Hit+Run
19539583.892,E4,FRAG0121,0.39628005328005333,0.006520812520812521,5732.286,1458.011,1.0474,7.0039,0.8939285318137536,0.0,Hit+Run
19541831.941,E4,FRAG0121,0.39628005328005333,0.006520812520812521,5732.286,1458.011,1.0513,7.0300,0.6243867173071719,0.0,Merge
19659037.718,P146,FRAG0112,0.005,0.0064785214785214795,1334.495,1454.853,19.092,34.603,0.6948174077037567,0.005950715950715951,Graze+Frag
20040306.654,E43,P169,0.025,0.0025,2281.955,1059.189,5.1975,13.322,0.3526939636595296,0.009554445554445555,Fragment
20055065.344,E4,FRAG0125,0.4028008658008659,0.005527805527805528,5763.557,1379.890,1.6335,11.033,0.8349896749148187,0.0,Hit+Run
20303252.328,P196,FRAG0130,0.00848951048951049,0.008958707958707958,1592.042,1620.848,13.448,28.000,0.9962373921201516,0.0,Hit+Run
20406183.579,E4,FRAG0130,0.4028008658008659,0.008958707958707958,5763.557,1620.848,1.3283,8.8617,0.3950130376232276,0.0,Merge
20713367.195,P176,FRAG0116,0.005527805527805527,0.00597002997002997,1379.890,1415.748,14.633,26.514,0.9349030071641525,0.0,Hit+Run
20780487.357,P103,P372,0.0025000000000000022,0.0025,1059.189,1059.189,10.375,14.241,0.37920000000000004,0.0,Merge
20957684.189,E4,FRAG0119,0.41175957375957384,0.006335664335664336,5805.974,1444.079,2.0956,14.217,0.8325304352206331,0.0,Hit+Run
20984227.933,P127,P210,0.0025,0.0025,1059.189,1059.189,16.371,22.471,0.87555,0.0,Graze+Frag
21042868.457,E4,FRAG0120,0.41175957375957384,0.006520812520812521,5805.974,1458.011,4.7112,31.940,0.19422555162406896,0.0,Merge
21365252.817,E26,P272,0.6237277722277716,0.0025,6667.948,1059.189,3.1807,25.582,0.17482880150318644,0.0,Merge
21382265.012,E40,P193,0.04588628038628039,0.0025,2793.968,1059.189,6.2566,19.808,0.3225294714475887,0.008963702963702963,Fragment
21409963.742,P176,P309,0.005527805527805527,0.0025,1379.890,1059.189,20.181,32.711,0.8932503315407854,0.0,Graze+Frag
21816870.053,E4,P176,0.4182803862803864,0.008027639027639028,5836.462,1562.631,1.6974,11.511,0.7759501949195905,0.0,Merge
22227073.709,P196,P183,0.00848951048951049,0.008043623043623044,1592.042,1563.667,7.7258,15.799,0.8575420569222676,0.0,Hit+Run
22251609.86,P56,FRAG0117,0.007499833499833501,0.006802197802197803,1527.604,1478.689,5.5344,10.784,0.9564635202402548,0.0,Hit+Run
22283900.984,E26,FRAG0129,0.6262277722277716,0.00562937062937063,6676.845,1388.290,1.8226,14.412,0.8944255192759869,0.0,Hit+Run
22381269.747,P189,FRAG0116,0.005527805527805527,0.00597002997002997,1379.890,1415.748,7.9273,14.363,0.45202691196923644,0.011378987678987679,Fragment
22381312.525,P189,FRAG0134,0.005527805527805526,0.00597002997002997,1379.890,1415.748,1.0486,1.8999,0.6764115310795389,0.0,Graze+Merge
22579620.3,E26,FRAG0126,0.6262277722277716,0.01,6676.845,1681.359,1.4829,11.558,0.29349280982958303,0.0,Merge
22636754.826,E4,P192,0.4263080253080254,0.0025,5873.563,1059.189,2.8232,19.837,0.9509191056129577,0.0,Hit+Run
22656572.154,E4,P192,0.4263080253080254,0.0025,5873.563,1059.189,1.038,7.2934,0.9104220161187493,0.0,Hit+Run
22676968.463,E4,P192,0.4263080253080254,0.0025,5873.563,1059.189,1.015,7.1318,0.7527544773138923,0.0,Merge
22681342.039,P7,FRAG0131,0.005527639027639028,0.005950715950715951,1379.877,1414.219,13.492,24.431,0.5413138223925359,0.005950715950715951,Graze+Frag
22704019.081,P268,FRAG0128,0.0025,0.00562937062937063,1059.189,1388.290,18.692,30.436,0.9276369618384851,0.0,Hit+Run
22762502.0,P189,P146,0.011497835497835496,0.005527805527805529,1761.432,1379.890,18.231,37.919,0.3866789635154929,0.017010715950715953,Fragment
22973295.633,E26,E24,0.6362277722277716,0.005527805527805536,6712.197,1379.890,1.1144,8.8665,0.9592896125991482,0.0,Hit+Run
22975695.028,E26,E24,0.6362277722277716,0.005527805527805536,6712.197,1379.890,1.0973,8.7304,0.5197499967614582,0.0,Merge
23022163.003,P199,P387,0.0025,0.0025,1059.189,1059.189,25.346,34.789,0.41195,0.0,Merge
23202100.498,E26,FRAG0037,0.6417555777555771,0.005933732933732934,6731.580,1412.873,2.4277,19.342,0.4165677326400531,0.0,Merge
23329488.027,P182,FRAG0083,0.0025,0.005611388611388612,1059.189,1386.811,13.055,21.240,0.9698122773049189,0.0,Hit+Run
23363578.461,E14,P114,0.028197802197802206,0.0025,2375.375,1059.189,5.878,15.700,0.9559416041539636,0.0,Hit+Run
23436989.471,P8,P150,0.005527805527805529,0.0025,1379.890,1059.189,7.1166,11.534,0.7467231063402895,0.0,Graze+Frag
24019868.391,E26,P196,0.64768931068931,0.00848951048951049,6752.264,1592.042,1.1457,9.0770,0.377980174455225,0.0,Merge
24163717.829,E26,P344,0.6561788211788205,0.0025000000000000022,6781.637,1059.189,2.291,18.760,0.9172407687889406,0.0,Hit+Run
24307242.521,E54,FRAG0136,0.005527805527805532,0.00574891774891775,1379.890,1398.049,27.985,50.375,0.9673848957536192,0.0,Hit+Run
24716199.613,P225,P187,0.0025,0.0025,1059.189,1059.189,36.946,50.711,0.6871,0.0,Graze+Frag
24813987.075,E26,E14,0.6561788211788205,0.028197802197802206,6781.637,2375.375,1.7794,13.743,0.539967776948,0.006438561438561439,Fragment
25212773.487,E4,P305,0.4288080253080254,0.0025,5885.022,1059.189,5.5803,39.291,0.9884908256403347,0.0,Hit+Run
25255681.875,P290,FRAG0087,0.0025,0.005611388611388612,1059.189,1386.811,13.156,21.404,0.8517685075275835,0.0055665001665001655,Hit+Run
25441729.478,E4,FRAG0084,0.4288080253080254,0.005611388611388612,5885.022,1386.811,3.4583,23.881,0.774005005240226,0.0,Merge
25864832.267,E4,P281,0.434419413919414,0.0025,5910.582,1059.189,3.2513,22.998,0.7735737923794054,0.0,Merge
25937130.337,E47,FRAG0059,0.11562420912420915,0.006381618381618381,3801.982,1447.562,3.3046,14.233,0.6380641145351797,0.0,Merge
25994622.209,P183,P5,0.008043623043623044,0.005527805527805527,1563.667,1379.890,5.1107,9.8042,0.6237015702711346,0.008043623043623044,Graze+Frag
26236190.35,E26,P7,0.6779380619380613,0.005527639027639029,6855.785,1379.877,1.842,14.991,0.9034590500094221,0.0,Hit+Run
26932926.054,E26,P199,0.6779380619380613,0.005,6855.785,1334.495,2.7302,22.273,0.8811767406550308,0.0,Hit+Run
27208529.615,E26,P7,0.6779380619380613,0.005527639027639029,6855.785,1379.877,1.0486,8.5344,0.8793179715516011,0.0,Hit+Run
27216257.922,E26,P305,0.6779380619380613,0.0025,6855.785,1059.189,1.4574,12.072,0.9062830756522485,0.0,Hit+Run
27411982.576,E4,P296,0.436919413919414,0.0025,5921.898,1059.189,7.151,50.687,0.921907714406063,0.0,Hit+Run
27450686.657,E4,P296,0.436919413919414,0.0025,5921.898,1059.189,1.0893,7.7211,0.4849601033547536,0.0,Merge
27546272.207,E26,P7,0.6779380619380613,0.005527639027639029,6855.785,1379.877,1.1687,9.5119,0.6622980007256023,0.0,Merge
27836006.651,E26,FRAG0125,0.6834657009657003,0.005527805527805528,6874.367,1379.890,1.5969,13.034,0.945175118313303,0.0,Hit+Run
27841352.195,E26,FRAG0125,0.6834657009657003,0.005527805527805528,6874.367,1379.890,1.0643,8.6874,0.9727416848972931,0.0,Hit+Run
28074082.524,E26,FRAG0117,0.6834657009657003,0.006802197802197803,6874.367,1478.689,2.7178,22.072,0.13669635829570814,0.0,Merge
28449476.039,E26,E43,0.6902678987678981,0.017945554445554443,6897.098,2043.209,1.9995,15.899,0.8698993986586105,0.012417582417582418,Hit+Run+Frag
28738532.829,E26,P449,0.6902680652680646,0.0025,6897.098,1059.189,4.0115,33.442,0.8160750576735653,0.0,Merge
28849375.774,P175,FRAG0083,0.0025,0.005611388611388612,1059.189,1386.811,11.231,18.272,0.8937290405115299,0.0,Hit+Run
28868787.41,E26,FRAG0141,0.6927680652680646,0.006208791208791209,6905.415,1434.375,1.1942,9.7676,0.5213967715214732,0.0,Merge
29132226.286,E4,P312,0.439419413919414,0.0025000000000000022,5933.171,1059.189,2.746,19.503,0.8989240602932501,0.0,Hit+Run
29244757.363,P39,P280,0.005,0.0025,1334.495,1059.189,32.809,51.885,0.8367617549627149,0.007424948384948385,Graze+Frag
29351709.147,E4,P39,0.439419413919414,0.007499833499833501,5933.171,1527.604,2.14,14.797,0.2976615284687359,0.0,Merge
29466907.197,E4,FRAG0125,0.44691924741924755,0.005527805527805528,5966.736,1379.890,2.4992,17.522,0.7977168640747162,0.0,Merge
30751544.407,P114,FRAG0085,0.0025,0.005611388611388612,1059.189,1386.811,21.764,35.409,0.9847517859524542,0.0,Hit+Run
31013518.005,E26,P225,0.6989768564768558,0.005,6925.983,1334.495,1.6373,13.503,0.741355851150591,0.0,Merge
31526307.433,E4,P106,0.45244705294705306,0.0025,5991.236,1059.189,6.2937,45.168,0.647609237022797,0.0,Merge
32667991.316,E4,P312,0.45494705294705307,0.0025000000000000022,6002.250,1059.189,1.3666,9.8270,0.7903334437090948,0.0,Merge
32887773.204,E26,P48,0.7039768564768558,0.005527639027639029,6942.458,1379.877,1.8574,15.322,0.9111922222725417,0.0,Hit+Run
32933694.108,E26,P48,0.7039768564768558,0.005527639027639029,6942.458,1379.877,1.0411,8.5882,0.9817651985650044,0.0,Hit+Run
33531866.099,E4,FRAG0085,0.45744705294705307,0.005611388611388612,6013.225,1386.811,1.3272,9.3798,0.43766313641564053,0.0,Merge
33743881.633,E26,P375,0.7039768564768558,0.0025,6942.458,1059.189,1.111,9.3267,0.8803826761280523,0.0,Hit+Run
33853071.491,P321,FRAG0129,0.0025,0.00562937062937063,1059.189,1388.290,15.159,24.683,0.8103137146472497,0.007813000333000333,Graze+Frag
34732051.218,E4,E43,0.46305844155844167,0.005527805527805528,6037.712,1379.890,2.2276,15.818,0.7785630622811196,0.0,Merge
35106684.306,E4,P48,0.4685862470862472,0.005527639027639029,6061.643,1379.877,1.6115,11.492,0.3028573253327811,0.0,Merge
35482491.727,E4,FRAG0081,0.4741138861138862,0.007104562104562105,6085.385,1500.282,3.5728,25.423,0.7815241503327639,0.0,Merge
36436197.86,E49,P290,0.029749417249417247,0.0025,2418.169,1059.189,6.3807,17.360,0.5313581328437753,0.01046753246753247,Fragment
37332747.299,E4,FRAG0113,0.48121844821844834,0.006576756576756578,6115.631,1462.169,2.7088,19.416,0.9941995243182944,0.0,Hit+Run
37342737.377,E4,FRAG0113,0.48121844821844834,0.006576756576756578,6115.631,1462.169,1.0313,7.3924,0.1894136117846446,0.0,Merge
37439622.947,E26,P321,0.7039768564768558,0.00812953712953713,6942.458,1569.215,3.1148,25.453,0.6390536789631737,0.0,Merge
39496033.617,E26,FRAG0127,0.7121063936063929,0.007571095571095571,6969.080,1532.428,3.3075,27.188,0.9085248652141958,0.0,Hit+Run
39891459.459,E26,FRAG0082,0.7121063936063929,0.005611388611388612,6969.080,1386.811,1.4497,12.003,0.638618259987681,0.0,Merge
40143385.198,E26,FRAG0127,0.7177177822177816,0.007571095571095571,6987.338,1532.428,1.1829,9.7509,0.4267149990252831,0.0,Merge
40286516.317,E4,FRAG0133,0.48779520479520494,0.008963702963702963,6143.365,1621.149,2.4236,17.319,0.9065689773483153,0.0,Hit+Run
46167528.334,E26,E49,0.7252888777888772,0.021781884781884777,7011.821,2179.510,1.8585,14.969,0.93787638176081,0.010263403263403265,Hit+Run+Frag
46704748.366,E26,E49,0.7252888777888772,0.011518481518481519,7011.821,1762.485,1.1261,9.2194,0.5996679584004049,0.0,Merge
58859817.702,E4,FRAG0055,0.48779520479520494,0.010592407592407592,6143.365,1713.926,3.7203,26.471,0.9209624205399437,0.0,Hit+Run
58897193.33,E4,FRAG0055,0.48779520479520494,0.010592407592407592,6143.365,1713.926,1.8579,13.219,0.8382407768578605,0.0,Hit+Run
