time_yr,target,projectile,Mt_Mearth,Mp_Mearth,Rt_km,Rp_km,vimp/vesc,vimp_km/s,b,m_frag_Mearth,Regime
70078.961,P0,P444,0.01,0.0025000000000000022,1681.359,1059.189,2.809,5.3597,0.1849738048163607,0.0,Merge
92423.158,E93,P824,0.025,0.0025,2281.955,1059.189,1.7282,4.4296,0.7759403797707042,0.0,Hit+Run
140588.086,E0,P144,0.33868370208660475,0.0025000000000000022,5439.912,1059.189,1.8708,12.110,0.2994039162839623,0.0,Merge
188896.487,E36,P109,0.056822645038391975,0.0025,3000.320,1059.189,1.9744,6.7431,0.9551925769047742,0.0,Hit+Run
369534.645,NEPTUNE,K271,16.46942390942391,0.035,19855.76,2552.798,0.9999,24.244,0.9237377126889569,0.0,Perfect
401008.057,E18,P65,0.15165547236906482,0.0024999999999999905,4161.787,1059.189,1.2264,5.9537,0.7769606877420101,0.0,Merge
422011.119,E27,P319,0.030000000000000002,0.0025,2424.939,1059.189,2.9399,8.0220,0.4656212054680657,0.0,Merge
500900.318,E11,P138,0.23457654565683625,0.0025,4813.068,1059.189,1.9464,11.049,0.7678276785284174,0.0,Merge
522809.495,E0,P469,0.34118370208660476,0.002500000000000014,5453.265,1059.189,1.0334,6.7070,0.3132561308966909,0.0,Merge
525266.148,E26,P301,0.3104138185207923,0.0025,5284.138,1059.189,1.2467,7.8229,0.23957741547375952,0.0,Merge
529547.906,E23,E40,0.0775,0.027500000000000004,3327.318,2355.617,1.0076,3.8694,0.7775345789840996,0.0,Graze+Merge
562322.608,E37,P215,0.03250000000000001,0.0025000000000000022,2490.510,1059.189,3.1679,8.8872,0.9365109228479364,0.0,Hit+Run
630312.383,E0,P50,0.34368370208660476,0.0025,5466.552,1059.189,1.257,8.1795,0.5785090577178277,0.0,Merge
672615.544,E18,FRAG1009,0.15415547236906482,0.010187540785134218,4184.531,1691.805,1.4189,6.7039,0.5631988475057197,0.0,Merge
863756.662,E32,E57,0.16999999999999996,0.03250000000000001,4323.248,2490.510,1.0566,5.1462,0.8557340235209066,0.0,Hit+Run
964059.795,E0,P47,0.34618370208660476,0.0025,5479.775,1059.189,1.4144,9.2276,0.540941078934081,0.0,Merge
1024166.515,P23,P42,0.0025,0.002500000000000014,1059.189,1059.189,5.7502,7.8926,0.6569999999999994,0.0,Graze+Frag
1256639.704,E84,P167,0.030000000000000002,0.002500000000000014,2424.939,1059.189,6.2538,17.064,0.8236414567278156,0.0,Hit+Run
1268524.309,E26,P479,0.3129138185207923,0.0025,5298.286,1059.189,1.2978,8.1670,0.868480502465111,0.0,Hit+Run
1372263.432,E39,P273,0.03250000000000001,0.0025,2490.510,1059.189,3.9249,11.010,0.6365018798379143,0.0,Merge
1372956.679,E0,P26,0.34868370208660476,0.0025,5492.934,1059.189,2.2903,14.980,0.9861440892566804,0.0,Hit+Run
1381437.953,E83,P578,0.030000000000000002,0.0025,2424.939,1059.189,2.3893,6.5196,0.8594852416031605,0.0,Hit+Run
1409871.013,E50,E55,0.029999999999999995,0.025233733563481322,2424.939,2289.045,1.0976,3.3566,0.7841212233568867,0.0,Hit+Run
1474756.823,E51,P375,0.030000000000000002,0.0025000000000000022,2424.939,1059.189,2.1534,5.8759,0.4156487053894302,0.0,Merge
1487179.768,E0,P26,0.34868370208660476,0.0025,5492.934,1059.189,1.0644,6.9620,0.742688981273904,0.0,Merge
1517265.578,E32,P395,0.16999999999999996,0.0025,4323.248,1059.189,1.0474,5.2975,0.9082740754103243,0.0,Hit+Run
1627523.3,E18,P807,0.16434301315419905,0.0025,4274.752,1059.189,2.9243,14.611,0.6834548538178571,0.0,Merge
1850216.162,E11,P324,0.23707654565683625,0.0025,4830.106,1059.189,1.7199,9.8005,0.6110117534402824,0.0,Merge
1942396.306,E26,P151,0.3129138185207923,0.0025,5298.286,1059.189,1.8885,11.884,0.27118659965660413,0.0,Merge
1997152.137,E26,E25,0.3154138185207923,0.022312459214865802,5312.359,2197.065,1.2127,7.2659,0.47829044067797044,0.0,Merge
2009762.702,E26,P126,0.3377262777356581,0.0025,5434.782,1059.189,1.7458,11.289,0.9055219485769243,0.0,Hit+Run
2059695.425,E27,P459,0.0325,0.0025,2490.510,1059.189,1.9369,5.4337,0.19813506488781626,0.0,Merge
2126496.388,E11,P267,0.23957654565683625,0.0025000000000000022,4847.025,1059.189,2.2104,12.642,0.604173716518698,0.0,Merge
2140664.442,E26,P296,0.3377262777356581,0.0025,5434.782,1059.189,1.6535,10.692,0.6723626002649731,0.0,Merge
2175905.639,E11,P171,0.24207654565683626,0.0025,4863.826,1059.189,1.5651,8.9853,0.9232458167996695,0.0,Hit+Run
2272196.058,E50,P316,0.029999999999999995,0.0025,2424.939,1059.189,1.2174,3.3218,0.28180870866071717,0.0,Merge
2423549.737,E18,P153,0.16684301315419905,0.0025,4296.319,1059.189,4.4216,22.213,0.6473147255591146,0.0,Merge
2488744.747,E26,P332,0.3402262777356581,0.0025,5448.159,1059.189,1.4817,9.6070,0.47914772208663814,0.0,Merge
2525763.702,E31,P130,0.027500000000000004,0.0025000000000000022,2355.617,1059.189,8.0473,21.310,0.29262350508278373,0.021501498501498503,Fragment
2551802.046,E32,P623,0.16999999999999996,0.0025,4323.248,1059.189,1.7051,8.6240,0.7909245508105293,0.0,Merge
2583314.133,E36,P423,0.056822645038391975,0.0025,3000.320,1059.189,1.3987,4.7770,0.7331716467730858,0.0,Merge
2650634.082,E47,P517,0.025,0.0025,2281.955,1059.189,2.306,5.9106,0.2817317196157164,0.0,Merge
2653498.491,E83,P200,0.030000000000000002,0.0025,2424.939,1059.189,3.1397,8.5672,0.9443967319874713,0.0,Hit+Run
2786127.294,E26,P131,0.3427262777356581,0.0025,5461.471,1059.189,1.52,9.8811,0.981792551135531,0.0,Hit+Run
2798296.313,E63,P628,0.05750000000000001,0.0025,3012.195,1059.189,1.6846,5.7777,0.8562969685822235,0.0,Hit+Run
2893555.579,E31,P647,0.008498501498501503,0.0025,1592.604,1059.189,4.9124,8.9381,0.7259764684545199,0.0,Graze+Frag
2959439.861,E11,FRAG1010,0.24207654565683626,0.00900407117357573,4863.826,1623.579,1.4421,8.0153,0.7782235530225137,0.0,Hit+Run
2967868.429,E11,FRAG1010,0.24207654565683626,0.00900407117357573,4863.826,1623.579,1.0399,5.7798,0.3238099735553215,0.0,Merge
2996709.58,E18,P98,0.16934301315419906,0.0025,4317.671,1059.189,2.1915,11.068,0.5560038679351648,0.0,Merge
3020636.483,E32,P215,0.17249999999999996,0.0025000000000000022,4344.337,1059.189,2.6513,13.480,0.5799924380982977,0.0,Merge
3062758.547,E0,P354,0.35118370208660477,0.0025,5506.030,1059.189,1.7141,11.240,0.7843209227997792,0.0,Merge
3191611.576,E43,P430,0.027500000000000004,0.0025,2355.617,1059.189,5.5428,14.677,0.9062222975654243,0.0,Hit+Run
3247005.574,E26,P467,0.3427262777356581,0.0025,5461.471,1059.189,1.5319,9.9584,0.529424220758206,0.0,Merge
3319792.819,E18,P171,0.17184301315419906,0.0025,4338.815,1059.189,2.4787,12.585,0.7873037072760194,0.0,Merge
3340462.726,E11,P36,0.251080616830412,0.0025,4923.397,1059.189,2.2653,13.176,0.7609037703291806,0.0,Merge
3351765.591,E0,P0,0.35368370208660477,0.012500000000000002,5519.065,1811.189,2.0032,12.649,0.10849518173579573,0.0,Merge
3378874.669,P30,P73,0.0025,0.0025,1059.189,1059.189,20.329,27.904,0.9844,0.0,Hit+Run
3411769.904,E0,P139,0.3661837020866048,0.0025,5583.332,1059.189,1.2069,8.0332,0.5170186296892004,0.0,Merge
3530746.814,E32,P252,0.17499999999999996,0.0025,4365.224,1059.189,2.119,10.829,0.4511352919859871,0.0,Merge
3785701.093,E26,P331,0.3452262777356581,0.0025,5474.718,1059.189,1.7436,11.364,0.6297606496288227,0.0,Merge
3786685.377,P19,P249,0.0025,0.0025,1059.189,1059.189,9.2261,12.663,0.308,0.0,Merge
3944216.94,P7,P382,0.0025,0.0025,1059.189,1059.189,10.076,13.830,0.23805,0.0,Merge
3992030.827,E0,P309,0.3686837020866048,0.0025,5596.010,1059.189,2.0853,13.913,0.39990719870569935,0.0,Merge
4096193.108,E58,P364,0.027500000000000004,0.0025,2355.617,1059.189,3.7822,10.015,0.386508604191145,0.0,Merge
4220888.73,E26,P99,0.3477262777356581,0.0025,5487.902,1059.189,1.2181,7.9595,0.9776995578429987,0.0,Hit+Run
4229594.695,E27,P352,0.035,0.0025,2552.798,1059.189,2.7587,7.9415,0.43995629602037833,0.0,Merge
4231166.008,P23,P78,0.005,0.002500000000000014,1334.495,1059.189,8.3263,13.167,0.7092042297875066,0.0,Graze+Frag
4270242.916,E39,P443,0.03500000000000001,0.0025000000000000022,2552.798,1059.189,2.1998,6.3326,0.9589280360489145,0.0,Hit+Run
4404381.763,E23,P498,0.10500000000000001,0.0025,3681.772,1059.189,2.0571,8.7515,0.6115627095239335,0.0,Merge
4468745.084,E11,P23,0.253580616830412,0.0075001665001665,4939.684,1527.627,1.637,9.2924,0.8203131494594205,0.0,Hit+Run
4470516.411,E0,P23,0.3711837020866048,0.0075001665001665,5608.630,1527.627,1.1151,7.2572,0.3331575783425697,0.0,Merge
4480561.379,E18,P399,0.17434301315419906,0.0025000000000000022,4359.754,1059.189,2.6755,13.655,0.9041414143180615,0.0,Hit+Run
4860687.926,E11,P183,0.253580616830412,0.0025,4939.684,1059.189,1.7067,9.9624,0.9248000908167257,0.0,Hit+Run
5007063.554,E0,P437,0.3786838685867713,0.0025,5646.154,1059.189,2.2937,15.450,0.8894446957064578,0.0,Hit+Run
5237919.768,E0,P162,0.3786838685867713,0.0025000000000000022,5646.154,1059.189,2.6736,18.009,0.9713749890816715,0.0,Hit+Run
5338320.515,P7,P187,0.005,0.0025,1334.495,1059.189,11.614,18.366,0.929140609514865,0.0,Hit+Run
5521820.413,E18,P347,0.17434301315419906,0.0025,4359.754,1059.189,1.809,9.2327,0.9121868086437251,0.0,Hit+Run
5523898.552,E11,P73,0.253580616830412,0.0025,4939.684,1059.189,1.8106,10.568,0.7652183460030123,0.0,Merge
5526018.73,E18,P347,0.17434301315419906,0.0025,4359.754,1059.189,1.0519,5.3686,0.8311696877842939,0.0,Hit+Run
5722048.319,E0,P313,0.3786838685867713,0.0025000000000000022,5646.154,1059.189,2.0132,13.561,0.8497005040588721,0.0,Hit+Run
5977539.535,E11,P162,0.256080616830412,0.0025000000000000022,4955.864,1059.189,1.4839,8.6924,0.30237502953724543,0.0,Merge
6082929.708,E0,P437,0.3786838685867713,0.0025,5646.154,1059.189,1.1746,7.9123,0.994194217760688,0.0,Hit+Run
6113596.031,E26,P114,0.3477262777356581,0.0025000000000000022,5487.902,1059.189,1.0773,7.0395,0.3185235185016628,0.0,Merge
6165185.644,E50,P211,0.032499999999999994,0.0025,2490.510,1059.189,4.2108,11.812,0.44832969710805465,0.0,Merge
6166218.92,E26,P346,0.3502262777356581,0.0025,5501.022,1059.189,1.7771,11.642,0.5774209489483759,0.0,Merge
6220021.714,E11,P266,0.258580616830412,0.0025,4971.939,1059.189,1.044,6.1368,0.26108098890237336,0.0,Merge
6228521.032,E11,P313,0.261080616830412,0.0025000000000000022,4987.911,1059.189,1.2727,7.5070,0.7935817956107127,0.0,Merge
6267720.109,E11,P125,0.263580616830412,0.0025000000000000022,5003.781,1059.189,2.4588,14.552,0.8358657050855228,0.0,Hit+Run
6271002.379,E26,P408,0.3527262777356581,0.002500000000000014,5514.080,1059.189,1.4868,9.7649,0.5242061701101866,0.0,Merge
6331716.077,E63,P559,0.05750000000000001,0.0025,3012.195,1059.189,1.8445,6.3261,0.921995232631041,0.0,Hit+Run
6433900.034,E11,P30,0.263580616830412,0.0025,5003.781,1059.189,1.0715,6.3418,0.9943236586562382,0.0,Hit+Run
6577159.873,E11,P30,0.263580616830412,0.0025,5003.781,1059.189,1.091,6.4572,0.4880835090714635,0.0,Merge
6609244.321,E11,P125,0.266080616830412,0.0025000000000000022,5019.551,1059.189,1.1895,7.0640,0.8857048802976384,0.0,Hit+Run
7049679.493,E23,P622,0.10750000000000001,0.0025,3710.764,1059.189,2.2812,9.7872,0.8726214186800811,0.0,Hit+Run
7055536.65,E11,P228,0.266080616830412,0.0025,5019.551,1059.189,3.4005,20.194,0.9680326600530685,0.0,Hit+Run
7055876.57,E51,P547,0.0325,0.0025,2490.510,1059.189,2.1462,6.0209,0.4301579613410771,0.0,Merge
7060493.563,E11,P228,0.266080616830412,0.0025,5019.551,1059.189,1.0464,6.2142,0.9600228359444661,0.0,Hit+Run
7141515.525,E11,P228,0.266080616830412,0.0025,5019.551,1059.189,1.0683,6.3442,0.5206385670591656,0.0,Merge
7303955.676,E0,P159,0.3786838685867713,0.0024999999999999905,5646.154,1059.189,1.9356,13.038,0.7933681646261713,0.0,Merge
7304830.022,E26,P272,0.3552262777356581,0.0025000000000000022,5527.077,1059.189,1.1508,7.5772,0.6383657920709391,0.0,Merge
7387973.61,E32,P471,0.17749999999999996,0.0025,4385.912,1059.189,1.5979,8.2080,0.5631905100548453,0.0,Merge
7491339.374,E26,P99,0.3577262777356581,0.0025,5540.013,1059.189,2.2413,14.794,0.8620797722222513,0.0,Hit+Run
7551273.801,E55,P338,0.025233733563481322,0.0025,2289.045,1059.189,2.5841,6.6445,0.8135521058258439,0.0,Hit+Run
7627903.851,E26,P381,0.3577262777356581,0.0025,5540.013,1059.189,1.3703,9.0451,0.8715660916556057,0.0,Hit+Run
7710150.01,E63,P262,0.05750000000000001,0.0025000000000000022,3012.195,1059.189,1.9337,6.6320,0.8643612825251524,0.0,Hit+Run
7913884.391,E26,P322,0.3577262777356581,0.0025,5540.013,1059.189,1.0811,7.1361,0.6538004933359522,0.0,Merge
7925214.105,E32,P29,0.17999999999999997,0.0025,4406.407,1059.189,2.0273,10.466,0.42188856613018794,0.0,Merge
7957169.147,E63,P383,0.05750000000000001,0.0025,3012.195,1059.189,2.472,8.4783,0.4272606699120737,0.0,Merge
7983133.717,E50,P502,0.034999999999999996,0.0025,2552.798,1059.189,2.4668,7.1012,0.8910793542530008,0.0,Hit+Run
7990044.321,E26,P451,0.36022627773565813,0.0025,5552.888,1059.189,1.5739,10.414,0.7397045080277257,0.0,Merge
8229919.255,E0,P323,0.3811838685867713,0.0025,5658.552,1059.189,1.7394,11.744,0.34484968923933734,0.0,Merge
8269375.915,E23,E47,0.10750000000000001,0.0275,3710.764,2355.617,1.3402,5.6484,0.8590007096667501,0.0,Hit+Run
8427305.391,E11,P274,0.268580616830412,0.0025000000000000022,5035.223,1059.189,2.425,14.449,0.6163475351995238,0.0,Merge
8547693.748,E55,P97,0.025233733563481322,0.0025,2289.045,1059.189,2.594,6.6699,0.9835776593711276,0.0,Hit+Run
8637176.533,E36,E85,0.05932264503839198,0.027500000000000004,3043.691,2355.617,2.2558,8.0817,0.3880076180380845,0.027372627372627373,Fragment
8765131.829,E55,P508,0.025233733563481322,0.0025,2289.045,1059.189,3.9434,10.139,0.8225080155622462,0.0,Hit+Run
8867972.619,E31,P849,0.010998667998667997,0.0025,1735.563,1059.189,16.726,32.842,0.8918913335195268,0.0,Graze+Frag
8869641.801,E51,P412,0.035,0.0025,2552.798,1059.189,2.2275,6.4123,0.8365177059754534,0.0,Hit+Run
9060286.669,E26,P241,0.36272627773565813,0.0025,5565.705,1059.189,2.6281,17.433,0.9872247040756547,0.0,Hit+Run
9160726.518,E52,P500,0.027500000000000004,0.0025000000000000022,2355.617,1059.189,3.8946,10.313,0.44210844980564845,0.0,Merge
9259441.873,P56,P277,0.002500000000000014,0.0025,1059.189,1059.189,3.7275,5.1163,0.5330000000000006,0.0,Graze+Frag
9558113.681,E26,P212,0.36272627773565813,0.0025000000000000022,5565.705,1059.189,2.57,17.048,0.7169581843742351,0.0,Merge
9612087.593,E0,P126,0.3836838685867713,0.0025,5670.896,1059.189,2.0697,14.007,0.7705747674048563,0.0,Merge
9693103.894,E26,E32,0.36522627773565813,0.18249999999999997,5578.462,4426.714,1.0055,6.6467,0.737091183919103,0.0,Graze+Merge
9728003.883,E26,P146,0.5477262777356581,0.0025,6385.305,1059.189,1.0028,7.7023,0.5153192186132061,0.007199413919413919,Merge
9757730.946,E26,P241,0.550226277735658,0.0025,6395.006,1059.189,1.028,7.9087,0.4843742253975721,0.0,Merge
9817652.28,E60,P755,0.03250000000000001,0.0025,2490.510,1059.189,4.0899,11.473,0.4366127864011618,0.0,Merge
10238416.526,E43,P689,0.027500000000000004,0.0025,2355.617,1059.189,2.2608,5.9868,0.5402014776763977,0.0,Merge
10516760.074,E26,P194,0.552726277735658,0.0025,6404.676,1059.189,1.3623,10.497,0.8244538221934964,0.0,Merge
10691433.473,E18,FRAG1012,0.17434301315419906,0.007266266436518668,4359.754,1511.579,1.9308,9.5939,0.17784054263198062,0.0,Merge
10741586.876,E18,P442,0.18160927959071774,0.0025000000000000022,4419.500,1059.189,1.7531,9.0795,0.5431315607594429,0.0,Merge
10809058.92,E0,P424,0.3861838685867713,0.0025,5683.186,1059.189,1.3054,8.8550,0.7446227544457154,0.0,Merge
10823758.863,E26,P210,0.5552262777356579,0.0025,6414.318,1059.189,1.2519,9.6621,0.8902876903225635,0.0,Hit+Run
10924158.056,E26,P233,0.5552262777356579,0.0025,6414.318,1059.189,1.7425,13.448,0.33601429746580896,0.0,Merge
10948746.114,E26,E83,0.5577262777356579,0.030000000000000002,6423.931,2424.939,1.5305,11.143,0.9128954014262044,0.007863469863469863,Hit+Run+Frag
10968272.046,E43,P371,0.030000000000000002,0.0025,2424.939,1059.189,1.4877,4.0594,0.9559502626463202,0.0,Hit+Run
11028105.569,E31,P19,0.0134988344988345,0.005,1858.200,1334.495,6.2089,13.352,0.9029397585731914,0.0,Hit+Run
11049455.002,E18,P35,0.18410927959071774,0.0025,4439.687,1059.189,1.9452,10.123,0.3959394941006812,0.0,Merge
11094277.668,E26,P271,0.5577262777356579,0.0025,6423.931,1059.189,1.6245,12.557,0.9524570738415759,0.0,Hit+Run
11189884.302,E0,P115,0.3886838685867713,0.0025000000000000022,5695.423,1059.189,1.3601,9.2473,0.9957232424390772,0.0,Hit+Run
11215695.63,E0,P115,0.3886838685867713,0.0025000000000000022,5695.423,1059.189,1.0721,7.2892,0.504227706815622,0.0,Merge
11308674.242,E18,P48,0.18660927959071774,0.0025,4459.692,1059.189,2.7337,14.296,0.8407252998529385,0.0,Hit+Run
11436964.111,E37,P99,0.03250000000000001,0.0025,2490.510,1059.189,3.8169,10.707,0.9957970878019751,0.0,Hit+Run
11455608.219,E26,P94,0.5577262777356579,0.0025,6423.931,1059.189,1.1467,8.8643,0.7583601433363211,0.0,Merge
11525331.249,E0,P472,0.3911838685867713,0.0025,5707.608,1059.189,2.2354,15.233,0.8195178900773645,0.0,Merge
11621272.09,E23,P158,0.10750000000000001,0.0024999999999999905,3710.764,1059.189,2.0615,8.8446,0.9060730733143361,0.0,Hit+Run
11623512.353,E55,P496,0.025233733563481322,0.0025,2289.045,1059.189,3.8746,9.9627,0.8618183063899654,0.0,Hit+Run
11881009.669,P48,P434,0.0025,0.0025000000000000022,1059.189,1059.189,8.3217,11.422,0.7894999999999998,0.0,Graze+Frag
12191081.77,E18,E27,0.18660927959071774,0.037500000000000006,4459.692,2612.187,1.2089,6.0800,0.6984153881210667,0.0,Hit+Run
12288034.136,E18,P239,0.18660927959071774,0.0025,4459.692,1059.189,1.7104,8.9451,0.42278688666191605,0.0,Merge
12305087.583,E0,P125,0.3936838685867713,0.0025000000000000022,5719.741,1059.189,1.4505,9.9070,0.9931812612823314,0.0,Hit+Run
12317188.719,E11,P295,0.271080616830412,0.0025000000000000022,5050.798,1059.189,2.9899,17.874,0.46151654481974436,0.0,Merge
12388845.224,E18,P125,0.18910927959071774,0.0025000000000000022,4479.519,1059.189,1.1151,5.8596,0.35795980546207884,0.0,Merge
12623241.55,E26,P289,0.5602262777356578,0.0025,6433.515,1059.189,1.2517,9.6914,0.8581219974716165,0.0,Merge
12693763.931,E26,P206,0.5627262777356578,0.002500000000000014,6443.071,1059.189,1.3349,10.351,0.54096897529394,0.0,Merge
12773882.135,E18,P97,0.19160927959071775,0.0025,4499.173,1059.189,2.5659,13.547,0.6133952267306747,0.0,Merge
12877618.231,E63,P561,0.06000000000000001,0.0025,3055.232,1059.189,1.5992,5.5685,0.7037303231654202,0.0,Merge
12962969.847,E0,P286,0.3936838685867713,0.0025,5719.741,1059.189,3.2512,22.205,0.5699549248120083,0.0,Merge
13029943.764,E11,P108,0.273580616830412,0.0025,5066.277,1059.189,2.2509,13.500,0.47846822095239816,0.0,Merge
13377247.67,E26,P410,0.5652262777356578,0.0025,6452.598,1059.189,1.431,11.114,0.4656618933599552,0.0,Merge
13466038.142,E11,P437,0.276080616830412,0.0025,5081.662,1059.189,5.1863,31.208,0.8691415683922129,0.0,Hit+Run
13498761.616,E26,P298,0.5677262777356578,0.0024999999999999905,6462.097,1059.189,2.3025,17.911,0.7141457484398089,0.0,Merge
13756011.223,NEPTUNE,K747,16.50442390942391,0.035,19869.82,2552.798,1.0019,24.310,0.8165879174955867,0.0,Merge
13814693.138,E37,E47,0.03250000000000001,0.0275,2490.510,2355.617,1.5081,4.7409,0.8180026083022542,0.0,Hit+Run
14060424.168,E18,P132,0.19410927959071775,0.0025000000000000022,4518.656,1059.189,2.8853,15.304,0.5355622061686417,0.0,Merge
14288215.881,E26,P148,0.5702262777356577,0.0025,6471.569,1059.189,1.8176,14.161,0.6073037060154416,0.0,Merge
14308310.133,E26,P147,0.5727262777356577,0.0025000000000000022,6481.012,1059.189,2.1676,16.914,0.8190439055340959,0.0,Merge
14334906.252,E18,FRAG1011,0.19660927959071775,0.00567735496160804,4537.972,1392.224,2.5271,13.186,0.7816073022779652,0.0,Hit+Run
14350629.735,E58,P535,0.030000000000000002,0.0025,2424.939,1059.189,2.2516,6.1438,0.8012303912329406,0.0,Hit+Run
14429735.5,E26,E83,0.5752262777356576,0.02213653013653014,6490.429,2191.275,1.086,8.0482,0.5590541259365397,0.0,Merge
15021354.722,E18,P199,0.19660927959071775,0.002500000000000014,4537.972,1059.189,5.3938,28.741,0.9528087334684026,0.0,Hit+Run
15153389.402,E18,P218,0.19660927959071775,0.0024999999999999996,4537.972,1059.189,1.4888,7.9333,0.5809927998667951,0.0,Merge
15163369.16,E11,P143,0.276080616830412,0.0025,5081.662,1059.189,1.5705,9.4505,0.5915094669016032,0.0,Merge
15471643.261,E0,P306,0.3961838685867713,0.0025,5731.823,1059.189,1.8206,12.462,0.9470023794376597,0.0,Hit+Run
15519799.606,E0,P437,0.3961838685867713,0.0025,5731.823,1059.189,1.0498,7.1863,0.6326009655869215,0.0,Merge
15603207.369,E36,P618,0.05945001766576462,0.0025,3045.868,1059.189,1.4254,4.9471,0.5753307786911042,0.0,Merge
15792998.345,E18,P362,0.19910927959071775,0.002500000000000014,4557.125,1059.189,1.2542,6.7135,0.7657261103395083,0.0,Merge
15854121.627,E37,P384,0.03250000000000001,0.0025,2490.510,1059.189,3.3791,9.4797,0.7461637447173961,0.0,Hit+Run
15975674.85,E11,FRAG1011,0.278580616830412,0.00567735496160804,5096.955,1392.224,1.4139,8.3606,0.3013788906762726,0.0,Merge
15978442.947,E27,P188,0.037500000000000006,0.0025,2612.187,1059.189,6.4632,19.059,0.6883057093868494,0.0,Merge
15989765.537,E26,P338,0.5973628078721878,0.0025,6572.641,1059.189,1.7378,13.764,0.9656794541132261,0.0,Hit+Run
16235903.333,E26,FRAG1005,0.5973628078721878,0.005540104356959461,6572.641,1380.913,1.5779,12.273,0.7963802937178657,0.0,Merge
16318855.797,E18,P390,0.20160927959071775,0.0025,4576.119,1059.189,2.0889,11.231,0.724911721218539,0.0,Merge
16518619.991,E44,P518,0.07,0.0025,3216.324,1059.189,1.2504,4.6002,0.9659848763283118,0.0,Hit+Run
16681229.158,E0,P53,0.3986838685867713,0.0025,5743.854,1059.189,1.4944,10.252,0.7867247686801019,0.0,Merge
16687441.786,P9,P187,0.0025,0.0025,1059.189,1059.189,15.312,21.018,0.70365,0.0,Graze+Frag
16713435.642,E26,P199,0.6029029122291473,0.002500000000000014,6592.897,1059.189,1.2756,10.136,0.7130449019239914,0.0,Merge
16981453.825,E26,P270,0.6054029122291473,0.0024999999999999905,6601.997,1059.189,2.2705,18.069,0.0684226308339316,0.0,Merge
17205203.797,E11,P173,0.28425797179202006,0.0025,5131.347,1059.189,2.3993,14.589,0.7199011866517603,0.0,Merge
17243174.077,E0,FRAG1008,0.4011838685867713,0.007086181479207842,5755.835,1498.987,1.3196,8.8442,0.6561257301141951,0.0,Merge
17360706.093,E11,P326,0.28675797179202006,0.0025,5146.346,1059.189,1.2554,7.6575,0.9984956522778161,0.0,Hit+Run
17689188.502,E0,P80,0.40827005006597916,0.0024999999999999905,5789.526,1059.189,2.508,17.353,0.42605375076201574,0.0,Merge
17958739.021,E0,P381,0.41077005006597916,0.0025,5801.319,1059.189,2.2634,15.694,0.772803522346613,0.0,Merge
17994362.064,E0,P19,0.41327005006597917,0.005,5813.064,1334.495,1.0947,7.4817,0.9803440323385545,0.0,Hit+Run
18128771.818,E26,P391,0.6079029122291473,0.0025,6611.072,1059.189,2.2868,18.225,0.7895091537935853,0.0,Merge
18199038.283,E27,P536,0.04000000000000001,0.0025,2668.991,1059.189,6.1668,18.602,0.8907898240536622,0.0,Hit+Run
18217681.274,E26,P489,0.6104029122291472,0.0025,6620.122,1059.189,1.6166,12.903,0.9737968699905994,0.0,Hit+Run
18271294.775,E31,P258,0.0134988344988345,0.0025,1858.200,1059.189,6.8422,14.315,0.6126718865966029,0.010665900765900765,Fragment
18286838.262,E26,P605,0.6104029122291472,0.0025,6620.122,1059.189,1.9697,15.721,0.9969004076284785,0.0,Hit+Run
18389097.508,E26,P658,0.6104029122291472,0.0025,6620.122,1059.189,1.6331,13.034,0.3488806597779706,0.0,Merge
18628113.879,E26,P226,0.6129029122291472,0.0025,6629.148,1059.189,1.1032,8.8181,0.986223498506448,0.0,Hit+Run
18739018.542,E26,FRAG0004,0.6129029122291472,0.006843156843156843,6629.148,1481.651,1.6554,12.928,0.20343185563062127,0.0,Merge
19009071.363,URANUS,K901,16.04942390942391,0.035,19685.52,2552.798,1.001,24.051,0.5101449335589435,0.0,Merge
19441746.565,E26,P340,0.619746069072304,0.0025,6653.729,1059.189,1.1731,9.4137,0.8081523179602901,0.0,Merge
19470373.66,E11,P195,0.28675797179202006,0.0025,5146.346,1059.189,3.4465,21.022,0.7988794533548342,0.0,Merge
19529771.911,E11,P536,0.28925797179202006,0.0025,5161.258,1059.189,1.7308,10.590,0.5992270400473176,0.0,Merge
19746209.414,E55,FRAG0009,0.025233733563481322,0.010470862470862471,2289.045,1707.345,7.365,19.667,0.24658100161650906,0.03017649017649018,Fragment
20019088.708,E63,P217,0.06250000000000001,0.0025,3097.090,1059.189,2.6182,9.2504,0.7504497840255259,0.0,Hit+Run
20121609.154,E26,E37,0.622246069072304,0.03250000000000001,6662.663,2490.510,1.1035,8.3383,0.19100292525595,0.0,Merge
20143038.298,E23,P49,0.10750000000000001,0.0025,3710.764,1059.189,2.5117,10.776,0.417289942925912,0.0,Merge
20247937.685,E26,P271,0.6547460690723039,0.0025,6776.698,1059.189,1.1672,9.5504,0.9006322420993422,0.0,Hit+Run
20304850.225,E0,P489,0.41327005006597917,0.0025,5813.064,1059.189,1.0095,7.0152,0.43317231204667056,0.0,Merge
20989717.299,E0,P183,0.41577005006597917,0.0025,5824.762,1059.189,2.541,17.695,0.6667554616723694,0.0,Merge
21077449.291,E26,P192,0.6547460690723039,0.0025,6776.698,1059.189,1.8062,14.778,0.3624495608448572,0.0,Merge
21141521.794,E26,FRAG0010,0.6572460690723039,0.006035298035298036,6785.312,1420.888,1.1561,9.2860,0.5169477584693296,0.0,Merge
21413229.005,E0,P179,0.41827005006597917,0.0025,5836.414,1059.189,2.0875,14.568,0.9455940045950408,0.0,Hit+Run
21415402.964,E0,P179,0.41827005006597917,0.0025,5836.414,1059.189,1.0589,7.3900,0.6050041124995839,0.0,Merge
21745644.5,E26,P19,0.6632813671076019,0.005,6806.018,1334.495,1.0261,8.3061,0.6176029809618497,0.0,Merge
21899888.643,E0,P193,0.4207700500659792,0.0025,5848.019,1059.189,2.0683,14.465,0.8101636200791557,0.0,Merge
21951869.645,E0,E43,0.4232700500659792,0.030000000000000002,5859.578,2424.939,1.6928,11.186,0.9030712014276514,0.008438561438561438,Hit+Run+Frag
22029491.287,E26,P325,0.6682813671076019,0.0025,6823.077,1059.189,1.1073,9.1261,0.8246796959712138,0.0,Merge
22039358.605,E57,P405,0.03250000000000001,0.0025,2490.510,1059.189,4.6058,12.921,0.2840123026437254,0.006273726273726274,Fragment
22109600.256,E18,P499,0.20410927959071776,0.0025,4594.956,1059.189,3.965,21.413,0.3943888676323648,0.0,Merge
22295187.735,E57,P88,0.028726273726273736,0.0025000000000000022,2390.123,1059.189,5.9228,15.921,0.26268873277849153,0.01130735930735931,Fragment
22401662.114,E55,P392,0.0055281058578536164,0.0025000000000000022,1379.915,1059.189,11.733,19.018,0.49819648361778707,0.007984915084915084,Fragment
22537813.483,E55,P545,0.008027972027972029,0.0025,1562.652,1059.189,6.2134,11.123,0.28417907017960364,0.010235284715284714,Fragment
22608054.973,E26,P75,0.6707813671076018,0.0025,6831.575,1059.189,1.5751,12.998,0.8518295367813308,0.0,Merge
22752770.367,E18,P326,0.20660927959071776,0.0025,4613.640,1059.189,1.1383,6.1744,0.7755507048885577,0.0,Merge
22881944.461,E0,P502,0.42327005006597923,0.0025,5859.578,1059.189,1.9276,13.509,0.6085052795413576,0.0,Merge
23001004.937,E26,P278,0.6732813671076018,0.0025,6840.051,1059.189,1.8375,15.184,0.10737314382107935,0.0,Merge
23059732.009,E0,E43,0.42577005006597923,0.021561438561438565,5871.092,2172.133,1.482,9.8742,0.4218337840642531,0.0,Merge
24327825.075,E11,P131,0.29175797179202007,0.0025,5176.085,1059.189,3.5369,21.707,0.6872641301986628,0.0,Merge
24329940.377,E18,P520,0.20910927959071776,0.0025,4632.174,1059.189,3.8569,21.011,0.4688036726474754,0.0,Merge
24606253.361,E0,P226,0.4473314886274178,0.0025,5968.570,1059.189,2.1401,15.297,0.9512839671892314,0.0,Hit+Run
24732369.382,E18,P306,0.21160927959071776,0.0025,4650.561,1059.189,2.1078,11.531,0.5971059692321472,0.0,Merge
24745775.974,E26,P168,0.6757813671076017,0.0025,6848.507,1059.189,1.2368,10.233,0.8972338382183335,0.0,Hit+Run
24812834.814,E47,FRAG1004,0.0275,0.00554010435695945,2355.617,1380.913,4.0499,10.759,0.3109275700634145,0.018583416583416584,Fragment
25403312.986,E0,P347,0.4473314886274178,0.0025,5968.570,1059.189,2.2116,15.808,0.8427453625942989,0.0,Merge
25715588.372,P155,P376,0.0025,0.0025,1059.189,1059.189,10.225,14.035,0.9978,0.0,Hit+Run
25801415.664,E26,P213,0.6757813671076017,0.0025,6848.507,1059.189,1.9635,16.246,0.5216254254429558,0.0,Merge
25956275.683,E23,E44,0.11000000000000001,0.07,3739.309,3216.324,1.0033,4.5599,0.6775301482065392,0.0,Graze+Merge
26549144.353,E27,P371,0.04000000000000001,0.0025,2668.991,1059.189,6.0315,18.194,0.8925795649201206,0.0,Hit+Run
26642033.666,E26,P448,0.6782813671076017,0.0025,6856.942,1059.189,1.2657,10.486,0.43535139036454584,0.0,Merge
26642638.693,E26,P48,0.6807813671076016,0.005,6865.356,1334.495,1.2902,10.541,0.5008451509063683,0.0,Merge
26741100.268,E27,P445,0.04000000000000001,0.0025,2668.991,1059.189,7.0495,21.264,0.9278016651720215,0.0,Hit+Run
26988367.18,E18,P369,0.21410927959071777,0.0025,4668.804,1059.189,2.5715,14.128,0.8991206724106434,0.0,Hit+Run
27169053.916,E55,P445,0.01052780552780553,0.0025,1710.434,1059.189,5.1039,9.8897,0.5422874422961879,0.008334825174825176,Fragment
27276928.599,P9,FRAG0016,0.005,0.006273726273726274,1334.495,1439.358,5.3085,9.5613,0.679647095183467,0.008200499500499501,Graze+Frag
27503725.963,E0,FRAG0015,0.4498314886274178,0.008438561438561438,5979.668,1588.851,1.1969,8.3209,0.6133321552796237,0.0,Merge
27504941.649,E26,P247,0.6857813671076016,0.0025,6882.122,1059.189,1.3255,11.024,0.6011762442494886,0.0,Merge
27729274.164,E26,FRAG0021,0.6882813671076016,0.006194472194472195,6890.475,1433.272,1.148,9.3684,0.8000776753384692,0.0,Merge
28346930.783,E26,FRAG0006,0.6944758393020738,0.006843156843156843,6911.085,1481.651,1.2941,10.568,0.270918431414707,0.0,Merge
28928406.966,E0,P168,0.4582700500659792,0.0025,6016.829,1059.189,1.2093,8.7184,0.8742915517016486,0.0,Hit+Run
29309614.213,E26,P360,0.7013189961452306,0.0025,6933.710,1059.189,1.8748,15.717,0.41691264622905594,0.0,Merge
29682794.669,E11,P168,0.29425797179202007,0.0025,5190.827,1059.189,1.6748,10.310,0.774054034866468,0.0,Merge
29768726.485,E23,E50,0.18000000000000002,0.034999999999999996,4406.407,2552.798,1.0928,5.4267,0.8017917514088041,0.0,Hit+Run
29833833.594,E26,P395,0.7038189961452306,0.0025,6941.939,1059.189,1.0393,8.7241,0.531764267852083,0.0,Merge
29903402.386,E52,P506,0.030000000000000006,0.0025,2424.939,1059.189,6.171,16.838,0.627440234274232,0.006735597735597736,Fragment
30250101.18,E18,P163,0.21410927959071777,0.0025000000000000022,4668.804,1059.189,1.7774,9.7651,0.9283007286814267,0.0,Hit+Run
30404022.678,E26,P432,0.7063189961452305,0.0025,6950.149,1059.189,1.1532,9.6924,0.8185538968929084,0.0,Merge
30793309.082,E27,P285,0.04000000000000001,0.0025000000000000022,2668.991,1059.189,9.1423,27.577,0.08970181222689373,0.021242757242757246,Fragment
30835960.097,E0,P479,0.4582700500659792,0.0025,6016.829,1059.189,2.1354,15.395,0.5029599813572507,0.0,Merge
31241312.469,E23,P283,0.18000000000000002,0.0025000000000000022,4406.407,1059.189,1.4606,7.5405,0.6797944562602225,0.0,Merge
31248192.91,E0,P261,0.4607700500659792,0.0025,6027.750,1059.189,1.7278,12.480,0.8805675912720635,0.0,Hit+Run
31248206.76,E0,P261,0.4607700500659792,0.0025,6027.750,1059.189,1.0488,7.5759,0.34106790698357725,0.0,Merge
31756816.305,E11,FRAG0026,0.29675797179202007,0.007080919080919082,5205.486,1498.616,1.716,10.321,0.998764137653689,0.0,Hit+Run
32046389.393,E18,FRAG0026,0.21410927959071777,0.007080919080919082,4668.804,1498.616,1.7543,9.3862,0.7635211706281182,0.0,Hit+Run
32284976.143,E36,P630,0.06195001766576462,0.0025,3087.978,1059.189,2.4519,8.6356,0.9644049764574324,0.0,Hit+Run
32324211.76,P135,P460,0.0024999999999999905,0.0025,1059.189,1059.189,21.783,29.899,0.3324999999999998,0.0,Merge
32606728.944,E11,FRAG0027,0.29675797179202007,0.007080919080919082,5205.486,1498.616,1.6811,10.111,0.8089189758280442,0.0,Hit+Run
32627872.258,E11,FRAG0027,0.29675797179202007,0.007080919080919082,5205.486,1498.616,0.9959,5.9899,0.9144402743642615,0.0,Perfect
32998688.907,E27,P371,0.021257242757242764,0.0025,2161.869,1059.189,6.4412,15.628,0.7174777625144306,0.0,Graze+Frag
33651391.451,E26,P605,0.7088189961452305,0.0025,6958.339,1059.189,1.2378,10.416,0.5426052881737271,0.0,Merge
33966412.307,P200,FRAG0013,0.0025,0.006035298035298036,1059.189,1420.888,2.0464,3.3917,0.6128585966986929,0.0,Hit+Run
34759440.678,E26,P71,0.7113189961452304,0.0025,6966.510,1059.189,1.3028,10.977,0.8728861795988772,0.0,Hit+Run
34845689.437,E57,P496,0.019918914418914427,0.0025,2115.513,1059.189,4.994,11.856,0.8136991213190817,0.0,Hit+Run
35564968.88,E27,P172,0.02375690975690976,0.0025000000000000022,2243.488,1059.189,8.4932,21.395,0.9690803096278492,0.0,Hit+Run
35817846.648,E18,P399,0.21410927959071777,0.0025000000000000022,4668.804,1059.189,2.3624,12.979,0.8060379230775863,0.0,Merge
36007550.791,E0,P256,0.4632700500659792,0.0025,6038.632,1059.189,2.1595,15.629,0.7449364415466784,0.0,Merge
36075537.923,E0,P200,0.4657700500659792,0.0025,6049.475,1059.189,1.4867,10.780,0.7637726463412753,0.0,Merge
36207729.709,P71,P628,0.0025,0.0025,1059.189,1059.189,17.295,23.739,0.12445,0.0,Merge
36540879.831,E0,P71,0.4682700500659792,0.005,6060.279,1334.495,1.1793,8.4289,0.20693266826101542,0.0,Merge
36583621.144,E26,FRAG0026,0.7113189961452304,0.007080919080919082,6966.510,1498.616,1.449,11.925,0.27857395854214456,0.0,Merge
36704836.909,E51,P378,0.035,0.0025,2552.798,1059.189,4.3609,12.553,0.9464184353427928,0.0,Hit+Run
37597552.602,E26,P341,0.7183999152261495,0.0025,6989.551,1059.189,1.0529,8.9026,0.746826601492698,0.0,Merge
37834001.832,E26,FRAG0014,0.7208999152261495,0.006035298035298036,6997.649,1420.888,1.1865,9.8504,0.9487534323415845,0.0,Hit+Run
38171998.989,E42,P535,0.027500000000000004,0.0025,2355.617,1059.189,5.3496,14.166,0.4129288782238433,0.009393399933399934,Fragment
39468298.425,E26,P581,0.7208999152261495,0.0025,6997.649,1059.189,1.1683,9.8905,0.36443741214440356,0.0,Merge
39779174.313,E0,E27,0.4732700500659792,0.02375690975690976,6081.772,2243.488,1.191,8.2216,0.8781585204042072,0.00923976023976024,Hit+Run+Frag
39825718.594,E0,E27,0.4732700500659792,0.014517149517149518,6081.772,1903.798,1.182,8.2534,0.6430148347646872,0.0,Merge
39991694.814,E0,FRAG0029,0.4877871995831287,0.00923976023976024,6143.332,1637.623,1.0197,7.2812,0.7060016481580131,0.0,Merge
40069409.348,E26,FRAG0022,0.7233999152261494,0.0075001665001665,7005.729,1527.627,1.8109,14.973,0.6457020542560898,0.0,Merge
40269442.577,P177,FRAG0023,0.0025,0.005745920745920747,1059.189,1397.806,5.9037,9.6627,0.9919412233974646,0.0,Hit+Run
41111405.764,E11,P172,0.30383889087293914,0.0025000000000000022,5246.564,1059.189,1.7008,10.591,0.9951887174934363,0.0,Hit+Run
41399609.002,E26,P56,0.7309000817263159,0.005,7029.857,1334.495,2.7945,23.418,0.8333105412049923,0.0,Merge
42179327.453,E0,P135,0.49702695982288897,0.0049999999999999906,6181.879,1334.495,1.9359,14.135,0.3509414932817007,0.0,Merge
42379064.26,E39,P342,0.03500000000000001,0.0025,2552.798,1059.189,4.2694,12.290,0.9349689702897325,0.0,Hit+Run
42435780.86,E18,P526,0.21660927959071777,0.0025,4686.905,1059.189,3.6712,20.253,0.9166475662797006,0.0,Hit+Run
42922727.423,E11,P251,0.30383889087293914,0.0025,5246.564,1059.189,4.9852,31.043,0.7811911101534882,0.0,Merge
43345921.141,NEPTUNE,K353,16.53942390942391,0.035,19883.85,2552.798,1.0022,24.336,0.6122021383249705,0.0,Merge
44198849.783,E26,FRAG0014,0.7359000817263159,0.006035298035298036,7045.851,1420.888,1.0925,9.1370,0.3197235336752364,0.0,Merge
45887923.122,E26,P317,0.741935379761614,0.0025,7065.060,1059.189,1.4354,12.275,0.4959477820511261,0.0,Merge
46098552.81,E26,P781,0.7444353797616139,0.0025,7072.986,1059.189,2.722,23.306,0.7657307231478488,0.0,Merge
46134569.004,E18,P172,0.21660927959071777,0.0025000000000000022,4686.905,1059.189,1.1745,6.4796,0.2577510508492485,0.0,Merge
46217389.574,E11,FRAG0025,0.30633889087293914,0.007080919080919082,5260.914,1498.616,2.6442,16.086,0.7541686565538716,0.0,Merge
46647510.775,E18,E58,0.21910927959071777,0.030000000000000002,4704.868,2424.939,2.246,11.861,0.9159232742254192,0.0,Hit+Run
46674582.2,E18,E58,0.21910927959071777,0.030000000000000002,4704.868,2424.939,1.0205,5.3892,0.5374120421679982,0.0,Merge
46936788.62,E11,P209,0.3134198099538582,0.0025,5301.140,1059.189,2.961,18.644,0.9596566175241461,0.0,Hit+Run
47005669.227,E11,P209,0.3134198099538582,0.0025,5301.140,1059.189,1.0447,6.5780,0.5805947540101791,0.0,Merge
49746035.305,E26,P496,0.7469353797616138,0.0025,7080.895,1059.189,1.6019,13.732,0.3543020231090139,0.0,Merge
52289665.416,E23,P369,0.18250000000000002,0.0025,4426.714,1059.189,1.8226,9.4560,0.3222859155857068,0.0,Merge
52997915.115,E26,P393,0.7494353797616138,0.0025,7088.786,1059.189,1.2933,11.099,0.5702887829093506,0.0,Merge
53536297.114,E11,P163,0.3159198099538582,0.0025000000000000022,5315.198,1059.189,2.8522,18.010,0.3131056472631354,0.0,Merge
53580769.632,E26,P508,0.7519353797616137,0.0025,7096.660,1059.189,1.1904,10.228,0.3682395521000339,0.0,Merge
58214240.203,E23,P279,0.18500000000000003,0.0025,4446.835,1059.189,2.8798,15.014,0.5387704842159132,0.0,Merge
58931349.595,E0,P140,0.5020269598228889,0.0025,6202.539,1059.189,1.5774,11.746,0.8625113905548918,0.0,Hit+Run
59270686.678,E18,P315,0.24910927959071777,0.0025,4910.478,1059.189,2.6969,15.642,0.2913547882159554,0.0,Merge
60415122.592,E0,P140,0.5020269598228889,0.0025,6202.539,1059.189,1.4594,10.868,0.34447498891937794,0.0,Merge
60820612.224,E26,P344,0.7544353797616137,0.0025,7104.516,1059.189,1.6074,13.828,0.9601537133450398,0.0,Hit+Run
60917010.502,P7,P343,0.005,0.0025000000000000022,1334.495,1059.189,3.5907,5.6784,0.5625242259693378,0.0,Graze+Frag
61373867.128,P197,P427,0.0025,0.0025,1059.189,1059.189,15.154,20.801,0.7292,0.0,Graze+Frag
62552829.789,E0,P257,0.5045269598228889,0.0025,6212.818,1059.189,2.7619,20.604,0.4836458245693731,0.0,Merge
62669683.631,E0,P466,0.5070269598228888,0.0025,6223.063,1059.189,2.4764,18.506,0.5905808094252663,0.0,Merge
63661543.105,E26,P610,0.7544353797616137,0.0025,7104.516,1059.189,1.3913,11.969,0.8496311704330302,0.0,Merge
64020336.322,E23,P633,0.18750000000000003,0.0025,4466.777,1059.189,2.8092,14.716,0.39971669170535384,0.0,Merge
65551528.078,E51,P509,0.035,0.0025,2552.798,1059.189,5.0688,14.591,0.259379856448962,0.007205128205128206,Fragment
66716337.218,E36,P550,0.06195001766576462,0.0025,3087.978,1059.189,2.6101,9.1928,0.4984347523475951,0.0,Merge
67107206.608,E26,E57,0.7569353797616136,0.019918914418914427,7112.355,2115.513,1.8696,15.325,0.9687523633464482,0.0,Hit+Run
67221613.048,E0,P300,0.5095269598228888,0.0025000000000000022,6233.274,1059.189,4.0434,30.270,0.5985853123560662,0.0,Merge
68008239.83,E26,P344,0.7569353797616136,0.0025,7112.355,1059.189,2.3045,19.848,0.5744512651186876,0.0,Merge
68643014.773,P210,P782,0.0025,0.0025,1059.189,1059.189,7.012,9.6245,0.8481,0.0,Hit+Run
69771471.999,E23,FRAG0030,0.19000000000000003,0.007205128205128206,4486.541,1507.327,1.1958,6.1280,0.8827316833742046,0.0,Hit+Run
70624999.185,E26,P611,0.7594353797616136,0.0025,7120.177,1059.189,2.1696,18.708,0.9066305976930671,0.0,Hit+Run
72174618.724,E18,E57,0.25160927959071777,0.019918914418914427,4926.850,2115.513,2.558,14.190,0.2771122865292839,0.015735451215451217,Fragment
72320101.067,E18,FRAG0032,0.25579326227470045,0.007867465867465867,4954.010,1552.168,1.1421,6.4956,0.9186672754937949,0.0,Hit+Run
72582078.763,E11,P745,0.3184198099538582,0.0025,5329.181,1059.189,2.0618,13.055,0.7104049995496639,0.0,Merge
72974831.988,E11,P559,0.3209198099538582,0.0025,5343.092,1059.189,4.3154,27.402,0.6691506656212415,0.0,Merge
73209335.247,E26,FRAG0003,0.7594353797616136,0.007167166167166167,7120.177,1504.676,1.5747,13.263,0.8864668216502661,0.0,Hit+Run
74317472.646,E0,P299,0.5120269598228888,0.0025,6243.452,1059.189,2.9467,22.098,0.46466966356147843,0.0,Merge
75192837.98,E26,FRAG0003,0.7594353797616136,0.007167166167166167,7120.177,1504.676,1.1105,9.3537,0.8128284900324567,0.0,Merge
76804150.373,P7,P357,0.0075001665001665,0.0025000000000000022,1527.627,1059.189,21.256,37.340,0.8151858693515663,0.0,Graze+Frag
79292426.844,E26,E63,0.7666025459287797,0.06250000000000001,7142.505,3097.090,1.3444,10.808,0.9251444524996871,0.0,Hit+Run
79633257.683,E55,P226,0.00552763902763903,0.0025,1379.877,1059.189,7.7364,12.539,0.8028412303459187,0.0,Graze+Frag
79976982.118,E26,E63,0.7666025459287797,0.06250000000000001,7142.505,3097.090,1.0788,8.6728,0.7227887217674551,0.0,Graze+Merge
80371067.024,E18,P10,0.25579326227470045,0.0025,4954.010,1059.189,2.5776,15.093,0.5140036700348906,0.0,Merge
83955837.768,E18,P197,0.25829326227470045,0.005,4970.097,1334.495,1.8812,10.861,0.7533277613209973,0.0,Merge
84995746.971,P152,P210,0.0025,0.0025,1059.189,1059.189,19.679,27.011,0.754,0.0,Graze+Frag
86171528.217,E39,P271,0.03500000000000001,0.0025,2552.798,1059.189,1.7253,4.9666,0.3234120498938556,0.0,Merge
90280748.701,E18,P782,0.26329326227470046,0.0025,5001.962,1059.189,2.2829,13.506,0.15473426482069327,0.0,Merge
91708998.302,E42,P622,0.02060672660672661,0.0025,2139.588,1059.189,5.9765,14.350,0.6770369995510074,0.0,Graze+Frag
93920534.765,E11,P7,0.3234198099538582,0.01,5356.931,1681.359,1.678,10.318,0.5058353981436085,0.0,Merge
94542204.627,E69,FRAG0030,0.025,0.007205128205128206,2281.955,1507.327,4.9516,12.896,0.836835101593307,0.0,Hit+Run
97569349.362,E18,P152,0.26579326227470046,0.005,5017.744,1334.495,2.6725,15.589,0.7342281253891024,0.0,Merge
99811232.348,E11,E55,0.3334198099538582,0.008027639027639028,5411.582,1562.631,2.746,17.166,0.4723156638572457,0.0,Merge
103339253.628,E18,P177,0.27079326227470046,0.0025,5049.012,1059.189,2.8873,17.254,0.8524679194656295,0.0,Hit+Run
103515536.206,E18,P177,0.27079326227470046,0.0025,5049.012,1059.189,1.0778,6.4409,0.30203798872562876,0.0,Merge
104269410.152,E69,P339,0.025,0.0025,2281.955,1059.189,4.03,10.329,0.6298496771626999,0.0,Merge
107178895.851,E11,FRAG0032,0.34144744898149726,0.007867465867465867,5454.669,1552.168,3.4724,21.904,0.6803119895338562,0.0,Merge
107313354.418,E26,P643,0.8291025459287797,0.0025,7331.563,1059.189,1.9328,17.191,0.6361897548857922,0.0,Merge
109850123.798,E11,P555,0.34931491484896315,0.0025,5496.246,1059.189,4.1075,26.883,0.880933907399223,0.0,Hit+Run
114721272.527,E18,P544,0.27329326227470047,0.0025,5064.502,1059.189,1.8147,10.880,0.28557488000898884,0.0,Merge
119532075.045,E26,E69,0.8316025459287797,0.0275,7338.925,2355.617,1.1391,9.5802,0.8365785332168612,0.021972027972027974,Hit+Run+Frag
119568857.878,E26,FRAG0034,0.8316027124289461,0.007324009324009325,7338.925,1515.572,1.0601,9.2190,0.5732228625072837,0.0,Merge
120169396.792,E18,P555,0.27579326227470047,0.0025,5079.898,1059.189,2.7879,16.770,0.3902338566332614,0.0,Merge
128579061.312,E0,P419,0.5145269598228888,0.0025,6253.597,1059.189,3.3241,24.971,0.47743537894943744,0.0,Merge
132801467.776,E0,P441,0.5170269598228887,0.0025,6263.709,1059.189,4.2093,31.675,0.5808744348967951,0.0,Merge
148336571.083,E18,FRAG0035,0.27829326227470047,0.007324009324009325,5095.202,1515.572,2.1162,12.427,0.8498972369918466,0.0,Hit+Run
156153660.254,E81,FRAG0011,0.025,0.006035298035298036,2281.955,1420.888,2.3322,6.0323,0.6713656191843621,0.0,Hit+Run
163575282.201,E23,FRAG0033,0.19000000000000003,0.007324009324009325,4486.541,1515.572,2.7502,14.088,0.3795024600572831,0.0,Merge
164122081.623,E0,P318,0.5195269598228887,0.0025,6273.788,1059.189,1.7358,13.084,0.6070184138238771,0.0,Merge
168909826.542,E11,FRAG0035,0.34931491484896315,0.007324009324009325,5496.246,1515.572,5.3739,34.240,0.8990811812751915,0.0,Hit+Run
169533804.839,E11,FRAG0035,0.34931491484896315,0.007324009324009325,5496.246,1515.572,1.2544,7.9926,0.6785828933129322,0.0,Merge
174316929.739,E26,P723,0.8389267217529555,0.0025,7360.407,1059.189,1.2786,11.419,0.8009415401127854,0.0,Merge
181948011.692,E26,FRAG0008,0.8414267217529554,0.007863469863469863,7367.711,1551.905,1.4769,12.875,0.8132089107792787,0.0,Merge
192837052.914,E26,P530,0.8492901916164253,0.0025,7390.591,1059.189,1.389,12.459,0.9991113697540691,0.0,Hit+Run
