time_yr,target,projectile,Mt_Mearth,Mp_Mearth,Rt_km,Rp_km,vimp/vesc,vimp_km/s,b,m_frag_Mearth,Regime
39016.299,M0,P771,0.05,0.0024355585714285716,2875.083,1050.009,3.0274,9.8858,0.7658161549916257,0.0,Hit+Run
64942.995,E4,P134,0.0574,0.0024355585714285716,3010.448,1050.009,1.8253,6.2601,0.8344525121613956,0.0,Hit+Run
77373.194,M0,P771,0.05,0.0024355585714285716,2875.083,1050.009,1.0157,3.3167,0.48410128821995735,0.0,Merge
133113.183,E22,P568,0.023440000000000003,0.0024355585714285716,2233.467,1050.009,2.951,7.4012,0.8642800506745139,0.0,Hit+Run
214935.815,E3,P756,0.40336,0.0024355585714285716,5766.223,1050.009,1.1578,7.9812,0.5066421670491533,0.0,Merge
258725.997,M0,P843,0.05243555857142857,0.0024355585714285716,2921.028,1050.009,5.584,18.544,0.7860440560092208,0.0,Hit+Run
262864.428,M0,P843,0.05243555857142857,0.0024355585714285716,2921.028,1050.009,1.0457,3.4728,0.20647816444112696,0.0,Merge
271399.533,M1,P556,0.05,0.0024355585714285716,2875.083,1050.009,1.6979,5.5444,0.9799223836899061,0.0,Hit+Run
350079.689,M1,P556,0.05,0.0024355585714285716,2875.083,1050.009,1.0636,3.4731,0.6754271415760669,0.0,Merge
421946.422,M0,P431,0.05487111714285714,0.0024355585714285716,2965.571,1050.009,1.4962,5.0498,0.842720752619909,0.0,Hit+Run
426289.891,M1,P237,0.05243555857142857,0.0024355585714285716,2921.028,1050.009,2.0588,6.8374,0.5389617067545911,0.0,Merge
502422.189,M0,P170,0.05487111714285714,0.0024355585714285716,2965.571,1050.009,2.1926,7.4002,0.5504160695185507,0.0,Merge
613932.543,M1,P104,0.05487111714285714,0.0024355585714285716,2965.571,1050.009,3.5382,11.941,0.5153365534818793,0.0,Merge
792713.038,E10,P265,0.14002,0.0024355585714285716,4052.507,1050.009,1.1392,5.3778,0.7727734390165426,0.0,Merge
813626.508,M0,P431,0.05730667571428571,0.0024355585714285716,3008.815,1050.009,1.5191,5.2069,0.9519059617560478,0.0,Hit+Run
831861.627,M0,P431,0.05730667571428571,0.0024355585714285716,3008.815,1050.009,1.0547,3.6151,0.4994151907445287,0.0,Merge
836065.525,E10,P733,0.14245555857142858,0.0024355585714285716,4075.869,1050.009,1.0988,5.2193,0.9277870790565448,0.0,Hit+Run
859358.046,M0,P420,0.05974223428571428,0.0024355585714285716,3050.851,1050.009,4.1499,14.436,0.6400234525934523,0.0,Merge
1032219.511,E0,P399,0.4524555555544456,0.0024355585714285716,5991.273,1050.009,2.7016,19.400,0.5762997104070864,0.0,Merge
1049854.798,E12,P389,0.09854,0.0024355585714285716,3604.663,1050.009,1.6767,6.9771,0.9109480497970827,0.0,Hit+Run
1123078.012,E8,P119,0.11363999999999999,0.0024355585714285716,3780.108,1050.009,2.1887,9.5859,0.5778024241336124,0.0,Merge
1220812.796,M0,P707,0.062177792857142845,0.0024355585714285716,3091.758,1050.009,9.7995,34.580,0.7697730028553657,0.0,Graze+Frag
1239213.067,E0,P804,0.4548911141258742,0.0024355585714285716,6002.004,1050.009,1.9989,14.381,0.6598616908017997,0.0,Merge
1349330.86,E3,P666,0.40579555857142857,0.0024355585714285716,5777.805,1050.009,1.6117,11.134,0.5236383663764451,0.0,Merge
1361501.855,M1,P572,0.05730667571428571,0.0024355585714285716,3008.815,1050.009,2.8438,9.7475,0.803349031037325,0.0,Hit+Run
1412465.73,E16,P611,0.04256,0.0024355585714285716,2724.756,1050.009,1.5743,4.8560,0.7969052760438716,0.0,Hit+Run
1433960.445,E0,P174,0.45732667269730276,0.0024355585714285716,6012.697,1050.009,2.3529,16.960,0.18065231184414202,0.0,Merge
1479341.702,M4,P111,0.05,0.0024355585714285716,2875.083,1050.009,1.5712,5.1307,0.5583023178714653,0.0,Merge
1490521.0,E0,P824,0.45976223126873134,0.0024355585714285716,6023.352,1050.009,1.4965,10.807,0.9662587237389482,0.0,Hit+Run
1521227.214,M0,P329,0.06461205461205462,0.0024355585714285716,3131.591,1050.009,1.304,4.6650,0.8822763047126582,0.0,Hit+Run
1538665.829,E1,P99,0.23462666666666668,0.0024355585714285716,4813.411,1050.009,1.3722,7.7952,0.9423363398490148,0.0,Hit+Run
1647468.82,E0,P824,0.45976223126873134,0.0024355585714285716,6023.352,1050.009,1.1839,8.5501,0.716582987597008,0.0,Merge
1666312.332,E19,P642,0.041620000000000004,0.0024355585714285716,2704.547,1050.009,5.559,17.012,0.5921171875620157,0.0,Merge
1680456.492,E3,P220,0.40823111714285715,0.0024355585714285716,5789.342,1050.009,1.1187,7.7447,0.570101076228086,0.0,Merge
1734446.421,M0,M1,0.06461205461205462,0.05730667571428571,3131.591,3008.815,1.7214,6.8529,0.9133032073329708,0.0,Hit+Run
1802681.606,M1,P352,0.05730667571428571,0.0024355585714285716,3008.815,1050.009,3.9287,13.466,0.9815580437358328,0.0,Hit+Run
1806243.122,M0,M1,0.06461205461205462,0.05730667571428571,3131.591,3008.815,1.0319,4.1080,0.4172288105422735,0.009171734931734931,Fragment
1809226.948,E0,P510,0.4621977898401599,0.0024355585714285716,6033.969,1050.009,2.0253,14.654,0.8186427216497824,0.0,Merge
1852148.006,E10,P793,0.14245555857142858,0.0024355585714285716,4075.869,1050.009,1.1144,5.2934,0.9769276699767491,0.0,Hit+Run
1882183.845,E12,E5,0.09854,0.0735,3604.663,3269.060,1.0646,4.7584,0.8979506741144062,0.0,Hit+Run
2049986.035,E3,P852,0.4106666757142857,0.0024355585714285716,5800.832,1050.009,1.6682,11.573,0.8020252519894004,0.0,Merge
2095672.511,M0,P13,0.11274723515484515,0.0024355585714285716,3770.183,1050.009,3.3977,14.838,0.9339824718466306,0.0,Hit+Run
2165425.131,E0,P708,0.4646333484115885,0.0024355585714285716,6044.550,1050.009,2.2497,16.308,0.6626839560259754,0.0,Merge
2178942.206,P0,P631,0.0024355585714285716,0.0024355585714285716,1050.009,1050.009,11.092,15.093,0.597,0.0,Graze+Frag
2227535.299,E0,P77,0.46706890698301706,0.0024355585714285716,6055.093,1050.009,1.263,9.1726,0.4820994431495027,0.0,Merge
2280761.306,E0,FRAG0001,0.46950446555444564,0.009171495171495172,6065.599,1633.580,1.1287,7.9512,0.9264023529468229,0.0,Hit+Run
2282533.502,P0,P588,0.004871128871128871,0.0024355585714285716,1322.930,1050.009,3.2197,5.0476,0.962981606125495,0.0,Hit+Run
2327442.525,P0,P588,0.004871128871128871,0.0024355585714285716,1322.930,1050.009,1.2356,1.9371,0.8712717270033715,0.0,Hit+Run
2372509.542,E5,P543,0.0735,0.0024355585714285716,3269.060,1050.009,1.4499,5.4315,0.9421007946813488,0.0,Hit+Run
2387156.047,P0,P588,0.004871128871128871,0.0024355585714285716,1322.930,1050.009,1.3509,2.1178,0.6077939830938544,0.0,Hit+Run
2402909.296,P0,P588,0.004871128871128871,0.0024355585714285716,1322.930,1050.009,1.0909,1.7102,0.7728160148272804,0.0,Hit+Run
2419366.295,P0,P588,0.004871128871128871,0.0024355585714285716,1322.930,1050.009,1.1241,1.7622,0.28745053905998097,0.0,Merge
2453805.618,M0,P416,0.11274723515484515,0.0024355585714285716,3770.183,1050.009,7.0053,30.594,0.9717610108217519,0.0,Hit+Run
2485205.587,M0,P13,0.11274723515484515,0.0024355585714285716,3770.183,1050.009,1.6247,7.0956,0.5779412515262334,0.0,Merge
2496252.753,P0,P350,0.007306687442557443,0.0024355585714285716,1514.377,1050.009,8.3066,14.465,0.6368400249788979,0.0,Graze+Frag
2548565.686,M0,P57,0.11518279372627373,0.0024355585714285716,3797.138,1050.009,2.2604,9.9480,0.6044527162055862,0.0,Merge
2589003.382,M0,P91,0.1176183522977023,0.0024355585714285716,3823.715,1050.009,3.3241,14.739,0.9021621199295083,0.0,Hit+Run
2597853.49,M0,P91,0.1176183522977023,0.0024355585714285716,3823.715,1050.009,1.0671,4.7317,0.7659630208602305,0.0,Merge
2598932.88,E0,P622,0.46950446555444564,0.0024355585714285716,6065.599,1050.009,2.2473,16.351,0.3745602536287518,0.0,Merge
2623256.395,E0,FRAG0001,0.4719400241258742,0.009171495171495172,6076.070,1633.580,1.2373,8.7324,0.7911858855268818,0.0,Hit+Run
2645766.267,E0,FRAG0001,0.4719400241258742,0.009171495171495172,6076.070,1633.580,1.0892,7.6872,0.9670137280022751,0.0,Hit+Run
2670369.699,E0,P329,0.4719400241258742,0.0024355585714285716,6076.070,1050.009,1.7249,12.573,0.8289487921962281,0.0,Merge
2707918.936,E0,E6,0.4743755826973028,0.08018000000000002,6086.504,3365.238,1.7886,12.240,0.2232594663212233,0.04916683316683317,Fragment
2732226.717,E0,FRAG0001,0.5053887495304696,0.009171495171495172,6216.353,1633.580,1.0228,7.3983,0.988844051643012,0.0,Hit+Run
2774709.384,P0,P8,0.009742257742257742,0.0024355585714285716,1666.788,1050.009,12.122,22.929,0.3784755409169297,0.012104235764235765,Fragment
2781361.395,P0,FRAG0010,0.005527799663669664,0.00665001665001665,1379.890,1467.578,1.8593,3.4352,0.9032504334176248,0.0,Hit+Run
2781768.033,P0,FRAG0010,0.005527799663669664,0.00665001665001665,1379.890,1467.578,1.0672,1.9717,0.6221810351761836,0.0,Graze+Merge
2851377.343,E15,P398,0.11428,0.0024355585714285716,3787.191,1050.009,2.9421,12.911,0.9528261701668044,0.0,Hit+Run
2854447.613,P0,P206,0.012177816313686314,0.0024355585714285716,1795.492,1050.009,10.009,20.265,0.957847653677991,0.0,Hit+Run
2854669.107,P0,P206,0.012177816313686314,0.0024355585714285716,1795.492,1050.009,1.0265,2.0783,0.732078292356525,0.0,Graze+Merge
2868832.727,P0,P53,0.014613374885114886,0.0024355585714285716,1907.995,1050.009,7.6934,16.501,0.5593680587909774,0.011521145521145523,Fragment
2872052.841,P0,FRAG0011,0.0055277879353979355,0.005760572760572761,1379.889,1398.993,1.2369,2.2272,0.5957758341069554,0.0,Hit+Run
2879136.657,P0,FRAG0011,0.0055277879353979355,0.005760572760572761,1379.889,1398.993,1.5303,2.7555,0.12126059233948869,0.0,Merge
2910785.811,P0,FRAG0012,0.011288360695970697,0.005760572760572761,1750.669,1398.993,1.3947,2.8990,0.7704881123441149,0.0,Hit+Run
2912205.606,P0,FRAG0012,0.011288360695970697,0.005760572760572761,1750.669,1398.993,1.0259,2.1324,0.7944998613365154,0.0,Graze+Merge
2957678.4,P0,P103,0.017048933456543458,0.0024355585714285716,2008.597,1050.009,6.5535,14.777,0.6771924300546834,0.0062677322677322685,Graze+Frag
2963598.627,P0,FRAG0013,0.013216759760239762,0.0062677322677322685,1845.166,1438.900,1.1832,2.5748,0.5507856024209499,0.0,Merge
3026903.088,M0,P416,0.12005391086913088,0.0024355585714285716,3849.928,1050.009,1.2895,5.7601,0.49900414250760233,0.0,Merge
3089712.35,E12,P519,0.09854,0.0024355585714285716,3604.663,1050.009,3.5794,14.894,0.8504659936131568,0.0,Hit+Run
3121397.425,E0,FRAG0007,0.5053887495304696,0.006145854145854146,6216.353,1429.512,1.1149,8.1473,0.6418908135036341,0.0,Merge
3244659.446,M0,P352,0.12248946944055945,0.0024355585714285716,3875.788,1050.009,2.158,9.7094,0.4307919412551776,0.0,Merge
3275485.205,E0,FRAG0002,0.5115346036763238,0.006145854145854146,6241.450,1429.512,1.0915,8.0110,0.3047105335403106,0.0,Merge
3312342.662,E9,P733,0.07894000000000001,0.0024355585714285716,3347.800,1050.009,2.044,7.8553,0.37643445293120026,0.0,Merge
3326756.713,M0,P235,0.12492502801198803,0.0024355585714285716,3901.308,1050.009,3.001,13.598,0.8810670084070552,0.0,Hit+Run
3359719.039,E1,P110,0.23462666666666668,0.0024355585714285716,4813.411,1050.009,2.2505,12.784,0.9980769422322782,0.0,Hit+Run
3368750.663,M0,P235,0.12492502801198803,0.0024355585714285716,3901.308,1050.009,1.0228,4.6345,0.8720057755357611,0.0,Graze+Merge
3421426.404,P30,P406,0.0024355585714285716,0.0024355585714285716,1050.009,1050.009,33.144,45.099,0.4493,0.0,Merge
3488956.782,E0,FRAG0004,0.5176804578221779,0.006145854145854146,6266.347,1429.512,1.1777,8.6807,0.49799478079959547,0.0,Merge
3493545.802,E15,E14,0.11428,0.044980000000000006,3787.191,2775.451,1.0694,4.7066,0.13399873204296983,0.01287978687978688,Fragment
3510513.111,M0,P609,0.1273605865834166,0.0024355585714285716,3926.499,1050.009,3.8611,17.617,0.31844312439601635,0.0,Merge
3539178.64,M0,FRAG0003,0.12979614515484517,0.006145854145854146,3951.370,1429.512,2.2395,10.056,0.4857625913178975,0.0,Merge
3611476.517,E0,FRAG0008,0.523826311968032,0.006145854145854146,6291.047,1429.512,1.1995,8.8789,0.4796983228930868,0.0,Merge
3612547.0,P38,P578,0.0024355585714285716,0.0024355585714285716,1050.009,1050.009,12.059,16.409,0.6499,0.0,Graze+Frag
3640045.93,E0,P212,0.5299721661138861,0.0024355585714285716,6315.555,1050.009,1.9436,14.763,0.8942277300946408,0.0,Hit+Run
3677915.697,M4,P276,0.05243555857142857,0.0024355585714285716,2921.028,1050.009,1.7058,5.6650,0.463417326675846,0.0,Merge
3736828.632,E4,P572,0.0574,0.0024355585714285716,3010.448,1050.009,4.7607,16.327,0.27995492544837225,0.0,Merge
3760201.403,P16,P524,0.0024355585714285716,0.0024355585714285716,1050.009,1050.009,9.6298,13.103,0.6064,0.0,Graze+Frag
3797633.305,E0,P212,0.5299721661138861,0.0024355585714285716,6315.555,1050.009,1.0346,7.8586,0.8325775490669252,0.0,Merge
3799892.157,E10,P581,0.14245555857142858,0.0024355585714285716,4075.869,1050.009,1.4977,7.1140,0.7866470323197117,0.0,Merge
3846981.201,E5,P601,0.0735,0.0024355585714285716,3269.060,1050.009,1.1022,4.1290,0.6379824534722495,0.0,Merge
4128971.592,P30,P2,0.004871117142857143,0.0024355585714285716,1322.929,1050.009,25.387,39.800,0.7131625271159335,0.0,Graze+Frag
4145717.075,E3,E8,0.4131022342857143,0.11607555857142857,5812.277,3806.923,1.0328,6.8439,0.7731213315997826,0.0,Graze+Merge
4227180.158,E15,P562,0.14638021312021313,0.0024355585714285716,4112.961,1050.009,1.5104,7.2447,0.8056287111395197,0.0,Hit+Run
4262668.64,E17,P502,0.040959999999999996,0.0024355585714285716,2690.174,1050.009,1.2194,3.7109,0.1637041590987103,0.0,Merge
4314826.127,E0,FRAG0009,0.5324077246853146,0.006145854145854146,6325.215,1429.512,1.4079,10.482,0.5588897063962401,0.0,Merge
4408341.765,P0,P465,0.01948449202797203,0.0024355585714285716,2100.020,1050.009,22.842,53.834,0.9706667965049502,0.0,Hit+Run
4408415.309,P0,P465,0.01948449202797203,0.0024355585714285716,2100.020,1050.009,1.074,2.5311,0.5704000762978265,0.0,Merge
4565927.656,P30,P71,0.0073066933066933066,0.0024355585714285716,1514.377,1050.009,18.500,32.216,0.5942029889888657,0.0,Graze+Frag
4577291.352,E10,P110,0.14489111714285716,0.0024355585714285716,4098.967,1050.009,2.1605,10.325,0.7452049489458275,0.0,Merge
4611095.195,P0,P30,0.021920050599400602,0.009742257742257742,2184.109,1666.788,5.2756,13.515,0.5824257600112263,0.026133866133866136,Graze+Frag
4628058.489,E5,P796,0.07593555857142857,0.0024355585714285716,3304.777,1050.009,2.2608,8.5686,0.8644445268858161,0.0,Hit+Run
4634349.135,P0,FRAG0016,0.005528442207792205,0.006533466533466534,1379.943,1458.954,1.8236,3.3583,0.3651465229088507,0.0,Merge
4645250.992,P0,FRAG0019,0.012061908741258738,0.006533466533466534,1789.778,1458.954,1.8196,3.8893,0.696027024307631,0.0,Hit+Run
4645362.171,P0,FRAG0019,0.012061908741258738,0.006533466533466534,1789.778,1458.954,1.0131,2.1654,0.9553430923316945,0.0,Graze+Merge
4671137.178,P0,FRAG0018,0.01859537527472527,0.006533466533466534,2067.579,1458.954,2.1946,5.2338,0.6027083920543503,0.0,Hit+Run
4824071.211,E3,P677,0.5291777928571428,0.0024355585714285716,6312.398,1050.009,1.2848,9.7539,0.7035678981682941,0.0,Merge
4917123.299,E1,P730,0.23462666666666668,0.0024355585714285716,4813.411,1050.009,3.1929,18.138,0.9648296020773125,0.0,Hit+Run
5023381.789,E1,P225,0.23462666666666668,0.0024355585714285716,4813.411,1050.009,3.1914,18.129,0.9159026521208692,0.0,Hit+Run
5052187.834,E3,P832,0.5316133514285714,0.0024355585714285716,6322.067,1050.009,1.8572,14.122,0.44919482151197626,0.0,Merge
5174655.424,P0,FRAG0017,0.01859537527472527,0.006533466533466534,2067.579,1458.954,3.376,8.0514,0.4437059446563544,0.01314885114885115,Fragment
5175780.268,P45,P818,0.0024355585714285716,0.0024355585714285716,1050.009,1050.009,8.971,12.206,0.98275,0.0,Hit+Run
5175917.737,P0,FRAG0020,0.011979990659340654,0.006574425574425575,1785.717,1461.996,1.2187,2.6024,0.4773695012836091,0.0,Merge
5184708.28,P0,FRAG0021,0.01855441623376623,0.006574425574425575,2066.060,1461.996,1.266,3.0186,0.9564743271438858,0.0,Hit+Run
5185658.023,P45,P719,0.0024355585714285716,0.0024355585714285716,1050.009,1050.009,3.6077,4.9089,0.82035,0.0,Hit+Run
5213415.632,P45,P719,0.0024355585714285716,0.0024355585714285716,1050.009,1050.009,5.8735,7.9920,0.8583500000000001,0.0,Hit+Run
5222253.445,P45,P845,0.0024355585714285716,0.0024355585714285716,1050.009,1050.009,8.9221,12.140,0.8898499999999999,0.0,Hit+Run
5222367.688,P45,P845,0.0024355585714285716,0.0024355585714285716,1050.009,1050.009,1.0414,1.4170,0.99985,0.0,Hit+Run
5222589.448,P45,P762,0.0024355585714285716,0.0024355585714285716,1050.009,1050.009,9.021,12.274,0.4547,0.0,Merge
5224372.335,M0,P157,0.1359419993006993,0.0024355585714285716,4012.777,1050.009,3.1702,14.807,0.7851519505433397,0.0,Merge
5240184.683,P0,FRAG0018,0.01855441623376623,0.006533466533466534,2066.060,1458.954,4.2991,10.246,0.5348289481538826,0.01606660006660007,Fragment
5243114.896,P0,FRAG0023,0.009021282700632693,0.008033300033300035,1624.613,1562.998,1.112,2.2979,0.7811121545198236,0.0,Hit+Run
5243208.261,E0,P236,0.5385535788311687,0.0024355585714285716,6349.460,1050.009,1.0484,8.0090,0.836901632056187,0.0,Merge
5248875.35,P45,P676,0.004871117142857143,0.0024355585714285716,1322.929,1050.009,5.9103,9.2658,0.7921612216846702,0.0,Hit+Run
5260162.094,P45,P845,0.004871117142857143,0.0024355585714285716,1322.929,1050.009,5.7529,9.0190,0.981434734783372,0.0,Hit+Run
5263110.424,P45,P818,0.004871117142857143,0.0024355585714285716,1322.929,1050.009,3.9377,6.1732,0.14891003048207152,0.006885434565434566,Fragment
5266384.214,P0,FRAG0022,0.009021282700632693,0.008033300033300035,1624.613,1562.998,1.492,3.0832,0.1522368527698495,0.0,Merge
5271030.83,P45,P509,0.0073066933066933066,0.0024355585714285716,1514.377,1050.009,5.2728,9.1819,0.8389824949875587,0.0,Hit+Run
5277212.21,P45,P676,0.0073066933066933066,0.0024355585714285716,1514.377,1050.009,5.9385,10.341,0.7913848395388383,0.0,Hit+Run
5277364.011,P45,P676,0.0073066933066933066,0.0024355585714285716,1514.377,1050.009,0.9931,1.7293,0.27088144608347514,0.0,Perfect
5277621.605,P45,P464,0.009742251878121878,0.0024355585714285716,1666.787,1050.009,3.4885,6.5986,0.40945786419235375,0.005567099567099568,Fragment
5277673.955,P45,FRAG0024,0.006610710882450882,0.005567099567099568,1464.681,1383.152,1.0579,1.9544,0.2509853153944809,0.0,Merge
5282881.801,P45,P615,0.01217781044955045,0.0024355585714285716,1795.492,1050.009,7.2895,14.758,0.46138218898903915,0.009085581085581086,Fragment
5282942.922,P45,FRAG0025,0.0055277879353979355,0.009085581085581086,1379.889,1628.463,1.0296,2.0273,0.9357194356314547,0.0,Graze+Merge
5298578.409,E0,P410,0.5409891374025972,0.0024355585714285716,6359.017,1050.009,2.403,18.386,0.6451688247761062,0.0,Merge
5300498.315,P45,P809,0.014613369020979022,0.0024355585714285716,1907.995,1050.009,7.9861,17.129,0.8898802320873672,0.0,Hit+Run
5304132.403,P0,FRAG0023,0.017054582733932726,0.008033300033300035,2008.819,1562.998,2.4682,5.8442,0.6962612823232582,0.0,Hit+Run
5308860.458,P45,P782,0.014613369020979022,0.0024355585714285716,1907.995,1050.009,6.6059,14.168,0.6634110022483743,0.0071448551448551455,Graze+Frag
5310928.837,P45,P413,0.009904072447552448,0.0024355585714285716,1675.965,1050.009,4.9752,9.4571,0.7286765762600665,0.0,Graze+Frag
5320496.034,P45,FRAG0026,0.012339660339660339,0.0071448551448551455,1803.411,1503.113,1.6776,3.6383,0.7763366270127134,0.0,Hit+Run
5320517.656,P45,FRAG0026,0.012339660339660339,0.0071448551448551455,1803.411,1503.113,1.0427,2.2613,0.6551465198592605,0.0,Graze+Merge
5322654.398,P45,P719,0.019484515484515484,0.0024355585714285716,2100.021,1050.009,1.4431,3.4010,0.7609335369010777,0.0,Hit+Run
5322808.32,P45,P719,0.019484515484515484,0.0024355585714285716,2100.021,1050.009,1.0634,2.5062,0.6294001683794529,0.0,Merge
5332229.113,P45,P563,0.021920074055944056,0.0024355585714285716,2184.110,1050.009,3.6553,8.9619,0.8557828236220474,0.0,Hit+Run
5339026.142,P0,FRAG0021,0.017054582733932726,0.006574425574425575,2008.819,1461.996,1.8211,4.2451,0.508569002364771,0.0,Merge
5339120.944,P45,P574,0.021920074055944056,0.0024355585714285716,2184.110,1050.009,4.9571,12.153,0.8874559726339428,0.0,Hit+Run
5340968.151,P45,P574,0.021920074055944056,0.0024355585714285716,2184.110,1050.009,1.3222,3.2417,0.8524061552838921,0.0,Hit+Run
5341853.668,P45,P325,0.021920074055944056,0.0024355585714285716,2184.110,1050.009,7.3632,18.052,0.710788685181664,0.005918081918081918,Graze+Frag
5349186.544,P45,P574,0.01843755070929071,0.0024355585714285716,2061.713,1050.009,9.0521,20.945,0.9564762477159354,0.0,Hit+Run
5349490.803,P45,P574,0.01843755070929071,0.0024355585714285716,2061.713,1050.009,1.1253,2.6038,0.3070980471157773,0.0,Merge
5356918.308,P45,P809,0.020873109280719282,0.0024355585714285716,2148.768,1050.009,9.4301,22.742,0.4949428745868638,0.017781218781218782,Fragment
5357114.117,P45,FRAG0028,0.005527449070929072,0.005927072927072927,1379.861,1412.344,1.8903,3.4206,0.9879217487626173,0.0,Hit+Run
5357128.896,P45,FRAG0028,0.005527449070929072,0.005927072927072927,1379.861,1412.344,1.0924,1.9767,0.5637148410852472,0.0,Graze+Merge
5361494.349,P45,FRAG0030,0.011454521998002,0.005927072927072927,1759.217,1412.344,1.684,3.5221,0.7695143445832888,0.0,Hit+Run
5365000.406,P45,FRAG0029,0.011454521998002,0.005927072927072927,1759.217,1412.344,3.3738,7.0564,0.7006224815419534,0.0,Hit+Run
5365373.024,P45,FRAG0029,0.011454521998002,0.005927072927072927,1759.217,1412.344,1.0799,2.2586,0.5212928573771894,0.0,Merge
5365799.632,P45,FRAG0030,0.017381594925074927,0.005927072927072927,2021.577,1412.344,1.922,4.4737,0.22488647926158298,0.0,Merge
5393274.481,P45,P385,0.023308667852147854,0.0024355585714285716,2229.288,1050.009,5.5035,13.776,0.7472433912756918,0.0,Hit+Run
5393424.173,P45,P385,0.023308667852147854,0.0024355585714285716,2229.288,1050.009,1.0381,2.5986,0.031067160645286678,0.0,Merge
5424806.26,P45,P333,0.025744226423576426,0.0024355585714285716,2304.378,1050.009,9.4826,24.555,0.13938707823135907,0.022652014652014652,Fragment
5425355.707,P45,P439,0.005527770342990346,0.0024355585714285716,1379.888,1050.009,20.193,32.660,0.9389311709974176,0.0,Hit+Run
5429435.86,P45,P183,0.005527770342990346,0.0024355585714285716,1379.888,1050.009,8.2218,13.297,0.16326521813339637,0.007905867465867465,Fragment
5433471.055,P45,FRAG0032,0.007963369963369965,0.005663003663003663,1558.449,1391.050,6.5627,12.602,0.40431455832846963,0.013406033966033964,Fragment
5433760.266,P45,FRAG0035,0.005527805527805529,0.008098568098568099,1379.890,1567.219,1.0448,2.0071,0.983024132336989,0.0,Hit+Run
5434148.871,P45,FRAG0035,0.005527805527805529,0.008098568098568099,1379.890,1567.219,1.0977,2.1087,0.14046546306315633,0.0,Merge
5446665.187,P45,P439,0.013626373626373627,0.0024355585714285716,1864.034,1050.009,9.2177,19.334,0.5629759071903025,0.010534132534132533,Fragment
5460963.64,P45,FRAG0031,0.005527799663669666,0.005663003663003663,1379.890,1391.050,4.3328,7.7793,0.9162449845086781,0.0,Hit+Run
5465207.21,P45,P563,0.005527799663669666,0.0024355585714285716,1379.890,1050.009,2.4915,4.0296,0.8165538661409928,0.0,Hit+Run
5465216.005,P45,P563,0.005527799663669666,0.0024355585714285716,1379.890,1050.009,1.0482,1.6953,0.2850186976953643,0.0,Merge
5473203.51,P45,FRAG0036,0.007963358235098238,0.010534132534132533,1558.449,1710.777,2.2406,4.7616,0.7324060640740162,0.0,Hit+Run
5473364.21,P45,FRAG0036,0.007963358235098238,0.010534132534132533,1558.449,1710.777,1.0141,2.1551,0.7570039245961584,0.0,Graze+Merge
5474665.397,P0,FRAG0023,0.0236290083083583,0.008033300033300035,2239.455,1562.998,1.9973,5.1492,0.35013079562040755,0.0068508158508158515,Fragment
5497191.684,P45,FRAG0031,0.01849749076923077,0.005663003663003663,2063.945,1391.050,2.5581,6.0437,0.8928441410014216,0.0,Hit+Run
5502680.631,P45,FRAG0031,0.01849749076923077,0.005663003663003663,2063.945,1391.050,1.3745,3.2473,0.6636294367981261,0.0,Hit+Run
5504211.058,P45,FRAG0031,0.01849749076923077,0.005663003663003663,2063.945,1391.050,1.1762,2.7788,0.2994068536530928,0.0,Merge
5521858.158,P45,FRAG0033,0.024160494432234433,0.005663003663003663,2256.121,1391.050,7.1318,18.220,0.8739507359458955,0.0,Hit+Run
5521888.108,P45,FRAG0033,0.024160494432234433,0.005663003663003663,2256.121,1391.050,1.0433,2.6654,0.9284489379821591,0.0,Hit+Run
5522147.873,P45,FRAG0033,0.024160494432234433,0.005663003663003663,2256.121,1391.050,1.0096,2.5793,0.500072037753866,0.0,Merge
5527439.529,P45,P845,0.029823498095238096,0.0024355585714285716,2420.174,1050.009,8.578,23.366,0.8347415069142033,0.0,Hit+Run
5528122.32,P45,FRAG0034,0.029823498095238096,0.005663003663003663,2420.174,1391.050,9.4787,25.840,0.5435070297066852,0.03420606060606061,Fragment
5528334.045,P45,FRAG0041,0.005528126799866799,0.005991674991674992,1379.917,1417.457,1.0092,1.8297,0.8309967345664594,0.0,Graze+Merge
5529162.495,P45,FRAG0040,0.01151980179154179,0.005991674991674992,1762.553,1417.457,1.353,2.8366,0.5757100536184613,0.0,Hit+Run
5529513.993,P45,FRAG0040,0.01151980179154179,0.005991674991674992,1762.553,1417.457,0.9997,2.0959,0.8867608691481431,0.0,Perfect
5535194.268,P45,FRAG0038,0.01751147678321678,0.005991674991674992,2026.600,1417.457,1.2502,2.9178,0.6871731642423716,0.0,Hit+Run
5535829.012,P45,FRAG0027,0.01751147678321678,0.005918081918081918,2026.600,1411.629,8.4233,19.645,0.5854820606245275,0.02268556110556111,Fragment
5536338.928,P45,FRAG0045,0.005528459800199798,0.005967032967032967,1379.945,1415.511,1.3999,2.5362,0.058742997023472576,0.0,Merge
5536347.827,P45,FRAG0043,0.011495492767232766,0.005967032967032967,1761.312,1415.511,1.4378,3.0117,0.23662884791731625,0.0,Merge
5537794.642,P45,FRAG0038,0.017462525734265735,0.005991674991674992,2024.710,1417.457,1.9642,4.5807,0.1567574194310991,0.005674325674325674,Fragment
5537800.307,P45,FRAG0046,0.017779875051615053,0.005674325674325674,2036.901,1391.976,1.0465,2.4452,0.3165656036403996,0.0,Merge
5539317.86,M0,P670,0.13837755787212788,0.0024355585714285716,4036.600,1050.009,3.3358,15.680,0.28290904061472966,0.0,Merge
5540324.658,P45,FRAG0042,0.023454200725940726,0.005991674991674992,2233.918,1417.457,1.2282,3.1160,0.5093862834955769,0.0,Merge
5542219.923,P45,FRAG0044,0.029445875717615717,0.005967032967032967,2409.916,1415.511,2.5174,6.8430,0.8597872656958218,0.0,Hit+Run
5543141.148,P45,FRAG0044,0.029445875717615717,0.005967032967032967,2409.916,1415.511,1.1482,3.1211,0.6219724263053084,0.0,Merge
5548812.896,P45,P845,0.035412908684648685,0.0024355585714285716,2562.798,1050.009,1.2676,3.6655,0.36000253608345917,0.0,Merge
5556453.127,P45,P714,0.03784846725607725,0.0024355585714285716,2620.253,1050.009,3.9386,11.657,0.2070351436103243,0.0,Merge
5574436.249,P45,FRAG0039,0.04028402582750582,0.005991674991674992,2675.293,1417.457,2.2915,6.8840,0.2670880920587151,0.005644355644355645,Fragment
5576807.604,P45,FRAG0047,0.040631345174825174,0.005644355644355645,2682.960,1389.521,1.1163,3.3619,0.9565150080343061,0.0,Hit+Run
5596798.242,E0,P608,0.5434246959740258,0.0024355585714285716,6368.546,1050.009,1.4317,10.972,0.895633086355804,0.0,Hit+Run
5605461.096,E0,P608,0.5434246959740258,0.0024355585714285716,6368.546,1050.009,1.0476,8.0284,0.6303684226119687,0.0,Merge
5609295.915,P45,P509,0.040631345174825174,0.0024355585714285716,2682.960,1050.009,6.0279,18.292,0.8805038704744437,0.0,Hit+Run
5609335.323,P45,P509,0.040631345174825174,0.0024355585714285716,2682.960,1050.009,1.0785,3.2728,0.31875231944773147,0.0,Merge
5610364.282,P45,FRAG0047,0.04306690374625374,0.005644355644355645,2735.531,1389.521,1.2902,3.9610,0.3277290360962995,0.0,Merge
5827131.772,E0,P147,0.5458602545454543,0.0024355585714285716,6378.046,1050.009,2.642,20.279,0.6562606279439538,0.0,Merge
6141426.482,E5,P90,0.07593555857142857,0.0024355585714285716,3304.777,1050.009,2.7089,10.267,0.9355519381483924,0.0,Hit+Run
6291482.88,E3,P730,0.5340489099999999,0.0024355585714285716,6331.707,1050.009,1.0298,7.8435,0.5168833722920634,0.0,Merge
6314060.63,E3,P225,0.5364844685714284,0.0024355585714285716,6341.318,1050.009,1.0233,7.8065,0.8090377072868477,0.0,Merge
6318478.748,M4,P120,0.05487111714285714,0.0024355585714285716,2965.571,1050.009,2.0391,6.8821,0.4009404053959764,0.0,Merge
6387109.921,E3,P164,0.5389200271428569,0.0024355585714285716,6350.900,1050.009,1.6311,12.463,0.8757157714633468,0.0,Hit+Run
6397082.791,E0,P249,0.5482958131168828,0.0024355585714285716,6387.518,1050.009,2.348,18.051,0.60684414756023,0.0,Merge
6515931.373,E0,P123,0.5507313716883113,0.0024355585714285716,6396.962,1050.009,1.1236,8.6518,0.64571163361466,0.0,Merge
6700166.187,E0,P102,0.5531669302597398,0.0024355585714285716,6406.378,1050.009,1.941,14.969,0.4447114802261922,0.0,Merge
6910571.288,E11,P99,0.020565714285714288,0.0024355585714285716,2138.167,1050.009,6.2779,15.065,0.27188360181402177,0.015108225108225109,Fragment
7042820.548,P0,FRAG0037,0.024811492490842482,0.0068508158508158515,2276.205,1482.203,1.3357,3.4636,0.7749036007255352,0.0,Hit+Run
7050621.488,P0,FRAG0037,0.024811492490842482,0.0068508158508158515,2276.205,1482.203,1.0188,2.6418,0.682484460850024,0.0,Graze+Merge
7339902.622,E1,P550,0.23462666666666668,0.0024355585714285716,4813.411,1050.009,2.9601,16.815,0.17616985672236135,0.0,Merge
7409291.414,P76,P80,0.0024355585714285716,0.0024355585714285716,1050.009,1050.009,14.942,20.332,0.9624,0.0,Hit+Run
7569640.167,E10,E4,0.14732667571428573,0.05983555857142857,4121.806,3052.438,1.1725,5.6290,0.49593279580393396,0.0124002664002664,Fragment
7686434.272,E0,P539,0.5556024888311684,0.0024355585714285716,6415.766,1050.009,2.1158,16.342,0.878520576922332,0.0,Hit+Run
7811027.001,M0,P127,0.14081311644355646,0.0024355585714285716,4060.145,1050.009,6.6497,31.454,0.9929177043663574,0.0,Hit+Run
7830423.39,E3,P266,0.5389200271428569,0.0024355585714285716,6350.900,1050.009,1.5856,12.115,0.5013161721596152,0.0,Merge
7837731.443,M0,P127,0.14081311644355646,0.0024355585714285716,4060.145,1050.009,1.1857,5.6086,0.6710556878513447,0.0,Merge
7890046.359,P0,P835,0.031662308341658334,0.0024355585714285716,2468.925,1050.009,7.4108,20.610,0.9599448857299435,0.0,Hit+Run
7890236.326,P0,P835,0.031662308341658334,0.0024355585714285716,2468.925,1050.009,1.0602,2.9485,0.38181699080122444,0.0,Merge
8045998.432,E1,P52,0.23706222523809525,0.0024355585714285716,4830.009,1050.009,3.4013,19.393,0.3583066656873751,0.0,Merge
8367275.104,E3,P496,0.5413555857142854,0.0024355585714285716,6360.453,1050.009,2.0492,15.683,0.86980843366776,0.0,Hit+Run
8853311.403,E1,P772,0.23949778380952383,0.0024355585714285716,4846.494,1050.009,2.1442,12.270,0.8102553492880531,0.0,Merge
9038249.88,E10,P496,0.1947619678854479,0.0024355585714285716,4523.715,1050.009,1.5661,8.3225,0.928405638652229,0.0,Hit+Run
9078077.36,E3,P88,0.5413555857142854,0.0024355585714285716,6360.453,1050.009,1.594,12.199,0.9759810241993386,0.0,Hit+Run
9413331.411,M2,P404,0.05,0.0024355585714285716,2875.083,1050.009,2.5743,8.4062,0.49750581776213504,0.0,Merge
9736433.655,E12,P423,0.09854,0.0024355585714285716,3604.663,1050.009,1.8767,7.8093,0.5338838608604173,0.0,Merge
9975773.366,E0,P88,0.5556024888311684,0.0024355585714285716,6415.766,1050.009,1.4836,11.459,0.7346642289062914,0.0,Merge
10197397.462,P44,P496,0.0024355585714285716,0.0024355585714285716,1050.009,1050.009,5.5356,7.5322,0.20775,0.0,Merge
10659519.245,E0,P134,0.5580380474025969,0.0024355585714285716,6425.128,1050.009,1.7668,13.668,0.6925257745488753,0.0,Merge
10686495.708,E0,P411,0.5604736059740254,0.0024355585714285716,6434.462,1050.009,1.7791,13.784,0.9211773603310021,0.0,Hit+Run
10691875.183,E0,P264,0.5604736059740254,0.0024355585714285716,6434.462,1050.009,1.8244,14.135,0.7821625407644851,0.0,Merge
11010550.468,E0,FRAG0001,0.5629091645454539,0.009171495171495172,6443.768,1633.580,3.9223,29.491,0.8459424161350187,0.0,Hit+Run
11077680.691,E9,P131,0.08137555857142859,0.0024355585714285716,3381.882,1050.009,1.9827,7.7031,0.9699492882891569,0.0,Hit+Run
11353466.317,M0,P612,0.14324867501498503,0.0024355585714285716,4083.420,1050.009,3.4058,16.209,0.8928998903477414,0.0,Hit+Run
11372262.205,M0,P612,0.14324867501498503,0.0024355585714285716,4083.420,1050.009,1.0333,4.9179,0.5183989831087955,0.0,Merge
11384080.841,E0,FRAG0001,0.5629091645454539,0.009171495171495172,6443.768,1633.580,1.2479,9.3827,0.21196425873922525,0.0,Merge
11456009.36,E3,P80,0.5413555857142854,0.0024355585714285716,6360.453,1050.009,1.6,12.245,0.7213213022048406,0.0,Merge
11496888.509,E1,P506,0.2419333423809524,0.0024355585714285716,4862.867,1050.009,3.6206,20.795,0.3357117667955311,0.0,Merge
12730925.531,E0,P686,0.5720806597169491,0.0024355585714285716,6478.576,1050.009,2.7734,21.645,0.9781647697577723,0.0,Hit+Run
12779293.089,M0,P216,0.1456842335864136,0.0024355585714285716,4106.432,1050.009,3.8952,18.651,0.7345710663229247,0.0,Merge
12816141.259,P0,P312,0.0340978669130869,0.0024355585714285716,2530.674,1050.009,19.618,55.987,0.6210982248017064,0.031005661005661003,Fragment
12817233.072,P0,FRAG0056,0.0055277644788544675,0.006201132201132201,1379.887,1433.785,1.4361,2.6195,0.9253284895274806,0.0,Hit+Run
12854015.434,P0,FRAG0055,0.0055277644788544675,0.006201132201132201,1379.887,1433.785,2.9334,5.3508,0.6155288251038483,0.0,Hit+Run
12881032.302,P0,FRAG0056,0.0055277644788544675,0.006201132201132201,1379.887,1433.785,1.7821,3.2507,0.41367107320141505,0.0,Merge
12882909.227,P0,FRAG0054,0.011728896679986668,0.006201132201132201,1773.153,1433.785,1.361,2.8751,0.9798144015764277,0.0,Hit+Run
12889157.066,P0,FRAG0053,0.011728896679986668,0.006201132201132201,1773.153,1433.785,1.105,2.3343,0.6388339030423817,0.0,Graze+Merge
12893985.898,P0,FRAG0054,0.01793002888111887,0.006201132201132201,2042.619,1433.785,1.0282,2.4202,0.9273564184048602,0.0,Graze+Merge
12897434.818,P0,FRAG0052,0.024131161082251072,0.006201132201132201,2255.207,1433.785,1.9055,4.8816,0.7131213727136715,0.0,Hit+Run
12898987.678,P0,FRAG0052,0.024131161082251072,0.006201132201132201,2255.207,1433.785,1.0248,2.6253,0.32651360922963724,0.0,Merge
12955857.585,E20,P716,0.02242,0.0024355585714285716,2200.589,1050.009,9.9529,24.588,0.9020076494824674,0.0,Hit+Run
13008754.673,P0,FRAG0055,0.03033229328338327,0.006201132201132201,2433.860,1433.785,2.0376,5.5949,0.735007513825147,0.0,Hit+Run
13009098.886,P0,FRAG0055,0.03033229328338327,0.006201132201132201,2433.860,1433.785,1.1239,3.0860,0.7851617080476335,0.0,Hit+Run
13149412.76,P0,FRAG0055,0.03033229328338327,0.006201132201132201,2433.860,1433.785,2.2099,6.0680,0.7997611723633383,0.0,Hit+Run
13303767.692,P0,FRAG0055,0.03033229328338327,0.006201132201132201,2433.860,1433.785,1.5792,4.3362,0.7506767664743305,0.0,Hit+Run
13307049.883,P0,FRAG0055,0.03033229328338327,0.006201132201132201,2433.860,1433.785,1.1315,3.1069,0.9582157031691364,0.0,Hit+Run
13365521.279,E15,M3,0.14638021312021313,0.05,4112.961,2875.083,1.8487,8.7557,0.7720287006078641,0.009717615717615717,Hit+Run+Frag
13384650.795,E15,M3,0.14637954711954712,0.040283050283050285,4112.955,2675.272,1.0864,5.0897,0.7055045177049221,0.0,Graze+Merge
13645733.974,E0,P686,0.5720806597169491,0.0024355585714285716,6478.576,1050.009,1.3678,10.675,0.9333311421476905,0.0,Hit+Run
13692520.242,E0,P686,0.5720806597169491,0.0024355585714285716,6478.576,1050.009,1.1123,8.6810,0.8878090903132697,0.0,Hit+Run
13787427.51,E0,P686,0.5720806597169491,0.0024355585714285716,6478.576,1050.009,1.0113,7.8928,0.7473705485480999,0.0,Merge
13978830.731,P0,FRAG0055,0.03033229328338327,0.006201132201132201,2433.860,1433.785,1.5126,4.1533,0.7256940624513352,0.0,Hit+Run
13983712.332,P0,FRAG0055,0.03033229328338327,0.006201132201132201,2433.860,1433.785,1.0971,3.0124,0.5425714712500357,0.0,Merge
14256333.994,E1,P411,0.24436890095238098,0.0024355585714285716,4879.131,1050.009,2.0453,11.789,0.5464101939853283,0.0,Merge
14351034.184,E10,P344,0.1947619678854479,0.0024355585714285716,4523.715,1050.009,1.7863,9.4926,0.8361250886786663,0.0,Hit+Run
14415068.737,E3,P29,0.543791144285714,0.0024355585714285716,6369.977,1050.009,2.221,17.025,0.6639553888506496,0.0,Merge
15087534.394,E0,P297,0.5745162182883776,0.0024355585714285716,6487.757,1050.009,2.4076,18.818,0.2466766636573861,0.0,Merge
15404731.088,E0,P744,0.5769517768598061,0.0024355585714285716,6496.912,1050.009,1.9942,15.610,0.35743286413053815,0.0,Merge
15451293.081,E3,P164,0.5462267028571425,0.0024355585714285716,6379.473,1050.009,1.8382,14.113,0.8888091778091944,0.0,Hit+Run
15969163.815,P38,P380,0.004871128871128871,0.0024355585714285716,1322.930,1050.009,9.0526,14.192,0.5085577613082132,0.007223736263736263,Fragment
16013500.736,E3,P87,0.5462267028571425,0.0024355585714285716,6379.473,1050.009,1.9019,14.602,0.4688337465789008,0.0,Merge
16097116.481,E0,P672,0.5793873354312347,0.0024355585714285716,6506.041,1050.009,2.2915,17.964,0.29292486617328056,0.0,Merge
16208811.242,E0,P687,0.5818228940026632,0.0024355585714285716,6515.145,1050.009,2.9738,23.348,0.401751878446077,0.0,Merge
16329907.905,E3,E17,0.548662261428571,0.043395558571428565,6388.941,2742.472,1.0894,7.8371,0.7354191016306934,0.0,Hit+Run
16464022.892,M4,P715,0.05730667571428571,0.0024355585714285716,3008.815,1050.009,3.6348,12.458,0.5066058206246266,0.0,Merge
16467685.059,E3,P693,0.548662261428571,0.0024355585714285716,6388.941,1050.009,1.7478,13.440,0.6966989085506925,0.0,Merge
16941856.129,E3,P503,0.5510978199999995,0.0024355585714285716,6398.380,1050.009,2.1267,16.379,0.9568719869033169,0.0,Hit+Run
17212647.037,E1,P424,0.24680445952380956,0.0024355585714285716,4895.287,1050.009,2.0461,11.836,0.2671071197175798,0.0,Merge
17559515.021,E3,P418,0.5510978199999995,0.0024355585714285716,6398.380,1050.009,1.4954,11.517,0.6542362018364003,0.0,Merge
17862886.011,E1,P322,0.24924001809523813,0.0024355585714285716,4911.337,1050.009,3.6885,21.411,0.7497983229006342,0.0,Merge
17935639.006,E10,FRAG0048,0.1947619678854479,0.007554112554112554,4523.715,1531.281,1.1262,5.8160,0.9786321751712002,0.0,Hit+Run
17944425.176,E0,P251,0.5842584525740917,0.0024355585714285716,6524.223,1050.009,3.4659,27.252,0.3705617237218125,0.0,Merge
18119569.205,E3,P211,0.553533378571428,0.0024355585714285716,6407.792,1050.009,1.5518,11.970,0.7940786807964332,0.0,Merge
18284986.026,P76,P175,0.0024355585714285716,0.0024355585714285716,1050.009,1050.009,3.5966,4.8938,0.9833,0.0,Hit+Run
18455726.548,E0,P797,0.5866940111455202,0.0024355585714285716,6533.277,1050.009,3.0224,23.800,0.5619801363943122,0.0,Merge
18671760.158,E0,P481,0.5891295697169487,0.0024355585714285716,6542.305,1050.009,2.7748,21.882,0.6846214134038505,0.0,Merge
19268713.639,E0,P221,0.5915651282883773,0.0024355585714285716,6551.308,1050.009,4.1327,32.639,0.9641681147786088,0.0,Hit+Run
19685905.555,E0,P221,0.5915651282883773,0.0024355585714285716,6551.308,1050.009,1.9496,15.397,0.6888023217404703,0.0,Merge
19755111.977,E9,P199,0.08137555857142859,0.0024355585714285716,3381.882,1050.009,2.0995,8.1569,0.917373168422016,0.0,Hit+Run
19916721.059,E3,P135,0.5559689371428566,0.0024355585714285716,6417.177,1050.009,1.5127,11.687,0.6716941267922926,0.0,Merge
20702483.888,E0,P674,0.5940006868598058,0.0024355585714285716,6560.286,1050.009,2.6883,21.262,0.8193573650119946,0.0,Merge
20918606.112,E0,E17,0.5964362454312343,0.043395558571428565,6569.241,2742.472,1.9067,14.120,0.627596285042157,0.010693972693972695,Fragment
22087723.756,E3,P603,0.5584044957142851,0.0024355585714285716,6426.534,1050.009,2.4895,19.263,0.8204495069499417,0.0,Merge
22155445.597,E3,P783,0.5608400542857136,0.0024355585714285716,6435.864,1050.009,2.4509,18.994,0.959463699190244,0.0,Hit+Run
22208142.82,E0,P495,0.6291378313086902,0.0024355585714285716,6687.171,1050.009,4.3616,35.206,0.6101890139235899,0.0,Merge
22624575.922,E3,P44,0.5608400542857136,0.004871117142857143,6435.864,1322.929,1.1882,9.0645,0.7847002663037946,0.0,Merge
22968833.387,M0,P299,0.14811979215784218,0.0024355585714285716,4129.190,1050.009,5.6086,27.016,0.3488827629845145,0.0,Merge
23555766.023,E10,P582,0.1947619678854479,0.0024355585714285716,4523.715,1050.009,1.6708,8.8789,0.8341772142728919,0.0,Hit+Run
25157111.014,E0,P261,0.6315733898801187,0.0024355585714285716,6695.789,1050.009,2.4976,20.188,0.393925937626899,0.0,Merge
25238722.032,P45,P0,0.048711259390609385,0.03653342548451547,2850.166,2589.548,10.862,38.416,0.677788440592041,0.07971561771561769,Graze+Frag
25238911.443,P45,FRAG0065,0.005529067159507156,0.005693972693972694,1379.995,1393.581,2.2009,3.9554,0.4738675054005059,0.0,Merge
25239535.34,P45,FRAG0070,0.01122303985347985,0.005693972693972694,1747.286,1393.581,1.6824,3.4883,0.6075983568483975,0.0,Hit+Run
25241000.488,P45,FRAG0063,0.01122303985347985,0.005693972693972694,1747.286,1393.581,1.9481,4.0392,0.7657007675939703,0.0,Hit+Run
25241838.306,P45,FRAG0066,0.01122303985347985,0.005693972693972694,1747.286,1393.581,1.2951,2.6853,0.6844243347652292,0.0,Hit+Run
25242058.634,P45,FRAG0067,0.01122303985347985,0.005693972693972694,1747.286,1393.581,1.1286,2.3401,0.7483996241239234,0.0,Hit+Run
25242424.525,P45,FRAG0061,0.01122303985347985,0.005693972693972694,1747.286,1393.581,1.2944,2.6838,0.8330695288229951,0.0,Hit+Run
25242538.236,P45,FRAG0063,0.01122303985347985,0.005693972693972694,1747.286,1393.581,1.2766,2.6469,0.670961708656704,0.0,Hit+Run
25243174.98,P45,FRAG0069,0.01122303985347985,0.005693972693972694,1747.286,1393.581,1.0893,2.2586,0.9752615632584927,0.0,Hit+Run
25243246.135,P45,FRAG0069,0.01122303985347985,0.005693972693972694,1747.286,1393.581,1.0257,2.1267,0.7081786378575444,0.0,Graze+Merge
25244606.855,P45,FRAG0061,0.016917012547452544,0.005693972693972694,2003.403,1393.581,0.9963,2.2964,0.8550330683443456,0.0,Perfect
25247647.523,P45,FRAG0071,0.022610985241425238,0.005693972693972694,2206.820,1393.581,1.4958,3.7470,0.6490392913286284,0.0,Hit+Run
25248729.145,P45,FRAG0063,0.022610985241425238,0.005693972693972694,2206.820,1393.581,1.3729,3.4391,0.8160647015534382,0.0,Hit+Run
25248837.514,P45,FRAG0067,0.022610985241425238,0.005693972693972694,2206.820,1393.581,1.1765,2.9471,0.5620021968261587,0.0,Merge
25250892.184,P45,FRAG0072,0.02830495793539793,0.005693972693972694,2378.380,1393.581,1.0206,2.7375,0.9681973229841075,0.0,Graze+Merge
25252120.081,P45,FRAG0064,0.03399893062937062,0.005693972693972694,2528.224,1393.581,1.2329,3.5042,0.1262240837337582,0.0,Merge
25254780.58,P45,FRAG0063,0.03969290332334331,0.005693972693972694,2662.143,1393.581,1.3545,4.0482,0.6230468671287934,0.0,Merge
25256758.375,P45,FRAG0062,0.045386876017316,0.005693972693972694,2783.795,1393.581,1.7214,5.3779,0.43655730667060516,0.0,Merge
25265846.915,P45,FRAG0059,0.05108084871128869,0.005693972693972694,2895.653,1393.581,1.6342,5.3119,0.6144741098751346,0.0,Merge
25268702.686,P45,FRAG0060,0.05677482140526138,0.005693972693972694,2999.478,1393.581,1.5224,5.1290,0.6755391939420405,0.0,Merge
25281621.247,P45,FRAG0068,0.06246879409923407,0.005693972693972694,3096.574,1393.581,1.9175,6.6747,0.5383301169227565,0.0,Merge
25282301.083,P45,FRAG0071,0.06816276679320676,0.005693972693972694,3187.935,1393.581,1.5313,5.4929,0.5341155562766668,0.0,Merge
25341987.586,P45,FRAG0066,0.07385673948717945,0.005693972693972694,3274.340,1393.581,2.234,8.2394,0.994453827119575,0.0,Hit+Run
25348170.2,P45,FRAG0070,0.07385673948717945,0.005693972693972694,3274.340,1393.581,1.0298,3.7981,0.9325152837502738,0.0,Hit+Run
25348860.015,P45,FRAG0070,0.07385673948717945,0.005693972693972694,3274.340,1393.581,1.138,4.1972,0.47060666757037667,0.0,Merge
25351603.033,P45,FRAG0066,0.07955071218115214,0.005693972693972694,3356.411,1393.581,1.0315,3.9040,0.7451951473395355,0.0,Graze+Merge
25466046.508,E3,P721,0.5657111714285707,0.0024355585714285716,6454.443,1050.009,1.4716,11.439,0.13554888486817207,0.0,Merge
25980910.534,P151,P664,0.0024355585714285716,0.0024355585714285716,1050.009,1050.009,13.121,17.854,0.3994,0.0,Merge
26215495.314,E1,P776,0.2516755766666667,0.0024355585714285716,4927.283,1050.009,6.3693,37.102,0.484131096615702,0.0,Merge
26867965.177,E3,P743,0.5681467299999993,0.0024355585714285716,6463.692,1050.009,1.8399,14.324,0.8830507299155204,0.0,Hit+Run
26981167.884,E16,P60,0.04256,0.0024355585714285716,2724.756,1050.009,3.7309,11.508,0.287217943240812,0.0,Merge
27866230.566,E10,E12,0.1947619678854479,0.10097555857142858,4523.715,3634.120,1.1281,6.0683,0.8619520413671552,0.0,Hit+Run
28324177.084,E0,M0,0.6340089484515472,0.15055535072927076,6704.385,4151.699,1.6992,12.905,0.7906122972254868,0.03436563436563437,Hit+Run+Frag
28325337.833,E0,M0,0.6340081886247074,0.11619047619047619,6704.382,3808.179,1.0822,8.1676,0.9069437999454123,0.0,Hit+Run
28427522.75,E0,M0,0.6340081886247074,0.11619047619047619,6704.382,3808.179,1.1332,8.5525,0.644956237173754,0.01138009324009324,Graze+Merge
28448701.53,E0,FRAG0073,0.7501986648151836,0.005727605727605728,7091.192,1396.319,1.1039,9.3075,0.6332979263690145,0.01138009324009324,Merge
28765601.574,E0,FRAG0074,0.7559262705427894,0.005727605727605728,7109.193,1396.319,1.3047,11.030,0.9593697663367333,0.0,Hit+Run
28765679.286,E0,FRAG0077,0.7559262705427894,0.005727605727605728,7109.193,1396.319,1.8273,15.448,0.5152913930533161,0.0,Merge
29113239.653,E15,FRAG0074,0.1866625974025974,0.005727605727605728,4460.117,1396.319,2.1578,11.049,0.6190844904364792,0.0,Merge
29906620.187,E1,FRAG0075,0.25411113523809525,0.005727605727605728,4943.126,1396.319,2.2518,12.879,0.8156871233978416,0.0,Hit+Run
30417540.94,E0,P131,0.7616538762703952,0.0024355585714285716,7127.103,1050.009,1.8429,15.915,0.2681015834029655,0.0,Merge
30495704.893,E5,E13,0.07593555857142857,0.02222,3304.777,2194.026,3.1809,12.006,0.9055257039925725,0.0,Hit+Run
30737665.918,E1,P743,0.25411113523809525,0.0024355585714285716,4943.126,1050.009,2.0914,12.225,0.766402249989049,0.0,Merge
31128239.875,E0,FRAG0058,0.7640894348418237,0.010693972693972695,7134.692,1719.386,3.3443,27.949,0.9319175636447133,0.0,Hit+Run
31137653.622,E0,FRAG0058,0.7640894348418237,0.010693972693972695,7134.692,1719.386,1.1335,9.4732,0.7796197516872114,0.0,Merge
32507495.926,E0,P700,0.7747834075357963,0.0024355585714285716,7167.823,1050.009,2.5999,22.589,0.9442739160528663,0.0,Hit+Run
33153846.311,E0,P700,0.7747834075357963,0.0024355585714285716,7167.823,1050.009,1.7844,15.503,0.9534323089205506,0.0,Hit+Run
33730528.411,E0,P539,0.7747834075357963,0.0024355585714285716,7167.823,1050.009,3.0889,26.838,0.9075531217929128,0.0,Hit+Run
33839652.713,E0,P783,0.7747834075357963,0.0024355585714285716,7167.823,1050.009,1.7062,14.824,0.4244260923252584,0.0,Merge
33883698.91,E0,P90,0.7772189661072249,0.0024355585714285716,7175.326,1050.009,3.8023,33.073,0.38313367898677336,0.0,Merge
34171179.275,E1,E15,0.25654669380952383,0.19239020313020314,4958.869,4505.277,1.4389,8.8540,0.8422716726997742,0.0,Hit+Run
34462509.137,E3,E5,0.5681467299999993,0.07593555857142857,6463.692,3304.777,1.0102,7.3286,0.9013532078178306,0.0,Graze+Merge
34896586.192,E0,E15,0.7796545246786534,0.19239020313020314,7182.813,4505.277,1.1505,9.3737,0.47731416885118444,0.04053613053613053,Fragment
34898872.796,E0,FRAG0080,0.931508597272726,0.005790875790875791,7621.775,1401.442,1.0312,9.3898,0.535445724143355,0.0,Merge
34944822.508,E0,FRAG0081,0.9372994730636017,0.005790875790875791,7637.536,1401.442,1.0496,9.5785,0.0900722745847472,0.0,Merge
35127512.156,E0,FRAG0082,0.9430903488544775,0.005790875790875791,7653.233,1401.442,1.0716,9.8007,0.6305374370121504,0.0,Merge
35198554.341,E0,FRAG0083,0.9488812246453533,0.005790875790875791,7668.865,1401.442,1.0846,9.9412,0.5105921348959589,0.0,Merge
35348743.968,E0,P700,0.9546721004362291,0.0024355585714285716,7684.434,1050.009,3.2213,30.126,0.6807777570920235,0.0,Merge
35409703.951,E0,FRAG0085,0.9571076590076576,0.005790875790875791,7690.964,1401.442,1.2225,11.239,0.3578862087290461,0.0,Merge
35856167.819,E0,FRAG0079,0.9628985347985334,0.005790875790875791,7706.444,1401.442,1.2205,11.245,0.9172034963251359,0.0,Hit+Run
36241704.085,E0,FRAG0084,0.9628985347985334,0.005790875790875791,7706.444,1401.442,1.1961,11.020,0.5499836463204228,0.0,Merge
36282804.718,E0,FRAG0079,0.9686894105894092,0.005790875790875791,7721.862,1401.442,1.106,10.212,0.8658556632219274,0.0,Hit+Run
36345281.308,E0,FRAG0079,0.9686894105894092,0.005790875790875791,7721.862,1401.442,1.0803,9.9749,0.5644566391033269,0.0,Merge
36444538.914,E9,M4,0.08137555857142859,0.05974223428571428,3381.882,3050.851,4.1834,17.505,0.8942145489878325,0.0,Hit+Run
36520016.351,E16,FRAG0078,0.04499555857142857,0.005727605727605728,2775.771,1396.319,3.8592,12.022,0.9748253808633719,0.0,Hit+Run
36642005.431,E16,FRAG0078,0.04499555857142857,0.005727605727605728,2775.771,1396.319,1.1425,3.5590,0.1388520727451445,0.0,Merge
37879167.395,E0,FRAG0006,0.9744802863802849,0.006145854145854146,7737.218,1429.512,4.2833,39.580,0.7735757530638567,0.0,Merge
38125432.158,E0,E12,0.9806261405261391,0.10097555857142858,7753.450,3634.120,3.4417,29.967,0.8590531532371851,0.09545021645021645,Hit+Run+Frag
38125492.7,E0,FRAG0092,0.9806236771195457,0.005614718614718616,7753.443,1387.085,1.0448,9.6960,0.5359236554558946,0.0,Merge
38125647.32,E0,FRAG0093,0.9862383957342643,0.005614718614718616,7768.213,1387.085,1.0474,9.7399,0.585630359951333,0.0,Merge
38129032.674,E0,FRAG0086,0.9918531143489829,0.005614718614718616,7782.927,1387.085,1.0431,9.7195,0.5670410638108696,0.0,Merge
38129596.071,E0,FRAG0100,0.9974678329637016,0.005614718614718616,7797.585,1387.085,1.0481,9.7858,0.44002541196760275,0.0,Merge
38130872.846,E0,FRAG0088,1.00308255157842,0.005614718614718616,7812.189,1387.085,1.0391,9.7211,0.8546529562193942,0.0,Hit+Run
38135095.161,E0,FRAG0089,1.00308255157842,0.005614718614718616,7812.189,1387.085,1.0665,9.9775,0.8790255117077652,0.0,Hit+Run
38136383.898,E0,FRAG0091,1.00308255157842,0.005614718614718616,7812.189,1387.085,1.0497,9.8203,0.42987413199349894,0.0,Merge
38137163.568,E0,FRAG0098,1.0086972701931387,0.005614718614718616,7826.738,1387.085,1.1065,10.372,0.9762798414999895,0.0,Hit+Run
38137225.245,E0,FRAG0101,1.0086972701931387,0.005614718614718616,7826.738,1387.085,1.0219,9.5792,0.6784605493831389,0.0,Merge
38144443.369,E0,FRAG0102,1.0143119888078573,0.005614718614718616,7841.233,1387.085,1.0327,9.6996,0.6949635087538479,0.0,Merge
38159407.213,E0,FRAG0087,1.019926707422576,0.005614718614718616,7855.675,1387.085,1.1538,10.858,0.9377248677355562,0.0,Hit+Run
38181620.435,E0,FRAG0090,1.019926707422576,0.005614718614718616,7855.675,1387.085,1.1676,10.988,0.8411731184608721,0.0,Merge
38182773.623,E0,FRAG0094,1.0255414260372946,0.005614718614718616,7870.063,1387.085,1.0442,9.8461,0.7520520983864153,0.0,Merge
38188815.54,E0,FRAG0087,1.0311561446520132,0.005614718614718616,7884.400,1387.085,1.0927,10.323,0.47443388157416977,0.0,Merge
38205888.459,E0,FRAG0096,1.0367708632667318,0.005614718614718616,7898.684,1387.085,1.1539,10.922,0.9981204128005474,0.0,Hit+Run
38217548.171,E0,P42,1.0367708632667318,0.0024355585714285716,7898.684,1050.009,2.1904,21.088,0.5090319529071924,0.0,Merge
38234271.278,E0,FRAG0096,1.0392064218381605,0.005614718614718616,7904.865,1387.085,1.1205,10.615,0.15049269174996413,0.0,Merge
38397713.195,E0,FRAG0099,1.044821140452879,0.005614718614718616,7919.075,1387.085,1.8076,17.157,0.6568481373094016,0.0,Merge
38427993.932,E0,FRAG0095,1.0504358590675977,0.005614718614718616,7933.235,1387.085,1.1818,11.239,0.7141368559478298,0.0,Merge
38582082.495,E0,P511,1.0560505776823164,0.0024355585714285716,7947.345,1050.009,4.3786,42.430,0.6266115616730454,0.0,Merge
38609382.428,E0,FRAG0097,1.058486136253745,0.005614718614718616,7953.450,1387.085,1.0702,10.205,0.2930857181423931,0.0,Merge
38764506.846,E0,P539,1.0641008548684636,0.0024355585714285716,7967.488,1050.009,2.1714,21.098,0.6662915637238922,0.0,Merge
38784975.238,E0,FRAG0089,1.0665364134398923,0.005614718614718616,7973.562,1387.085,1.0811,10.337,0.9313771241737236,0.0,Hit+Run
39192060.165,M4,P433,0.05974223428571428,0.0024355585714285716,3050.851,1050.009,6.8985,23.998,0.6962663597375474,0.0,Merge
40501515.82,E0,FRAG0089,1.0665364134398923,0.005614718614718616,7973.562,1387.085,1.4432,13.799,0.6379260364859172,0.0,Merge
40942662.478,E0,M4,1.0721511320546109,0.062177792857142845,7987.530,3091.758,1.4158,12.798,0.836509568368113,0.054056943056943065,Hit+Run+Frag
40952982.068,E0,M4,1.0721497707325993,0.008122211122211122,7987.527,1568.743,1.0711,10.174,0.3905051250533978,0.0,Merge
41010408.953,E0,FRAG0057,1.0802719818548105,0.009717615717615717,8007.646,1665.381,3.7073,35.159,0.8978670694376512,0.0,Hit+Run
41011278.994,E0,FRAG0106,1.0802719818548105,0.006006327006327007,8007.646,1418.611,1.1087,10.633,0.6897974652018568,0.0,Merge
41041739.119,E0,FRAG0057,1.0862783088611376,0.009717615717615717,8022.459,1665.381,1.003,9.5312,0.7736070048505458,0.0,Merge
41058698.709,E0,FRAG0076,1.0959959245787534,0.005727605727605728,8046.311,1396.319,1.6324,15.753,0.3558478110048431,0.0,Merge
41086870.123,E0,FRAG0107,1.101723530306359,0.006006327006327007,8060.303,1418.611,1.0624,10.260,0.6337586239147682,0.0,Merge
41114144.83,E0,FRAG0105,1.1077298573126861,0.006006327006327007,8074.924,1418.611,1.2265,11.868,0.44731517831528306,0.0,Merge
41263172.443,E0,FRAG0103,1.1137361843190132,0.006006327006327007,8089.492,1418.611,1.1079,10.741,0.3894961232454149,0.0,Merge
41763474.403,E0,FRAG0109,1.1197425113253403,0.006006327006327007,8104.008,1418.611,1.4317,13.907,0.8850682690145852,0.0,Hit+Run
41775378.911,E3,FRAG0088,0.6440822885714278,0.005614718614718616,6739.706,1387.085,2.0839,16.646,0.701935974073459,0.0,Merge
41877997.426,E0,FRAG0109,1.1197425113253403,0.006006327006327007,8104.008,1418.611,1.0024,9.7373,0.05982721087665898,0.0,Merge
43103523.432,E3,FRAG0108,0.6496970071861464,0.006006327006327007,6759.233,1418.611,1.8583,14.866,0.5655117630635378,0.0,Merge
43987616.456,E0,FRAG0048,1.1257488383316674,0.007554112554112554,8118.473,1531.281,3.376,32.686,0.8940643385127423,0.0,Hit+Run
44023604.438,E0,FRAG0048,1.1257488383316674,0.007554112554112554,8118.473,1531.281,1.0695,10.355,0.7520505431415643,0.0,Merge
44173146.998,E3,P290,0.6557033341924734,0.0024355585714285716,6779.999,1050.009,2.597,21.271,0.9856531511526049,0.0,Hit+Run
45093092.847,E0,FRAG0111,1.13330295088578,0.006006327006327007,8136.591,1418.611,1.5116,14.746,0.7291695688091971,0.0,Merge
46780333.463,E3,P503,0.6557033341924734,0.0024355585714285716,6779.999,1050.009,1.7991,14.736,0.9290233381987434,0.0,Hit+Run
47522994.401,E11,FRAG0049,0.007893047748917751,0.007554112554112554,1553.848,1531.281,17.051,34.087,0.6269527972128268,0.015405994005994005,Graze+Frag
49762665.578,E3,P654,0.6557033341924734,0.0024355585714285716,6779.999,1050.009,3.4926,28.607,0.87126785618005,0.0,Hit+Run
49869237.862,P187,P604,0.0024355585714285716,0.0024355585714285716,1050.009,1050.009,14.232,19.365,0.8329500000000001,0.0,Graze+Frag
50851728.286,E0,P199,1.139309277892107,0.0024355585714285716,8150.940,1050.009,4.4009,43.799,0.9068756462427346,0.0,Hit+Run
50854332.884,E0,P199,1.139309277892107,0.0024355585714285716,8150.940,1050.009,1.0493,10.442,0.7940144981218746,0.0,Merge
51298890.544,E0,P654,1.1417448364635356,0.0024355585714285716,8156.744,1050.009,1.0862,10.818,0.17692465962936943,0.0,Merge
52850855.602,E3,E11,0.6557033341924734,0.005527746383616387,6779.999,1379.886,2.1419,17.226,0.9190517895920888,0.0,Hit+Run
53308381.349,E0,FRAG0005,1.1441803950349643,0.006145854145854146,8162.540,1429.512,2.2157,21.678,0.9529151822516387,0.0,Hit+Run
53877614.545,E0,FRAG0005,1.1441803950349643,0.006145854145854146,8162.540,1429.512,1.1839,11.583,0.17929918637294187,0.0,Merge
55446681.141,M2,E16,0.05243555857142857,0.0507231642990343,2921.028,2888.878,3.4996,13.174,0.6382122103197121,0.04519480519480519,Hit+Run+Frag
56302898.583,E3,M2,0.6557033341924734,0.05243611214785216,6779.999,2921.038,1.0576,8.0728,0.9622375262580054,0.0,Hit+Run
57601890.178,M2,P246,0.05243611214785216,0.0024355585714285716,2921.038,1050.009,8.514,28.275,0.8562194764757207,0.0,Hit+Run
59473740.152,E3,FRAG0112,0.6557033341924734,0.009919413919413918,6779.999,1676.830,1.9665,15.586,0.8001153370196934,0.0,Merge
60232228.61,E3,E10,0.6656227481118873,0.1947619678854479,6814.017,4523.715,1.0723,8.3455,0.9815589933113191,0.0,Hit+Run
60510111.308,E0,P469,1.1503262491808184,0.0024355585714285716,8177.129,1050.009,3.352,33.473,0.5958836905464538,0.0,Merge
60962487.291,E3,FRAG0118,0.6656227481118873,0.00564935064935065,6814.017,1389.931,1.8581,15.016,0.3470153875985747,0.0,Merge
61458044.526,E0,E12,1.152761807752247,0.005527805527805528,8182.896,1379.890,4.0474,39.796,0.47174851874312246,0.0,Merge
62309798.956,E0,P246,1.1582896132800526,0.0024355585714285716,8195.955,1050.009,1.4236,14.250,0.7549774405712274,0.0,Merge
63786007.686,E0,P213,1.1607251718514813,0.0024355585714285716,8201.695,1050.009,2.7884,27.933,0.8897864205699508,0.0,Hit+Run
63786154.105,E0,P213,1.1607251718514813,0.0024355585714285716,8201.695,1050.009,1.0478,10.496,0.5522048035997036,0.0,Merge
64845858.715,E3,P164,0.671272098761238,0.0024355585714285716,6833.240,1050.009,2.7083,22.368,0.8571834260504727,0.0,Merge
67301448.225,E0,P761,1.16316073042291,0.0024355585714285716,8207.428,1050.009,3.6912,37.004,0.47192473834477255,0.0,Merge
67442263.347,E0,FRAG0113,1.1655962889943385,0.00564935064935065,8213.152,1389.931,2.6362,26.010,0.8154067723896692,0.0,Merge
67693078.715,E3,E10,0.6737076573326665,0.1947619678854479,6841.495,4523.715,1.1435,8.9306,0.6167766163582824,0.0,Hit+Run
67789695.517,E3,E10,0.6737076573326665,0.1947619678854479,6841.495,4523.715,1.0163,7.9372,0.7176664864555381,0.009534358974358975,Graze+Merge
69083075.836,E0,FRAG0117,1.1712456396436892,0.00564935064935065,8226.400,1389.931,2.3173,22.903,0.9151725785460558,0.009534358974358975,Hit+Run
69097938.325,E0,FRAG0117,1.1712456396436892,0.00564935064935065,8226.400,1389.931,1.0555,10.432,0.8672667415685095,0.0,Hit+Run
69103374.81,E0,FRAG0117,1.1712456396436892,0.00564935064935065,8226.400,1389.931,1.0495,10.372,0.8326205558972483,0.0,Merge
70158301.339,E3,FRAG0120,0.8684696252181143,0.00564935064935065,7445.811,1389.931,1.301,11.561,0.6449123368897919,0.0,Merge
71143079.641,E0,P295,1.17689499029304,0.0024355585714285716,8239.605,1050.009,3.6361,36.602,0.6880222425785878,0.0,Merge
72400672.663,E3,P519,0.874118975867465,0.0024355585714285716,7461.921,1050.009,2.4782,22.468,0.6955282308211087,0.0,Merge
76237530.946,E1,P244,0.25654669380952383,0.0024355585714285716,4958.869,1050.009,3.1755,18.625,0.8879764791141114,0.0,Hit+Run
76791293.495,E0,E16,1.1793305488644685,0.005527805527805528,8245.285,1379.890,2.541,25.187,0.6038436570514745,0.0,Merge
77752532.07,E0,FRAG0115,1.1848583543922742,0.00564935064935065,8258.148,1389.931,2.3429,23.251,0.9584782383696373,0.0,Hit+Run
82652622.673,E3,FRAG0115,0.8765545344388935,0.00564935064935065,7468.845,1389.931,1.3822,12.323,0.9609667654228972,0.0,Hit+Run
82688417.763,E3,FRAG0115,0.8765545344388935,0.00564935064935065,7468.845,1389.931,1.0497,9.3587,0.6055152929695778,0.0,Merge
84726381.07,E3,P254,0.8822038850882442,0.0024355585714285716,7484.857,1050.009,3.0416,27.665,0.628965808970167,0.0,Merge
86009753.993,P38,P489,0.0073066933066933066,0.0024355585714285716,1514.377,1050.009,20.931,36.449,0.602411517658062,0.0,Graze+Frag
90566477.582,E0,P449,1.1848583543922742,0.0024355585714285716,8258.148,1050.009,2.343,23.641,0.5592875173467071,0.0,Merge
105102253.513,E3,FRAG0116,0.8846394436596727,0.00564935064935065,7491.738,1389.931,1.8946,16.947,0.31943558074027406,0.0,Merge
108135277.52,E3,P38,0.8902887943090234,0.009742257742257742,7507.652,1666.788,3.5222,31.168,0.531991549983787,0.0,Merge
127210955.433,E0,E1,1.1872939129637028,0.25654669380952383,8263.802,4958.869,1.4691,13.715,0.8299631072385145,0.015361971361971363,Hit+Run+Frag
127213116.667,E0,FRAG0121,1.187293154225774,0.0076809856809856815,8263.800,1539.806,1.089,10.741,0.7277898161195352,0.0,Merge
127377236.201,E0,E1,1.1949741399067597,0.2411854811854812,8281.582,4857.851,1.1672,10.902,0.6137080943055037,0.030123210123210124,Fragment
127408193.902,E0,FRAG0124,1.4060364109690309,0.006024642024642025,8742.977,1420.052,1.0331,10.879,0.6637864650342408,0.0,Merge
127415751.998,E0,FRAG0127,1.4120610529936728,0.006024642024642025,8755.447,1420.052,1.0264,10.825,0.8041709568296326,0.0,Merge
127561348.129,E0,FRAG0125,1.4180856950183147,0.006024642024642025,8767.881,1420.052,1.0253,10.830,0.3778957478796646,0.0,Merge
127716050.79,E0,FRAG0126,1.4241103370429566,0.006024642024642025,8780.280,1420.052,1.2664,13.397,0.9113978351212352,0.0,Hit+Run
127756009.416,E0,FRAG0126,1.4241103370429566,0.006024642024642025,8780.280,1420.052,1.0486,11.092,0.7204759992410973,0.0,Merge
129115667.698,E0,FRAG0122,1.4301349790675986,0.0076809856809856815,8792.644,1539.806,1.2913,13.609,0.6902248009318529,0.0,Merge
133864740.599,E0,FRAG0123,1.4378159647485842,0.006024642024642025,8808.357,1420.052,1.8393,19.523,0.6719677538375075,0.0,Merge
